half 1,7148 0,0008
latina 1,4697 0,0007
numerous 1,3863 0,0007
upload 0,0000 0,0000
hall 1,3471 0,0006
wggelevelingupenabledforuser 0,0000 0,0000
wgrestrictionmove 0,0000 0,0000
explanation 2,5257 0,0012
without 0,2744 0,0001
approved 4,6052 0,0022
would 0,3425 0,0002
pick 1,9661 0,0009
sister 1,6094 0,0008
solid 0,0202 0,0000
thus 0,7550 0,0004
cout 3,9120 0,0019
tex 3,2189 0,0015
neutral 0,5447 0,0003
optional 1,3093 0,0006
require 0,0000 0,0000
scratch 2,1203 0,0010
scribunto 0,0000 0,0000
standards 1,1087 0,0005
size 0,0000 0,0000
left 0,0408 0,0000
cdx 0,0000 0,0000
much 0,6931 0,0003
object 0,3711 0,0004
accessible 1,1712 0,0006
hang 1,3863 0,0007
lombard 1,1712 0,0006
minangkabau 2,8134 0,0013
independent 0,8440 0,0004
henricson 4,6052 0,0022
notable 1,1394 0,0005
turn 1,0498 0,0005
wesley 0,8675 0,0004
example 0,2485 0,0001
result 0,2231 0,0002
brokken 4,6052 0,0022
same 0,2357 0,0001
commission 1,4697 0,0007
after 0,0305 0,0000
hana 4,6052 0,0022
headline 0,0000 0,0000
solaris 1,7148 0,0008
hand 1,0217 0,0005
policy 0,0000 0,0000
address 0,5621 0,0005
committee 1,6607 0,0008
kernel 1,2379 0,0006
mangling 3,9120 0,0019
pagelanguagecode 0,0000 0,0000
transientcontent 0,0000 0,0000
subtle 0,3285 0,0002
component 0,3147 0,0003
blue 1,8326 0,0009
throw 2,5257 0,0036
idhash 0,0619 0,0000
fifth 2,0402 0,0010
obvious 2,9957 0,0014
timeline 1,0788 0,0005
information 0,0000 0,0000
wrap 0,0101 0,0000
discuss 1,0217 0,0005
standard 0,2357 0,0002
november 0,0000 0,0000
acknowledgement 3,5066 0,0017
correct 1,2730 0,0006
resolve 1,6607 0,0016
good 0,4155 0,0006
empty 0,0305 0,0000
compute 0,6733 0,0006
syntactic 2,4079 0,0011
enlarge 3,5066 0,0033
fullversionlist 0,0000 0,0000
implementable 3,9120 0,0019
serious 1,9661 0,0009
implement 0,3285 0,0003
andrei 3,9120 0,0019
enumeration 3,9120 0,0037
export 0,0000 0,0000
invitation 3,9120 0,0019
lisp 1,7720 0,0008
check 0,7985 0,0008
list 0,0000 0,0000
andrew 1,0498 0,0005
external 0,1863 0,0001
labs 1,2730 0,0006
circumstance 2,2073 0,0010
authority 0,4780 0,0002
child 0,0202 0,0000
applied 1,8326 0,0009
mainentity 0,0000 0,0000
germany 0,5798 0,0003
decomposition 3,2189 0,0015
interface 0,2485 0,0002
representation 1,1394 0,0005
remove 0,3711 0,0002
fatal 3,9120 0,0019
disclaimers 0,0000 0,0000
wgisprobablyeditable 0,0000 0,0000
tutorial 1,5141 0,0007
compiler 1,3093 0,0012
cheek 4,6052 0,0022
citation 0,0101 0,0000
approval 2,1203 0,0010
mobile 0,0000 0,0000
multiple 0,2485 0,0001
perform 0,4463 0,0004
evolution 1,3471 0,0006
prolog 2,3026 0,0011
better 1,8326 0,0009
pdf 0,0000 0,0000
there 0,2614 0,0001
permit 1,3093 0,0006
syntax 1,1394 0,0005
well 0,2744 0,0001
handling 1,7148 0,0008
suitable 1,3471 0,0006
struct 2,9957 0,0028
bitness 0,0000 0,0000
gsl 4,6052 0,0022
rgba 0,0101 0,0000
lifespan 3,5066 0,0017
optionally 2,1203 0,0010
entire 0,8675 0,0004
pioneer 2,3026 0,0011
constexpr 3,9120 0,0019
experiment 1,7720 0,0008
implication 1,9661 0,0009
thesis 2,3026 0,0011
block 0,0408 0,0000
bloch 2,8134 0,0013
write 0,1508 0,0002
flow 0,3425 0,0002
microcomputer 2,5257 0,0012
order 0,4155 0,0002
cli 1,5141 0,0007
lexical 2,4079 0,0011
period 1,4697 0,0007
aria 0,0000 0,0000
boxtext 0,0619 0,0000
byte 0,0408 0,0000
understand 0,6162 0,0003
underlying 2,4079 0,0011
clu 3,5066 0,0017
indonesia 0,3567 0,0002
intel 1,6094 0,0008
slowly 2,3026 0,0011
winner 2,4079 0,0011
borland 3,2189 0,0015
even 0,0513 0,0000
strongly 2,3026 0,0011
analyze 1,2040 0,0006
esperanto 0,7133 0,0003
tagline 0,0000 0,0000
bulk 2,5257 0,0012
regexp 0,0000 0,0000
subsection 0,1508 0,0001
circuit 1,6607 0,0008
successor 1,5606 0,0007
wgeditsubmitbuttonlabelpublish 0,0000 0,0000
clojure 2,8134 0,0013
save 1,3863 0,0007
toc 0,0000 0,0000
protection 0,4463 0,0002
functionality 0,6539 0,0003
restrict 1,5141 0,0022
instantiate 3,2189 0,0015
wgpagecontentmodel 0,0000 0,0000
recursive 2,0402 0,0010
tuple 2,5257 0,0012
top 0,0000 0,0000
native 0,8916 0,0004
too 0,8916 0,0004
have 0,2744 0,0003
imperative 2,0402 0,0010
malloc 3,2189 0,0015
question 0,9416 0,0004
coroutine 3,9120 0,0019
spirit 3,5066 0,0017
phd 2,5257 0,0012
produce 0,6931 0,0007
wgnamespacenumber 0,0000 0,0000
curiously 4,6052 0,0022
wgwmepagelength 0,0000 0,0000
php 1,3471 0,0006
entity 0,0101 0,0000
smalltalk 1,6607 0,0008
expensivefunctioncount 0,0000 0,0000
minor 1,7148 0,0008
almost 1,1087 0,0005
descendant 2,8134 0,0013
manner 1,6607 0,0008
overloaded 4,6052 0,0022
timeusage 0,0000 0,0000
pin 0,0000 0,0000
whether 0,7765 0,0004
function 0,0000 0,0000
raise 1,4271 0,0014
pipe 2,9957 0,0014
beneath 4,6052 0,0022
cpp 4,6052 0,0022
comparison 0,4005 0,0004
void 2,1203 0,0010
cpu 0,0408 0,0000
infobox 0,6931 0,0003
less 0,6162 0,0003
basis 1,1087 0,0005
pcache 0,0619 0,0000
improve 0,2485 0,0001
naming 2,6593 0,0013
violation 2,0402 0,0010
october 0,0000 0,0000
try 0,9676 0,0005
basic 0,6539 0,0003
complication 0,0513 0,0000
locate 1,6094 0,0008
university 0,5621 0,0003
cause 0,6162 0,0009
technique 0,7550 0,0004
wikiquote 1,7148 0,0008
jquery 0,0000 0,0000
bloat 3,5066 0,0017
effective 1,0217 0,0005
parameterized 3,9120 0,0019
design 0,1393 0,0001
working 1,3471 0,0006
semicolon 2,8134 0,0013
timeless 0,0101 0,0000
accord 0,5108 0,0002
automatic 1,2379 0,0006
wgwmeschemaeditattemptstepoversample 0,0000 0,0000
despite 1,3093 0,0006
opening 2,4079 0,0011
ttl 0,0000 0,0000
probe 2,8134 0,0013
industrial 1,5606 0,0007
encyclopedia 0,0000 0,0000
conduct 0,0000 0,0000
stable 0,7133 0,0003
abovebelow 0,0943 0,0000
koenig 4,6052 0,0022
pref 0,0000 0,0000
let 0,9943 0,0005
state 0,3425 0,0003
csrftoken 0,0000 0,0000
press 0,5621 0,0003
meeting 1,7720 0,0008
element 0,0000 0,0000
separately 1,5606 0,0007
dobb 2,6593 0,0013
night 0,0000 0,0000
want 0,8675 0,0004
qaraqalpaqsha 1,1712 0,0006
processor 1,1394 0,0005
each 0,1393 0,0001
javascript 0,9416 0,0004
subtyping 4,6052 0,0022
input 0,0000 0,0000
difference 0,8916 0,0008
must 0,4620 0,0002
styles 3,2189 0,0015
unpinned 0,0000 0,0000
sophisticated 1,8326 0,0009
toronto 2,4079 0,0011
deterministic 2,8134 0,0013
prize 2,3026 0,0011
two 0,2744 0,0001
incompatible 1,9661 0,0009
promote 1,3093 0,0006
attack 1,1712 0,0006
builder 1,7148 0,0008
initialization 2,4079 0,0011
distribute 0,3857 0,0002
creation 0,7985 0,0004
datepublished 0,0000 0,0000
situation 1,2379 0,0006
pend 2,4079 0,0011
quiz 3,9120 0,0019
receive 0,7340 0,0003
think 0,9676 0,0009
portalleft 1,3093 0,0006
languages 1,3471 0,0006
sutter 3,9120 0,0019
declaration 1,8326 0,0017
wgusername 0,0000 0,0000
reflective 2,8134 0,0013
thing 1,0788 0,0010
principle 0,7985 0,0008
align 0,0101 0,0000
russo 3,2189 0,0015
compile 1,1712 0,0011
late 0,4155 0,0004
hat 1,4697 0,0007
keyword 2,2073 0,0021
erik 2,3026 0,0011
actual 1,1394 0,0005
cxx 4,6052 0,0022
pronounced 2,6593 0,0013
last 0,0000 0,0000
reflection 2,1203 0,0020
imageright 0,2614 0,0001
widely 0,7985 0,0004
weight 0,0101 0,0000
develop 0,1863 0,0003
ancestral 4,6052 0,0022
page 0,0000 0,0000
compatibility 0,9416 0,0004
full 0,0202 0,0000
memory 0,0408 0,0000
const 2,5257 0,0012
scientist 1,3863 0,0007
concept 0,3711 0,0004
motivation 2,2073 0,0010
erlang 1,7720 0,0008
effort 0,8916 0,0004
video 0,8210 0,0004
minimal 1,2730 0,0006
stark 3,9120 0,0019
programmatic 3,5066 0,0017
perl 1,3093 0,0006
endl 3,9120 0,0019
enhance 0,8916 0,0008
convention 1,8971 0,0009
overview 0,5447 0,0003
center 0,0000 0,0000
start 0,3011 0,0001
yet 1,1087 0,0005
footnote 2,8134 0,0013
windows 0,7985 0,0004
generic 1,4697 0,0014
endorse 2,9957 0,0014
bypass 2,1203 0,0020
vosa 2,9957 0,0014
mcilroy 3,5066 0,0017
infrastructure 0,6733 0,0003
wikimedia 0,0000 0,0000
initially 1,0788 0,0005
short 0,0000 0,0000
time 0,0000 0,0000
quotation 1,7720 0,0008
applications 1,3093 0,0006
incur 2,9957 0,0014
studio 1,3471 0,0006
cppm 4,6052 0,0022
embarcadero 4,6052 0,0022
program 0,2614 0,0004
semantics 1,4271 0,0007
three 0,3711 0,0002
put 0,9416 0,0004
multi 2,2073 0,0010
pete 2,9957 0,0014
carbon 1,8971 0,0009
specifically 0,8916 0,0004
enter 1,2040 0,0006
hardware 0,5798 0,0003
identifier 1,4697 0,0007
standalone 2,0402 0,0010
destroy 2,2073 0,0010
philosophy 1,1712 0,0006
creative 0,0000 0,0000
nederlands 0,1985 0,0001
allocate 1,5606 0,0007
provide 0,1625 0,0003
wayback 0,7985 0,0004
light 1,3093 0,0006
addison 0,9163 0,0004
primary 0,7765 0,0004
log 0,0000 0,0000
wgcheckuserclienthintsheadersjsapi 0,0000 0,0000
euskara 0,5108 0,0002
mailing 1,8971 0,0009
cpre 4,6052 0,0022
smart 1,2379 0,0006
unknown 1,4271 0,0007
computer 0,1863 0,0001
low 0,0101 0,0000
timingprofile 0,0000 0,0000
clion 3,9120 0,0019
theme 0,0000 0,0000
merely 2,5257 0,0012
stroustrup 3,5066 0,0017
wgcategory 0,0000 0,0000
editor 0,0000 0,0000
postexpandincludesize 0,0000 0,0000
indexing 1,7148 0,0008
efficient 1,0217 0,0005
initial 0,3857 0,0002
josuttis 4,6052 0,0022
chair 2,5257 0,0012
unstrip 0,0000 0,0000
apress 1,7148 0,0008
reverse 1,7720 0,0008
templateargumentsize 0,0000 0,0000
unsourced 0,5621 0,0003
january 0,0000 0,0000
permanent 0,0000 0,0000
foster 2,2073 0,0010
asturianu 1,2730 0,0006
char 2,9957 0,0014
travel 2,0402 0,0010
facility 1,0498 0,0010
small 0,0305 0,0000
before 0,0305 0,0000
speedy 0,7133 0,0003
checker 3,9120 0,0037
experience 0,7985 0,0004
italic 0,1278 0,0001
major 0,5621 0,0003
consider 0,4005 0,0002
day 0,0000 0,0000
stallman 3,2189 0,0015
group 0,0408 0,0000
romanization 3,2189 0,0015
workshop 1,5606 0,0007
format 0,0101 0,0000
runtime 1,2040 0,0006
sacrifice 3,9120 0,0019
archive 0,0943 0,0000
particular 0,5978 0,0003
prague 3,2189 0,0015
history 0,0000 0,0000
eclipse 1,7720 0,0008
formal 1,1394 0,0005
overloading 3,9120 0,0019
naugl 4,6052 0,0022
request 0,6733 0,0003
substitution 3,2189 0,0031
critical 0,8916 0,0004
wgrestrictionedit 0,0000 0,0000
part 0,1985 0,0002
wgpageparsereport 0,0000 0,0000
textbooks 1,7720 0,0008
point 0,5447 0,0003
general 0,0000 0,0000
september 0,0000 0,0000
alias 2,6593 0,0013
introduction 0,5621 0,0003
padding 0,0000 0,0000
qsort 3,9120 0,0019
process 0,1625 0,0001
clear 0,0101 0,0000
crowded 4,6052 0,0022
ltr 0,0000 0,0000
editsection 2,6593 0,0013
someone 2,0402 0,0010
third 0,5447 0,0003
build 0,2357 0,0001
approve 1,7148 0,0008
mean 0,4463 0,0004
lua 0,0513 0,0000
further 0,3711 0,0002
account 0,0000 0,0000
mostly 1,2730 0,0006
rtti 4,6052 0,0022
stack 0,7340 0,0007
dansk 0,5798 0,0003
portalborder 1,3093 0,0006
evaluation 1,3093 0,0006
crack 2,4079 0,0011
bind 1,3863 0,0007
trip 2,4079 0,0011
dev 1,7720 0,0008
ugi 2,6593 0,0013
simone 3,2189 0,0015
abbr 0,0619 0,0000
safely 3,9120 0,0019
you 0,0000 0,0000
jump 0,0000 0,0000
knowledge 0,7340 0,0003
pass 0,8675 0,0008
impact 0,9163 0,0004
july 0,0000 0,0000
chapel 2,9957 0,0014
meyers 3,5066 0,0017
misuse 2,3026 0,0011
mill 3,9120 0,0019
flexible 1,6094 0,0008
hoc 2,4079 0,0011
claburn 3,2189 0,0015
relative 1,6607 0,0008
compare 0,9416 0,0004
subgroup 0,0513 0,0000
linkage 4,6052 0,0022
unmatched 4,6052 0,0022
transparent 0,0619 0,0000
how 0,0834 0,0000
adoption 0,8675 0,0004
journal 0,4780 0,0002
peter 0,8210 0,0004
integral 2,4079 0,0011
unlike 1,2040 0,0006
assembly 1,3471 0,0006
term 0,0000 0,0000
acquisition 1,2040 0,0006
override 2,6593 0,0038
mind 1,6094 0,0008
mini 0,0619 0,0000
hpp 4,6052 0,0022
involve 0,6539 0,0006
possible 0,5276 0,0003
right 0,0101 0,0000
executable 1,3093 0,0012
idref 2,0402 0,0010
march 0,0000 0,0000
doug 2,9957 0,0014
june 0,0000 0,0000
purposefully 3,5066 0,0017
wikitext 0,0000 0,0000
series 0,5798 0,0003
maximum 1,9661 0,0009
supersede 1,9661 0,0009
thrive 3,5066 0,0017
under 0,0101 0,0000
represent 0,5978 0,0003
dispatch 2,9957 0,0014
sometimes 0,6931 0,0003
autocapitalize 0,0000 0,0000
hold 0,7985 0,0008
div 0,0000 0,0000
correctly 1,5606 0,0007
later 0,4005 0,0002
prior 1,3093 0,0006
bracket 0,0619 0,0000
wgpagename 0,0000 0,0000
talk 0,0000 0,0000
signal 1,2730 0,0006
richard 0,9676 0,0005
static 1,0217 0,0005
commonly 0,6931 0,0003
puzzles 4,6052 0,0022
barton 3,9120 0,0019
finally 1,4271 0,0007
count 0,0513 0,0000
destructor 3,5066 0,0033
hatnote 0,2107 0,0001
publicly 1,6094 0,0008
graph 1,4697 0,0007
pinnable 0,0000 0,0000
take 0,2877 0,0001
accompany 2,6593 0,0013
propagation 2,8134 0,0013
month 0,7133 0,0003
final 1,0788 0,0005
wgrevisionid 0,0000 0,0000
relatively 1,0498 0,0005
excerpt 2,3026 0,0022
nullptr 3,2189 0,0015
occasion 3,5066 0,0017
some 0,1744 0,0001
virtual 0,4620 0,0002
rather 0,5978 0,0003
additional 0,0000 0,0000
title 0,0000 0,0000
patroltoken 0,0000 0,0000
bjarne 3,5066 0,0017
primarily 0,9943 0,0005
states 0,4943 0,0002
duration 2,4079 0,0011
load 0,0202 0,0000
fortran 1,8326 0,0009
alpha 0,0101 0,0000
ignore 1,4697 0,0007
company 0,4308 0,0002
thomas 0,8675 0,0004
just 0,4943 0,0002
custom 0,0000 0,0000
kiswahili 1,2730 0,0006
length 1,6094 0,0008
permission 1,6607 0,0008
strictly 2,0402 0,0010
michael 0,7133 0,0003
schedule 1,1087 0,0005
print 0,0000 0,0000
hickey 4,6052 0,0022
although 0,6162 0,0003
material 0,7765 0,0004
inherit 0,0101 0,0000
grant 1,6094 0,0008
articles 1,0217 0,0005
append 2,3026 0,0011
qualified 3,2189 0,0015
convert 1,6607 0,0024
attempt 0,8440 0,0008
dmy 0,0000 0,0000
navigation 0,0000 0,0000
groningen 4,6052 0,0022
action 0,0000 0,0000
guidelines 1,8326 0,0009
lock 0,0101 0,0000
mimic 2,8134 0,0013
text 0,0000 0,0000
usually 0,4780 0,0002
whereas 1,4271 0,0007
python 0,6539 0,0003
ppvisitednode 0,0000 0,0000
cookie 0,0000 0,0000
templates 4,6052 0,0022
loading 0,0000 0,0000
bell 1,9661 0,0009
enum 2,9957 0,0014
seibel 3,9120 0,0019
contents 0,0000 0,0000
invalid 2,2073 0,0010
evaluate 1,3093 0,0006
transactional 2,5257 0,0012
doi 0,4155 0,0002
machinery 1,4271 0,0007
status 0,0000 0,0000
server 0,4005 0,0002
don 1,9661 0,0009
dot 0,8210 0,0008
skin 0,0000 0,0000
quarterly 2,5257 0,0012
summer 1,6607 0,0008
lippman 4,6052 0,0022
streaming 2,1203 0,0010
file 0,0000 0,0000
joshua 1,8326 0,0009
stream 1,0788 0,0010
member 0,9163 0,0009
recur 2,9957 0,0014
map 0,8210 0,0004
wgnoticeproject 0,0000 0,0000
may 0,0000 0,0000
max 0,0513 0,0000
within 0,3011 0,0001
forward 1,2730 0,0006
hxx 4,6052 0,0022
trigger 0,0513 0,0000
menu 0,0000 0,0000
url 0,0000 0,0000
computation 1,3863 0,0007
hopl 3,5066 0,0017
machine 0,2744 0,0003
efficiently 1,4697 0,0007
return 0,0000 0,0000
coder 2,4079 0,0011
instance 0,7765 0,0004
use 0,0000 0,0000
inheritance 2,2073 0,0010
main 0,0000 0,0000
networking 1,5606 0,0007
polymorphism 3,2189 0,0031
integer 1,7720 0,0008
solution 0,5621 0,0005
find 0,3425 0,0003
accelerate 1,8326 0,0009
logo 0,0000 0,0000
credit 1,6094 0,0008
international 0,3011 0,0001
combine 0,7340 0,0007
winrt 3,9120 0,0019
utc 0,0000 0,0000
occur 0,7765 0,0004
definitive 2,6593 0,0013
ideas 3,2189 0,0015
canonical 0,0408 0,0000
sort 1,5606 0,0015
synchronisation 4,6052 0,0022
originate 1,6094 0,0008
wgcurrevisionid 0,0000 0,0000
expressible 4,6052 0,0022
null 0,0000 0,0000
infer 2,4079 0,0011
background 0,0101 0,0000
true 0,0000 0,0000
header 0,0000 0,0000
nonetheless 3,2189 0,0015
watchtoken 0,0000 0,0000
present 0,5621 0,0005
since 0,3425 0,0002
lajoie 4,6052 0,0022
paradigm 1,1394 0,0005
paradigms 1,9661 0,0009
delete 0,4155 0,0002
foreach 0,0000 0,0000
println 2,9957 0,0014
mesa 3,5066 0,0017
advise 2,6593 0,0013
repeat 0,0101 0,0000
make 0,1165 0,0002
wggestructuredtaskrejectionreasontextinputenable 0,0000 0,0000
execution 0,7340 0,0003
downside 3,2189 0,0015
prentice 1,6607 0,0008
kotlin 2,4079 0,0011
thread 1,2379 0,0006
exactly 1,5606 0,0007
compound 2,4079 0,0011
structure 0,4155 0,0002
ruby 1,0217 0,0005
algol 2,1203 0,0010
underlie 0,9416 0,0004
due 0,5108 0,0002
conform 1,7148 0,0016
aleksey 4,6052 0,0022
intermix 3,9120 0,0019
convener 4,6052 0,0022
depend 0,7340 0,0003
fogus 4,6052 0,0022
cover 1,2040 0,0006
hiding 2,9957 0,0014
character 1,1394 0,0005
contribution 0,0000 0,0000
above 1,0788 0,0005
recursion 0,0513 0,0000
czech 0,9163 0,0004
height 0,0101 0,0000
pointer 2,0402 0,0019
modula 3,5066 0,0017
august 0,0000 0,0000
distinguish 1,3471 0,0026
module 0,0000 0,0000
myself 3,5066 0,0017
wikibase 0,0619 0,0000
invent 1,7720 0,0008
outer 1,2040 0,0006
substantial 2,1203 0,0010
something 1,4271 0,0007
datemodify 0,0619 0,0000
filename 2,1203 0,0010
consistently 2,0402 0,0010
boost 1,9661 0,0009
except 1,5141 0,0007
hrvatski 0,7550 0,0004
programs 2,2073 0,0010
functional 0,9943 0,0005
notheme 0,3711 0,0002
association 1,0498 0,0005
mid 3,5066 0,0017
eliminate 1,1712 0,0006
global 0,7985 0,0004
industry 0,7550 0,0004
long 0,4005 0,0002
occitan 1,8326 0,0009
remember 2,5257 0,0012
into 0,1985 0,0001
outline 0,8440 0,0004
min 0,1165 0,0001
partition 1,3471 0,0006
unless 1,5606 0,0007
operating 0,9416 0,0004
free 0,0000 0,0000
relationship 1,0788 0,0005
mix 1,2379 0,0006
destruction 2,4079 0,0011
redirect 1,1087 0,0005
expression 1,3471 0,0013
middle 0,7765 0,0004
though 0,8440 0,0004
many 0,2357 0,0001
people 0,9943 0,0005
appear 0,8210 0,0004
evolve 1,0498 0,0010
ibm 0,5621 0,0003
oclc 1,2040 0,0006
operation 0,5108 0,0005
open 0,1625 0,0001
calculation 2,3026 0,0011
devote 2,9957 0,0014
conditional 2,0402 0,0019
tbody 0,6931 0,0003
navigator 2,8134 0,0013
prepend 3,5066 0,0017
project 0,0000 0,0000
seven 1,8326 0,0009
enhancement 0,0101 0,0000
stepanov 4,6052 0,0022
inside 0,0101 0,0000
mainly 1,5141 0,0007
wikiversity 0,9676 0,0005
coplien 2,6593 0,0013
monospace 2,0402 0,0010
constructor 2,6593 0,0025
etymology 2,8134 0,0013
collection 0,6733 0,0003
ido 1,2730 0,0006
laboratory 2,0402 0,0010
flying 3,9120 0,0019
allow 0,1863 0,0004
que 3,2189 0,0015
iec 1,5606 0,0007
isbn 0,1054 0,0001
detect 1,0788 0,0010
polymorphic 2,9957 0,0014
proper 1,5606 0,0007
rule 0,5978 0,0006
update 0,4463 0,0004
watcom 3,9120 0,0019
linus 2,4079 0,0011
fundamentally 2,4079 0,0011
common 0,3711 0,0002
linux 0,8916 0,0004
definition 0,4943 0,0005
placeholder 0,0000 0,0000
every 0,6162 0,0003
summary 1,6607 0,0008
basa 2,0402 0,0010
apply 0,0000 0,0000
layout 2,1203 0,0010
comment 1,2730 0,0006
mark 0,6733 0,0003
base 0,0305 0,0000
encapsulation 2,9957 0,0014
runa 0,9416 0,0004
prefix 2,5257 0,0012
during 0,5447 0,0003
moo 4,6052 0,0022
annotated 2,3026 0,0011
consist 0,6539 0,0003
compatible 1,2040 0,0006
relate 0,0000 0,0000
enable 0,0000 0,0000
safety 1,3093 0,0006
sidebar 0,0000 0,0000
limitreport 0,0000 0,0000
decoration 0,0619 0,0000
reflist 0,0101 0,0000
mats 4,6052 0,0022
still 0,5447 0,0003
arise 1,8326 0,0009
var 0,0000 0,0000
work 0,2231 0,0002
exceptional 3,2189 0,0015
lose 1,3093 0,0006
stackless 3,9120 0,0019
agree 0,0101 0,0000
wgulsislanguageselectorempty 0,0000 0,0000
fail 0,9676 0,0005
itself 0,6539 0,0003
among 0,5276 0,0003
srpski 0,3711 0,0002
registration 0,0101 0,0000
word 0,0101 0,0000
specifier 3,9120 0,0037
spain 1,4271 0,0007
extension 0,6349 0,0006
internal 0,8210 0,0004
deprecate 1,6607 0,0008
tongue 3,9120 0,0019
pascal 2,0402 0,0010
refbegin 1,4697 0,0007
foundation 0,0000 0,0000
isocpp 4,6052 0,0022
substitute 2,1203 0,0010
disallow 2,6593 0,0013
uniform 1,7148 0,0008
flexibility 1,7148 0,0008
event 0,0000 0,0000
academy 1,8971 0,0009
include 0,0000 0,0000
erase 3,2189 0,0015
alongside 1,6607 0,0008
torvalds 2,4079 0,0011
toggle 0,0000 0,0000
abstract 1,3093 0,0006
opinion 1,8971 0,0009
appearance 0,0000 0,0000
alexander 1,5606 0,0007
classname 0,0000 0,0000
anonymous 2,1203 0,0010
wggetopicsmatchmodeenable 0,0000 0,0000
first 0,0408 0,0000
emptycrate 4,6052 0,0022
nowrap 0,0408 0,0000
prefer 0,0101 0,0000
kdevelop 3,5066 0,0017
roman 0,0101 0,0000
craft 2,9957 0,0014
existence 1,9661 0,0009
wgrelevantpageisprobablyeditable 0,0000 0,0000
float 0,0101 0,0000
transclusion 0,0619 0,0000
space 0,0408 0,0000
spec 1,7720 0,0008
preferable 3,9120 0,0019
reference 0,0101 0,0000
vec 4,6052 0,0022
ambox 0,7133 0,0003
associative 2,5257 0,0012
html 0,4463 0,0002
imply 1,9661 0,0009
bottom 0,0000 0,0000
ill 2,9957 0,0014
capture 1,4697 0,0007
edg 4,6052 0,0022
revision 0,0000 0,0000
magyar 0,3425 0,0002
cppcon 4,6052 0,0022
sequence 1,2730 0,0006
publisher 0,0000 0,0000
img 0,0408 0,0000
rlstate 0,0000 0,0000
error 0,0101 0,0000
platform 0,0000 0,0000
aggregate 1,9661 0,0009
rust 1,6094 0,0008
paper 0,9416 0,0004
public 0,4155 0,0002
array 1,4271 0,0014
parameter 1,3093 0,0012
value 0,0000 0,0000
metaprogram 4,6052 0,0022
stephen 1,5141 0,0007
resources 1,3471 0,0006
instead 0,4463 0,0002
command 0,7133 0,0003
int 2,2073 0,0010
expensive 0,0408 0,0000
performance 0,3425 0,0002
currently 1,0788 0,0005
maint 0,0101 0,0000
variable 0,9676 0,0009
slash 2,4079 0,0011
platformversion 0,0000 0,0000
normally 1,6094 0,0008
exception 1,3471 0,0013
temporary 1,8971 0,0009
vakaviti 2,9957 0,0014
references 0,0513 0,0000
scop 2,6593 0,0013
saved 0,0619 0,0000
year 0,2614 0,0002
objects 2,5257 0,0012
resolution 1,8326 0,0009
building 0,7985 0,0004
setting 1,4697 0,0007
via 0,3011 0,0001
quote 0,0101 0,0000
understanding 1,4271 0,0007
visual 0,9416 0,0004
because 0,0000 0,0000
diagnostic 2,5257 0,0012
near 1,2730 0,0006
google 0,4005 0,0002
poon 3,9120 0,0019
community 0,0000 0,0000
version 0,0000 0,0000
brezhoneg 1,7148 0,0008
overload 2,3026 0,0044
selection 1,5141 0,0007
eesti 0,3285 0,0002
science 0,5447 0,0003
idioms 4,6052 0,0022
unused 2,5257 0,0012
detail 0,7133 0,0003
criterion 1,5606 0,0007
primer 2,3026 0,0011
essence 3,2189 0,0015
utility 1,2730 0,0006
immediately 1,5141 0,0007
manual 1,1394 0,0005
wgusergroup 0,0000 0,0000
measurement 2,3026 0,0011
aspect 0,7765 0,0004
wikipedia 0,0000 0,0000
scott 1,0217 0,0005
close 0,8210 0,0004
afrikaans 0,9416 0,0004
annotation 2,0402 0,0010
haskell 1,9661 0,0009
website 0,3711 0,0002
abc 2,4079 0,0011
learn 0,0000 0,0000
signify 3,2189 0,0015
abi 3,2189 0,0015
logical 1,6607 0,0008
concurrency 1,3471 0,0006
fast 0,4943 0,0002
unrelated 2,6593 0,0013
initialize 2,8134 0,0013
register 0,0000 0,0000
communicate 1,1394 0,0005
iso 1,1394 0,0005
republic 0,8916 0,0004
turbo 3,2189 0,0015
official 0,6162 0,0003
acm 0,8675 0,0004
red 1,2730 0,0006
act 0,9416 0,0004
post 0,0202 0,0000
leave 0,0101 0,0000
ada 2,0402 0,0010
swift 1,8326 0,0009
add 0,0000 0,0000
ratify 3,2189 0,0015
need 0,1393 0,0002
amend 3,2189 0,0015
its 0,0726 0,0000
originally 0,8675 0,0004
often 0,2877 0,0001
elt 0,6931 0,0003
parenthesis 3,5066 0,0017
article 0,0000 0,0000
respect 2,2073 0,0010
rfc 1,9661 0,0009
parser 0,0000 0,0000
shell 1,0788 0,0005
guideline 1,3471 0,0013
http 0,0000 0,0000
therefore 0,7985 0,0004
decimal 0,0101 0,0000
useful 0,9943 0,0005
private 0,8210 0,0004
technical 0,6349 0,0003
companion 2,3026 0,0011
united 0,4780 0,0002
cray 3,9120 0,0019
standardization 1,6094 0,0008
tiobe 3,5066 0,0017
choose 0,8440 0,0004
wghostname 0,0000 0,0000
prevent 0,7340 0,0003
behave 1,5606 0,0007
accomplish 1,6607 0,0008
previously 1,1712 0,0006
wgtitle 0,0000 0,0000
scope 1,2730 0,0012
end 0,3011 0,0001
enumerate 2,9957 0,0014
identify 0,6733 0,0003
wgdigittransformtable 0,0000 0,0000
rich 1,3093 0,0006
hlist 0,0408 0,0000
rick 2,8134 0,0013
label 0,0000 0,0000
improvement 0,9163 0,0004
message 0,3857 0,0002
filesystem 2,5257 0,0012
special 0,0000 0,0000
modify 0,7765 0,0004
environment 0,4308 0,0002
rlconf 0,0000 0,0000
clone 2,3026 0,0011
family 1,0217 0,0005
slightly 1,8326 0,0009
bahasa 0,3285 0,0002
release 0,2744 0,0003
ago 0,7765 0,0004
arithmetic 2,1203 0,0010
caption 0,3567 0,0002
number 0,0000 0,0000
wgbackendresponsetime 0,0000 0,0000
shorten 0,0000 0,0000
property 0,6539 0,0006
typeid 4,6052 0,0022
proceedings 0,7550 0,0004
algorithm 0,8675 0,0004
similar 0,4780 0,0002
mapping 1,6607 0,0016
shape 1,9661 0,0009
programmer 0,9416 0,0009
ixx 4,6052 0,0022
specify 0,6349 0,0009
handle 0,6539 0,0006
forth 1,8971 0,0009
chaudhary 3,9120 0,0019
exit 2,5257 0,0024
system 0,0101 0,0000
issn 0,7765 0,0004
other 0,0000 0,0000
aim 0,8210 0,0004
against 0,6931 0,0003
confident 3,2189 0,0015
exclusion 3,2189 0,0015
cell 0,4308 0,0002
local 0,7985 0,0004
valid 1,4271 0,0007
elegant 2,8134 0,0013
anjuta 3,5066 0,0017
powerful 1,4697 0,0007
future 0,5978 0,0003
rlq 0,0000 0,0000
cite 0,0000 0,0000
sycl 4,6052 0,0022
donald 1,7148 0,0008
screen 0,0101 0,0000
implicitly 2,8134 0,0013
alexandrescu 3,9120 0,0019
body 0,0000 0,0000
correspond 1,3093 0,0006
vandalism 2,6593 0,0013
mode 0,0000 0,0000
pages 0,0000 0,0000
inlining 4,6052 0,0022
buffer 1,8326 0,0009
net 0,9416 0,0004
closure 1,8971 0,0009
newpp 0,0619 0,0000
all 0,0408 0,0000
always 0,9416 0,0004
border 0,0000 0,0000
keynote 2,5257 0,0012
new 0,0000 0,0000
alphabetical 2,2073 0,0010
read 0,0000 0,0000
already 1,1087 0,0005
below 0,7550 0,0004
upcast 4,6052 0,0022
applicable 2,1203 0,0010
shall 2,9957 0,0014
real 0,0408 0,0000
clientpref 0,0000 0,0000
tool 0,0000 0,0000
unit 0,6539 0,0006
alan 1,5606 0,0007
svenska 0,3857 0,0002
typing 2,3026 0,0011
unix 1,3093 0,0006
indent 1,3863 0,0013
wgpagecontentlanguage 0,0000 0,0000
media 0,2485 0,0001
trick 2,6593 0,0013
wgisarticle 0,0000 0,0000
negatively 2,9957 0,0014
influences 3,9120 0,0019
define 0,2744 0,0004
dictate 3,2189 0,0015
oulu 4,6052 0,0022
row 0,4943 0,0002
render 0,0513 0,0000
interlingua 1,3093 0,0006
abstraction 1,2040 0,0011
localisation 4,6052 0,0022
specific 0,2877 0,0001
any 0,2107 0,0001
generational 2,8134 0,0013
caller 3,5066 0,0017
application 0,0943 0,0000
compilation 2,1203 0,0010
wgflaggedrevsparams 0,0000 0,0000
until 0,7765 0,0004
formally 2,0402 0,0010
collapse 0,0408 0,0000
reason 0,7985 0,0004
thought 2,6593 0,0013
wgrelevantarticleid 0,0000 0,0000
preprocessor 0,0513 0,0000
mbox 0,7133 0,0003
java 0,6162 0,0003
nim 2,5257 0,0012
differently 2,4079 0,0011
english 0,0000 0,0000
apl 2,6593 0,0013
fully 0,8210 0,0004
cache 0,0305 0,0000
margin 0,0000 0,0000
suomi 0,2107 0,0001
wgrequestid 0,0000 0,0000
remain 0,7550 0,0004
enwikimwclientpreference 0,0000 0,0000
rlpagemodules 0,0000 0,0000
slow 1,1087 0,0005
atomic 2,0402 0,0010
conceptualize 3,9120 0,0019
samea 0,0000 0,0000
wgwikibaseitemid 0,0000 0,0000
wgulsiscompactlinksenable 0,0000 0,0000
frequently 1,0788 0,0005
another 0,3567 0,0002
automatically 0,7765 0,0004
pagevariantfallback 0,0000 0,0000
guarantee 1,3093 0,0012
predecessor 2,8134 0,0013
acquire 1,1087 0,0011
literal 2,4079 0,0023
webarchive 0,7985 0,0004
default 0,6931 0,0007
caml 2,8134 0,0013
vendor 1,1087 0,0005
wgmonthname 0,0000 0,0000
disabled 0,0000 0,0000
where 0,2744 0,0001
mechanism 0,7550 0,0007
timestamp 0,0000 0,0000
call 0,0101 0,0000
jawa 2,0402 0,0010
such 0,0943 0,0000
classic 1,3093 0,0006
ownership 2,2073 0,0010
describe 0,2485 0,0002
through 0,2107 0,0001
strength 2,3026 0,0022
lifetime 2,3026 0,0011
run 0,3011 0,0001
incorporate 1,1712 0,0006
microsoft 0,4005 0,0002
operator 1,1712 0,0011
sciences 1,9661 0,0009
either 0,5621 0,0003
view 0,0000 0,0000
vulnerable 1,7720 0,0008
white 0,0305 0,0000
cambridge 1,5141 0,0007
donate 0,0000 0,0000
helpful 2,4079 0,0011
instantiation 3,5066 0,0017
edinburgh 3,2189 0,0015
telephone 2,6593 0,0013
bold 0,0408 0,0000
engineering 0,3857 0,0002
expressions 2,9957 0,0014
recurse 4,6052 0,0022
galego 0,7550 0,0004
name 0,0000 0,0000
cputime 0,0000 0,0000
unrecognised 4,6052 0,0022
watchlist 0,0000 0,0000
nominative 3,9120 0,0019
next 0,5798 0,0003
itanium 3,2189 0,0015
color 0,0101 0,0000
import 1,5606 0,0015
string 1,2040 0,0006
attract 2,9957 0,0014
parametric 2,9957 0,0014
show 0,0513 0,0000
description 0,0000 0,0000
edition 0,7985 0,0004
redundant 2,8134 0,0013
nor 1,7720 0,0008
sfinae 4,6052 0,0022
not 0,0101 0,0000
central 0,9416 0,0004
defend 2,8134 0,0013
mammal 4,6052 0,0022
now 0,4308 0,0002
statement 0,0000 0,0000
hence 1,7720 0,0008
trademark 0,0101 0,0000
vandevoorde 4,6052 0,0022
derived 3,9120 0,0019
greek 0,0101 0,0000
msvc 3,2189 0,0015
abbreviate 2,3026 0,0011
green 1,3863 0,0007
introduce 0,3285 0,0003
abrahams 3,9120 0,0019
way 0,2485 0,0001
target 0,0101 0,0000
what 0,0000 0,0000
furthermore 1,6607 0,0008
refer 0,4155 0,0004
israel 0,7550 0,0004
risk 0,8916 0,0004
container 0,0000 0,0000
developers 0,0000 0,0000
usage 0,0000 0,0000
charles 1,2730 0,0006
decide 0,9943 0,0005
mangle 3,9120 0,0019
wgmediaviewerenabledbydefault 0,0000 0,0000
nearby 0,0000 0,0000
when 0,0834 0,0000
cast 2,3026 0,0022
statically 2,4079 0,0011
largely 2,3026 0,0011
slice 3,2189 0,0015
far 1,2730 0,0006
faq 1,6094 0,0008
catch 2,0402 0,0039
embed 0,9163 0,0004
plan 0,7985 0,0004
case 0,3285 0,0003
designate 1,9661 0,0009
give 0,4780 0,0007
item 0,0000 0,0000
wgmediavieweronclick 0,0000 0,0000
wgulsposition 0,0000 0,0000
melayu 0,6349 0,0003
explicit 1,4697 0,0007
wgbreakframe 0,0000 0,0000
rely 0,6931 0,0007
italiano 0,1278 0,0001
sticky 0,0000 0,0000
style 0,0000 0,0000
stockholm 4,6052 0,0022
implicit 2,0402 0,0010
explicitly 1,2040 0,0006
searchinput 0,0000 0,0000
superset 2,5257 0,0012
harry 2,5257 0,0012
direct 0,8440 0,0004
pattern 0,5978 0,0006
increment 2,5257 0,0024
commons 0,0000 0,0000
freedom 2,0402 0,0010
modern 0,7340 0,0003
julia 1,9661 0,0009
web 0,1165 0,0001
protect 1,1394 0,0005
architecture 0,0000 0,0000
more 0,0000 0,0000
display 0,0000 0,0000
great 0,8675 0,0004
criticize 1,5141 0,0007
organization 0,0000 0,0000
width 0,0000 0,0000
finalize 2,6593 0,0013
broadly 2,6593 0,0013
dominance 2,8134 0,0013
certain 0,6162 0,0003
statistics 0,0000 0,0000
stuff 3,2189 0,0015
section 0,7340 0,0003
simple 0,2231 0,0001
compilers 2,8134 0,0013
precedence 3,2189 0,0015
influence 1,3471 0,0013
overflow 0,3567 0,0002
few 0,7133 0,0007
visible 0,0101 0,0000
orient 0,5447 0,0003
sizeof 3,9120 0,0019
kind 0,8675 0,0008
both 0,0305 0,0000
graziano 4,6052 0,0022
important 0,0101 0,0000
most 0,2107 0,0001
phrase 1,6094 0,0008
effect 0,8440 0,0004
conventions 3,5066 0,0017
topic 0,0000 0,0000
raii 3,9120 0,0019
correction 2,4079 0,0011
omit 2,3026 0,0011
sugar 2,6593 0,0013
who 0,5621 0,0003
game 0,7765 0,0004
contribute 0,0000 0,0000
generator 1,7148 0,0008
forbid 2,2073 0,0010
highlight 1,3093 0,0006
database 0,2485 0,0001
coders 3,5066 0,0017
parallel 1,1087 0,0005
inventor 2,4079 0,0011
david 0,5798 0,0003
wip 2,8134 0,0013
wgseparatortransformtable 0,0000 0,0000
rest 1,0788 0,0005
amount 0,9416 0,0004
move 0,0000 0,0000
comply 2,2073 0,0010
original 0,0943 0,0000
sysop 2,9957 0,0014
assignment 2,2073 0,0010
colleges 4,6052 0,0022
also 0,0202 0,0000
designer 1,2730 0,0006
enough 0,9676 0,0005
increase 0,4620 0,0002
raku 2,6593 0,0013
differ 1,5141 0,0007
surpass 2,3026 0,0011
inline 0,0408 0,0000
favor 1,5141 0,0007
various 0,3857 0,0002
downcast 4,6052 0,0022
latter 1,6607 0,0008
visit 0,0408 0,0000
evolutionary 2,4079 0,0011
user 0,0000 0,0000
simply 0,9676 0,0005
equivalent 1,5141 0,0007
indirection 3,5066 0,0017
parent 1,8326 0,0009
bad 1,4271 0,0007
llvm 2,5257 0,0012
nackman 4,6052 0,0022
bring 0,9676 0,0005
tooltip 0,8675 0,0004
northeastern 3,5066 0,0017
hausa 1,8971 0,0009
fit 1,6607 0,0008
offer 0,4155 0,0004
bar 1,3863 0,0007
fix 0,5108 0,0005
complex 0,5621 0,0003
draft 1,6607 0,0008
rank 2,1203 0,0020
dewhurst 4,6052 0,0022
addition 0,6733 0,0006
documentation 0,6349 0,0003
ordinarily 3,9120 0,0019
personal 0,0000 0,0000
an 3,9120 0,0019
gurtovoy 4,6052 0,0022
imageobject 0,0000 0,0000
unanimously 3,9120 0,0019
intermediate 2,0402 0,0010
drive 0,4780 0,0002
frank 1,4271 0,0007
strong 0,9943 0,0005
be 0,1508 0,0001
scheme 0,0101 0,0000
icon 0,0101 0,0000
expansiondepth 0,0000 0,0000
coding 2,4079 0,0011
search 0,0000 0,0000
see 0,0408 0,0000
spacing 0,0619 0,0000
sutt 4,6052 0,0022
codelite 3,5066 0,0017
wgrelevantpagename 0,0000 0,0000
jtc 2,6593 0,0013
national 0,4463 0,0002
subsequent 1,6094 0,0008
indicate 1,0217 0,0010
typescript 1,8971 0,0009
contain 0,0101 0,0000
set 0,2107 0,0002
shqip 0,6931 0,0003
column 0,0101 0,0000
procedure 0,9676 0,0005
integrate 0,5798 0,0003
practices 1,5606 0,0007
incompatibility 2,5257 0,0012
cobol 2,2073 0,0010
wgaction 0,0000 0,0000
interview 1,5606 0,0015
operand 2,8134 0,0027
essential 1,1087 0,0005
font 0,0000 0,0000
encode 1,5141 0,0007
extern 3,9120 0,0019
language 0,0000 0,0000
do 0,1625 0,0003
navbox 0,0943 0,0000
listitem 0,0408 0,0000
differentiate 2,3026 0,0011
contact 0,0000 0,0000
france 0,8675 0,0004
criticism 1,1394 0,0005
programming 0,2744 0,0001
image 0,0202 0,0000
typically 0,3857 0,0002
turing 2,0402 0,0010
vexing 4,6052 0,0022
carry 1,4271 0,0007
cursor 0,0619 0,0000
however 0,3011 0,0001
origin 0,0000 0,0000
parallelism 2,6593 0,0013
capable 1,6094 0,0008
walltime 0,0000 0,0000
interlanguage 0,0000 0,0000
content 0,0000 0,0000
random 0,0000 0,0000
wikibooks 0,8210 0,0004
desktop 1,0788 0,0005
jersey 2,4079 0,0011
client 0,0000 0,0000
class 0,0000 0,0000
contrary 2,6593 0,0013
gehomepagesuggestededitsenabletopic 0,0000 0,0000
reporting 2,1203 0,0010
conversion 1,9661 0,0009
ballot 3,9120 0,0019
over 0,3285 0,0002
practical 1,0217 0,0005
false 0,0000 0,0000
go 0,9943 0,0009
specification 0,7133 0,0003
counter 0,0408 0,0000
parse 0,0619 0,0001
srpskohrvatski 0,9163 0,0004
form 0,3011 0,0004
management 0,2231 0,0001
publish 0,4463 0,0004
developer 0,1744 0,0002
avoid 0,0101 0,0000
he 0,6733 0,0003
significantly 1,5141 0,0007
subset 1,1394 0,0005
assign 1,2730 0,0006
homepage 2,9957 0,0014
overloadable 4,6052 0,0022
elaborate 2,1203 0,0010
big 0,7550 0,0004
very 0,5978 0,0003
practice 0,6349 0,0006
advanced 0,7985 0,0004
geneva 2,9957 0,0014
dialects 2,5257 0,0012
bit 1,3863 0,0007
output 0,0000 0,0000
thanks 2,6593 0,0013
four 0,9676 0,0005
context 0,5978 0,0006
easily 1,2040 0,0006
model 0,0000 0,0000
join 1,1087 0,0005
portal 0,0000 0,0000
manipulation 1,1712 0,0006
becker 3,9120 0,0019
reduce 0,0101 0,0000
sentence 0,0000 0,0000
issue 0,3425 0,0003
kern 0,0101 0,0000
large 0,2485 0,0001
director 1,6607 0,0008
ocaml 2,6593 0,0013
index 1,0498 0,0005
announce 0,6733 0,0006
odd 0,0943 0,0000
operate 0,3567 0,0002
contrast 0,9416 0,0004
hello 1,6607 0,0008
begin 0,5108 0,0002
wgvisualeditor 0,0000 0,0000
become 0,2877 0,0003
template 0,0000 0,0000
enwiki 0,0619 0,0000
subscription 0,0101 0,0000
library 0,3857 0,0004
navbar 0,0202 0,0000
world 0,3857 0,0002
strings 2,6593 0,0013
metaprogramming 3,5066 0,0017
subbox 0,6931 0,0003
december 0,0000 0,0000
ability 0,7340 0,0003
barbara 2,8134 0,0013
table 0,0000 0,0000
creator 1,2730 0,0006
cfront 3,9120 0,0019
gaeilge 1,2040 0,0006
break 0,0101 0,0000
parameterize 3,9120 0,0019
reprint 2,9957 0,0014
change 0,0000 0,0000
sergio 3,2189 0,0015
printable 0,0000 0,0000
off 0,8916 0,0004
generally 0,5447 0,0003
hide 0,0000 0,0000
clang 2,8134 0,0013
report 0,0202 0,0000
complete 0,4780 0,0005
auto 0,0726 0,0000
constant 2,2073 0,0021
several 0,4155 0,0002
office 1,0498 0,0005
decouple 2,5257 0,0012
wgcanonicalspecialpagename 0,0000 0,0000
while 0,2614 0,0001
roger 1,9661 0,0009
second 0,0408 0,0000
that 0,5108 0,0002
download 0,0000 0,0000
high 0,0101 0,0000
split 0,0000 0,0000
geany 3,5066 0,0017
publication 1,5141 0,0007
than 0,2357 0,0001
limit 0,0000 0,0000
widespread 1,3093 0,0006
bnf 0,9163 0,0004
different 0,0513 0,0000
directly 0,5108 0,0002
officially 1,8971 0,0009
level 0,0000 0,0000
author 0,0000 0,0000
preserve 1,8326 0,0009
plus 1,6607 0,0008
expansion 0,0619 0,0000
entry 0,8210 0,0004
license 0,0000 0,0000
expand 0,0101 0,0000
subcommittee 2,8134 0,0013
wgmfdisplaywikibasedescription 0,0000 0,0000
retrieve 0,0000 0,0000
datum 0,0408 0,0000
code 0,0000 0,0000
wgdefaultdateformat 0,0000 0,0000
box 0,0408 0,0000
storage 0,3711 0,0002
sql 1,0788 0,0005
switch 0,9163 0,0004
head 0,7765 0,0004
total 0,0000 0,0000
bcpl 3,2189 0,0015
deutsch 0,0943 0,0000
hear 2,1203 0,0010
console 1,7720 0,0008
macro 2,6593 0,0013
initiative 1,0217 0,0005
determine 0,7985 0,0011
nature 1,0498 0,0005
control 0,1625 0,0001
attribution 0,0000 0,0000
handler 2,0402 0,0019
metadata 1,5606 0,0007
vary 0,0619 0,0000
upper 0,0101 0,0000
discipline 1,1712 0,0006
objective 1,3471 0,0006
scene 2,8134 0,0013
iterator 2,5257 0,0012
lambda 2,2073 0,0010
friend 1,8971 0,0018
programmers 2,9957 0,0014
expiry 0,0619 0,0000
minerva 0,0101 0,0000
exhibit 2,2073 0,0010
brand 0,0000 0,0000
recent 0,0000 0,0000
they 0,0619 0,0001
github 0,7340 0,0003
iostream 3,9120 0,0019
std 2,4079 0,0011
closely 1,6094 0,0008
modular 1,5141 0,0007
edit 0,0000 0,0000
informally 2,5257 0,0012
stl 3,9120 0,0019
portable 1,8971 0,0009
then 0,3567 0,0002
node 0,0305 0,0000
concepts 1,1394 0,0005
mascitti 4,6052 0,0022
checking 2,8134 0,0013
access 0,2877 0,0004
conference 0,3425 0,0002
simi 0,9416 0,0004
simula 2,6593 0,0013
seem 1,8971 0,0009
selflink 0,0101 0,0000
current 0,0000 0,0000
nynorsk 1,2379 0,0006
ken 2,1203 0,0010
lecture 1,6094 0,0008
thompson 1,8326 0,0009
vector 0,0000 0,0000
netbeans 2,6593 0,0013
key 0,0305 0,0000
cachereport 0,0000 0,0000
decision 0,8675 0,0008
necessary 0,8440 0,0004
svg 1,0788 0,0005
one 0,0943 0,0001
store 0,5447 0,0003
winaray 1,7720 0,0008
bosanski 0,8916 0,0004
single 0,3147 0,0001
entityaccesscount 0,0000 0,0000
bug 0,8675 0,0008
fourth 1,8971 0,0009
partially 1,8971 0,0009
symbol 1,8326 0,0017
commercial 0,8440 0,0004
joint 1,7148 0,0008
declare 1,6094 0,0023
separate 0,6162 0,0003
available 0,0000 0,0000
binstock 3,2189 0,0015
zero 1,0217 0,0010
oop 3,5066 0,0017
ambiguity 2,4079 0,0011
variant 0,0619 0,0000
dynamic 0,7133 0,0003
generate 0,8210 0,0008
ensure 0,7985 0,0008
oracle 0,8916 0,0004
usual 2,4079 0,0011
mycroft 3,9120 0,0019
this 0,1278 0,0001
reasonably 4,6052 0,0022
norsk 0,3285 0,0002
stderr 4,6052 0,0022
modules 2,5257 0,0012
memusage 0,0000 0,0000
failure 1,1087 0,0005
know 0,2231 0,0002
organise 3,5066 0,0017
support 0,1393 0,0002
electrotechnical 3,2189 0,0015
preview 1,6607 0,0008
idea 0,9676 0,0005
wgpopupsflag 0,0000 0,0000
destination 3,2189 0,0015
polski 0,1165 0,0001
privacy 0,0000 0,0000
vertical 0,7985 0,0004
pure 1,9661 0,0009
life 0,9416 0,0004
gap 1,2040 0,0006
throughout 1,6094 0,0008
monospaced 2,0402 0,0010
enumerator 4,6052 0,0044
normal 0,0202 0,0000
allocation 1,8326 0,0009
previous 1,1712 0,0006
org 1,5141 0,0007
technology 0,1863 0,0001
directive 1,8971 0,0009
wgarticleid 0,0000 0,0000
pagelanguagedir 0,0000 0,0000
wgcitereferencepreviewsactive 0,0000 0,0000
footnotes 3,9120 0,0019
software 0,0000 0,0000
gcc 2,6593 0,0013
reach 1,2040 0,0006
none 0,0101 0,0000
nicolai 4,6052 0,0022
type 0,0000 0,0000
april 0,0000 0,0000
beyond 1,0217 0,0005
inexact 4,6052 0,0022
internationalization 2,8134 0,0013
closing 2,1203 0,0010
problem 0,3285 0,0003
optimization 0,8916 0,0004
justify 1,8326 0,0009
nobody 3,5066 0,0017
simulate 2,0402 0,0010
between 0,2107 0,0001
guide 0,3711 0,0005
phase 1,2379 0,0012
efficiency 0,8916 0,0004
erratum 3,5066 0,0017
method 0,3147 0,0003
overhead 1,2040 0,0006
streams 2,5257 0,0012
come 0,4155 0,0004
procedural 2,0402 0,0010
baseline 1,7720 0,0008
nyquist 4,6052 0,0022
push 0,0000 0,0000
exist 0,4155 0,0006
exact 1,5606 0,0007
ides 2,4079 0,0011
james 0,9676 0,0005
range 0,8675 0,0004
vanchor 2,8134 0,0013
portalbox 1,3093 0,0006
derive 1,1394 0,0011
out 0,0000 0,0000
leak 1,5606 0,0007
predetermine 3,2189 0,0015
feature 0,0000 0,0000
cached 0,4463 0,0002
get 0,0000 0,0000
portalright 1,3093 0,0006
dark 0,0101 0,0000
course 1,3093 0,0006
copy 1,1712 0,0011
place 0,5447 0,0005
power 0,6733 0,0003
regular 1,2379 0,0006
danish 3,2189 0,0015
unnamed 3,2189 0,0015
suggest 1,0217 0,0005
lead 0,2231 0,0001
initializer 3,2189 0,0031
expect 0,8440 0,0008
help 0,0000 0,0000
knuth 2,6593 0,0013
site 0,0000 0,0000
depth 0,0000 0,0000
self 0,7133 0,0003
queue 1,1394 0,0005
mathematical 1,3863 0,0007
sharealike 0,0000 0,0000
date 0,3011 0,0003
categorical 2,8134 0,0013
argument 0,0513 0,0000
data 0,0000 0,0000
own 0,4780 0,0002
wiki 1,2730 0,0006
wgpageviewlanguage 0,0000 0,0000
accesskey 0,0000 0,0000
only 0,2107 0,0001
should 0,3711 0,0002
create 0,0000 0,0000
tag 0,0000 0,0000
matlab 2,3026 0,0011
development 0,1278 0,0001
like 0,2231 0,0001
resource 0,4620 0,0002
constrain 2,4079 0,0011
typedef 3,9120 0,0019
core 0,5621 0,0003
draper 3,2189 0,0015
tba 3,9120 0,0019
council 2,2073 0,0010
safe 0,8675 0,0004
enforce 1,4271 0,0014
potentially 0,7765 0,0004
concrete 1,8971 0,0009
here 0,0000 0,0000
youtube 1,5141 0,0007
note 0,4155 0,0002
purpose 0,5108 0,0002
line 0,0101 0,0000
penalty 2,8134 0,0013
link 0,0000 0,0000
scale 0,4943 0,0002
aware 1,9661 0,0009
can 0,0408 0,0000
inclusion 2,3026 0,0011
computing 0,4155 0,0002
security 0,3285 0,0002
cap 0,0619 0,0000
contributor 0,0000 0,0000
paris 2,5257 0,0012
wgcanonicalnamespace 0,0000 0,0000
organize 1,1712 0,0006
flex 0,5276 0,0003
ready 0,0000 0,0000
cat 2,3026 0,0011
herb 3,5066 0,0017
privately 3,2189 0,0015
aims 2,8134 0,0013
cost 0,6733 0,0003
wgisredirect 0,0000 0,0000
limited 0,8916 0,0004
will 0,2485 0,0001
february 0,0000 0,0000
implementation 0,3147 0,0003
match 0,5276 0,0005
standardize 1,7148 0,0024
follow 0,2744 0,0003
intent 1,8971 0,0009
really 1,5606 0,0007
readability 2,5257 0,0012
boolean 2,1203 0,0010
responsive 0,0202 0,0000
namespace 1,5141 0,0014
independently 1,3863 0,0007
stanley 2,9957 0,0014
category 0,0000 0,0000
informal 2,2073 0,0010
intend 0,6162 0,0003
wikidata 0,0000 0,0000
