downsides 4,6052 0,0024
upload 0,0000 0,0000
wggelevelingupenabledforuser 0,0000 0,0000
wgrestrictionmove 0,0000 0,0000
remote 0,9163 0,0010
salary 2,8134 0,0015
without 0,2744 0,0001
would 0,3425 0,0002
pick 1,9661 0,0010
solid 0,0202 0,0000
neutral 0,5447 0,0003
require 0,0000 0,0000
analysis 0,5108 0,0003
rewrite 1,2040 0,0013
scribunto 0,0000 0,0000
mcallister 3,5066 0,0018
size 0,0000 0,0000
left 0,0408 0,0000
reserved 3,5066 0,0018
cdx 0,0000 0,0000
inefficient 2,4079 0,0013
object 0,3711 0,0004
tfs 4,6052 0,0024
cygwin 3,2189 0,0017
independent 0,8440 0,0004
achieve 0,7985 0,0004
ahead 1,7148 0,0009
gsub 1,7148 0,0009
turn 1,0498 0,0011
example 0,2485 0,0001
result 0,2231 0,0002
same 0,2357 0,0001
after 0,0305 0,0000
headline 0,0000 0,0000
solaris 1,7148 0,0009
policy 0,0000 0,0000
address 0,5621 0,0003
kernel 1,2379 0,0013
adopter 2,6593 0,0014
pagelanguagecode 0,0000 0,0000
gnu 1,1087 0,0006
monorepo 3,5066 0,0018
transientcontent 0,0000 0,0000
subtle 0,3285 0,0002
component 0,3147 0,0002
idhash 0,0619 0,0000
norway 2,5257 0,0013
information 0,0000 0,0000
arch 2,3026 0,0012
wrap 0,0101 0,0000
gog 4,6052 0,0024
standard 0,2357 0,0001
november 0,0000 0,0000
resolve 1,6607 0,0009
good 0,4155 0,0004
empty 0,0305 0,0000
compute 0,6733 0,0004
fullversionlist 0,0000 0,0000
serious 1,9661 0,0010
tim 1,0498 0,0006
implement 0,3285 0,0003
export 0,0000 0,0000
gpl 2,2073 0,0012
check 0,7985 0,0004
list 0,0000 0,0000
andrew 1,0498 0,0006
lack 0,5447 0,0003
external 0,1863 0,0001
authority 0,4780 0,0003
child 0,0202 0,0000
pvcs 3,9120 0,0021
mainentity 0,0000 0,0000
germany 0,5798 0,0003
medium 1,4271 0,0007
interface 0,2485 0,0003
representation 1,1394 0,0006
remove 0,3711 0,0002
fatal 3,9120 0,0021
disclaimers 0,0000 0,0000
root 0,4780 0,0003
disambiguation 1,5606 0,0008
wgisprobablyeditable 0,0000 0,0000
jetty 3,9120 0,0021
tutorial 1,5141 0,0008
compiler 1,3093 0,0007
ticket 3,5066 0,0018
citation 0,0101 0,0000
mobile 0,0000 0,0000
multiple 0,2485 0,0001
perform 0,4463 0,0002
evolution 1,3471 0,0007
room 1,7720 0,0009
plainlist 0,4463 0,0002
mingw 3,5066 0,0018
pdf 0,0000 0,0000
complaint 2,8134 0,0015
service 0,1393 0,0001
there 0,2614 0,0001
automate 0,7340 0,0004
well 0,2744 0,0001
handling 1,7148 0,0009
bitness 0,0000 0,0000
rgba 0,0101 0,0000
entire 0,8675 0,0005
approach 0,3711 0,0002
block 0,0408 0,0000
per 0,8440 0,0004
write 0,1508 0,0002
flow 0,3425 0,0004
gtk 2,9957 0,0016
order 0,4155 0,0002
aria 0,0000 0,0000
boxtext 0,0619 0,0000
byte 0,0408 0,0000
underlying 2,4079 0,0013
indonesia 0,3567 0,0002
ever 1,3863 0,0007
even 0,0513 0,0000
install 1,3093 0,0014
binary 0,9943 0,0005
citereftorvalds 4,6052 0,0024
integration 0,4620 0,0002
esperanto 0,7133 0,0004
tagline 0,0000 0,0000
gui 1,3471 0,0014
hash 1,7720 0,0019
dsee 3,9120 0,0021
regexp 0,0000 0,0000
hundred 1,4271 0,0007
subsection 0,1508 0,0001
wgeditsubmitbuttonlabelpublish 0,0000 0,0000
save 1,3863 0,0007
toc 0,0000 0,0000
respectively 1,3863 0,0007
matter 1,2379 0,0007
wgpagecontentmodel 0,0000 0,0000
recursive 2,0402 0,0011
hypertext 2,1203 0,0011
top 0,0000 0,0000
native 0,8916 0,0005
technica 1,3093 0,0007
peer 1,8971 0,0010
have 0,2744 0,0004
floss 3,5066 0,0018
costly 2,5257 0,0013
consequence 1,5606 0,0008
product 0,4005 0,0002
produce 0,6931 0,0004
cheat 3,5066 0,0018
wgnamespacenumber 0,0000 0,0000
framework 0,2877 0,0002
wgwmepagelength 0,0000 0,0000
entity 0,0101 0,0000
thousand 1,5141 0,0008
roland 4,6052 0,0024
com 0,8210 0,0004
expensivefunctioncount 0,0000 0,0000
almost 1,1087 0,0006
anchorencode 2,8134 0,0015
upon 0,8916 0,0005
associate 0,6931 0,0004
timeusage 0,0000 0,0000
preprocess 2,4079 0,0013
pin 0,0000 0,0000
whether 0,7765 0,0004
function 0,0000 0,0000
traffic 1,5606 0,0008
comparison 0,4005 0,0002
cpu 0,0408 0,0000
infobox 0,6931 0,0004
italics 2,4079 0,0013
revert 2,6593 0,0028
less 0,6162 0,0003
pcache 0,0619 0,0000
improve 0,2485 0,0003
october 0,0000 0,0000
try 0,9676 0,0005
complication 0,0513 0,0000
cause 0,6162 0,0003
workflows 4,6052 0,0024
jquery 0,0000 0,0000
starteam 3,9120 0,0021
similarly 1,4697 0,0008
design 0,1393 0,0001
extra 1,7720 0,0009
accurev 3,5066 0,0018
victim 2,8134 0,0015
timeless 0,0101 0,0000
aforementioned 3,2189 0,0017
luasandboxcallback 1,4271 0,0007
wgwmeschemaeditattemptstepoversample 0,0000 0,0000
opening 2,4079 0,0013
ttl 0,0000 0,0000
renames 4,6052 0,0024
encyclopedia 0,0000 0,0000
conduct 0,0000 0,0000
inflate 3,2189 0,0017
stable 0,7133 0,0004
cpython 3,2189 0,0017
interested 1,8326 0,0010
respond 1,3471 0,0014
formerly 1,2040 0,0006
incident 2,2073 0,0012
maintenance 0,6733 0,0004
gssapi 3,9120 0,0021
walk 2,6593 0,0014
abovebelow 0,0943 0,0000
concert 2,9957 0,0016
netbsd 2,5257 0,0013
integrity 1,3863 0,0007
password 1,7720 0,0009
mackall 4,6052 0,0024
merge 1,6607 0,0035
pref 0,0000 0,0000
conservancy 3,9120 0,0021
let 0,9943 0,0005
state 0,3425 0,0002
csrftoken 0,0000 0,0000
element 0,0000 0,0000
separately 1,5606 0,0008
night 0,0000 0,0000
want 0,8675 0,0005
opposite 3,5066 0,0018
qaraqalpaqsha 1,1712 0,0006
vulnerability 1,3863 0,0007
pack 2,2073 0,0035
each 0,1393 0,0001
javascript 0,9416 0,0005
mediawiki 1,0788 0,0006
input 0,0000 0,0000
toolkit 1,5141 0,0008
offering 1,6607 0,0009
lfs 3,5066 0,0018
must 0,4620 0,0002
demonstration 2,8134 0,0015
datawrapper 1,6094 0,0008
safeguard 2,6593 0,0014
unpinned 0,0000 0,0000
probably 2,3026 0,0012
concurrent 1,2040 0,0006
facto 2,5257 0,0013
screenshot 2,5257 0,0013
two 0,2744 0,0001
cve 2,8134 0,0015
interleave 3,5066 0,0018
attack 1,1712 0,0006
encrypt 1,5141 0,0008
distribute 0,3857 0,0002
creation 0,7985 0,0004
datepublished 0,0000 0,0000
cvs 4,6052 0,0024
portalleft 1,3093 0,0007
librarian 3,5066 0,0018
refresh 2,8134 0,0015
intimate 3,5066 0,0018
services 1,1087 0,0006
team 0,4943 0,0003
marketing 1,2730 0,0007
crisscrossmerge 4,6052 0,0024
wgusername 0,0000 0,0000
thing 1,0788 0,0006
quip 4,6052 0,0024
megabyte 3,5066 0,0018
source 0,1393 0,0001
align 0,0101 0,0000
secure 1,0217 0,0011
unable 2,2073 0,0012
late 0,4155 0,0004
continue 0,6931 0,0004
tech 1,2040 0,0006
last 0,0000 0,0000
imageright 0,2614 0,0001
widely 0,7985 0,0004
doubt 2,9957 0,0016
mozilla 1,8326 0,0010
weight 0,0101 0,0000
develop 0,1863 0,0003
pro 1,6094 0,0008
page 0,0000 0,0000
compatibility 0,9416 0,0005
full 0,0202 0,0000
teamware 3,9120 0,0021
memory 0,0408 0,0000
concept 0,3711 0,0004
resistant 2,6593 0,0014
anything 2,1203 0,0011
keybase 4,6052 0,0024
perl 1,3093 0,0007
early 0,4308 0,0007
convention 1,8971 0,0010
junio 3,9120 0,0021
center 0,0000 0,0000
start 0,3011 0,0005
yet 1,1087 0,0006
windows 0,7985 0,0004
engineer 0,7765 0,0004
manage 0,3567 0,0004
equal 1,9661 0,0010
wikimedia 0,0000 0,0000
short 0,0000 0,0000
time 0,0000 0,0000
pub 2,8134 0,0015
configurable 2,8134 0,0015
stash 3,5066 0,0018
interactive 0,4463 0,0002
program 0,2614 0,0004
extant 3,9120 0,0021
three 0,3711 0,0002
put 0,9416 0,0005
unencrypted 2,6593 0,0014
deletion 2,5257 0,0013
mutable 3,5066 0,0018
controversial 2,3026 0,0012
tridgell 4,6052 0,0024
savings 2,4079 0,0013
hey 3,2189 0,0017
tran 3,5066 0,0018
getentitystatement 2,5257 0,0013
identifier 1,4697 0,0008
dangling 4,6052 0,0024
creative 0,0000 0,0000
nederlands 0,1985 0,0001
provide 0,1625 0,0003
wayback 0,7985 0,0004
light 1,3093 0,0007
bruno 3,5066 0,0018
primary 0,7765 0,0004
log 0,0000 0,0000
enterprise 0,4463 0,0002
wgcheckuserclienthintsheadersjsapi 0,0000 0,0000
consume 1,3471 0,0007
euskara 0,5108 0,0003
mailing 1,8971 0,0010
accidental 2,6593 0,0014
lot 1,5606 0,0008
computer 0,1863 0,0002
low 0,0101 0,0000
timingprofile 0,0000 0,0000
theme 0,0000 0,0000
cryptographic 2,1203 0,0011
wgcategory 0,0000 0,0000
editor 0,0000 0,0000
postexpandincludesize 0,0000 0,0000
chain 1,3471 0,0007
survive 2,9957 0,0016
efficient 1,0217 0,0005
entirety 2,8134 0,0015
initial 0,3857 0,0002
unstrip 0,0000 0,0000
apress 1,7148 0,0009
reverse 1,7720 0,0019
ansi 2,2073 0,0012
templateargumentsize 0,0000 0,0000
january 0,0000 0,0000
organizer 3,9120 0,0021
permanent 0,0000 0,0000
fellow 2,6593 0,0014
fetch 1,9661 0,0031
choice 1,0498 0,0011
facility 1,0498 0,0006
impure 4,6052 0,0024
small 0,0305 0,0000
quick 1,3863 0,0007
before 0,0305 0,0000
tell 1,5606 0,0016
experience 0,7985 0,0004
italic 0,1278 0,0001
listen 2,2073 0,0012
major 0,5621 0,0003
intro 3,2189 0,0017
interrupt 2,2073 0,0012
day 0,0000 0,0000
combination 1,0788 0,0006
group 0,0408 0,0000
obtain 1,3471 0,0007
manually 1,5606 0,0008
uptake 3,9120 0,0021
format 0,0101 0,0000
tree 1,1394 0,0012
archive 0,0943 0,0000
particular 0,5978 0,0003
history 0,0000 0,0000
eclipse 1,7720 0,0009
absolutely 2,6593 0,0014
ease 1,7720 0,0009
request 0,6733 0,0007
wgrestrictionedit 0,0000 0,0000
part 0,1985 0,0002
wgpageparsereport 0,0000 0,0000
inherently 2,3026 0,0012
elsewhere 2,3026 0,0012
point 0,5447 0,0006
general 0,0000 0,0000
september 0,0000 0,0000
alias 2,6593 0,0014
relief 4,6052 0,0024
padding 0,0000 0,0000
process 0,1625 0,0001
clear 0,0101 0,0000
ltr 0,0000 0,0000
clean 1,6094 0,0008
build 0,2357 0,0004
mean 0,4463 0,0007
interaction 0,8210 0,0004
lua 0,0513 0,0000
further 0,3711 0,0002
account 0,0000 0,0000
mostly 1,2730 0,0007
stack 0,7340 0,0004
dansk 0,5798 0,0003
portalborder 1,3093 0,0007
inode 2,4079 0,0013
overwritten 3,5066 0,0018
record 0,7765 0,0008
abbr 0,0619 0,0000
you 0,0000 0,0000
jump 0,0000 0,0000
knowledge 0,7340 0,0004
synchronize 2,0402 0,0021
happen 1,3471 0,0007
pass 0,8675 0,0005
preference 2,0402 0,0011
profile 1,0788 0,0006
active 0,7985 0,0004
july 0,0000 0,0000
easy 0,6733 0,0007
whose 1,3471 0,0007
tags 4,6052 0,0024
reverting 4,6052 0,0024
subdirectory 3,5066 0,0018
nascent 3,9120 0,0021
relative 1,6607 0,0009
average 1,8971 0,0010
compare 0,9416 0,0010
mirror 2,1203 0,0011
truckload 4,6052 0,0024
subgroup 0,0513 0,0000
characteristic 1,2379 0,0007
transparent 0,0619 0,0000
how 0,0834 0,0000
capability 0,7765 0,0004
adoption 0,8675 0,0005
citations 2,8134 0,0015
journal 0,4780 0,0003
unlike 1,2040 0,0006
term 0,0000 0,0000
mini 0,0619 0,0000
involve 0,6539 0,0007
possible 0,5276 0,0003
right 0,0101 0,0000
executable 1,3093 0,0007
idref 2,0402 0,0011
march 0,0000 0,0000
transition 1,5606 0,0008
june 0,0000 0,0000
wikitext 0,0000 0,0000
meet 0,9163 0,0010
stage 1,2040 0,0013
mina 3,9120 0,0021
paul 0,7765 0,0004
under 0,0101 0,0000
sometimes 0,6931 0,0004
emergency 2,5257 0,0013
autocapitalize 0,0000 0,0000
hold 0,7985 0,0004
div 0,0000 0,0000
later 0,4005 0,0002
prior 1,3093 0,0007
bracket 0,0619 0,0000
wgpagename 0,0000 0,0000
trait 2,8134 0,0015
talk 0,0000 0,0000
vault 2,6593 0,0014
upstream 2,8134 0,0015
commonly 0,6931 0,0004
test 0,4463 0,0002
count 0,0513 0,0000
hatnote 0,2107 0,0001
brown 1,8971 0,0010
graph 1,4697 0,0008
pinnable 0,0000 0,0000
take 0,2877 0,0006
blame 2,5257 0,0013
wgrevisionid 0,0000 0,0000
relatively 1,0498 0,0006
some 0,1744 0,0001
virtual 0,4620 0,0002
dreier 4,6052 0,0024
rather 0,5978 0,0003
session 1,7720 0,0009
additional 0,0000 0,0000
back 0,6349 0,0007
machete 4,6052 0,0024
title 0,0000 0,0000
patroltoken 0,0000 0,0000
primarily 0,9943 0,0005
states 0,4943 0,0003
load 0,0202 0,0000
alpha 0,0101 0,0000
ignore 1,4697 0,0008
just 0,4943 0,0003
notice 1,6094 0,0008
custom 0,0000 0,0000
getentity 2,6593 0,0014
print 0,0000 0,0000
although 0,6162 0,0003
hub 1,9661 0,0010
inherit 0,0101 0,0000
overwhelming 3,9120 0,0021
explain 1,1712 0,0006
synergy 3,5066 0,0018
devop 2,1203 0,0011
tracking 1,6607 0,0009
dmy 0,0000 0,0000
navigation 0,0000 0,0000
hook 2,9957 0,0016
action 0,0000 0,0000
lock 0,0101 0,0000
text 0,0000 0,0000
usually 0,4780 0,0003
init 2,8134 0,0015
sourcepuller 4,6052 0,0024
python 0,6539 0,0003
ppvisitednode 0,0000 0,0000
cookie 0,0000 0,0000
sensitive 1,2730 0,0007
loading 0,0000 0,0000
field 0,7550 0,0004
contents 0,0000 0,0000
invalid 2,2073 0,0012
snapshot 2,5257 0,0027
status 0,0000 0,0000
server 0,4005 0,0004
diffusion 2,9957 0,0016
extraneous 3,5066 0,0018
unpleasant 4,6052 0,0024
compactness 3,5066 0,0018
dot 0,8210 0,0004
skin 0,0000 0,0000
stamp 3,2189 0,0017
mac 1,3471 0,0007
file 0,0000 0,0000
stream 1,0788 0,0006
accumulate 2,6593 0,0014
man 1,8326 0,0010
surround 2,2073 0,0012
wgnoticeproject 0,0000 0,0000
together 0,5978 0,0003
qvcs 3,9120 0,0021
may 0,0000 0,0000
max 0,0513 0,0000
blake 3,2189 0,0017
could 0,4780 0,0003
trigger 0,0513 0,0000
menu 0,0000 0,0000
url 0,0000 0,0000
machine 0,2744 0,0003
return 0,0000 0,0000
specialize 1,8971 0,0010
use 0,0000 0,0000
recognition 1,6607 0,0009
british 2,2073 0,0012
main 0,0000 0,0000
serve 1,0217 0,0005
solution 0,5621 0,0003
downloading 3,9120 0,0021
fine 1,5606 0,0008
find 0,3425 0,0002
host 0,6539 0,0014
logo 0,0000 0,0000
international 0,3011 0,0002
logs 1,3093 0,0007
intensive 2,2073 0,0012
breezy 3,9120 0,0021
combine 0,7340 0,0004
workflow 1,7720 0,0019
utc 0,0000 0,0000
occur 0,7765 0,0004
canonical 0,0408 0,0000
fill 2,2073 0,0012
sistersitebox 0,6539 0,0003
chacon 3,5066 0,0018
wgcurrevisionid 0,0000 0,0000
null 0,0000 0,0000
background 0,0101 0,0000
true 0,0000 0,0000
header 0,0000 0,0000
watchtoken 0,0000 0,0000
since 0,3425 0,0002
certificate 2,2073 0,0012
delete 0,4155 0,0002
foreach 0,0000 0,0000
repeat 0,0101 0,0000
magnitude 2,5257 0,0013
make 0,1165 0,0002
wggestructuredtaskrejectionreasontextinputenable 0,0000 0,0000
execution 0,7340 0,0004
downside 3,2189 0,0017
exactly 1,5606 0,0008
newsgroup 3,9120 0,0021
structure 0,4155 0,0004
master 1,0498 0,0006
ruby 1,0217 0,0005
due 0,5108 0,0003
simplify 1,1394 0,0006
socket 2,4079 0,0013
depend 0,7340 0,0008
commit 1,2730 0,0027
branching 3,5066 0,0018
trees 3,9120 0,0021
rhodecode 4,6052 0,0024
cover 1,2040 0,0006
patch 1,5141 0,0032
character 1,1394 0,0006
contribution 0,0000 0,0000
devops 1,5141 0,0008
meaning 1,5141 0,0008
above 1,0788 0,0006
recursion 0,0513 0,0000
comprise 2,1203 0,0011
czech 0,9163 0,0005
height 0,0101 0,0000
symbolic 1,9661 0,0010
august 0,0000 0,0000
distinguish 1,3471 0,0007
module 0,0000 0,0000
myself 3,5066 0,0018
wikibase 0,0619 0,0000
execute 0,6733 0,0007
datemodify 0,0619 0,0000
installer 2,8134 0,0015
thereby 1,6607 0,0009
meta 1,4271 0,0007
unique 1,2379 0,0007
hrvatski 0,7550 0,0004
notheme 0,3711 0,0002
fact 1,0217 0,0005
prominent 2,3026 0,0012
examine 1,5606 0,0016
eliminate 1,1712 0,0006
global 0,7985 0,0004
long 0,4005 0,0004
remember 2,5257 0,0013
into 0,1985 0,0001
min 0,1165 0,0001
mis 3,5066 0,0018
ian 1,7148 0,0009
mit 1,2040 0,0006
operating 0,9416 0,0005
free 0,0000 0,0000
relationship 1,0788 0,0006
mix 1,2379 0,0007
redirect 1,1087 0,0006
controller 1,5141 0,0008
bother 3,9120 0,0021
idiotic 4,6052 0,0024
middle 0,7765 0,0004
slang 3,9120 0,0021
many 0,2357 0,0001
monotone 3,9120 0,0021
actually 1,3093 0,0007
dedicate 2,1203 0,0011
ibm 0,5621 0,0003
collaboration 1,1394 0,0006
operation 0,5108 0,0005
open 0,1625 0,0002
repack 4,6052 0,0024
tbody 0,6931 0,0004
rapid 1,3093 0,0007
project 0,0000 0,0000
enhancement 0,0101 0,0000
inside 0,0101 0,0000
wikiversity 0,9676 0,0005
bare 2,9957 0,0016
five 0,9943 0,0005
commands 4,6052 0,0024
collection 0,6733 0,0004
ide 1,4697 0,0008
daemon 2,6593 0,0014
gunjal 3,9120 0,0021
immutable 3,2189 0,0017
abort 3,2189 0,0017
pluggable 2,9957 0,0016
clearcase 3,5066 0,0018
internet 0,5447 0,0003
conflict 1,6094 0,0008
allow 0,1863 0,0004
defer 2,2073 0,0012
isbn 0,1054 0,0001
detect 1,0788 0,0011
proper 1,5606 0,0008
revoke 2,5257 0,0013
update 0,4463 0,0005
derivative 1,9661 0,0010
despicable 4,6052 0,0024
linus 2,4079 0,0013
contemptible 4,6052 0,0024
burkhart 4,6052 0,0024
speed 0,9416 0,0005
common 0,3711 0,0002
interest 0,9943 0,0005
linux 0,8916 0,0005
themselves 1,1394 0,0006
placeholder 0,0000 0,0000
every 0,6162 0,0003
apply 0,0000 0,0000
sccs 3,9120 0,0021
mark 0,6733 0,0007
base 0,0305 0,0000
runa 0,9416 0,0005
binding 1,7720 0,0009
whole 1,2040 0,0006
during 0,5447 0,0003
compatible 1,2040 0,0006
relate 0,0000 0,0000
enable 0,0000 0,0000
sidebar 0,0000 0,0000
limitreport 0,0000 0,0000
decoration 0,0619 0,0000
reflist 0,0101 0,0000
azure 1,2730 0,0007
zip 2,4079 0,0013
still 0,5447 0,0003
briefly 3,2189 0,0017
compress 2,9957 0,0016
arise 1,8326 0,0010
var 0,0000 0,0000
work 0,2231 0,0005
matt 1,7720 0,0009
agree 0,0101 0,0000
benchmark 1,8971 0,0020
wgulsislanguageselectorempty 0,0000 0,0000
itself 0,6539 0,0003
versions 3,5066 0,0018
among 0,5276 0,0003
convince 2,6593 0,0014
srpski 0,3711 0,0002
registration 0,0101 0,0000
favorite 2,9957 0,0016
word 0,0101 0,0000
extension 0,6349 0,0007
signature 1,8971 0,0010
foundation 0,0000 0,0000
ourselves 3,9120 0,0021
across 0,5798 0,0003
dcvs 3,9120 0,0021
fall 1,2379 0,0007
identity 1,2379 0,0007
tracker 2,6593 0,0014
event 0,0000 0,0000
driessen 4,6052 0,0024
computationally 2,6593 0,0014
include 0,0000 0,0000
facebook 1,3863 0,0007
vcs 4,6052 0,0024
torvalds 2,4079 0,0013
sarcastically 4,6052 0,0024
toggle 0,0000 0,0000
appearance 0,0000 0,0000
classname 0,0000 0,0000
sourceforge 2,9957 0,0016
wggetopicsmatchmodeenable 0,0000 0,0000
first 0,0408 0,0000
dimensions 3,9120 0,0021
nowrap 0,0408 0,0000
gitweb 3,9120 0,0021
prefer 0,0101 0,0000
patchbomb 4,6052 0,0024
roman 0,0101 0,0000
wgrelevantpageisprobablyeditable 0,0000 0,0000
float 0,0101 0,0000
transclusion 0,0619 0,0000
space 0,0408 0,0000
reference 0,0101 0,0000
uploading 2,9957 0,0016
streamline 2,5257 0,0013
discover 1,2379 0,0007
blockquote 2,8134 0,0015
repacking 4,6052 0,0024
offset 2,6593 0,0014
bottom 0,0000 0,0000
pettersen 4,6052 0,0024
fossil 2,8134 0,0015
revision 0,0000 0,0000
magyar 0,3425 0,0002
publisher 0,0000 0,0000
img 0,0408 0,0000
vfs 3,9120 0,0021
configuration 0,7550 0,0008
gitfaq 4,6052 0,0024
interact 1,1712 0,0006
haible 4,6052 0,0024
rlstate 0,0000 0,0000
vincent 2,5257 0,0013
error 0,0101 0,0000
platform 0,0000 0,0000
network 0,3285 0,0002
public 0,4155 0,0002
checksum 3,2189 0,0017
track 0,9676 0,0020
value 0,0000 0,0000
annex 3,9120 0,0021
inc 1,3093 0,0007
sclm 3,9120 0,0021
advantage 0,9676 0,0010
efn 2,3026 0,0012
instead 0,4463 0,0002
controversy 1,7720 0,0009
command 0,7133 0,0007
expensive 0,0408 0,0000
zlib 3,2189 0,0017
mispronunciation 4,6052 0,0024
performance 0,3425 0,0002
currently 1,0788 0,0006
maint 0,0101 0,0000
wiktionary 0,5798 0,0003
platformversion 0,0000 0,0000
templatequote 1,9661 0,0010
seamlessly 3,9120 0,0021
saved 0,0619 0,0000
year 0,2614 0,0003
straub 3,9120 0,0021
bitkeeper 3,9120 0,0021
branch 1,5606 0,0016
via 0,3011 0,0002
resetting 4,6052 0,0024
quote 0,0101 0,0000
visual 0,9416 0,0005
because 0,0000 0,0000
binutil 4,6052 0,0024
navigate 1,8971 0,0010
internally 1,8326 0,0010
raw 2,1203 0,0011
google 0,4005 0,0002
community 0,0000 0,0000
version 0,0000 0,0000
folder 2,5257 0,0013
eesti 0,3285 0,0002
collaboratively 3,2189 0,0017
criterion 1,5606 0,0016
utility 1,2730 0,0007
immediately 1,5141 0,0008
manual 1,1394 0,0006
wgusergroup 0,0000 0,0000
refuse 2,3026 0,0012
wikipedia 0,0000 0,0000
scott 1,0217 0,0005
haskell 1,9661 0,0010
website 0,3711 0,0002
rcs 3,5066 0,0018
learn 0,0000 0,0000
fast 0,4943 0,0005
spin 2,2073 0,0012
exploit 1,6607 0,0009
register 0,0000 0,0000
notes 0,9943 0,0005
lgpl 3,2189 0,0017
republic 0,8916 0,0005
official 0,6162 0,0003
dulwich 4,6052 0,0024
ref 2,5257 0,0027
post 0,0202 0,0000
leave 0,0101 0,0000
add 0,0000 0,0000
need 0,1393 0,0003
amend 3,2189 0,0017
its 0,0726 0,0000
originally 0,8675 0,0005
tfvc 3,9120 0,0021
often 0,2877 0,0002
article 0,0000 0,0000
parser 0,0000 0,0000
port 1,8326 0,0019
shell 1,0788 0,0006
loose 2,5257 0,0013
cmvc 3,9120 0,0021
http 0,0000 0,0000
exchange 1,1087 0,0006
decimal 0,0101 0,0000
lgplv 4,6052 0,0024
trust 1,2730 0,0007
production 0,9943 0,0005
united 0,4780 0,0003
culminate 3,2189 0,0017
choose 0,8440 0,0004
directory 1,5141 0,0008
wghostname 0,0000 0,0000
prevent 0,7340 0,0004
precisely 2,3026 0,0012
wgtitle 0,0000 0,0000
engine 0,4780 0,0003
responsible 1,2040 0,0006
end 0,3011 0,0002
oauth 3,5066 0,0018
identify 0,6733 0,0007
wgdigittransformtable 0,0000 0,0000
attacker 2,3026 0,0012
hlist 0,0408 0,0000
label 0,0000 0,0000
message 0,3857 0,0002
filesystem 2,5257 0,0027
praise 2,8134 0,0015
special 0,0000 0,0000
modify 0,7765 0,0008
environment 0,4308 0,0002
rlconf 0,0000 0,0000
clone 2,3026 0,0036
inconsistency 3,2189 0,0017
age 1,2730 0,0007
slightly 1,8326 0,0010
backup 2,1203 0,0011
copyright 1,6607 0,0009
bahasa 0,3285 0,0002
release 0,2744 0,0003
ago 0,7765 0,0004
caption 0,3567 0,0002
newly 2,3026 0,0012
number 0,0000 0,0000
wgbackendresponsetime 0,0000 0,0000
shorten 0,0000 0,0000
property 0,6539 0,0003
infoworld 1,6094 0,0008
algorithm 0,8675 0,0009
similar 0,4780 0,0003
viewpoint 2,4079 0,0013
programmer 0,9416 0,0005
specify 0,6349 0,0007
atlassian 2,9957 0,0016
neil 2,4079 0,0013
handle 0,6539 0,0007
script 1,2379 0,0013
panvalet 3,9120 0,0021
system 0,0101 0,0000
cryptographically 2,9957 0,0016
other 0,0000 0,0000
against 0,6931 0,0004
kerberos 3,9120 0,0021
cell 0,4308 0,0002
local 0,7985 0,0004
portability 1,9661 0,0010
aix 2,5257 0,0013
vss 4,6052 0,0024
share 0,4620 0,0007
speak 1,7720 0,0019
synthesis 2,1203 0,0011
egit 4,6052 0,0024
phabricator 3,9120 0,0021
future 0,5978 0,0003
rlq 0,0000 0,0000
cite 0,0000 0,0000
screen 0,0101 0,0000
implicitly 2,8134 0,0015
body 0,0000 0,0000
correspond 1,3093 0,0007
maintainer 2,5257 0,0027
spur 3,2189 0,0017
mode 0,0000 0,0000
amongst 2,1203 0,0011
pages 0,0000 0,0000
pronounceable 4,6052 0,0024
visualize 2,6593 0,0014
newpp 0,0619 0,0000
all 0,0408 0,0000
always 0,9416 0,0005
border 0,0000 0,0000
new 0,0000 0,0000
read 0,0000 0,0000
already 1,1087 0,0006
below 0,7550 0,0004
gameoftrees 4,6052 0,0024
real 0,0408 0,0000
clientpref 0,0000 0,0000
tool 0,0000 0,0000
svenska 0,3857 0,0002
individually 2,6593 0,0014
collect 1,2730 0,0013
unix 1,3093 0,0007
fsck 4,6052 0,0024
wgpagecontentlanguage 0,0000 0,0000
media 0,2485 0,0001
gvfs 4,6052 0,0024
around 0,6931 0,0004
hamano 3,9120 0,0021
lightweight 1,6094 0,0008
wgisarticle 0,0000 0,0000
today 1,0788 0,0006
define 0,2744 0,0001
notelist 2,3026 0,0012
row 0,4943 0,0003
render 0,0513 0,0000
transport 1,6094 0,0008
specific 0,2877 0,0002
any 0,2107 0,0001
minute 1,8326 0,0010
application 0,0943 0,0000
wgflaggedrevsparams 0,0000 0,0000
ninth 3,5066 0,0018
until 0,7765 0,0004
strategy 0,7340 0,0008
collapse 0,0408 0,0000
reason 0,7985 0,0004
octopus 3,9120 0,0021
maintain 0,3567 0,0007
wgrelevantarticleid 0,0000 0,0000
preprocessor 0,0513 0,0000
ship 1,6094 0,0008
professional 0,9416 0,0005
skills 4,6052 0,0024
java 0,6162 0,0003
locally 2,3026 0,0012
annual 1,0788 0,0006
english 0,0000 0,0000
cache 0,0305 0,0000
margin 0,0000 0,0000
merging 3,9120 0,0021
suomi 0,2107 0,0001
wgrequestid 0,0000 0,0000
remain 0,7550 0,0004
enwikimwclientpreference 0,0000 0,0000
refine 2,1203 0,0011
rlpagemodules 0,0000 0,0000
viaf 2,4079 0,0013
gitea 3,5066 0,0018
dictionary 1,2040 0,0006
wanted 4,6052 0,0024
letter 1,5606 0,0008
samea 0,0000 0,0000
mozillazine 3,9120 0,0021
corruption 2,3026 0,0012
rotten 4,6052 0,0024
wgwikibaseitemid 0,0000 0,0000
exploitable 3,5066 0,0018
wgulsiscompactlinksenable 0,0000 0,0000
frequently 1,0788 0,0006
another 0,3567 0,0002
automatically 0,7765 0,0004
pagevariantfallback 0,0000 0,0000
webarchive 0,7985 0,0004
default 0,6931 0,0004
notion 1,8326 0,0010
encryption 1,1712 0,0006
wgmonthname 0,0000 0,0000
advertisement 2,2073 0,0012
disabled 0,0000 0,0000
where 0,2744 0,0001
mechanism 0,7550 0,0008
perforce 2,9957 0,0016
popular 0,6539 0,0003
timestamp 0,0000 0,0000
gitflow 4,6052 0,0024
holder 2,3026 0,0012
call 0,0101 0,0000
such 0,0943 0,0000
plugin 1,9661 0,0010
ask 1,0498 0,0011
describe 0,2485 0,0004
through 0,2107 0,0001
run 0,3011 0,0005
bitbucket 3,2189 0,0017
microsoft 0,4005 0,0002
either 0,5621 0,0003
incomplete 2,4079 0,0013
retrospectively 4,6052 0,0024
view 0,0000 0,0000
vulnerable 1,7720 0,0009
white 0,0305 0,0000
donate 0,0000 0,0000
addressable 3,9120 0,0021
correctness 2,0402 0,0011
might 0,7340 0,0004
bold 0,0408 0,0000
duplicate 1,8971 0,0010
significant 0,6931 0,0004
galego 0,7550 0,0004
name 0,0000 0,0000
cputime 0,0000 0,0000
larry 1,9661 0,0010
gittify 4,6052 0,0024
watchlist 0,0000 0,0000
next 0,5798 0,0003
color 0,0101 0,0000
import 1,5606 0,0008
mood 3,5066 0,0018
book 0,4308 0,0002
nearly 1,4697 0,0008
show 0,0513 0,0001
description 0,0000 0,0000
edition 0,7985 0,0004
malicious 2,1203 0,0011
not 0,0101 0,0000
central 0,9416 0,0005
now 0,4308 0,0002
statement 0,0000 0,0000
trademark 0,0101 0,0000
lived 2,9957 0,0016
analogous 1,7720 0,0009
greek 0,0101 0,0000
news 0,4620 0,0002
goddamn 4,6052 0,0024
gitg 4,6052 0,0024
introduce 0,3285 0,0003
grained 2,3026 0,0012
war 1,8326 0,0010
suddenly 3,9120 0,0021
way 0,2485 0,0003
editing 2,1203 0,0011
target 0,0101 0,0000
what 0,0000 0,0000
refer 0,4155 0,0004
israel 0,7550 0,0004
krill 2,5257 0,0013
container 0,0000 0,0000
developers 0,0000 0,0000
quickly 1,1087 0,0006
usage 0,0000 0,0000
wgmediaviewerenabledbydefault 0,0000 0,0000
nearby 0,0000 0,0000
when 0,0834 0,0000
embed 0,9163 0,0005
plan 0,7985 0,0008
case 0,3285 0,0002
give 0,4780 0,0008
item 0,0000 0,0000
wgmediavieweronclick 0,0000 0,0000
openid 3,2189 0,0017
wgulsposition 0,0000 0,0000
melayu 0,6349 0,0003
trunk 3,5066 0,0018
explicit 1,4697 0,0008
wgbreakframe 0,0000 0,0000
italiano 0,1278 0,0001
sticky 0,0000 0,0000
style 0,0000 0,0000
gitmodule 4,6052 0,0024
bastard 4,6052 0,0024
implicit 2,0402 0,0011
explicitly 1,2040 0,0006
searchinput 0,0000 0,0000
guard 2,4079 0,0013
repo 3,2189 0,0017
commons 0,0000 0,0000
gain 0,8916 0,0005
confuse 1,2040 0,0006
freedom 2,0402 0,0011
web 0,1165 0,0001
architecture 0,0000 0,0000
explore 1,9661 0,0010
more 0,0000 0,0000
display 0,0000 0,0000
iabervon 4,6052 0,0024
darcs 3,9120 0,0021
continuously 1,8326 0,0010
great 0,8675 0,0005
inaccurate 3,5066 0,0018
organization 0,0000 0,0000
width 0,0000 0,0000
statistics 0,0000 0,0000
simple 0,2231 0,0001
wrapper 2,9957 0,0016
centralized 1,9661 0,0010
influence 1,3471 0,0007
cloud 0,6349 0,0003
protocol 0,5621 0,0006
overflow 0,3567 0,0002
ldap 2,6593 0,0014
few 0,7133 0,0004
package 0,9943 0,0005
visible 0,0101 0,0000
orient 0,5447 0,0003
shatter 4,6052 0,0024
both 0,0305 0,0000
important 0,0101 0,0000
most 0,2107 0,0001
transfer 0,7985 0,0004
effect 0,8440 0,0004
conventions 3,5066 0,0018
ipac 2,9957 0,0016
topic 0,0000 0,0000
job 1,3093 0,0014
option 0,9416 0,0010
who 0,5621 0,0003
limitation 1,0498 0,0006
rebase 4,6052 0,0024
game 0,7765 0,0004
contribute 0,0000 0,0000
generator 1,7148 0,0009
why 0,6539 0,0003
integrated 1,2379 0,0007
highlight 1,3093 0,0007
administrator 1,6094 0,0008
database 0,2485 0,0003
along 0,7340 0,0004
parallel 1,1087 0,0006
reject 2,1203 0,0011
sheet 2,1203 0,0011
blunder 4,6052 0,0024
authentication 1,3863 0,0007
wgseparatortransformtable 0,0000 0,0000
rest 1,0788 0,0006
amount 0,9416 0,0005
move 0,0000 0,0000
original 0,0943 0,0000
also 0,0202 0,0000
say 0,6733 0,0004
enough 0,9676 0,0005
inline 0,0408 0,0000
various 0,3857 0,0002
latter 1,6607 0,0009
front 1,1394 0,0006
visit 0,0408 0,0000
user 0,0000 0,0000
simply 0,9676 0,0005
equivalent 1,5141 0,0008
parent 1,8326 0,0010
stupid 2,6593 0,0014
workday 2,3026 0,0012
tooltip 0,8675 0,0005
hausa 1,8971 0,0010
changeset 3,9120 0,0021
offer 0,4155 0,0002
fix 0,5108 0,0003
complex 0,5621 0,0003
assumption 1,8971 0,0010
scm 3,5066 0,0018
addition 0,6733 0,0004
grow 0,8675 0,0005
ancestor 2,9957 0,0031
documentation 0,6349 0,0003
diff 2,9957 0,0031
personal 0,0000 0,0000
extend 0,6162 0,0003
ar 1,5141 0,0008
plastic 3,2189 0,0017
delay 1,8326 0,0010
imageobject 0,0000 0,0000
competitive 2,8134 0,0015
compression 1,5141 0,0008
deal 1,1712 0,0006
strong 0,9943 0,0005
be 0,1508 0,0002
scheme 0,0101 0,0000
freebsd 1,7720 0,0009
affect 1,0217 0,0005
icon 0,0101 0,0000
consequently 2,1203 0,0011
expansiondepth 0,0000 0,0000
jst 4,6052 0,0024
search 0,0000 0,0000
see 0,0408 0,0000
spacing 0,0619 0,0000
systems 0,4780 0,0003
wgrelevantpagename 0,0000 0,0000
national 0,4463 0,0002
indicate 1,0217 0,0005
contain 0,0101 0,0000
set 0,2107 0,0002
gitignore 4,6052 0,0024
jobs 2,3026 0,0012
column 0,0101 0,0000
procedure 0,9676 0,0005
integrate 0,5798 0,0006
cv 3,5066 0,0018
sfn 1,6607 0,0009
wgaction 0,0000 0,0000
config 3,2189 0,0017
font 0,0000 0,0000
encode 1,5141 0,0008
scalable 1,5141 0,0008
ben 1,3093 0,0007
language 0,0000 0,0000
do 0,1625 0,0003
navbox 0,0943 0,0000
observe 1,5141 0,0008
listitem 0,0408 0,0000
contact 0,0000 0,0000
useless 2,6593 0,0014
france 0,8675 0,0005
exclude 2,3026 0,0012
programming 0,2744 0,0001
image 0,0202 0,0000
typically 0,3857 0,0002
garbage 2,3026 0,0012
sha 2,4079 0,0013
unstable 3,2189 0,0017
adjust 1,8971 0,0010
party 0,6539 0,0003
cursor 0,0619 0,0000
however 0,3011 0,0002
origin 0,0000 0,0000
walltime 0,0000 0,0000
interlanguage 0,0000 0,0000
content 0,0000 0,0000
gerrit 3,2189 0,0017
merkle 3,2189 0,0017
random 0,0000 0,0000
wikibooks 0,8210 0,0004
rate 1,2730 0,0007
skill 1,7720 0,0009
client 0,0000 0,0000
class 0,0000 0,0000
posix 2,3026 0,0012
gehomepagesuggestededitsenabletopic 0,0000 0,0000
digital 0,6162 0,0003
over 0,3285 0,0002
lowercase 2,9957 0,0016
false 0,0000 0,0000
merged 3,9120 0,0021
counter 0,0408 0,0000
parse 0,0619 0,0000
fork 1,1394 0,0012
management 0,2231 0,0001
publish 0,4463 0,0002
developer 0,1744 0,0002
avoid 0,0101 0,0000
gate 2,5257 0,0013
comprehensive 1,3863 0,0007
he 0,6733 0,0004
subset 1,1394 0,0006
elaborate 2,1203 0,0011
big 0,7550 0,0004
very 0,5978 0,0003
practice 0,6349 0,0003
select 0,9676 0,0005
advanced 0,7985 0,0004
bit 1,3863 0,0015
output 0,0000 0,0000
model 0,0000 0,0000
https 2,3026 0,0012
portal 0,0000 0,0000
reduce 0,0101 0,0000
sentence 0,0000 0,0000
issue 0,3425 0,0002
kern 0,0101 0,0000
large 0,2485 0,0003
dependency 1,2730 0,0007
index 1,0498 0,0006
announce 0,6733 0,0007
odd 0,0943 0,0000
traditional 0,7985 0,0004
operate 0,3567 0,0002
begin 0,5108 0,0005
wgvisualeditor 0,0000 0,0000
become 0,2877 0,0002
template 0,0000 0,0000
enwiki 0,0619 0,0000
subscription 0,0101 0,0000
library 0,3857 0,0004
navbar 0,0202 0,0000
world 0,3857 0,0002
subbox 0,6931 0,0004
december 0,0000 0,0000
ability 0,7340 0,0004
everything 1,2730 0,0007
urgent 3,9120 0,0021
bundle 1,6094 0,0008
implementations 1,8971 0,0010
macos 1,6607 0,0009
table 0,0000 0,0000
side 0,3425 0,0002
ftp 2,4079 0,0013
break 0,0101 0,0000
change 0,0000 0,0000
printable 0,0000 0,0000
off 0,8916 0,0005
generally 0,5447 0,0003
forgejo 4,6052 0,0024
hide 0,0000 0,0000
mercurial 2,9957 0,0016
report 0,0202 0,0000
complete 0,4780 0,0005
auto 0,0726 0,0000
several 0,4155 0,0002
sign 1,2379 0,0013
angel 4,6052 0,0024
cvsnt 3,9120 0,0021
wgcanonicalspecialpagename 0,0000 0,0000
while 0,2614 0,0001
second 0,0408 0,0000
that 0,5108 0,0003
download 0,0000 0,0000
high 0,0101 0,0000
split 0,0000 0,0000
helix 2,9957 0,0016
sufficient 1,7148 0,0009
than 0,2357 0,0001
limit 0,0000 0,0000
claim 0,9676 0,0005
bnf 0,9163 0,0005
different 0,0513 0,0000
directly 0,5108 0,0003
mcvoy 4,6052 0,0024
level 0,0000 0,0000
author 0,0000 0,0000
plus 1,6607 0,0009
expansion 0,0619 0,0000
relevant 1,2040 0,0006
entry 0,8210 0,0004
license 0,0000 0,0000
msysgit 4,6052 0,0024
disk 1,3471 0,0007
expand 0,0101 0,0000
wgmfdisplaywikibasedescription 0,0000 0,0000
retrieve 0,0000 0,0000
survey 0,9416 0,0010
gitlab 3,2189 0,0017
datum 0,0408 0,0000
code 0,0000 0,0000
wgdefaultdateformat 0,0000 0,0000
box 0,0408 0,0000
storage 0,3711 0,0002
sql 1,0788 0,0006
switch 0,9163 0,0010
head 0,7765 0,0008
total 0,0000 0,0000
deutsch 0,0943 0,0000
somehow 3,9120 0,0021
chance 2,3026 0,0012
determine 0,7985 0,0004
src 0,6349 0,0003
pypy 3,2189 0,0017
emulation 3,5066 0,0037
control 0,1625 0,0001
zack 3,5066 0,0018
attribution 0,0000 0,0000
synchronization 2,6593 0,0014
metadata 1,5606 0,0008
vary 0,0619 0,0000
upper 0,0101 0,0000
delta 3,9120 0,0041
insensitive 3,2189 0,0017
registered 4,6052 0,0024
ssh 2,3026 0,0012
luasandbox 1,4271 0,0007
freeze 3,2189 0,0017
clever 3,9120 0,0021
engines 1,3471 0,0007
expiry 0,0619 0,0000
minerva 0,0101 0,0000
brand 0,0000 0,0000
recent 0,0000 0,0000
pinpoint 3,5066 0,0018
they 0,0619 0,0001
browsing 1,8326 0,0010
github 0,7340 0,0004
edit 0,0000 0,0000
old 0,8675 0,0009
then 0,3567 0,0002
node 0,0305 0,0000
bsd 1,8326 0,0019
concepts 1,1394 0,0006
kallithea 4,6052 0,0024
adopt 0,9163 0,0005
painless 4,6052 0,0024
access 0,2877 0,0003
primitive 1,8326 0,0010
simi 0,9416 0,0005
seem 1,8971 0,0020
selflink 0,0101 0,0000
current 0,0000 0,0000
templatequotecite 1,9661 0,0010
variety 0,9943 0,0005
vector 0,0000 0,0000
key 0,0305 0,0000
cachereport 0,0000 0,0000
decision 0,8675 0,0005
manager 0,8440 0,0004
svg 1,0788 0,0006
one 0,0943 0,0000
heuristic 2,1203 0,0022
launch 0,9943 0,0005
svn 4,6052 0,0024
reviewer 2,6593 0,0014
store 0,5447 0,0011
bosanski 0,8916 0,0005
single 0,3147 0,0002
entityaccesscount 0,0000 0,0000
pull 1,5606 0,0025
bug 0,8675 0,0005
story 1,2730 0,0007
separate 0,6162 0,0003
siddhesh 4,6052 0,0024
available 0,0000 0,0000
zero 1,0217 0,0005
apache 1,0788 0,0006
variant 0,0619 0,0000
bazaar 2,8134 0,0015
generate 0,8210 0,0004
this 0,1278 0,0001
norsk 0,3285 0,0002
repology 4,6052 0,0024
memusage 0,0000 0,0000
nutshell 3,5066 0,0018
especially 0,8210 0,0004
once 0,7985 0,0004
solve 0,9416 0,0010
know 0,2231 0,0002
sing 4,6052 0,0024
support 0,1393 0,0002
drop 1,1394 0,0006
wgpopupsflag 0,0000 0,0000
polski 0,1165 0,0001
privacy 0,0000 0,0000
vertical 0,7985 0,0004
pure 1,9661 0,0010
life 0,9416 0,0005
we 1,3093 0,0007
egotistical 3,9120 0,0021
proprietary 0,9676 0,0005
backing 3,2189 0,0017
emphasize 1,6094 0,0008
normal 0,0202 0,0000
licens 1,8971 0,0010
org 1,5141 0,0008
trivia 4,6052 0,0024
technology 0,1863 0,0001
wgarticleid 0,0000 0,0000
migration 1,4697 0,0008
pagelanguagedir 0,0000 0,0000
wgcitereferencepreviewsactive 0,0000 0,0000
location 0,9943 0,0005
software 0,0000 0,0000
gcc 2,6593 0,0014
graphical 1,2730 0,0007
none 0,0101 0,0000
repository 0,5276 0,0006
type 0,0000 0,0000
april 0,0000 0,0000
hell 3,9120 0,0021
scriptability 4,6052 0,0024
problem 0,3285 0,0002
road 1,7148 0,0009
review 0,6162 0,0010
jgit 4,6052 0,0024
connection 0,9676 0,0005
bzr 4,6052 0,0024
openbsd 2,3026 0,0012
between 0,2107 0,0001
guide 0,3711 0,0002
efficiency 0,8916 0,0005
goal 0,8440 0,0004
method 0,3147 0,0002
come 0,4155 0,0004
baseline 1,7720 0,0009
push 0,0000 0,0000
exist 0,4155 0,0009
exact 1,5606 0,0008
gitolite 4,6052 0,0024
periodic 3,2189 0,0017
portalbox 1,3093 0,0007
out 0,0000 0,0000
skerrett 4,6052 0,0024
rock 2,6593 0,0014
feature 0,0000 0,0000
cached 0,4463 0,0002
get 0,0000 0,0000
portalright 1,3093 0,0007
dark 0,0101 0,0000
copy 1,1712 0,0012
place 0,5447 0,0003
hotfix 4,6052 0,0024
rugged 4,6052 0,0024
leaf 3,2189 0,0017
lead 0,2231 0,0002
fraction 2,8134 0,0015
expect 0,8440 0,0004
help 0,0000 0,0000
site 0,0000 0,0000
depth 0,0000 0,0000
rename 1,5141 0,0032
additionally 1,0498 0,0006
self 0,7133 0,0004
sharealike 0,0000 0,0000
date 0,3011 0,0005
argument 0,0513 0,0000
data 0,0000 0,0000
own 0,4780 0,0003
wiki 1,2730 0,0007
wgpageviewlanguage 0,0000 0,0000
alexa 2,6593 0,0014
blog 0,6349 0,0003
accesskey 0,0000 0,0000
plain 1,5141 0,0008
only 0,2107 0,0001
should 0,3711 0,0002
create 0,0000 0,0000
tag 0,0000 0,0000
saga 2,9957 0,0016
development 0,1278 0,0001
individual 0,7985 0,0004
like 0,2231 0,0001
core 0,5621 0,0003
blob 2,5257 0,0027
person 0,6162 0,0006
safe 0,8675 0,0009
files 2,9957 0,0016
send 0,7550 0,0008
potentially 0,7765 0,0004
here 0,0000 0,0000
youtube 1,5141 0,0008
note 0,4155 0,0004
line 0,0101 0,0000
link 0,0000 0,0000
scale 0,4943 0,0003
openssh 3,9120 0,0021
aware 1,9661 0,0010
dragonfly 2,9957 0,0016
can 0,0408 0,0000
security 0,3285 0,0002
cap 0,0619 0,0000
contributor 0,0000 0,0000
git 1,8971 0,0010
wgcanonicalnamespace 0,0000 0,0000
flex 0,5276 0,0003
packfile 4,6052 0,0048
ready 0,0000 0,0000
tcl 2,2073 0,0012
tcp 2,3026 0,0012
cost 0,6733 0,0004
gogs 4,6052 0,0024
wgisredirect 0,0000 0,0000
will 0,2485 0,0001
sourcesafe 3,9120 0,0021
february 0,0000 0,0000
implementation 0,3147 0,0003
match 0,5276 0,0003
arbitrary 1,3863 0,0007
follow 0,2744 0,0001
really 1,5606 0,0008
recursiveclone 1,6607 0,0009
subversion 3,2189 0,0017
response 0,7340 0,0004
responsive 0,0202 0,0000
york 0,8440 0,0004
namespace 1,5141 0,0008
independently 1,3863 0,0007
category 0,0000 0,0000
wikidata 0,0000 0,0000
callparserfunction 1,4271 0,0007
