temporary 1,8971 0,0015
functions 2,5257 0,0020
references 0,0513 0,0000
doctl 4,6052 0,0036
saved 0,0619 0,0000
upload 0,0000 0,0000
year 0,2614 0,0004
novet 3,2189 0,0025
wggelevelingupenabledforuser 0,0000 0,0000
hostdean 3,9120 0,0031
wgrestrictionmove 0,0000 0,0000
without 0,2744 0,0002
via 0,3011 0,0002
quote 0,0101 0,0000
farr 3,9120 0,0031
would 0,3425 0,0003
graduate 2,0402 0,0016
kerner 3,5066 0,0028
because 0,0000 0,0000
sysadmin 3,9120 0,0031
eweek 2,6593 0,0021
navigate 1,8971 0,0015
internally 1,8326 0,0014
solid 0,0202 0,0000
antonio 2,9957 0,0024
nimbella 4,6052 0,0036
investment 1,5141 0,0012
ipo 3,2189 0,0025
google 0,4005 0,0003
require 0,0000 0,0000
cdn 3,2189 0,0025
community 0,0000 0,0000
click 1,7148 0,0014
version 0,0000 0,0000
iland 2,5257 0,0020
scribunto 0,0000 0,0000
size 0,0000 0,0000
left 0,0408 0,0000
yancey 4,6052 0,0036
cdx 0,0000 0,0000
object 0,3711 0,0003
southern 3,2189 0,0025
role 0,8916 0,0007
least 0,9676 0,0008
ceo 1,5606 0,0012
matrix 2,2073 0,0017
wgusergroup 0,0000 0,0000
dollar 1,8971 0,0015
founding 2,8134 0,0022
result 0,2231 0,0004
balancer 2,9957 0,0024
same 0,2357 0,0002
commission 1,4697 0,0012
after 0,0305 0,0000
wikipedia 0,0000 0,0000
listing 3,2189 0,0025
headline 0,0000 0,0000
policy 0,0000 0,0000
website 0,3711 0,0003
brands 3,9120 0,0031
kvm 3,5066 0,0028
density 2,8134 0,0022
learn 0,0000 0,0000
laden 4,6052 0,0036
cfo 2,5257 0,0020
pagelanguagecode 0,0000 0,0000
techstars 4,6052 0,0036
transientcontent 0,0000 0,0000
component 0,3147 0,0002
fast 0,4943 0,0004
horowitz 2,9957 0,0024
idhash 0,0619 0,0000
information 0,0000 0,0000
rackspace 2,2073 0,0017
wrap 0,0101 0,0000
vcloud 2,3026 0,0018
register 0,0000 0,0000
standard 0,2357 0,0002
november 0,0000 0,0000
isp 3,9120 0,0031
official 0,6162 0,0005
good 0,4155 0,0003
outsystems 2,5257 0,0020
deploy 1,0217 0,0008
empty 0,0305 0,0000
analytics 1,7720 0,0014
compute 0,6733 0,0005
post 0,0202 0,0000
leave 0,0101 0,0000
fullversionlist 0,0000 0,0000
export 0,0000 0,0000
add 0,0000 0,0000
area 0,7985 0,0006
need 0,1393 0,0003
european 1,3471 0,0011
its 0,0726 0,0001
list 0,0000 0,0000
gpu 2,8134 0,0022
article 0,0000 0,0000
ventures 3,2189 0,0025
lack 0,5447 0,0004
external 0,1863 0,0001
canada 1,6607 0,0013
parser 0,0000 0,0000
perverse 4,6052 0,0036
http 0,0000 0,0000
emc 2,4079 0,0019
exchange 1,1087 0,0009
decimal 0,0101 0,0000
child 0,0202 0,0000
income 2,4079 0,0019
jelastic 2,2073 0,0017
private 0,8210 0,0006
mainentity 0,0000 0,0000
regional 2,6593 0,0021
united 0,4780 0,0004
germany 0,5798 0,0005
duskic 4,6052 0,0036
craigslist 4,6052 0,0036
interface 0,2485 0,0002
wghostname 0,0000 0,0000
prevent 0,7340 0,0012
disclaimers 0,0000 0,0000
wgtitle 0,0000 0,0000
cloudbolt 2,5257 0,0020
engine 0,4780 0,0004
provider 1,2730 0,0020
hacktoberfest 4,6052 0,0036
wgisprobablyeditable 0,0000 0,0000
end 0,3011 0,0002
lardinois 2,4079 0,0019
tutorial 1,5141 0,0012
capitalist 2,8134 0,0022
wgdigittransformtable 0,0000 0,0000
citation 0,0101 0,0000
mobile 0,0000 0,0000
hlist 0,0408 0,0000
label 0,0000 0,0000
tweet 3,9120 0,0031
colorado 3,2189 0,0025
forum 1,3863 0,0011
special 0,0000 0,0000
plainlist 0,4463 0,0004
pdf 0,0000 0,0000
service 0,1393 0,0002
rlconf 0,0000 0,0000
vps 4,6052 0,0036
magazine 0,9943 0,0008
family 1,0217 0,0008
pagetype 1,0788 0,0009
bitness 0,0000 0,0000
rgba 0,0101 0,0000
catalog 2,4079 0,0019
release 0,2744 0,0002
ago 0,7765 0,0006
caption 0,3567 0,0003
american 0,8440 0,0007
nab 4,6052 0,0036
reich 4,6052 0,0036
number 0,0000 0,0000
wgbackendresponsetime 0,0000 0,0000
shorten 0,0000 0,0000
russia 2,6593 0,0021
property 0,6539 0,0005
block 0,0408 0,0001
hate 3,5066 0,0028
ondemand 2,5257 0,0020
per 0,8440 0,0007
partnership 1,9661 0,0016
aria 0,0000 0,0000
boxtext 0,0619 0,0000
byte 0,0408 0,0000
eps 4,6052 0,0036
swiss 2,1203 0,0017
intel 1,6094 0,0013
andreessen 3,2189 0,0025
system 0,0101 0,0000
million 0,9416 0,0007
even 0,0513 0,0000
atmo 2,5257 0,0020
integration 0,4620 0,0004
tagline 0,0000 0,0000
regexp 0,0000 0,0000
other 0,0000 0,0000
subsection 0,1508 0,0001
aim 0,8210 0,0013
wgeditsubmitbuttonlabelpublish 0,0000 0,0000
city 1,4697 0,0012
against 0,6931 0,0005
openshift 2,2073 0,0017
toc 0,0000 0,0000
guy 2,2073 0,0035
air 1,8326 0,0014
digitalocean 2,1203 0,0017
wgpagecontentmodel 0,0000 0,0000
top 0,0000 0,0000
native 0,8916 0,0007
have 0,2744 0,0004
share 0,4620 0,0004
hacktoberf 4,6052 0,0036
deployment 0,7985 0,0006
product 0,4005 0,0006
workload 1,4697 0,0012
frankfurt 3,5066 0,0028
owncloud 2,5257 0,0020
wgnamespacenumber 0,0000 0,0000
hacker 1,3471 0,0011
messenger 3,5066 0,0028
rlq 0,0000 0,0000
cleverism 4,6052 0,0036
industries 3,5066 0,0028
wgwmepagelength 0,0000 0,0000
cite 0,0000 0,0000
entity 0,0101 0,0000
openwhisk 4,6052 0,0036
coo 2,6593 0,0021
expensivefunctioncount 0,0000 0,0000
fuel 2,3026 0,0018
sarah 3,2189 0,0025
screen 0,0101 0,0000
body 0,0000 0,0000
employee 1,6094 0,0013
ciara 4,6052 0,0036
maintainer 2,5257 0,0040
platforms 1,4697 0,0012
mode 0,0000 0,0000
timeusage 0,0000 0,0000
pages 0,0000 0,0000
optimize 1,0217 0,0008
pin 0,0000 0,0000
function 0,0000 0,0000
raise 1,4271 0,0034
hostadvice 4,6052 0,0036
koebl 4,6052 0,0036
net 0,9416 0,0007
stock 1,8326 0,0014
newpp 0,0619 0,0000
verification 0,8440 0,0007
all 0,0408 0,0000
border 0,0000 0,0000
helion 2,5257 0,0020
new 0,0000 0,0000
comparison 0,4005 0,0003
law 1,2379 0,0010
read 0,0000 0,0000
virtualization 1,5606 0,0012
below 0,7550 0,0006
syndicate 4,6052 0,0036
cpu 0,0408 0,0000
infobox 0,6931 0,0005
real 0,0408 0,0000
clientpref 0,0000 0,0000
pcache 0,0619 0,0000
tool 0,0000 0,0000
cloudways 4,6052 0,0036
amd 2,8134 0,0022
arms 3,9120 0,0031
october 0,0000 0,0000
try 0,9676 0,0008
luenendonk 4,6052 0,0036
boulder 4,6052 0,0036
cnbc 2,1203 0,0017
complication 0,0513 0,0000
locate 1,6094 0,0013
wgpagecontentlanguage 0,0000 0,0000
media 0,2485 0,0002
trick 2,6593 0,0021
around 0,6931 0,0005
jquery 0,0000 0,0000
ron 1,8971 0,0015
wgisarticle 0,0000 0,0000
times 1,3093 0,0010
paas 2,1203 0,0017
today 1,0788 0,0009
heroku 2,3026 0,0018
row 0,4943 0,0004
mongodb 2,0402 0,0016
render 0,0513 0,0000
hwee 4,6052 0,0036
timeless 0,0101 0,0000
chief 1,6607 0,0013
betakit 4,6052 0,0036
entrepreneurial 3,2189 0,0025
wgwmeschemaeditattemptstepoversample 0,0000 0,0000
any 0,2107 0,0002
ttl 0,0000 0,0000
encyclopedia 0,0000 0,0000
application 0,0943 0,0001
conduct 0,0000 0,0000
jessica 2,8134 0,0022
wgflaggedrevsparams 0,0000 0,0000
martin 1,0788 0,0009
respond 1,3471 0,0011
incident 2,2073 0,0017
wall 1,7148 0,0014
collapse 0,0408 0,0000
territory 3,5066 0,0028
spurious 3,9120 0,0031
abovebelow 0,0943 0,0001
css 1,8971 0,0015
droplet 4,6052 0,0073
wgrelevantarticleid 0,0000 0,0000
preprocessor 0,0513 0,0000
securities 2,9957 0,0024
pref 0,0000 0,0000
annual 1,0788 0,0009
english 0,0000 0,0000
pakistani 3,9120 0,0031
docn 4,6052 0,0036
api 0,3425 0,0005
csrftoken 0,0000 0,0000
element 0,0000 0,0000
uretskys 4,6052 0,0036
app 0,9943 0,0008
creatio 2,5257 0,0020
cache 0,0305 0,0000
margin 0,0000 0,0000
wgrequestid 0,0000 0,0000
alec 3,9120 0,0031
night 0,0000 0,0000
want 0,8675 0,0007
enwikimwclientpreference 0,0000 0,0000
rlpagemodules 0,0000 0,0000
warehouse 2,2073 0,0017
each 0,1393 0,0001
javascript 0,9416 0,0007
input 0,0000 0,0000
alex 1,3863 0,0011
affiliatiz 4,6052 0,0036
offering 1,6607 0,0026
samea 0,0000 0,0000
paddy 3,9120 0,0031
wgwikibaseitemid 0,0000 0,0000
unpinned 0,0000 0,0000
cut 1,7720 0,0014
wgulsiscompactlinksenable 0,0000 0,0000
toronto 2,4079 0,0019
pagevariantfallback 0,0000 0,0000
availability 1,1394 0,0009
acquire 1,1087 0,0026
two 0,2744 0,0002
promote 1,3093 0,0010
found 1,2379 0,0010
attack 1,1712 0,0009
wgmonthname 0,0000 0,0000
lunacloud 2,5257 0,0020
disabled 0,0000 0,0000
distribute 0,3857 0,0003
lark 2,5257 0,0020
popular 0,6539 0,0005
datepublished 0,0000 0,0000
timestamp 0,0000 0,0000
participate 1,8326 0,0014
services 1,1087 0,0009
team 0,4943 0,0004
openchannel 4,6052 0,0036
call 0,0101 0,0000
wgusername 0,0000 0,0000
kick 3,5066 0,0028
asn 3,2189 0,0025
foundry 2,3026 0,0018
through 0,2107 0,0002
kubernetes 1,9661 0,0016
nimbus 2,5257 0,0020
administration 1,2730 0,0010
run 0,3011 0,0005
source 0,1393 0,0002
align 0,0101 0,0000
microsoft 0,4005 0,0003
mitch 3,9120 0,0031
secure 1,0217 0,0008
view 0,0000 0,0000
late 0,4155 0,0003
white 0,0305 0,0000
continue 0,6931 0,0005
informationweek 2,3026 0,0018
stripe 3,5066 0,0028
donate 0,0000 0,0000
rosales 4,6052 0,0036
last 0,0000 0,0000
bloomberg 1,7148 0,0014
widely 0,7985 0,0006
weight 0,0101 0,0000
bold 0,0408 0,0000
technologies 1,0788 0,0009
warn 2,2073 0,0017
galib 4,6052 0,0036
name 0,0000 0,0000
linode 2,5257 0,0020
cputime 0,0000 0,0000
page 0,0000 0,0000
watchlist 0,0000 0,0000
full 0,0202 0,0000
next 0,5798 0,0005
kokalitcheva 4,6052 0,0036
memory 0,0408 0,0000
color 0,0101 0,0000
zoho 2,5257 0,0020
show 0,0513 0,0000
description 0,0000 0,0000
edition 0,7985 0,0006
not 0,0101 0,0000
street 1,5606 0,0012
statement 0,0000 0,0000
trademark 0,0101 0,0000
early 0,4308 0,0003
enhance 0,8916 0,0007
greek 0,0101 0,0000
news 0,4620 0,0004
overview 0,5447 0,0004
introduce 0,3285 0,0003
center 0,0000 0,0000
start 0,3011 0,0002
datacenter 2,8134 0,0022
manage 0,3567 0,0006
target 0,0101 0,0000
silicon 2,4079 0,0019
what 0,0000 0,0000
detailed 1,6094 0,0013
fund 1,8971 0,0015
infrastructure 0,6733 0,0005
wikimedia 0,0000 0,0000
short 0,0000 0,0000
time 0,0000 0,0000
aws 1,3471 0,0011
rise 1,2379 0,0010
greg 2,0402 0,0016
finance 1,8326 0,0014
gateway 2,0402 0,0016
container 0,0000 0,0000
yard 2,5257 0,0020
developers 0,0000 0,0000
quickly 1,1087 0,0009
usage 0,0000 0,0000
jonathan 1,8326 0,0014
program 0,2614 0,0002
wgmediaviewerenabledbydefault 0,0000 0,0000
nearby 0,0000 0,0000
when 0,0834 0,0001
twitter 1,7720 0,0014
specifically 0,8916 0,0007
enter 1,2040 0,0009
cash 2,2073 0,0017
plan 0,7985 0,0006
hardware 0,5798 0,0005
accelerator 2,1203 0,0017
item 0,0000 0,0000
cloudstack 2,4079 0,0019
wgmediavieweronclick 0,0000 0,0000
russian 1,8971 0,0015
wgulsposition 0,0000 0,0000
iran 2,9957 0,0024
ntpdf 4,6052 0,0036
creative 0,0000 0,0000
carr 3,9120 0,0031
openio 2,5257 0,0020
provide 0,1625 0,0003
wgbreakframe 0,0000 0,0000
sticky 0,0000 0,0000
style 0,0000 0,0000
denial 2,3026 0,0018
participation 2,2073 0,0017
spruill 4,6052 0,0036
searchinput 0,0000 0,0000
log 0,0000 0,0000
enterprise 0,4463 0,0004
wgcheckuserclienthintsheadersjsapi 0,0000 0,0000
commons 0,0000 0,0000
julie 2,6593 0,0021
low 0,0101 0,0000
timingprofile 0,0000 0,0000
web 0,1165 0,0001
financing 3,2189 0,0025
hossen 4,6052 0,0036
theme 0,0000 0,0000
holdings 2,8134 0,0022
nvidia 2,6593 0,0021
architecture 0,0000 0,0000
insider 1,5606 0,0012
wgcategory 0,0000 0,0000
bort 3,9120 0,0031
editor 0,0000 0,0000
postexpandincludesize 0,0000 0,0000
funding 1,6607 0,0013
initial 0,3857 0,0003
more 0,0000 0,0000
unstrip 0,0000 0,0000
display 0,0000 0,0000
centre 2,4079 0,0019
templateargumentsize 0,0000 0,0000
earnings 3,2189 0,0025
criticize 1,5141 0,0012
shirt 4,6052 0,0036
firewall 2,0402 0,0016
january 0,0000 0,0000
permanent 0,0000 0,0000
fellow 2,6593 0,0021
organization 0,0000 0,0000
ovirt 2,3026 0,0018
forbes 1,5141 0,0012
width 0,0000 0,0000
facility 1,0498 0,0008
citrix 2,3026 0,0018
economic 1,6607 0,0013
statistics 0,0000 0,0000
small 0,0305 0,0000
quick 1,3863 0,0011
before 0,0305 0,0000
tell 1,5606 0,0012
replace 0,7340 0,0006
pakistan 3,9120 0,0031
experience 0,7985 0,0006
italic 0,1278 0,0001
cloud 0,6349 0,0005
dan 0,9943 0,0008
threaten 2,5257 0,0020
jordan 1,7148 0,0014
beat 1,9661 0,0016
worldwide 1,4271 0,0011
affair 3,2189 0,0025
day 0,0000 0,0000
group 0,0408 0,0000
visible 0,0101 0,0000
marketplace 2,3026 0,0018
amsterdam 2,6593 0,0021
format 0,0101 0,0000
archive 0,0943 0,0001
greenbutton 2,3026 0,0018
history 0,0000 0,0000
both 0,0305 0,0000
important 0,0101 0,0000
most 0,2107 0,0002
keep 0,6733 0,0005
topic 0,0000 0,0000
job 1,3093 0,0010
launches 2,9957 0,0024
option 0,9416 0,0007
who 0,5621 0,0004
request 0,6733 0,0005
sponsor 2,0402 0,0016
game 0,7765 0,0006
wgrestrictionedit 0,0000 0,0000
globally 1,9661 0,0016
templeton 4,6052 0,0036
part 0,1985 0,0002
contribute 0,0000 0,0000
wgpageparsereport 0,0000 0,0000
general 0,0000 0,0000
database 0,2485 0,0004
september 0,0000 0,0000
billion 1,3471 0,0011
reject 2,1203 0,0017
nextcloud 2,5257 0,0020
wgseparatortransformtable 0,0000 0,0000
padding 0,0000 0,0000
amount 0,9416 0,0007
move 0,0000 0,0000
process 0,1625 0,0001
original 0,0943 0,0001
sap 2,3026 0,0018
alternative 0,6931 0,0005
clear 0,0101 0,0000
also 0,0202 0,0000
ltr 0,0000 0,0000
increase 0,4620 0,0004
inline 0,0408 0,0000
build 0,2357 0,0002
opennebula 2,5257 0,0020
various 0,3857 0,0003
lua 0,0513 0,0000
wireless 1,7720 0,0014
front 1,1394 0,0009
further 0,3711 0,0003
visit 0,0408 0,0000
user 0,0000 0,0000
account 0,0000 0,0000
customer 0,7550 0,0012
mindsphere 2,5257 0,0020
mentor 3,9120 0,0031
workday 2,3026 0,0018
dee 4,6052 0,0036
libscore 4,6052 0,0036
equity 2,5257 0,0020
ban 2,3026 0,0018
offer 0,4155 0,0007
uretsky 4,6052 0,0036
dew 2,5257 0,0020
simone 3,2189 0,0025
abbr 0,0619 0,0000
smbs 4,6052 0,0036
you 0,0000 0,0000
jump 0,0000 0,0000
banergee 4,6052 0,0036
grow 0,8675 0,0014
wavemaker 2,2073 0,0017
bill 1,5606 0,0012
july 0,0000 0,0000
personal 0,0000 0,0000
former 1,3093 0,0010
venture 1,8971 0,0015
warren 2,3026 0,0018
imageobject 0,0000 0,0000
plans 2,8134 0,0022
drive 0,4780 0,0004
hurt 2,9957 0,0024
deal 1,1712 0,0009
be 0,1508 0,0001
subgroup 0,0513 0,0000
scheme 0,0101 0,0000
icon 0,0101 0,0000
expansiondepth 0,0000 0,0000
moisey 4,6052 0,0036
sea 3,5066 0,0028
transparent 0,0619 0,0000
how 0,0834 0,0001
multinational 3,5066 0,0028
capability 0,7765 0,0006
search 0,0000 0,0000
see 0,0408 0,0001
journal 0,4780 0,0004
spacing 0,0619 0,0000
wgrelevantpagename 0,0000 0,0000
term 0,0000 0,0000
acquisition 1,2040 0,0009
itpro 3,9120 0,0031
marketwatch 3,9120 0,0031
contain 0,0101 0,0000
set 0,2107 0,0005
business 0,3425 0,0003
mini 0,0619 0,0000
founder 1,4697 0,0012
column 0,0101 0,0000
serverless 1,9661 0,0016
involve 0,6539 0,0005
right 0,0101 0,0000
march 0,0000 0,0000
battle 2,4079 0,0019
june 0,0000 0,0000
wikitext 0,0000 0,0000
meet 0,9163 0,0007
partner 1,7720 0,0014
series 0,5798 0,0005
infoq 2,0402 0,0016
wgaction 0,0000 0,0000
under 0,0101 0,0000
analytic 1,4271 0,0011
freely 1,8326 0,0014
interview 1,5606 0,0012
font 0,0000 0,0000
london 1,3863 0,0011
galang 4,6052 0,0036
ben 1,3093 0,0010
language 0,0000 0,0000
navbox 0,0943 0,0001
autocapitalize 0,0000 0,0000
hold 0,7985 0,0006
listitem 0,0408 0,0000
div 0,0000 0,0000
startup 1,2040 0,0019
contact 0,0000 0,0000
bracket 0,0619 0,0000
wgpagename 0,0000 0,0000
justin 2,3026 0,0018
talk 0,0000 0,0000
joel 2,8134 0,0022
image 0,0202 0,0000
journey 2,4079 0,0019
lowendtalk 4,6052 0,0036
count 0,0513 0,0000
hatnote 0,2107 0,0002
dillet 3,5066 0,0028
publicly 1,6094 0,0013
sendgrid 3,9120 0,0031
zinnia 4,6052 0,0036
pinnable 0,0000 0,0000
take 0,2877 0,0005
celebration 3,2189 0,0025
appwrite 4,6052 0,0036
month 0,7133 0,0006
wgrevisionid 0,0000 0,0000
debt 2,9957 0,0024
little 1,0788 0,0009
cursor 0,0619 0,0000
some 0,1744 0,0001
deep 1,3863 0,0011
loan 3,9120 0,0031
virtual 0,4620 0,0004
additional 0,0000 0,0000
origin 0,0000 0,0000
schaechter 4,6052 0,0036
srinivasan 3,5066 0,0028
expectation 2,4079 0,0019
india 1,4271 0,0011
title 0,0000 0,0000
walltime 0,0000 0,0000
interlanguage 0,0000 0,0000
patroltoken 0,0000 0,0000
content 0,0000 0,0000
states 0,4943 0,0004
random 0,0000 0,0000
desktop 1,0788 0,0009
load 0,0202 0,0000
terminology 1,7148 0,0014
alpha 0,0101 0,0000
client 0,0000 0,0000
company 0,4308 0,0007
divide 1,4271 0,0011
class 0,0000 0,0000
just 0,4943 0,0004
gehomepagesuggestededitsenabletopic 0,0000 0,0000
digital 0,6162 0,0005
over 0,3285 0,0003
six 1,4271 0,0011
darling 3,2189 0,0025
asia 2,4079 0,0019
custom 0,0000 0,0000
false 0,0000 0,0000
counter 0,0408 0,0000
orionvm 2,5257 0,0020
parse 0,0619 0,0001
michael 0,7133 0,0006
print 0,0000 0,0000
form 0,3011 0,0002
inherit 0,0101 0,0000
developer 0,1744 0,0003
avoid 0,0101 0,0000
he 0,6733 0,0005
big 0,7550 0,0012
douglasville 4,6052 0,0036
canadian 2,2073 0,0017
attempt 0,8440 0,0013
output 0,0000 0,0000
dmy 0,0000 0,0000
navigation 0,0000 0,0000
action 0,0000 0,0000
lock 0,0101 0,0000
model 0,0000 0,0000
join 1,1087 0,0009
text 0,0000 0,0000
portal 0,0000 0,0000
reduce 0,0101 0,0000
sentence 0,0000 0,0000
bangalore 3,9120 0,0031
deft 2,5257 0,0020
ppvisitednode 0,0000 0,0000
cookie 0,0000 0,0000
issue 0,3425 0,0003
kern 0,0101 0,0000
large 0,2485 0,0002
dns 2,0402 0,0016
loading 0,0000 0,0000
announce 0,6733 0,0005
odd 0,0943 0,0001
operate 0,3567 0,0003
scienceblogs 4,6052 0,0036
contents 0,0000 0,0000
remotely 2,4079 0,0019
wgvisualeditor 0,0000 0,0000
become 0,2877 0,0002
status 0,0000 0,0000
template 0,0000 0,0000
trading 2,1203 0,0017
server 0,4005 0,0006
enwiki 0,0619 0,0000
skin 0,0000 0,0000
subscription 0,0101 0,0000
products 1,4271 0,0011
file 0,0000 0,0000
library 0,3857 0,0003
navbar 0,0202 0,0000
austin 2,1203 0,0017
subbox 0,6931 0,0005
member 0,9163 0,0007
december 0,0000 0,0000
bundle 1,6094 0,0013
wgnoticeproject 0,0000 0,0000
table 0,0000 0,0000
whoapi 4,6052 0,0036
appscale 2,5257 0,0020
may 0,0000 0,0000
break 0,0101 0,0000
max 0,0513 0,0000
change 0,0000 0,0000
katie 2,5257 0,0020
trigger 0,0513 0,0000
menu 0,0000 0,0000
sergio 3,2189 0,0025
lantern 3,9120 0,0031
printable 0,0000 0,0000
nyse 3,9120 0,0031
off 0,8916 0,0007
url 0,0000 0,0000
marko 3,9120 0,0031
singapore 2,5257 0,0020
hide 0,0000 0,0000
corporate 1,4697 0,0012
machine 0,2744 0,0004
gpus 2,8134 0,0022
report 0,0202 0,0000
onedrive 2,4079 0,0019
return 0,0000 0,0000
auto 0,0726 0,0001
instance 0,7765 0,0006
use 0,0000 0,0000
sign 1,2379 0,0010
main 0,0000 0,0000
office 1,0498 0,0008
serve 1,0217 0,0008
wgcanonicalspecialpagename 0,0000 0,0000
while 0,2614 0,0002
second 0,0408 0,0000
download 0,0000 0,0000
high 0,0101 0,0000
revenue 1,8971 0,0015
split 0,0000 0,0000
solution 0,5621 0,0004
host 0,6539 0,0015
limit 0,0000 0,0000
claim 0,9676 0,0008
logo 0,0000 0,0000
venturebeat 2,1203 0,0017
credit 1,6094 0,0013
different 0,0513 0,0000
combine 0,7340 0,0006
citizen 2,0402 0,0016
fujitsu 2,5257 0,0020
gigaom 2,8134 0,0022
romain 3,5066 0,0028
level 0,0000 0,0000
utc 0,0000 0,0000
author 0,0000 0,0000
establishment 2,3026 0,0018
canonical 0,0408 0,0000
establish 0,8916 0,0007
expansion 0,0619 0,0000
amazon 1,0498 0,0008
license 0,0000 0,0000
expand 0,0101 0,0000
headquarters 2,4079 0,0019
wgcurrevisionid 0,0000 0,0000
null 0,0000 0,0000
background 0,0101 0,0000
true 0,0000 0,0000
wgmfdisplaywikibasedescription 0,0000 0,0000
header 0,0000 0,0000
retrieve 0,0000 0,0000
valley 2,8134 0,0022
watchtoken 0,0000 0,0000
since 0,3425 0,0003
datum 0,0408 0,0000
code 0,0000 0,0000
cocaine 2,5257 0,0020
wgdefaultdateformat 0,0000 0,0000
box 0,0408 0,0000
sean 1,9661 0,0016
storage 0,3711 0,0003
demo 3,5066 0,0028
switch 0,9163 0,0007
libvirt 2,4079 0,0019
foreach 0,0000 0,0000
total 0,0000 0,0000
repeat 0,0101 0,0000
backend 1,7720 0,0014
mirantis 2,4079 0,0019
make 0,1165 0,0001
met 3,9120 0,0031
beta 1,3863 0,0011
hear 2,1203 0,0017
wggestructuredtaskrejectionreasontextinputenable 0,0000 0,0000
inktank 2,4079 0,0019
structure 0,4155 0,0003
attribution 0,0000 0,0000
writer 2,0402 0,0016
backs 3,9120 0,0031
hetzner 4,6052 0,0036
ssd 2,4079 0,0019
vary 0,0619 0,0000
upper 0,0101 0,0000
episode 3,2189 0,0025
firm 1,3863 0,0011
contribution 0,0000 0,0000
devops 1,5141 0,0012
expiry 0,0619 0,0000
minerva 0,0101 0,0000
brand 0,0000 0,0000
recent 0,0000 0,0000
recursion 0,0513 0,0000
they 0,0619 0,0001
height 0,0101 0,0000
proton 2,4079 0,0019
alibaba 1,8326 0,0014
github 0,7340 0,0006
august 0,0000 0,0000
edit 0,0000 0,0000
module 0,0000 0,0000
wikibase 0,0619 0,0000
savvy 4,6052 0,0036
accept 1,1087 0,0009
datemodify 0,0619 0,0000
node 0,0305 0,0000
skymmer 4,6052 0,0036
miller 1,7720 0,0014
linnane 4,6052 0,0036
sorenson 4,6052 0,0036
twilio 3,9120 0,0031
atlanta 3,5066 0,0028
flexential 4,6052 0,0036
notheme 0,3711 0,0003
access 0,2877 0,0002
seed 2,2073 0,0017
industry 0,7550 0,0006
wilhelm 2,8134 0,0022
long 0,4005 0,0003
into 0,1985 0,0002
selflink 0,0101 0,0000
current 0,0000 0,0000
gooding 4,6052 0,0036
nimbula 2,5257 0,0020
defunct 1,9661 0,0016
min 0,1165 0,0001
headquarter 2,9957 0,0024
vector 0,0000 0,0000
free 0,0000 0,0000
key 0,0305 0,0000
cachereport 0,0000 0,0000
manager 0,8440 0,0007
svg 1,0788 0,0009
mann 2,8134 0,0022
one 0,0943 0,0001
maker 1,8971 0,0015
launch 0,9943 0,0031
reviewer 2,6593 0,0021
entityaccesscount 0,0000 0,0000
pull 1,5606 0,0012
ibm 0,5621 0,0004
appoint 3,5066 0,0028
closed 1,7720 0,0014
splunk 2,4079 0,0019
censorship 2,6593 0,0021
open 0,1625 0,0005
abiquo 2,5257 0,0020
country 1,3863 0,0011
workspace 2,2073 0,0017
paperspace 4,6052 0,0036
predix 2,5257 0,0020
wordpress 2,4079 0,0019
instinct 3,9120 0,0031
tbody 0,6931 0,0005
available 0,0000 0,0000
rapid 1,3093 0,0010
project 0,0000 0,0000
arena 2,0402 0,0016
enhancement 0,0101 0,0000
inside 0,0101 0,0000
chernova 4,6052 0,0036
apache 1,0788 0,0009
libguestf 2,5257 0,0020
loom 2,8134 0,0022
techcrunch 1,3093 0,0010
yahoo 2,5257 0,0020
tavern 4,6052 0,0036
variant 0,0619 0,0000
five 0,9943 0,0008
ruin 3,5066 0,0028
oracle 0,8916 0,0007
monospace 2,0402 0,0016
zadara 2,5257 0,0020
this 0,1278 0,0001
memusage 0,0000 0,0000
opt 2,3026 0,0018
dropbox 2,3026 0,0018
ocean 2,8134 0,0022
vanian 4,6052 0,0036
region 2,0402 0,0016
support 0,1393 0,0002
internet 0,5447 0,0004
allow 0,1863 0,0004
appliance 1,7148 0,0014
kia 4,6052 0,0036
wainer 4,6052 0,0036
wgpopupsflag 0,0000 0,0000
serverstack 4,6052 0,0036
privacy 0,0000 0,0000
update 0,4463 0,0011
learning 0,8916 0,0007
we 1,3093 0,0010
linux 0,8916 0,0007
monospaced 2,0402 0,0016
placeholder 0,0000 0,0000
normal 0,0202 0,0000
apply 0,0000 0,0000
recently 1,5141 0,0012
vercel 2,4079 0,0019
technology 0,1863 0,0001
greenqloud 2,5257 0,0020
rightscale 2,5257 0,0020
money 1,6094 0,0013
wgarticleid 0,0000 0,0000
jason 1,7148 0,0014
pagelanguagedir 0,0000 0,0000
wgcitereferencepreviewsactive 0,0000 0,0000
footnotes 3,9120 0,0031
mark 0,6733 0,0005
base 0,0305 0,0000
profitability 3,2189 0,0025
software 0,0000 0,0000
seafile 2,5257 0,0020
jeff 1,6607 0,0013
kkk 4,6052 0,0036
during 0,5447 0,0004
none 0,0101 0,0000
repository 0,5276 0,0004
type 0,0000 0,0000
april 0,0000 0,0000
consist 0,6539 0,0005
reliable 0,7765 0,0006
incentive 2,0402 0,0016
problem 0,3285 0,0003
relate 0,0000 0,0000
enable 0,0000 0,0000
price 1,2730 0,0020
review 0,6162 0,0005
sidebar 0,0000 0,0000
limitreport 0,0000 0,0000
decoration 0,0619 0,0000
roskomnadzor 4,6052 0,0036
reflist 0,0101 0,0000
azure 1,2730 0,0010
phase 1,2379 0,0010
var 0,0000 0,0000
work 0,2231 0,0002
matt 1,7720 0,0014
come 0,4155 0,0003
agree 0,0101 0,0000
cloudflare 2,9957 0,0024
push 0,0000 0,0000
wgulsislanguageselectorempty 0,0000 0,0000
fail 0,9676 0,0008
toward 1,5606 0,0012
among 0,5276 0,0004
frederic 2,3026 0,0018
openstack 2,1203 0,0017
registration 0,0101 0,0000
favorite 2,9957 0,0024
word 0,0101 0,0000
love 2,5257 0,0020
pythonanywhere 2,3026 0,0018
range 0,8675 0,0007
foundation 0,0000 0,0000
distribution 0,8916 0,0007
out 0,0000 0,0000
transcript 2,6593 0,0021
feature 0,0000 0,0000
get 0,0000 0,0000
openqrm 2,5257 0,0020
dark 0,0101 0,0000
power 0,6733 0,0005
event 0,0000 0,0000
europe 1,7720 0,0014
ovh 4,6052 0,0036
include 0,0000 0,0000
thom 3,5066 0,0028
droplets 4,6052 0,0036
toggle 0,0000 0,0000
lead 0,2231 0,0002
expect 0,8440 0,0007
help 0,0000 0,0000
site 0,0000 0,0000
appearance 0,0000 0,0000
depth 0,0000 0,0000
massive 1,8326 0,0014
classname 0,0000 0,0000
vdc 2,5257 0,0020
sourceforge 2,9957 0,0024
wggetopicsmatchmodeenable 0,0000 0,0000
asset 2,0402 0,0016
spam 2,0402 0,0016
yuliya 4,6052 0,0036
first 0,0408 0,0000
sharealike 0,0000 0,0000
date 0,3011 0,0002
argument 0,0513 0,0001
nowrap 0,0408 0,0000
data 0,0000 0,0000
prefer 0,0101 0,0000
eucalyptus 2,4079 0,0019
roman 0,0101 0,0000
tobias 2,5257 0,0020
wgpageviewlanguage 0,0000 0,0000
wgrelevantpageisprobablyeditable 0,0000 0,0000
blog 0,6349 0,0005
float 0,0101 0,0000
dozen 2,4079 0,0019
transclusion 0,0619 0,0000
space 0,0408 0,0000
reference 0,0101 0,0000
salesforce 2,5257 0,0020
steinfort 4,6052 0,0036
accesskey 0,0000 0,0000
portfolio 2,6593 0,0021
create 0,0000 0,0000
unintentional 2,9957 0,0024
tag 0,0000 0,0000
dealstreetasia 4,6052 0,0036
joyent 2,4079 0,0019
wakame 2,5257 0,0020
development 0,1278 0,0001
laravel 3,2189 0,0025
enernoc 4,6052 0,0036
vet 3,5066 0,0028
bottom 0,0000 0,0000
revision 0,0000 0,0000
fortress 2,9957 0,0024
person 0,6162 0,0005
safe 0,8675 0,0007
publisher 0,0000 0,0000
platespin 2,5257 0,0020
potentially 0,7765 0,0006
here 0,0000 0,0000
note 0,4155 0,0003
everybody 2,9957 0,0024
img 0,0408 0,0000
sail 3,9120 0,0031
line 0,0101 0,0000
link 0,0000 0,0000
scale 0,4943 0,0004
rlstate 0,0000 0,0000
error 0,0101 0,0000
circumvention 3,5066 0,0028
platform 0,0000 0,0000
network 0,3285 0,0005
christina 3,5066 0,0028
can 0,0408 0,0000
computing 0,4155 0,0003
security 0,3285 0,0003
cap 0,0619 0,0000
contributor 0,0000 0,0000
public 0,4155 0,0003
scalr 2,5257 0,0020
wgcanonicalnamespace 0,0000 0,0000
formatnum 3,2189 0,0025
ready 0,0000 0,0000
hypervisor 2,5257 0,0020
spend 1,3863 0,0022
track 0,9676 0,0008
value 0,0000 0,0000
inc 1,3093 0,0010
fortune 2,3026 0,0018
wgisredirect 0,0000 0,0000
cbc 3,5066 0,0028
will 0,2485 0,0002
february 0,0000 0,0000
goran 3,9120 0,0031
match 0,5276 0,0004
akamai 2,8134 0,0022
telegram 4,6052 0,0036
tricks 3,2189 0,0025
follow 0,2744 0,0002
controversy 1,7720 0,0014
command 0,7133 0,0006
expensive 0,0408 0,0000
balancing 2,4079 0,0019
netlify 2,5257 0,0020
trade 1,3863 0,0022
round 1,3093 0,0010
hartman 3,5066 0,0028
maint 0,0101 0,0000
response 0,7340 0,0006
responsive 0,0202 0,0000
york 0,8440 0,0007
variable 0,9676 0,0008
growth 1,2040 0,0009
category 0,0000 0,0000
platformversion 0,0000 0,0000
wikidata 0,0000 0,0000
