carplay 3,5066 0,0011
upload 0,0000 0,0000
owners 1,8326 0,0006
wgrestrictionmove 0,0000 0,0000
airprint 4,6052 0,0015
halo 4,6052 0,0015
fragoso 4,6052 0,0015
would 0,3425 0,0001
ten 1,9661 0,0006
daring 3,9120 0,0013
successfully 1,5141 0,0005
billionth 4,6052 0,0015
solid 0,0202 0,0000
antonio 2,9957 0,0010
carriers 3,9120 0,0013
require 0,0000 0,0000
click 1,9661 0,0006
globalstats 4,6052 0,0015
scribunto 0,0000 0,0000
cdo 3,9120 0,0013
cooperative 1,8971 0,0006
depictions 3,9120 0,0013
size 0,0000 0,0000
left 0,0101 0,0000
cdx 0,0000 0,0000
avie 3,9120 0,0013
magnifier 3,9120 0,0013
object 0,4308 0,0001
walkie 3,9120 0,0013
accessible 1,1712 0,0004
suffice 4,6052 0,0015
notable 1,1394 0,0004
slowing 3,2189 0,0010
turn 1,3471 0,0004
ceo 1,6094 0,0005
example 0,2744 0,0001
result 0,4620 0,0001
gehomepagesuggestededitsenabletopics 0,0000 0,0000
same 0,2357 0,0001
after 0,0305 0,0000
solaris 1,7148 0,0006
connect 1,4271 0,0005
policy 0,0000 0,0000
contractual 3,2189 0,0010
accessories 3,5066 0,0011
cfo 2,5257 0,0008
pagelanguagecode 0,0000 0,0000
cfr 3,9120 0,0013
hewitt 4,6052 0,0015
imac 3,9120 0,0013
norway 2,5257 0,0008
fifth 2,0402 0,0007
information 0,0000 0,0000
subsidiaries 2,6593 0,0009
ternus 3,9120 0,0013
november 0,0000 0,0000
powered 1,5141 0,0005
empty 0,0305 0,0000
analytics 1,1712 0,0004
hacks 2,4079 0,0008
beddit 3,9120 0,0013
besides 2,5257 0,0008
tim 1,0498 0,0003
're 2,0402 0,0007
export 0,0000 0,0000
others 0,4463 0,0001
making 0,5108 0,0002
chi 2,6593 0,0009
owen 2,9957 0,0010
check 1,3863 0,0004
discontinuation 4,6052 0,0015
mainentity 0,0000 0,0000
provided 0,7765 0,0003
proactive 3,2189 0,0010
disclaimers 0,0000 0,0000
expanded 0,2231 0,0001
motive 3,9120 0,0013
provider 1,7148 0,0006
provides 0,3711 0,0001
root 0,4943 0,0002
routers 2,3026 0,0007
multiplayer 3,5066 0,0011
ticker 2,8134 0,0009
citation 0,0101 0,0000
approval 2,1203 0,0007
multiple 0,2485 0,0001
lemp 4,6052 0,0015
uploads 3,9120 0,0013
plainlist 0,4463 0,0001
tinker 3,2189 0,0010
koetsier 3,9120 0,0013
translation 1,8326 0,0006
well 0,3011 0,0001
handling 1,0217 0,0003
bitness 0,0000 0,0000
rgba 0,0101 0,0000
catalog 2,5257 0,0008
imovie 3,9120 0,0013
pill 3,9120 0,0013
schmidt 1,9661 0,0006
swiping 3,9120 0,0013
gained 1,4697 0,0005
ppvisitednodes 0,0000 0,0000
block 0,0408 0,0000
foresman 3,9120 0,0013
hate 3,5066 0,0011
flow 0,3857 0,0001
order 0,4620 0,0001
cli 1,5141 0,0005
opensolaris 2,6593 0,0009
boxtext 0,0619 0,0000
considering 1,8971 0,0006
gore 3,5066 0,0011
macintosh 2,2073 0,0007
indonesia 0,3567 0,0001
intel 1,6094 0,0005
minix 2,8134 0,0009
presses 3,9120 0,0013
binary 1,0498 0,0003
wgpopupsflags 0,0000 0,0000
managers 1,6094 0,0005
compressor 3,5066 0,0011
subsection 0,1508 0,0000
sunda 2,5257 0,0008
illumos 3,2189 0,0010
save 1,9661 0,0006
toc 0,0000 0,0000
protection 0,4620 0,0001
respectively 1,3863 0,0004
widgets 2,8134 0,0009
wgpagecontentmodel 0,0000 0,0000
mickey 3,9120 0,0013
top 0,0000 0,0000
acquiring 2,5257 0,0008
technica 1,3093 0,0004
hobbyist 2,4079 0,0008
cnn 2,1203 0,0007
gaming 1,8971 0,0006
product 0,6539 0,0002
additions 2,6593 0,0009
serenityos 3,5066 0,0011
itunes 3,9120 0,0013
disable 2,6593 0,0009
rose 2,8134 0,0009
thousand 2,9957 0,0010
capitan 3,9120 0,0013
com 0,8210 0,0003
rolodex 4,6052 0,0015
capital 1,8326 0,0006
coo 2,6593 0,0009
pitted 4,6052 0,0015
lets 1,7720 0,0006
anchorencode 2,8134 0,0009
upon 0,8916 0,0003
platforms 0,6931 0,0002
scrolls 4,6052 0,0015
timeusage 0,0000 0,0000
airtag 3,9120 0,0013
academic 1,3471 0,0004
defective 3,5066 0,0011
function 0,0000 0,0000
tower 3,2189 0,0010
comparison 0,4155 0,0001
including 0,1985 0,0001
law 1,2379 0,0004
cpu 0,0408 0,0000
infobox 0,6931 0,0002
eran 3,5066 0,0011
improve 0,3857 0,0001
braeburn 3,9120 0,0013
reinvent 3,5066 0,0011
woolard 3,9120 0,0013
footer 2,9957 0,0010
university 0,5621 0,0002
scenery 4,6052 0,0015
times 0,5447 0,0002
similarly 1,4697 0,0005
ateneo 4,6052 0,0015
timeless 0,0101 0,0000
direction 1,5606 0,0005
guevin 4,6052 0,0015
luasandboxcallback 1,4271 0,0005
wgwmeschemaeditattemptstepoversample 0,0000 0,0000
spore 4,6052 0,0015
opening 2,0402 0,0007
ttl 0,0000 0,0000
leander 4,6052 0,0015
stable 0,7133 0,0002
tty 3,9120 0,0013
directing 3,2189 0,0010
respond 2,0402 0,0007
gotten 4,6052 0,0015
led 0,5978 0,0002
supply 1,7148 0,0006
concern 1,4697 0,0005
defines 0,9676 0,0003
filemaker 3,9120 0,0013
mountain 2,9957 0,0010
worked 1,6607 0,0005
stats 2,4079 0,0008
hackers 2,0402 0,0007
pref 0,0000 0,0000
let 1,3863 0,0004
n't 0,7765 0,0003
state 0,4620 0,0001
csrftoken 0,0000 0,0000
dock 3,9120 0,0013
press 0,5798 0,0002
sliders 3,9120 0,0013
defined 0,4780 0,0002
lex 3,9120 0,0013
element 0,0000 0,0000
night 0,0000 0,0000
pack 2,5257 0,0008
each 0,1393 0,0000
cue 3,5066 0,0011
rendered 2,4079 0,0008
offering 1,1087 0,0004
creating 0,6539 0,0002
asahi 3,2189 0,0010
items 0,5108 0,0002
datawrapper 1,6094 0,0005
cut 1,8326 0,0006
entertainment 2,2073 0,0007
document 0,6539 0,0002
vkernel 2,3026 0,0007
availability 1,1394 0,0004
screenshot 2,6593 0,0009
battery 2,5257 0,0008
networks 0,8210 0,0003
fixes 1,7720 0,0006
two 0,2744 0,0001
does 0,2744 0,0001
reported 1,3471 0,0004
distribute 2,4079 0,0008
creation 0,8210 0,0003
situation 1,8326 0,0006
applecare 3,9120 0,0013
modifying 2,0402 0,0007
clause 2,2073 0,0007
think 1,5141 0,0005
portalleft 1,3093 0,0004
participate 2,9957 0,0010
languages 0,0000 0,0000
dell'hi 4,6052 0,0015
services 0,3425 0,0001
marketing 1,2730 0,0004
preinstalled 3,5066 0,0011
wgusername 0,0000 0,0000
speech 2,0402 0,0007
watch 1,7148 0,0006
eadicicco 3,9120 0,0013
quit 4,6052 0,0015
polish 3,9120 0,0013
swipes 4,6052 0,0015
clips 2,9957 0,0010
drexler 3,5066 0,0011
source 0,2107 0,0001
acquires 2,3026 0,0007
telecommunication 2,8134 0,0009
starts 1,7720 0,0006
acquired 1,4271 0,0005
tech 1,2040 0,0004
reflection 2,4079 0,0008
campus 2,4079 0,0008
widely 0,7985 0,0003
eric 1,1394 0,0004
garun 3,9120 0,0013
surprising 2,8134 0,0009
technologies 0,5978 0,0002
procare 3,9120 0,0013
fixed 0,9676 0,0003
page 0,0000 0,0000
erin 3,9120 0,0013
full 0,0202 0,0000
jiggle 4,6052 0,0015
away 1,4271 0,0005
cards 1,7720 0,0006
memory 0,0408 0,0000
johny 3,9120 0,0013
motivation 2,8134 0,0009
millennium 3,2189 0,0010
brookes 4,6052 0,0015
replying 4,6052 0,0015
sameas 0,0000 0,0000
corynne 4,6052 0,0015
center 0,0000 0,0000
libraries 0,6733 0,0002
purchase 1,7720 0,0006
start 0,7985 0,0003
manage 0,8675 0,0003
bypass 2,6593 0,0009
silicon 2,4079 0,0008
disney 3,9120 0,0013
paid 1,8326 0,0006
short 0,0000 0,0000
reducing 1,4697 0,0005
studio 1,3471 0,0004
measured 1,8326 0,0006
huffington 3,5066 0,0011
palm 2,9957 0,0010
interactive 0,4463 0,0001
consistency 1,6094 0,0005
three 0,3711 0,0001
required 0,5108 0,0002
unencrypted 2,6593 0,0009
forums 2,5257 0,0008
golden 4,6052 0,0015
season 3,2189 0,0010
specifically 0,8916 0,0003
hardware 0,5798 0,0002
players 2,3026 0,0007
dates 0,5798 0,0002
priority 1,7720 0,0006
creative 0,0000 0,0000
nederlands 0,1985 0,0001
bootstrapping 3,5066 0,0011
sumra 4,6052 0,0015
wayback 0,7985 0,0003
primary 0,7765 0,0003
requires 0,5798 0,0002
angela 3,2189 0,0010
log 0,0000 0,0000
enterprise 0,4463 0,0001
euskara 0,5108 0,0002
planned 1,7720 0,0006
presentations 2,9957 0,0010
los 2,5257 0,0008
computer 0,2231 0,0001
low 0,7133 0,0002
ifund 3,9120 0,0013
jackie 3,5066 0,0011
braille 3,5066 0,0011
means 0,5621 0,0002
wallet 2,5257 0,0008
initial 0,3857 0,0001
unstrip 0,0000 0,0000
wwdc 3,5066 0,0011
templateargumentsize 0,0000 0,0000
walled 3,9120 0,0013
ubports 3,9120 0,0013
asturianu 1,2730 0,0004
clip 3,2189 0,0010
ubm 3,2189 0,0010
quick 1,6094 0,0005
alliance 1,8971 0,0006
speedy 0,7133 0,0002
doom 3,2189 0,0010
tell 1,9661 0,0006
experience 0,8675 0,0003
italic 0,1278 0,0000
launched 1,3863 0,0004
dan 0,9943 0,0003
shows 1,5141 0,0005
denote 2,9957 0,0010
controversies 2,6593 0,0009
jordan 1,7148 0,0006
inappropriate 2,2073 0,0007
checked 1,6094 0,0005
day 0,0000 0,0000
unpacking 3,5066 0,0011
fixing 2,3026 0,0007
intrinsity 3,9120 0,0013
created 0,4155 0,0001
island 2,6593 0,0009
minutes 1,9661 0,0006
socks 4,6052 0,0015
clover 3,9120 0,0013
format 0,0101 0,0000
particular 0,5978 0,0002
done 0,7765 0,0003
serlet 3,9120 0,0013
launches 1,5606 0,0005
condemns 4,6052 0,0015
manjaro 3,5066 0,0011
critical 0,8916 0,0003
mike 1,2040 0,0004
part 0,2231 0,0001
wgpageparsereport 0,0000 0,0000
anson 4,6052 0,0015
tvos 3,5066 0,0011
breezes 4,6052 0,0015
signaled 3,9120 0,0013
ipads 3,5066 0,0011
browser 1,0217 0,0003
dated 1,1087 0,0004
lte 3,9120 0,0013
editors 0,0000 0,0000
introduction 0,5798 0,0002
park 2,3026 0,0007
shazam 3,5066 0,0011
built 0,5108 0,0002
dopo 4,6052 0,0015
subscribe 2,4079 0,0008
ghosting 4,6052 0,0015
kernelcache 4,6052 0,0015
zoom 3,9120 0,0013
ltr 0,0000 0,0000
threadx 3,2189 0,0010
fleishman 4,6052 0,0015
ears 4,6052 0,0015
third 0,5621 0,0002
build 0,4943 0,0002
interaction 1,1087 0,0004
lua 0,0513 0,0000
cheng 2,3026 0,0007
wireless 1,7720 0,0006
further 0,3567 0,0001
areas 1,2379 0,0004
exemption 3,9120 0,0013
portalborder 1,3093 0,0004
path 1,1712 0,0004
depending 1,1087 0,0004
dev 1,7720 0,0006
record 1,1394 0,0004
announcement 2,0402 0,0007
sequoia 3,5066 0,0011
pass 1,7720 0,0006
past 1,8326 0,0006
profile 1,1394 0,0004
altri 4,6052 0,0015
bill 1,5606 0,0005
steamos 3,2189 0,0010
senior 2,0402 0,0007
domain 0,6931 0,0002
pase 3,5066 0,0011
statcounter 2,8134 0,0009
relative 1,7148 0,0006
compare 2,6593 0,0009
subgroup 0,0513 0,0000
kornowski 4,6052 0,0015
choosing 2,2073 0,0007
transparent 0,0619 0,0000
adoption 0,8675 0,0003
citations 1,1087 0,0004
journal 0,4780 0,0002
distinctive 3,2189 0,0010
dove 3,5066 0,0011
unlike 1,2040 0,0004
deadline 3,9120 0,0013
uiq 3,9120 0,0013
brad 2,3026 0,0007
business 0,3567 0,0001
mini 0,0619 0,0000
advent 2,4079 0,0008
possible 0,5276 0,0002
right 0,0101 0,0000
wikitext 0,0000 0,0000
borrow 3,9120 0,0013
maximum 1,9661 0,0006
inch 3,2189 0,0010
kextstat 4,6052 0,0015
paul 0,7765 0,0003
phrases 2,4079 0,0008
under 0,0101 0,0000
did 0,8210 0,0003
spotlight 2,9957 0,0010
quarter 3,2189 0,0010
ryan 1,6094 0,0005
added 0,4308 0,0001
emergency 2,5257 0,0008
retrieved 0,0000 0,0000
down 0,8440 0,0003
launching 2,6593 0,0009
paidcontent 4,6052 0,0015
recommendations 1,7720 0,0006
div 0,0000 0,0000
nukernel 3,9120 0,0013
brings 1,8326 0,0006
later 0,3857 0,0001
adding 0,6733 0,0002
legal 1,1712 0,0004
radius 2,9957 0,0010
signal 1,5606 0,0005
maemo 3,9120 0,0013
info 2,4079 0,0008
angeles 2,5257 0,0008
hancock 3,9120 0,0013
test 0,6349 0,0002
finally 1,4271 0,0005
agreements 2,8134 0,0009
kernelcaches 4,6052 0,0015
upwards 4,6052 0,0015
month 1,6094 0,0005
dewitt 3,9120 0,0013
final 1,0788 0,0003
freezer 4,6052 0,0015
varies 2,0402 0,0007
wgrevisionid 0,0000 0,0000
squeeze 4,6052 0,0015
virtual 0,4620 0,0001
rather 0,5978 0,0002
back 0,6539 0,0002
worthy 3,9120 0,0013
mach 2,8134 0,0009
training 1,4697 0,0005
title 0,0000 0,0000
jailbreaking 3,5066 0,0011
states 0,4463 0,0001
bada 3,9120 0,0013
company 0,5621 0,0002
thomas 0,8675 0,0003
originals 3,9120 0,0013
human 0,9416 0,0003
rogucki 4,6052 0,0015
kaios 3,5066 0,0011
custom 0,0000 0,0000
kiswahili 1,2730 0,0004
skeuomorphic 3,9120 0,0013
jesse 3,2189 0,0010
schedule 1,6607 0,0005
blackberry 2,9957 0,0010
assistive 3,5066 0,0011
inherit 0,0101 0,0000
articles 0,0000 0,0000
showing 1,7720 0,0006
upcoming 2,2073 0,0007
miui 3,5066 0,0011
wagner 2,8134 0,0009
dmy 0,0000 0,0000
navigation 0,0000 0,0000
kaleida 3,5066 0,0011
chloe 3,9120 0,0013
lock 0,0101 0,0000
mimic 3,5066 0,0011
latin 2,6593 0,0009
text 0,0000 0,0000
usually 0,4780 0,0002
whereas 1,4271 0,0005
isabel 3,5066 0,0011
feat 3,9120 0,0013
flyover 3,9120 0,0013
cookie 0,0000 0,0000
gamecenter 4,6052 0,0015
researchers 1,3093 0,0004
made 0,3857 0,0001
signed 1,7720 0,0006
being 0,3147 0,0001
brew 3,9120 0,0013
contents 0,0000 0,0000
messages 0,8916 0,0003
opens 1,9661 0,0006
status 0,0000 0,0000
server 0,4463 0,0001
authentec 3,9120 0,0013
portugal 2,9957 0,0010
skin 0,0000 0,0000
dos 1,7720 0,0006
ellis 3,2189 0,0010
mac 1,3471 0,0004
mae 3,9120 0,0013
zircon 3,9120 0,0013
known 0,3147 0,0001
legally 2,6593 0,0009
systemmemoryreset 4,6052 0,0015
may 0,0000 0,0000
advocates 2,3026 0,0007
jstor 1,4271 0,0005
max 0,0513 0,0000
url 0,0000 0,0000
vlad 3,2189 0,0010
sabih 3,9120 0,0013
entities 0,0305 0,0000
websites 1,2379 0,0004
gentoo 2,9957 0,0010
usa 1,6094 0,0005
mail 2,3026 0,0007
usb 2,0402 0,0007
subject 1,1087 0,0004
use 0,0000 0,0000
recognition 1,6607 0,0005
edward 2,5257 0,0008
feel 2,2073 0,0007
main 0,0000 0,0000
wright 2,0402 0,0007
arrangement 3,9120 0,0013
delano 3,9120 0,0013
revenue 1,9661 0,0006
karen 2,9957 0,0010
logo 0,0000 0,0000
kevan 3,9120 0,0013
cdma 4,6052 0,0015
drm 2,9957 0,0010
macrumors 3,9120 0,0013
mahe 3,9120 0,0013
utc 0,0000 0,0000
equipment 1,6094 0,0005
ideas 1,4271 0,0005
includes 0,5276 0,0002
sistersitebox 0,6539 0,0002
dotdash 4,6052 0,0015
baig 4,6052 0,0015
null 0,0000 0,0000
background 0,0101 0,0000
dsi 3,5066 0,0011
watchtoken 0,0000 0,0000
oriented 0,5447 0,0002
mdy 1,6094 0,0005
tinkering 3,9120 0,0013
ellen 2,9957 0,0010
activates 3,2189 0,0010
bali 2,8134 0,0009
wuerthele 4,6052 0,0015
repeat 0,0101 0,0000
mer 3,5066 0,0011
physical 1,0498 0,0003
included 0,6931 0,0002
make 0,3857 0,0001
blurred 3,9120 0,0013
thread 1,6607 0,0005
baseband 3,9120 0,0013
monterey 3,5066 0,0011
due 0,5108 0,0002
tutorials 2,1203 0,0007
bytes 0,0408 0,0000
sonoma 3,9120 0,0013
invention 2,4079 0,0008
activated 2,5257 0,0008
crash 1,6094 0,0005
granted 2,0402 0,0007
elmer 3,9120 0,0013
sizes 1,6607 0,0005
meaning 0,9943 0,0003
above 1,0788 0,0003
band 2,6593 0,0009
recursion 0,0513 0,0000
released 0,5447 0,0002
goals 1,5141 0,0005
height 0,0101 0,0000
august 0,0000 0,0000
module 0,0000 0,0000
wikibase 0,0619 0,0000
infographics 3,9120 0,0013
received 1,4271 0,0005
execute 1,2040 0,0004
miller 1,7720 0,0006
highest 0,0513 0,0000
hrvatski 0,7550 0,0002
receives 1,8326 0,0006
switching 2,0402 0,0007
components 0,5276 0,0002
notheme 0,3711 0,0001
safari 2,1203 0,0007
customization 2,6593 0,0009
endows 4,6052 0,0015
mic 3,9120 0,0013
albanesius 3,9120 0,0013
long 0,5621 0,0002
shares 2,2073 0,0007
into 0,1985 0,0001
min 0,1165 0,0000
partition 1,6094 0,0005
glance 3,9120 0,0013
boots 3,5066 0,0011
supports 0,6931 0,0002
schiller 3,9120 0,0013
controller 1,7148 0,0006
middle 0,7765 0,0003
star 2,2073 0,0007
though 0,8440 0,0003
many 0,2357 0,0001
releases 1,2379 0,0004
appear 1,2730 0,0004
debuts 2,9957 0,0010
leftmost 4,6052 0,0015
associated 0,6931 0,0002
increasing 1,2379 0,0004
progress 1,4271 0,0005
troubleshooting 3,5066 0,0011
untethered 3,9120 0,0013
open 0,1625 0,0001
nagel 3,5066 0,0011
ukrainian 2,8134 0,0009
folders 2,9957 0,0010
tbody 0,6931 0,0002
numbers 0,9416 0,0003
project 0,3011 0,0001
seven 1,8326 0,0006
techcrunch 1,3093 0,0004
mks 3,5066 0,0011
california 1,2379 0,0004
burrows 4,6052 0,0015
naples 4,6052 0,0015
husain 3,9120 0,0013
adapts 3,9120 0,0013
maps 1,6607 0,0005
redesigned 3,5066 0,0011
ibookstore 4,6052 0,0015
seeds 2,9957 0,0010
solutions 0,7765 0,0003
look 1,1394 0,0004
modification 1,6607 0,0005
mls 3,9120 0,0013
unlocks 4,6052 0,0015
internet 0,5447 0,0002
allow 0,4155 0,0001
wired 1,1712 0,0004
needed 0,3285 0,0001
proper 1,5606 0,0005
stocks 2,9957 0,0010
apple 1,1712 0,0004
patel 2,9957 0,0010
pundits 4,6052 0,0015
unixware 3,2189 0,0010
common 0,3711 0,0001
downloads 2,6593 0,0009
placeholder 0,0000 0,0000
basa 2,0402 0,0007
winning 2,9957 0,0010
apply 0,0000 0,0000
navigating 2,8134 0,0009
beats 2,5257 0,0008
olivarez 4,6052 0,0015
exempted 4,6052 0,0015
layout 2,2073 0,0007
money 1,6094 0,0005
mark 0,8210 0,0003
base 0,0513 0,0000
trend 1,8971 0,0006
claimed 1,7720 0,0006
revolution 1,7148 0,0006
mos 3,5066 0,0011
reliable 0,7765 0,0003
lost 1,6094 0,0005
reflist 0,0101 0,0000
still 0,5447 0,0002
relating 2,2073 0,0007
var 0,0000 0,0000
work 0,3285 0,0001
matt 1,7720 0,0006
axel 3,5066 0,0011
books 0,9163 0,0003
srpski 0,3711 0,0001
registration 0,0101 0,0000
word 0,0101 0,0000
stated 1,2730 0,0004
love 2,8134 0,0009
extension 0,7133 0,0002
internal 0,8210 0,0003
signature 2,1203 0,0007
federighi 3,9120 0,0013
foundation 0,0000 0,0000
across 0,5798 0,0002
partnerships 2,6593 0,0009
installation 1,6607 0,0005
firmware 2,3026 0,0007
academy 1,8971 0,0006
include 0,0202 0,0000
synced 3,9120 0,0013
facebook 1,3863 0,0004
fadell 3,5066 0,0011
ipados 2,8134 0,0009
destructive 2,4079 0,0008
opinion 2,1203 0,0007
sends 1,9661 0,0006
inbox 3,5066 0,0011
dimensions 2,8134 0,0009
voice 1,6607 0,0005
float 0,0101 0,0000
transclusion 0,0619 0,0000
powering 2,9957 0,0010
swiftui 4,6052 0,0015
mayo 3,9120 0,0013
html 0,4463 0,0001
unveiling 4,6052 0,0015
revision 0,0000 0,0000
shipped 2,1203 0,0007
haslam 3,9120 0,0013
retraining 4,6052 0,0015
rlstate 0,0000 0,0000
circumvention 3,5066 0,0011
platform 0,0000 0,0000
jackson 2,6593 0,0009
retina 3,5066 0,0011
stinson 4,6052 0,0015
wortham 4,6052 0,0015
animations 2,3026 0,0007
craig 2,0402 0,0007
monolithic 2,0402 0,0007
eff 3,2189 0,0010
notified 2,9957 0,0010
assistant 2,4079 0,0008
instead 0,4463 0,0001
shipments 3,2189 0,0010
ultimately 2,2073 0,0007
command 0,8675 0,0003
wiktionary 0,5798 0,0002
landscape 2,2073 0,0007
providers 1,5141 0,0005
exception 1,5141 0,0005
markedly 4,6052 0,0015
temporary 1,8971 0,0006
hands 2,0402 0,0007
smartphone 2,6593 0,0009
saved 0,0619 0,0000
year 0,7550 0,0002
allowed 0,9676 0,0003
leading 1,0498 0,0003
via 0,3011 0,0001
themes 2,9957 0,0010
music 1,7720 0,0006
understanding 0,9163 0,0003
visual 0,9416 0,0003
because 0,0000 0,0000
moving 1,1712 0,0004
springer 0,9676 0,0003
shortest 2,3026 0,0007
agreement 1,3471 0,0004
upgrade 1,7720 0,0006
community 0,0000 0,0000
version 0,0000 0,0000
planning 1,5141 0,0005
contains 0,7550 0,0002
folder 2,5257 0,0008
selection 1,5141 0,0005
eesti 0,3285 0,0001
notch 4,6052 0,0015
detail 1,6607 0,0005
businessweek 2,5257 0,0008
parallax 4,6052 0,0015
worded 2,8134 0,0009
subsequently 1,6094 0,0005
giannandrea 3,9120 0,0013
prohibition 3,5066 0,0011
wikipedia 0,0000 0,0000
cisco 2,6593 0,0009
afrikaans 0,9416 0,0003
computers 0,8210 0,0003
preferences 2,3026 0,0007
website 0,3857 0,0001
brands 0,0000 0,0000
learn 0,0000 0,0000
newer 1,3093 0,0004
legality 3,5066 0,0011
ericsson 3,5066 0,0011
severe 2,5257 0,0008
thumbinner 2,9957 0,0010
exploit 2,4079 0,0008
rounds 3,5066 0,0011
instructions 1,5141 0,0005
notes 0,6349 0,0002
republic 0,8916 0,0003
official 0,6162 0,0002
generated 1,2379 0,0004
fitness 2,4079 0,0008
incorporated 1,7148 0,0006
leave 2,6593 0,0009
nathan 2,2073 0,0007
ebooks 3,5066 0,0011
layers 1,7148 0,0006
kindle 3,2189 0,0010
matthias 2,5257 0,0008
need 0,3711 0,0001
wrote 1,3093 0,0004
originally 0,8675 0,0003
often 0,2877 0,0001
newspapers 1,6607 0,0005
elt 0,6931 0,0002
users 0,3567 0,0001
volume 1,2040 0,0004
voiding 4,6052 0,0015
tests 1,3093 0,0004
canada 1,6607 0,0005
homekit 3,5066 0,0011
http 0,0000 0,0000
decimal 0,0101 0,0000
technical 0,6349 0,0002
ride 3,9120 0,0013
engine 0,6539 0,0002
responsible 1,2040 0,0004
pcmag 4,6052 0,0015
end 0,3425 0,0001
packed 4,6052 0,0015
vox 2,6593 0,0009
capabilities 0,9676 0,0003
wgdigittransformtable 0,0000 0,0000
codenames 3,5066 0,0011
linda 2,6593 0,0009
topsy 3,9120 0,0013
loosened 4,6052 0,0015
special 0,0000 0,0000
environment 0,5978 0,0002
visited 0,0619 0,0000
contributors 0,0000 0,0000
family 1,0217 0,0003
slightly 1,8326 0,0006
tries 2,3026 0,0007
copyright 1,8326 0,0006
called 0,2744 0,0001
release 0,4005 0,0001
getexpandedargument 2,6593 0,0009
turns 2,5257 0,0008
gradually 2,1203 0,0007
iphones 3,2189 0,0010
proceedings 0,7550 0,0002
similar 0,4780 0,0002
wearable 2,6593 0,0009
passcodes 4,6052 0,0015
sculley 3,9120 0,0013
specify 1,5606 0,0005
myslewski 3,9120 0,0013
jacobsson 4,6052 0,0015
alerts 2,8134 0,0009
leopard 3,5066 0,0011
driver 1,7720 0,0006
against 0,6931 0,0002
vse 3,2189 0,0010
cell 0,4308 0,0001
savov 3,9120 0,0013
rights 1,4271 0,0005
share 0,7765 0,0003
hobbyists 2,9957 0,0010
shara 4,6052 0,0015
frommer 4,6052 0,0015
freeform 3,9120 0,0013
chairman 2,4079 0,0008
aesthetics 3,9120 0,0013
entrato 4,6052 0,0015
stored 0,8916 0,0003
logic 0,9676 0,0003
francisco 1,6607 0,0005
jenna 3,9120 0,0013
tops 3,2189 0,0010
screen 0,0101 0,0000
amelio 3,9120 0,0013
vibration 3,5066 0,0011
moren 4,6052 0,0015
declares 2,9957 0,0010
pages 0,0000 0,0000
updating 1,3471 0,0004
enhancements 0,0101 0,0000
openembedded 2,9957 0,0010
links 0,0000 0,0000
net 0,9416 0,0003
newpp 0,0619 0,0000
copland 3,9120 0,0013
keynote 2,6593 0,0009
new 0,0000 0,0000
settings 1,6607 0,0005
subjected 4,6052 0,0015
alphabetical 2,2073 0,0007
frakes 3,9120 0,0013
tool 0,6931 0,0002
tony 1,8326 0,0006
intervals 2,8134 0,0009
apis 0,9676 0,0003
svenska 0,3857 0,0001
activate 3,2189 0,0010
joseph 1,5141 0,0005
financial 1,4697 0,0005
wgpagecontentlanguage 0,0000 0,0000
respective 2,0402 0,0007
media 0,2485 0,0001
around 0,6931 0,0002
gibbs 3,5066 0,0011
running 0,7340 0,0002
gartenberg 3,9120 0,0013
chose 2,5257 0,0008
interlingua 1,3093 0,0004
frontier 2,0402 0,0007
korean 2,8134 0,0009
specific 0,2877 0,0001
bangeman 4,6052 0,0015
adaptivity 4,6052 0,0015
engage 2,6593 0,0009
strategy 0,9676 0,0003
unikernel 2,4079 0,0008
forms 1,0217 0,0003
passcode 4,6052 0,0015
developments 1,8971 0,0006
achievements 4,6052 0,0015
ring 2,2073 0,0007
maintain 1,1087 0,0004
preprocessor 0,0513 0,0000
shift 1,9661 0,0006
ipodlinux 3,9120 0,0013
natively 2,4079 0,0008
johnson 1,8326 0,0006
mbox 0,7133 0,0002
skills 1,9661 0,0006
nik 3,9120 0,0013
companies 0,8210 0,0003
java 0,6162 0,0002
rockstar 3,9120 0,0013
multikernel 2,5257 0,0008
builds 1,6607 0,0005
dpreview 4,6052 0,0015
fully 0,8210 0,0003
models 0,6733 0,0002
cache 0,0305 0,0000
merging 2,6593 0,0009
suomi 0,2107 0,0001
expected 0,8440 0,0003
openmoko 3,5066 0,0011
patches 1,8326 0,0006
voices 3,2189 0,0010
countries 1,7720 0,0006
rlpagemodules 0,0000 0,0000
metaio 3,9120 0,0013
eye 2,5257 0,0008
patched 2,6593 0,0009
graduated 4,6052 0,0015
mixer 4,6052 0,0015
srouji 3,9120 0,0013
purewal 4,6052 0,0015
sizing 0,0408 0,0000
zittrain 3,9120 0,0013
another 0,3567 0,0001
automatically 0,7765 0,0003
simultaneous 2,5257 0,0008
students 1,8326 0,0006
webarchive 0,7985 0,0003
default 0,6931 0,0002
mobileme 3,9120 0,0013
encryption 1,1712 0,0004
disabled 0,0000 0,0000
attribute 1,3471 0,0004
mechanism 1,0217 0,0003
apps 1,3093 0,0004
protested 4,6052 0,0015
timestamp 0,0000 0,0000
jailbroken 4,6052 0,0015
black 1,5141 0,0005
such 0,0943 0,0000
diagnostics 2,4079 0,0008
classic 1,3093 0,0004
cnet 1,7720 0,0006
stayed 3,9120 0,0013
absolute 2,0402 0,0007
iger 3,9120 0,0013
supported 0,7765 0,0003
documents 1,1087 0,0004
administration 1,2730 0,0004
developing 0,8675 0,0003
objections 3,5066 0,0011
remains 1,6094 0,0005
incorporate 1,7720 0,0006
philip 1,8971 0,0006
microsoft 0,4005 0,0001
research 0,5621 0,0002
blackout 4,6052 0,0015
sandboxing 2,9957 0,0010
features 0,3857 0,0001
white 0,0305 0,0000
retaining 3,2189 0,0010
lackluster 4,6052 0,0015
bloomberg 1,7148 0,0006
might 0,7340 0,0002
engineering 0,3711 0,0001
bobbie 4,6052 0,0015
sharing 1,0217 0,0003
downloaded 2,4079 0,0008
decrease 2,8134 0,0009
glossary 1,7148 0,0006
neue 3,9120 0,0013
next 0,5798 0,0002
blind 2,4079 0,0008
color 0,0101 0,0000
hidden 0,0000 0,0000
submit 3,2189 0,0010
multilevel 2,5257 0,0008
non 2,3026 0,0007
button 2,1203 0,0007
usable 2,1203 0,0007
drops 2,9957 0,0010
not 0,0101 0,0000
central 0,9416 0,0003
now 0,4308 0,0001
statement 0,0000 0,0000
trademark 0,0101 0,0000
supporting 0,7765 0,0003
factor 1,7148 0,0006
derived 1,2379 0,0004
greek 0,0101 0,0000
news 0,4620 0,0001
pinch 4,6052 0,0015
apsl 3,2189 0,0010
locking 2,2073 0,0007
grew 1,8326 0,0006
way 0,3285 0,0001
ronald 2,8134 0,0009
antitrust 2,8134 0,0009
finnish 2,9957 0,0010
brightness 3,9120 0,0013
what 0,0000 0,0000
fiegerman 4,6052 0,0015
fedora 2,2073 0,0007
israel 0,7550 0,0002
timely 3,5066 0,0011
vulnerabilities 1,5606 0,0005
window 1,7148 0,0006
greg 2,0402 0,0007
container 0,0000 0,0000
contextual 3,5066 0,0011
costello 4,6052 0,0015
erick 3,9120 0,0013
play 1,4697 0,0005
sorcerer 4,6052 0,0015
typography 3,5066 0,0011
quickly 1,1087 0,0004
eligibility 4,6052 0,0015
issues 0,5978 0,0002
nearby 0,0000 0,0000
when 0,0834 0,0000
reinventing 4,6052 0,0015
logged 0,0000 0,0000
far 1,3093 0,0004
faq 1,6094 0,0005
stuck 3,5066 0,0011
velazco 4,6052 0,0015
plan 1,2379 0,0004
nokia 2,0402 0,0007
counsel 3,2189 0,0010
wgmediavieweronclick 0,0000 0,0000
lives 2,3026 0,0007
double 1,1087 0,0004
wgulsposition 0,0000 0,0000
rendering 0,0513 0,0000
melayu 0,6349 0,0002
fbi 3,2189 0,0010
lowest 2,5257 0,0008
explicit 1,4697 0,0005
bootchain 4,6052 0,0015
italiano 0,1278 0,0000
completely 1,4271 0,0005
study 1,1087 0,0004
syncing 4,6052 0,0015
sentences 0,0000 0,0000
direct 0,9416 0,0003
commons 0,0000 0,0000
enabled 0,0000 0,0000
kexts 4,6052 0,0015
modern 0,7340 0,0002
web 0,1165 0,0000
arabic 2,6593 0,0009
older 1,1712 0,0004
categories 0,0000 0,0000
jacqui 3,2189 0,0010
indonesian 3,9120 0,0013
tentative 4,6052 0,0015
great 1,3863 0,0004
pirated 3,5066 0,0011
grid 1,5606 0,0005
songs 3,9120 0,0013
helvetica 4,6052 0,0015
organization 0,0000 0,0000
width 0,0000 0,0000
levinson 3,9120 0,0013
certain 0,6162 0,0002
board 1,0217 0,0003
levels 0,0000 0,0000
statistics 0,0000 0,0000
feb 2,0402 0,0007
fee 2,5257 0,0008
section 0,7985 0,0003
used 0,0619 0,0000
centralized 1,9661 0,0006
notification 2,4079 0,0008
looks 2,0402 0,0007
protocol 0,7133 0,0002
overflow 0,3857 0,0001
few 0,8916 0,0003
airplay 4,6052 0,0015
marked 1,6607 0,0005
otherwise 1,3863 0,0004
visible 0,0101 0,0000
deirdre 3,9120 0,0013
opened 2,2073 0,0007
solely 2,6593 0,0009
market 1,0217 0,0003
effects 1,2040 0,0004
gautam 3,5066 0,0011
outside 1,1087 0,0004
turkish 3,9120 0,0013
effect 1,1394 0,0004
topic 0,0000 0,0000
ipad 2,9957 0,0010
sugar 2,6593 0,0009
option 1,3093 0,0004
who 0,5621 0,0002
game 1,0498 0,0003
unveil 3,5066 0,0011
contribute 0,0000 0,0000
shortcuts 2,8134 0,0009
why 0,6733 0,0002
founders 1,9661 0,0006
hurd 2,9957 0,0010
integrated 0,6733 0,0002
along 0,7340 0,0002
david 0,5798 0,0002
designed 0,4620 0,0001
ingraham 4,6052 0,0015
didi 3,9120 0,0013
ilounge 4,6052 0,0015
contained 1,3471 0,0004
various 0,3857 0,0001
uses 0,2485 0,0001
user 0,0000 0,0000
suse 2,6593 0,0009
sigchi 3,9120 0,0013
tooltip 0,8675 0,0003
hamburger 3,9120 0,0013
fix 1,0498 0,0003
addition 0,6931 0,0002
sure 2,1203 0,0007
shrink 3,9120 0,0013
empowering 3,2189 0,0010
former 1,3093 0,0004
finder 3,2189 0,0010
extend 1,8326 0,0006
proxy 1,8971 0,0006
redesign 4,6052 0,0015
steven 1,4697 0,0005
imageobject 0,0000 0,0000
garnered 4,6052 0,0015
simultaneously 1,6094 0,0005
pwned 4,6052 0,0015
expansiondepth 0,0000 0,0000
fontgate 4,6052 0,0015
customize 2,4079 0,0008
search 0,0000 0,0000
metaphor 3,2189 0,0010
spacing 0,0619 0,0000
systems 0,1054 0,0000
wgrelevantpagename 0,0000 0,0000
panel 2,8134 0,0009
innovation 1,3093 0,0004
charge 1,8971 0,0006
shqip 0,6931 0,0002
shutter 4,6052 0,0015
edgar 2,8134 0,0009
plists 4,6052 0,0015
adobe 2,1203 0,0007
mavericks 3,9120 0,0013
maestri 3,9120 0,0013
wgaction 0,0000 0,0000
unfit 1,8326 0,0006
acquisitions 1,8326 0,0006
font 0,0000 0,0000
language 0,0000 0,0000
satariano 4,6052 0,0015
kent 2,2073 0,0007
japanese 2,0402 0,0007
accounted 2,8134 0,0009
startup 1,3093 0,0004
approvals 3,9120 0,0013
won 2,4079 0,0008
warning 1,9661 0,0006
criticism 1,2379 0,0004
needs 0,5108 0,0002
image 0,0202 0,0000
favored 3,5066 0,0011
never 1,1712 0,0004
palmdos 3,9120 0,0013
hollington 4,6052 0,0015
containers 1,7720 0,0006
frame 2,0402 0,0007
origin 0,0000 0,0000
perez 3,9120 0,0013
content 0,0000 0,0000
random 0,0000 0,0000
desktop 1,0788 0,0003
personality 3,9120 0,0013
alert 2,2073 0,0007
rate 1,3863 0,0004
confirms 2,5257 0,0008
class 0,0000 0,0000
digital 0,6162 0,0002
dalrymple 3,9120 0,0013
spanish 3,2189 0,0010
parekh 3,9120 0,0013
counter 0,0408 0,0000
form 0,3711 0,0001
management 0,2231 0,0001
applemasters 3,9120 0,0013
bradley 3,2189 0,0010
significantly 1,5141 0,0005
presents 1,6607 0,0005
very 0,5978 0,0002
decade 2,2073 0,0007
triggered 0,0513 0,0000
ipod 3,9120 0,0013
betas 4,6052 0,0015
context 0,6539 0,0002
https 0,0000 0,0000
rightmost 3,9120 0,0013
portal 0,0000 0,0000
manipulation 1,2379 0,0004
french 2,3026 0,0007
encouraging 2,9957 0,0010
issue 0,8675 0,0003
kern 0,0101 0,0000
lower 0,0101 0,0000
dismissed 3,2189 0,0010
metal 2,6593 0,0009
aimed 2,1203 0,0007
banners 4,6052 0,0015
odd 0,0943 0,0000
traditional 0,7985 0,0003
continuing 2,9957 0,0010
remotely 2,4079 0,0008
become 0,6931 0,0002
jennifer 2,4079 0,0008
turned 2,2073 0,0007
enwiki 0,0619 0,0000
indefinitely 1,9661 0,0006
eventually 1,1394 0,0004
subscription 0,0101 0,0000
hungarian 3,9120 0,0013
library 0,5621 0,0002
ability 0,7765 0,0003
eddy 3,5066 0,0011
camera 2,5257 0,0008
plugged 3,9120 0,0013
katie 2,5257 0,0008
clearing 3,9120 0,0013
off 0,9943 0,0003
generally 0,5447 0,0002
disabilities 2,9957 0,0010
complete 0,6931 0,0002
wgcanonicalspecialpagename 0,0000 0,0000
while 0,2614 0,0001
photos 2,4079 0,0008
second 0,7550 0,0002
derivatives 2,1203 0,0007
faster 0,9163 0,0003
www 1,7720 0,0006
than 0,2357 0,0001
limit 0,0000 0,0000
lockdown 3,5066 0,0011
picker 3,5066 0,0011
venturebeat 2,1203 0,0007
brian 1,2730 0,0004
communication 0,6931 0,0002
locked 2,4079 0,0008
months 0,8210 0,0003
author 0,0000 0,0000
thai 3,5066 0,0011
puredarwin 3,9120 0,0013
plus 1,6607 0,0005
expansion 0,0619 0,0000
daniel 1,2040 0,0004
entry 0,9163 0,0003
license 0,0000 0,0000
disk 1,4271 0,0005
expand 0,0513 0,0000
headquarters 2,4079 0,0008
talkie 3,9120 0,0013
essay 2,9957 0,0010
tablets 2,3026 0,0007
code 0,0000 0,0000
dignan 3,9120 0,0013
storage 0,3711 0,0001
illusion 3,2189 0,0010
productivity 1,8971 0,0006
deutsch 0,0943 0,0000
shoutpedia 4,6052 0,0015
unofficial 2,2073 0,0007
allows 0,3425 0,0001
keyboard 1,9661 0,0006
exokernel 2,5257 0,0008
simulator 2,9957 0,0010
anderson 1,9661 0,0006
intelligent 1,7720 0,0006
autoconfirmed 1,9661 0,0006
siegler 4,6052 0,0015
easier 1,0498 0,0003
jared 3,2189 0,0010
duncan 3,2189 0,0010
architectures 0,9416 0,0003
registered 0,0101 0,0000
geoff 2,9957 0,0010
claris 3,9120 0,0013
luasandbox 1,4271 0,0005
o'brien 2,9957 0,0010
engines 0,8210 0,0003
markkula 3,9120 0,0013
shifts 3,2189 0,0010
programmers 1,2379 0,0004
expiry 0,0619 0,0000
minerva 0,0101 0,0000
recent 0,0000 0,0000
they 0,1508 0,0000
choke 4,6052 0,0015
forks 1,6607 0,0005
github 0,7340 0,0002
bundled 2,5257 0,0008
edit 0,0000 0,0000
them 0,3285 0,0001
portable 1,8971 0,0006
then 0,3567 0,0001
node 0,0513 0,0000
concepts 0,5978 0,0002
mathew 4,6052 0,0015
obtained 2,0402 0,0007
starting 1,1394 0,0004
device 1,0217 0,0003
checking 1,5606 0,0005
minus 3,9120 0,0013
liat 4,6052 0,0015
serenity 4,6052 0,0015
strengthening 3,9120 0,0013
conference 0,3567 0,0001
activity 1,4271 0,0005
executed 1,2040 0,0004
marsal 4,6052 0,0015
kazmucha 3,9120 0,0013
archived 0,0943 0,0000
blew 3,9120 0,0013
defunct 1,9661 0,0006
nynorsk 1,2379 0,0004
variety 1,0217 0,0003
origins 1,8971 0,0006
samuel 2,4079 0,0008
vector 0,0000 0,0000
executes 2,1203 0,0007
persist 3,5066 0,0011
email 1,4697 0,0005
scrollable 4,6052 0,0015
calendar 2,9957 0,0010
cachereport 0,0000 0,0000
unions 2,3026 0,0007
decision 0,9676 0,0003
one 0,0943 0,0000
started 0,8440 0,0003
puma 3,9120 0,0013
closer 2,0402 0,0007
bosanski 0,8916 0,0003
connected 1,4271 0,0005
single 0,3147 0,0001
entityaccesscount 0,0000 0,0000
sideloaded 3,9120 0,0013
closed 1,2040 0,0004
partially 1,8971 0,0006
country 1,7148 0,0006
commercial 0,8440 0,0003
separate 0,7133 0,0002
loader 2,0402 0,0007
rules 0,6349 0,0002
loaded 0,0305 0,0000
regularly 1,9661 0,0006
awareness 2,8134 0,0009
aids 2,6593 0,0009
praised 3,9120 0,0013
mindfulness 4,6052 0,0015
norsk 0,3285 0,0001
thin 2,9957 0,0010
memusage 0,0000 0,0000
purchased 2,2073 0,0007
sees 2,3026 0,0007
know 0,7340 0,0002
support 0,2107 0,0001
yearly 2,8134 0,0009
changed 1,0788 0,0003
preview 1,7720 0,0006
changes 0,0000 0,0000
polski 0,1165 0,0000
privacy 0,0000 0,0000
vertical 0,7985 0,0003
life 0,9943 0,0003
spreadsheets 3,5066 0,0011
gap 1,2730 0,0004
dana 2,6593 0,0009
iphoto 3,5066 0,0011
ore 4,6052 0,0015
previous 1,1712 0,0004
wide 0,7133 0,0002
reading 0,5621 0,0002
arcade 3,9120 0,0013
wgarticleid 0,0000 0,0000
pagelanguagedir 0,0000 0,0000
location 1,2730 0,0004
anthony 2,1203 0,0007
accessory 3,9120 0,0013
facetime 3,9120 0,0013
osf 3,5066 0,0011
ecosystem 1,2040 0,0004
software 0,0000 0,0000
held 1,3863 0,0004
iwork 3,9120 0,0013
competition 2,0402 0,0007
none 0,0101 0,0000
displays 2,4079 0,0008
type 0,0000 0,0000
april 0,0000 0,0000
rossignol 4,6052 0,0015
closing 1,8326 0,0006
lynxos 3,5066 0,0011
terms 0,0000 0,0000
connection 1,3093 0,0004
abandoned 2,2073 0,0007
mobian 3,9120 0,0013
openbsd 2,3026 0,0007
ota 3,5066 0,0011
lauren 2,9957 0,0010
wifi 2,8134 0,0009
method 0,4780 0,0002
teams 1,3471 0,0004
contract 1,6094 0,0005
scroll 3,2189 0,0010
come 0,9676 0,0003
iphone 2,9957 0,0010
push 0,0000 0,0000
typeface 3,5066 0,0011
revolutionary 3,5066 0,0011
force 1,2730 0,0004
caches 2,8134 0,0009
healthkit 4,6052 0,0015
columns 0,0101 0,0000
portalbox 1,3093 0,0004
our 1,3093 0,0004
tools 0,0000 0,0000
out 0,0000 0,0000
gen 3,5066 0,0011
cached 0,0513 0,0000
get 0,0000 0,0000
portalright 1,3093 0,0004
continues 1,6607 0,0005
dark 0,0101 0,0000
course 1,3863 0,0004
honan 4,6052 0,0015
usman 4,6052 0,0015
decompressed 4,6052 0,0015
power 0,7985 0,0003
semi 2,6593 0,0009
fireball 3,9120 0,0013
danish 3,2189 0,0010
cook 2,8134 0,0009
yoni 3,9120 0,0013
puts 2,6593 0,0009
help 0,0000 0,0000
cebuano 2,6593 0,0009
depth 0,0000 0,0000
podcasts 3,5066 0,0011
catalina 3,5066 0,0011
sharealike 0,0000 0,0000
date 0,7985 0,0003
magic 1,9661 0,0006
reminders 3,9120 0,0013
mashable 3,2189 0,0010
data 0,0000 0,0000
firefox 2,2073 0,0007
own 0,5276 0,0002
sound 1,5606 0,0005
hosted 1,3093 0,0004
sales 1,8326 0,0006
translate 2,0402 0,0007
barrier 2,4079 0,0008
cosa 4,6052 0,0015
create 0,0000 0,0000
activist 3,9120 0,0013
garageband 3,9120 0,0013
development 0,1393 0,0000
like 0,2231 0,0001
resource 0,7550 0,0002
sent 1,2040 0,0004
core 0,5978 0,0002
ending 2,2073 0,0007
efforts 1,4697 0,0005
sunos 2,9957 0,0010
icloud 2,9957 0,0010
here 0,0000 0,0000
note 0,9416 0,0003
purpose 0,6733 0,0002
line 0,0101 0,0000
link 0,0000 0,0000
hern 2,9957 0,0010
lineup 3,9120 0,0013
scale 0,6349 0,0002
gil 2,6593 0,0009
recovery 1,6607 0,0005
robin 1,7720 0,0006
security 0,3285 0,0001
servers 0,7985 0,0003
challenged 1,5141 0,0005
organize 2,1203 0,0007
hera 3,9120 0,0013
stating 2,3026 0,0007
will 0,2485 0,0001
implementation 0,3425 0,0001
edges 2,6593 0,0009
akamai 2,8134 0,0009
groups 0,7985 0,0003
allowing 0,6349 0,0002
follow 1,3863 0,0004
factors 1,6094 0,0005
recursiveclone 1,6607 0,0005
readability 2,5257 0,0008
york 0,8440 0,0003
intend 3,2189 0,0010
german 1,6607 0,0005
introduces 1,7148 0,0006
functions 0,5978 0,0002
multitasking 2,2073 0,0007
anchored 4,6052 0,0015
sinicki 3,9120 0,0013
wggelevelingupenabledforuser 0,0000 0,0000
your 0,6931 0,0002
remote 0,9163 0,0003
without 0,2744 0,0001
these 0,1278 0,0000
introduced 0,5447 0,0002
contributions 0,0000 0,0000
victor 2,9957 0,0010
xml 1,1394 0,0004
essentials 2,6593 0,0009
authorize 3,9120 0,0013
userland 2,8134 0,0009
devices 0,8916 0,0003
neutral 0,5447 0,0002
optional 1,3093 0,0004
lion 3,2189 0,0010
unveils 2,5257 0,0008
cellular 2,6593 0,0009
outsourced 3,9120 0,0013
wing 3,5066 0,0011
glenn 3,2189 0,0010
much 0,6931 0,0002
xnu 3,5066 0,0011
arrives 3,5066 0,0011
cygwin 3,2189 0,0010
uidocumentpickerextensionviewcontroller 4,6052 0,0015
achieve 1,1087 0,0004
ahead 1,7148 0,0006
gsub 1,7148 0,0006
gms 3,9120 0,0013
freertos 3,9120 0,0013
arrived 2,6593 0,0009
jailbreak 3,9120 0,0013
anticircumvention 4,6052 0,0015
headline 0,0000 0,0000
licensed 1,7148 0,0006
sets 1,0498 0,0003
kernel 1,2379 0,0004
namely 2,6593 0,0009
jetsamevent 4,6052 0,0015
queries 1,7720 0,0006
gnv 3,5066 0,0011
gnu 1,1087 0,0004
aquino 3,9120 0,0013
transientcontent 0,0000 0,0000
subtle 0,3285 0,0001
licenses 1,7148 0,0006
seth 2,4079 0,0008
suite 1,3471 0,0004
idhash 0,0619 0,0000
days 1,1087 0,0004
timeline 1,1394 0,0004
arch 2,3026 0,0007
combined 1,2379 0,0004
returned 2,0402 0,0007
wrap 0,0101 0,0000
standard 0,3567 0,0001
correct 1,3093 0,0004
tethered 4,6052 0,0015
monotouch 4,6052 0,0015
dragging 4,6052 0,0015
browett 3,9120 0,0013
andrea 2,2073 0,0007
enlarge 4,6052 0,0015
fullversionlist 0,0000 0,0000
european 1,3471 0,0004
pay 1,5141 0,0005
list 0,0000 0,0000
campbell 2,9957 0,0010
andrew 1,0498 0,0003
strange 3,5066 0,0011
wgusergroups 0,0000 0,0000
lack 1,0498 0,0003
external 0,1863 0,0001
awesomeness 3,9120 0,0013
labs 1,0788 0,0003
success 1,2379 0,0004
authority 0,4780 0,0002
lisa 2,4079 0,0008
cleared 3,9120 0,0013
child 0,0202 0,0000
formats 1,4697 0,0005
germany 0,5798 0,0002
interface 0,3425 0,0001
remove 0,6733 0,0002
disambiguation 1,5606 0,0005
wgisprobablyeditable 0,0000 0,0000
menus 3,2189 0,0010
bruce 1,8326 0,0006
live 1,3093 0,0004
pcs 2,9957 0,0010
mobile 0,0000 0,0000
perform 0,8675 0,0003
forstall 3,9120 0,0013
portrait 3,9120 0,0013
pdf 0,0000 0,0000
china 1,6094 0,0005
service 0,2231 0,0001
there 0,2614 0,0001
magazine 0,9943 0,0003
pocket 2,8134 0,0009
gsm 3,9120 0,0013
smartwatch 4,6052 0,0015
optionally 2,1203 0,0007
focus 1,1087 0,0004
american 0,8675 0,0003
delivered 1,8326 0,0006
entire 0,8675 0,0003
approach 0,4463 0,0001
emui 3,5066 0,0011
williams 2,2073 0,0007
per 0,8440 0,0003
write 0,6931 0,0002
africa 2,5257 0,0008
aria 0,0000 0,0000
wgmfdisplaywikibasedescriptions 0,0000 0,0000
classroom 3,2189 0,0010
suspended 2,9957 0,0010
intelligence 0,8916 0,0003
ever 1,3863 0,0004
million 1,0498 0,0003
even 0,0513 0,0000
install 1,9661 0,0006
restriction 2,6593 0,0009
esperanto 0,7133 0,0002
tagline 0,0000 0,0000
appearing 2,8134 0,0009
larger 0,8440 0,0003
regexp 0,0000 0,0000
wgeditsubmitbuttonlabelpublish 0,0000 0,0000
taligent 3,5066 0,0011
functionality 0,6931 0,0002
instant 2,5257 0,0008
native 0,8916 0,0003
categorizes 3,5066 0,0011
monday 3,5066 0,0011
uikit 4,6052 0,0015
particularly 0,9943 0,0003
attributed 2,0402 0,0007
opportunities 1,9661 0,0006
verge 1,8326 0,0006
wgnamespacenumber 0,0000 0,0000
framework 0,4155 0,0001
guerrino 3,9120 0,0013
requiring 1,1087 0,0004
wgwmepagelength 0,0000 0,0000
attributes 1,3863 0,0004
possibilities 2,5257 0,0008
imposed 2,5257 0,0008
expensivefunctioncount 0,0000 0,0000
almost 1,1087 0,0004
environments 0,7985 0,0003
prevents 1,9661 0,0006
pie 3,5066 0,0011
hacking 2,3026 0,0007
earlier 1,2040 0,0004
pin 2,8134 0,0009
passwords 2,0402 0,0007
macbook 3,9120 0,0013
whether 0,7765 0,0003
lala 3,9120 0,0013
stock 1,8971 0,0006
verification 0,8440 0,0003
counting 2,1203 0,0007
executives 2,4079 0,0008
oses 2,9957 0,0010
italics 2,4079 0,0008
basis 1,1394 0,0004
pcache 0,0619 0,0000
ricker 3,9120 0,0013
simplified 1,7148 0,0006
snow 2,9957 0,0010
october 0,0000 0,0000
basic 0,6539 0,0002
visionos 3,9120 0,0013
tevanian 3,9120 0,0013
cause 1,1087 0,0004
selectors 3,5066 0,0011
jquery 0,0000 0,0000
represents 1,2730 0,0004
intended 0,5978 0,0002
design 0,1985 0,0001
extra 1,7720 0,0006
working 0,5276 0,0002
unpack 4,6052 0,0015
buttons 2,3026 0,0007
editable 3,2189 0,0010
plc 2,9957 0,0010
performing 1,3863 0,0004
sandbox 2,5257 0,0008
automatic 1,2379 0,0004
italian 3,2189 0,0010
despite 1,3093 0,0004
openharmony 3,9120 0,0013
encyclopedic 2,5257 0,0008
encyclopedia 0,0000 0,0000
conduct 0,0000 0,0000
machines 0,7985 0,0003
formerly 1,2040 0,0004
renamed 1,6607 0,0005
wall 1,8326 0,0006
slashdot 3,2189 0,0010
abovebelow 0,0943 0,0000
accessibility 1,4697 0,0005
advertising 1,7720 0,0006
netbsd 2,5257 0,0008
crook 3,9120 0,0013
apprentice 4,6052 0,0015
unleashes 3,5066 0,0011
events 0,0000 0,0000
displayed 2,1203 0,0007
began 0,7985 0,0003
edited 0,0000 0,0000
want 1,5606 0,0005
png 3,9120 0,0013
forecast 2,2073 0,0007
qaraqalpaqsha 1,1712 0,0004
kong 2,8134 0,0009
mediawiki 1,0788 0,0003
input 0,0000 0,0000
toolkit 1,5141 0,0005
comparisons 1,8971 0,0006
engadget 2,9957 0,0010
must 0,4620 0,0001
styles 0,0834 0,0000
circle 3,5066 0,0011
actions 0,0000 0,0000
amazfit 3,9120 0,0013
unpinned 0,0000 0,0000
panels 3,2189 0,0010
saylor 4,6052 0,0015
giving 1,8971 0,0006
aasp 3,9120 0,0013
found 0,6162 0,0002
primesense 3,9120 0,0013
datepublished 0,0000 0,0000
gives 1,5141 0,0005
limits 1,9661 0,0006
latest 0,9676 0,0003
receive 1,2730 0,0004
feelings 2,9957 0,0010
buys 2,2073 0,0007
attend 3,5066 0,0011
webos 3,5066 0,0011
zibreg 4,6052 0,0015
consortium 1,8326 0,0006
kumparak 3,9120 0,0013
needing 0,8440 0,0003
had 0,4943 0,0002
accounting 2,1203 0,0007
ultrix 3,2189 0,0010
align 0,0101 0,0000
anymore 3,2189 0,0010
hal 1,9661 0,0006
late 1,0217 0,0003
continue 1,3471 0,0004
goode 4,6052 0,0015
informationweek 2,3026 0,0007
scheduling 1,3863 0,0004
avenue 3,5066 0,0011
hat 1,4697 0,0005
offers 0,8210 0,0003
given 0,6931 0,0002
unlock 2,9957 0,0010
last 0,0000 0,0000
imageright 0,2614 0,0001
weight 0,0101 0,0000
pro 1,6607 0,0005
secrets 2,5257 0,0008
napoli 4,6052 0,0015
checks 2,3026 0,0007
measure 1,6094 0,0005
ichat 3,9120 0,0013
playing 2,3026 0,0007
yellowgreen 4,6052 0,0015
compatibility 0,9416 0,0003
updated 0,8440 0,0003
rotating 3,5066 0,0011
thicker 4,6052 0,0015
video 0,8440 0,0003
updates 1,0788 0,0003
wave 2,2073 0,0007
newton 2,8134 0,0009
minimal 1,2730 0,0004
ends 1,6094 0,0005
jacob 2,3026 0,0007
early 0,5276 0,0002
prodos 3,9120 0,0013
rotation 4,6052 0,0015
windows 0,7340 0,0002
engineer 1,6094 0,0005
emagic 3,9120 0,0013
genius 2,9957 0,0010
wikimedia 0,0000 0,0000
hdr 4,6052 0,0015
initially 1,0788 0,0003
time 0,0000 0,0000
pricing 2,0402 0,0007
applications 0,2231 0,0001
forming 2,5257 0,0008
beefing 4,6052 0,0015
enwikimwclientpreferences 0,0000 0,0000
program 0,4155 0,0001
lzssdec 4,6052 0,0015
put 1,1712 0,0004
options 1,3863 0,0004
hey 3,2189 0,0010
having 0,6733 0,0002
meets 2,0402 0,0007
russian 1,8971 0,0006
subscribers 3,2189 0,0010
paging 2,5257 0,0008
philosophy 1,3093 0,0004
chris 1,2040 0,0004
light 1,4271 0,0005
imessage 3,9120 0,0013
adams 2,9957 0,0010
supercomputer 2,3026 0,0007
carson 4,6052 0,0015
wgcheckuserclienthintsheadersjsapi 0,0000 0,0000
confirmed 2,2073 0,0007
pws 2,9957 0,0010
smart 1,3471 0,0004
ways 0,8210 0,0003
timingprofile 0,0000 0,0000
workouts 4,6052 0,0015
theme 0,0000 0,0000
pxe 2,5257 0,0008
clicking 2,9957 0,0010
editor 1,4271 0,0005
postexpandincludesize 0,0000 0,0000
chain 1,5606 0,0005
chaim 3,9120 0,0013
consistent 1,1712 0,0004
openezx 3,9120 0,0013
reverse 2,0402 0,0007
earnings 3,2189 0,0010
unsourced 0,5621 0,0002
january 0,0000 0,0000
permanent 0,0000 0,0000
accelerometers 3,5066 0,0011
garden 3,2189 0,0010
choice 1,2730 0,0004
small 0,0305 0,0000
before 0,0305 0,0000
hit 2,4079 0,0008
trek 3,2189 0,0010
major 0,5621 0,0002
interrupt 2,4079 0,0008
worldwide 1,4271 0,0005
potential 1,0788 0,0003
group 0,0408 0,0000
tapping 3,5066 0,0011
manually 1,5606 0,0005
runtime 1,2040 0,0004
archive 1,4697 0,0005
history 0,0000 0,0000
yosemite 3,9120 0,0013
request 1,1712 0,0004
beck 2,3026 0,0007
wgrestrictionedit 0,0000 0,0000
reveals 2,3026 0,0007
their 0,1165 0,0000
webkit 2,5257 0,0008
percent 1,7720 0,0006
debut 2,9957 0,0010
general 0,0000 0,0000
september 0,0000 0,0000
datemodified 0,0619 0,0000
portuguese 3,2189 0,0010
applying 1,9661 0,0006
padding 0,0000 0,0000
process 0,2485 0,0001
requirements 0,6349 0,0002
alternative 0,7765 0,0003
clear 0,0101 0,0000
banner 3,2189 0,0010
decrypted 3,5066 0,0011
interviewee 4,6052 0,0015
listed 1,5606 0,0005
mean 1,3471 0,0004
suggestions 4,6052 0,0015
account 0,0000 0,0000
been 0,2231 0,0001
mostly 1,2730 0,0004
dansk 0,5798 0,0002
toggles 3,2189 0,0010
videos 2,2073 0,0007
luneos 3,9120 0,0013
inode 2,4079 0,0008
mobilinux 3,5066 0,0011
darwin 2,6593 0,0009
kravets 4,6052 0,0015
abbr 0,0619 0,0000
strict 1,7148 0,0006
you 0,0101 0,0000
jump 0,0000 0,0000
limitations 1,0788 0,0003
soft 2,1203 0,0007
databases 0,3567 0,0001
anobit 3,9120 0,0013
giles 3,2189 0,0010
festival 3,9120 0,0013
irix 3,2189 0,0010
july 0,0000 0,0000
opportunity 2,2073 0,0007
pickers 4,6052 0,0015
leste 3,9120 0,0013
sparked 2,8134 0,0009
tags 0,0000 0,0000
atlantic 2,6593 0,0009
ventura 3,9120 0,0013
deals 2,5257 0,0008
juli 3,9120 0,0013
nintendo 3,9120 0,0013
riccio 3,9120 0,0013
comes 1,1394 0,0004
how 0,0834 0,0000
peter 0,8210 0,0003
memos 3,9120 0,0013
assembly 1,3863 0,0004
hearing 2,6593 0,0009
embedded 0,9416 0,0003
chip 1,5606 0,0005
prabhu 4,6052 0,0015
thursday 3,9120 0,0013
ahrendts 3,9120 0,0013
microkernel 2,3026 0,0007
vietnamese 3,9120 0,0013
idref 2,0402 0,0007
march 0,0000 0,0000
transition 1,6607 0,0005
tells 2,9957 0,0010
katherine 2,5257 0,0008
june 0,0000 0,0000
answer 2,2073 0,0007
wggestructuredtaskrejectionreasontextinputenabled 0,0000 0,0000
calls 0,0408 0,0000
jung 3,5066 0,0011
series 0,5798 0,0002
rulemaking 4,6052 0,0015
asha 3,5066 0,0011
questions 1,4271 0,0005
brasil 3,9120 0,0013
autocapitalize 0,0000 0,0000
hold 1,3471 0,0004
chinese 1,5141 0,0005
designated 2,1203 0,0007
prior 1,3093 0,0004
wgpagename 0,0000 0,0000
talk 0,0000 0,0000
dedicated 1,3093 0,0004
count 0,0513 0,0000
hatnote 0,2107 0,0001
audioos 3,5066 0,0011
scholar 1,5141 0,0005
xcode 3,5066 0,0011
pinnable 0,0000 0,0000
take 0,6733 0,0002
vision 1,1712 0,0004
accompany 4,6052 0,0015
some 0,1744 0,0001
beginning 1,1712 0,0004
additional 0,0000 0,0000
wgmonthnames 0,0000 0,0000
nextstep 3,2189 0,0010
introductory 2,9957 0,0010
patroltoken 0,0000 0,0000
primarily 0,9943 0,0003
passes 2,1203 0,0007
zdnet 1,4697 0,0005
alpha 0,0101 0,0000
mklinux 3,9120 0,0013
kernels 3,2189 0,0010
featuring 2,2073 0,0007
reception 2,6593 0,0009
just 0,4943 0,0002
owner 1,5606 0,0005
sole 2,6593 0,0009
sold 1,7720 0,0006
darling 3,2189 0,0010
defragmentation 2,4079 0,0008
killed 3,2189 0,0010
home 0,8916 0,0003
michael 0,7133 0,0002
existing 0,7550 0,0002
print 0,0000 0,0000
although 0,6162 0,0002
hub 1,9661 0,0006
material 0,9676 0,0003
owned 1,8971 0,0006
batterygate 4,6052 0,0015
holt 3,5066 0,0011
souppouris 3,9120 0,0013
taps 3,2189 0,0010
variants 1,7148 0,0006
tracking 1,3863 0,0004
norwegian 2,9957 0,0010
america 1,7720 0,0006
tablet 2,3026 0,0007
sony 2,8134 0,0009
tape 1,9661 0,0006
aslr 3,9120 0,0013
action 1,2040 0,0004
guidelines 1,2730 0,0004
surpassed 3,5066 0,0011
anticipated 3,2189 0,0010
loading 0,0000 0,0000
bell 1,9661 0,0006
distributions 1,7148 0,0006
brackets 0,0619 0,0000
hong 2,8134 0,0009
accompanied 3,2189 0,0010
asks 2,6593 0,0009
hindi 2,6593 0,0009
cancelled 2,8134 0,0009
jaguar 3,9120 0,0013
quarterly 2,5257 0,0008
exploits 2,5257 0,0008
products 0,4943 0,0002
robert 0,9676 0,0003
streaming 1,8971 0,0006
file 0,0000 0,0000
steve 1,1394 0,0004
meego 3,5066 0,0011
liteos 3,9120 0,0013
wgnoticeproject 0,0000 0,0000
within 0,3011 0,0001
could 0,4780 0,0002
health 1,5606 0,0005
defining 1,1087 0,0004
menu 0,0000 0,0000
testflight 3,9120 0,0013
caldwell 3,9120 0,0013
trusted 1,8326 0,0006
machine 0,3425 0,0001
able 0,9943 0,0003
wgulsiscompactlinksenabled 0,0000 0,0000
return 0,0000 0,0000
backlash 3,2189 0,0010
eliminating 2,5257 0,0008
cheetah 3,9120 0,0013
radio 1,6607 0,0005
confused 1,2730 0,0004
individualized 3,9120 0,0013
reviews 1,6094 0,0005
solution 0,8916 0,0003
find 0,6162 0,0002
international 0,3011 0,0001
selected 1,8326 0,0006
tartakoff 4,6052 0,0015
protestors 4,6052 0,0015
seifert 3,9120 0,0013
canonical 0,0408 0,0000
fill 2,8134 0,0009
friends 2,2073 0,0007
wgcurrevisionid 0,0000 0,0000
task 0,7550 0,0002
specialist 2,8134 0,0009
true 0,0000 0,0000
header 0,0000 0,0000
position 1,6094 0,0005
present 0,9676 0,0003
since 0,3425 0,0001
phones 1,9661 0,0006
appears 1,7720 0,0006
delete 0,5447 0,0002
foreach 0,0000 0,0000
transform 1,7720 0,0006
competitor 2,8134 0,0009
beta 1,3863 0,0004
execution 0,7550 0,0002
rhapsody 3,9120 0,0013
spokesman 4,6052 0,0015
master 1,3471 0,0004
badges 3,9120 0,0013
pulling 2,8134 0,0009
online 0,7340 0,0002
qnx 2,5257 0,0008
coming 1,7148 0,0006
annoy 4,6052 0,0015
quotes 0,0101 0,0000
kastrenakes 3,5066 0,0011
accessing 1,5141 0,0005
firm 1,8326 0,0006
czech 0,9163 0,0003
based 0,0834 0,0000
allyson 3,9120 0,0013
tiger 3,9120 0,0013
thereby 1,6607 0,0005
processing 0,5978 0,0002
except 1,5141 0,0005
programs 0,6931 0,0002
spindler 3,9120 0,0013
functional 0,9943 0,0003
nevertheless 2,4079 0,0008
fact 1,1712 0,0004
tanasychuk 4,6052 0,0015
voiceover 3,5066 0,0011
global 0,7985 0,0003
iad 3,9120 0,0013
occitan 1,8326 0,0006
outline 0,9676 0,0003
unless 1,5606 0,0005
christian 2,1203 0,0007
bouchard 4,6052 0,0015
fred 2,3026 0,0007
operating 0,4308 0,0001
free 0,0000 0,0000
wallpapers 4,6052 0,0015
people 0,5276 0,0002
actually 1,3093 0,0004
face 1,6607 0,0005
friedman 2,8134 0,0009
showed 1,7720 0,0006
khan 2,1203 0,0007
invite 3,5066 0,0011
announces 1,4697 0,0005
fletcher 4,6052 0,0015
mojave 2,9957 0,0010
independence 2,3026 0,0007
inside 0,0101 0,0000
whenever 2,2073 0,0007
argumentative 3,9120 0,0013
adjusting 2,9957 0,0010
five 0,9943 0,0003
romanian 3,9120 0,0013
commands 1,4271 0,0005
mactracker 4,6052 0,0015
poweropen 3,9120 0,0013
idc 2,9957 0,0010
arnold 2,9957 0,0010
please 0,8210 0,0003
finding 1,3093 0,0004
idg 2,1203 0,0007
announced 0,7985 0,0003
campaign 2,3026 0,0007
installed 1,5141 0,0005
pinned 0,0000 0,0000
reasons 1,1394 0,0004
lawsuit 2,8134 0,0009
newman 2,9957 0,0010
sequential 2,1203 0,0007
isbn 0,1054 0,0000
rule 0,6931 0,0002
update 0,6733 0,0002
debian 1,9661 0,0006
linux 0,8916 0,0003
schedules 2,6593 0,0009
definition 0,5621 0,0002
kellen 4,6052 0,0015
every 0,6162 0,0002
dentro 4,6052 0,0015
sande 4,6052 0,0015
icons 2,8134 0,0009
jason 1,7148 0,0006
removal 1,7148 0,0006
chronological 3,2189 0,0010
runa 0,9416 0,0003
brakes 3,5066 0,0011
reasoning 1,6607 0,0005
jeff 1,6607 0,0005
during 0,5447 0,0002
annotated 2,2073 0,0007
compatible 1,2040 0,0004
rump 2,3026 0,0007
enable 0,9163 0,0003
price 1,4271 0,0005
sidebar 0,0000 0,0000
limitreport 0,0000 0,0000
games 1,1394 0,0004
decoration 0,0619 0,0000
ilife 3,9120 0,0013
zip 2,4079 0,0008
calculator 2,8134 0,0009
briefly 3,2189 0,0010
reduced 0,0305 0,0000
agree 0,0101 0,0000
swelling 4,6052 0,0015
imagination 3,5066 0,0011
wgulsislanguageselectorempty 0,0000 0,0000
itself 0,6539 0,0002
versions 0,5798 0,0002
pride 3,9120 0,0013
favorite 3,5066 0,0011
spain 1,4271 0,0005
homescreens 4,6052 0,0015
kosner 4,6052 0,0015
thumb 3,5066 0,0011
ibec 4,6052 0,0015
iii 2,1203 0,0007
requests 0,9676 0,0003
event 0,7985 0,0003
wherever 3,5066 0,0011
toggle 0,0000 0,0000
appearance 0,0000 0,0000
classname 0,0000 0,0000
slivka 3,9120 0,0013
filipe 4,6052 0,0015
runs 1,0498 0,0003
first 0,0408 0,0000
span 1,4697 0,0005
nowrap 0,0408 0,0000
perfect 2,5257 0,0008
roman 0,0101 0,0000
wgrelevantpageisprobablyeditable 0,0000 0,0000
forensic 2,2073 0,0007
space 0,0408 0,0000
reference 0,7340 0,0002
ambox 0,7133 0,0002
swedish 3,2189 0,0010
ubuntu 2,2073 0,0007
bottom 0,0000 0,0000
healey 4,6052 0,0015
published 0,5798 0,0002
quicktime 3,9120 0,0013
impactor 4,6052 0,0015
magyar 0,3425 0,0001
publisher 0,0000 0,0000
imc 3,5066 0,0011
arthur 2,2073 0,0007
repair 3,2189 0,0010
tecno 3,9120 0,0013
img 0,0408 0,0000
death 2,6593 0,0009
arrival 2,8134 0,0009
according 0,5108 0,0002
interact 1,3093 0,0004
statements 0,4308 0,0001
error 0,0101 0,0000
matney 4,6052 0,0015
network 0,3711 0,0001
fuchsia 2,9957 0,0010
holding 2,2073 0,0007
shortcut 2,6593 0,0009
public 0,4155 0,0001
colored 3,2189 0,0010
track 1,3863 0,0004
value 0,0000 0,0000
enforced 2,3026 0,0007
fortune 2,3026 0,0007
iscrizioni 4,6052 0,0015
stifle 3,9120 0,0013
airdrop 2,8134 0,0009
eisenstat 3,9120 0,0013
expensive 0,0408 0,0000
newsstand 3,5066 0,0011
enforces 3,9120 0,0013
performance 0,3425 0,0001
trade 1,5606 0,0005
bluetooth 2,6593 0,0009
round 1,3471 0,0004
maint 0,0101 0,0000
unveiled 3,2189 0,0010
growth 1,2040 0,0004
platformversion 0,0000 0,0000
joswiak 3,9120 0,0013
references 0,0101 0,0000
springboard 4,6052 0,0015
objects 0,7133 0,0002
ios 1,8971 0,0006
resolution 1,9661 0,0006
building 0,4943 0,0002
setting 1,3863 0,0004
dutch 2,6593 0,0009
properly 1,3471 0,0004
ipa 3,5066 0,0011
ipc 2,1203 0,0007
ram 2,0402 0,0007
navigate 2,6593 0,0009
rao 3,2189 0,0010
unlocking 2,9957 0,0010
raw 2,1203 0,0007
ray 1,9661 0,0006
ips 3,2189 0,0010
shaking 3,2189 0,0010
extensions 1,1394 0,0004
wgcategories 0,0000 0,0000
rubinstein 3,9120 0,0013
scappato 4,6052 0,0015
qtmoko 3,9120 0,0013
providing 0,8440 0,0003
ambient 2,9957 0,0010
targeted 1,6607 0,0005
smartphones 2,3026 0,0007
legibility 3,9120 0,0013
scott 1,0217 0,0003
close 1,2730 0,0004
linked 1,5141 0,0005
michigan 2,5257 0,0008
nike 4,6052 0,0015
pulled 2,4079 0,0008
photo 2,4079 0,0008
distributor 4,6052 0,0015
fast 0,6733 0,0002
precedent 3,5066 0,0011
workout 4,6052 0,0015
calling 1,5606 0,0005
register 1,3863 0,0004
nine 2,1203 0,0007
appleinsider 3,5066 0,0011
controls 1,0788 0,0003
acm 0,8675 0,0003
adario 4,6052 0,0015
red 1,2730 0,0004
act 1,3471 0,0004
post 0,0202 0,0000
finish 2,8134 0,0009
rem 3,5066 0,0011
golson 4,6052 0,0015
swift 1,8326 0,0006
add 0,0000 0,0000
predetermined 2,9957 0,0010
its 0,0726 0,0000
article 0,0000 0,0000
parser 0,0000 0,0000
shell 1,1712 0,0004
therefore 0,7985 0,0003
adjustment 3,9120 0,0013
bridgeos 3,2189 0,0010
panther 3,9120 0,0013
parsed 0,0619 0,0000
adjustable 3,5066 0,0011
activation 2,9957 0,0010
smashing 2,9957 0,0010
trust 1,5141 0,0005
wggetopicsmatchmodeenabled 0,0000 0,0000
lifewire 3,9120 0,0013
fairplay 4,6052 0,0015
united 0,4780 0,0002
directors 2,3026 0,0007
searching 2,2073 0,0007
choose 1,4697 0,0005
directory 1,6094 0,0005
wghostname 0,0000 0,0000
commercially 2,1203 0,0007
overnight 3,9120 0,0013
behave 1,7720 0,0006
benjamin 1,7720 0,0006
undo 3,2189 0,0010
previously 1,1712 0,0004
wgtitle 0,0000 0,0000
sorry 4,6052 0,0015
ratings 3,5066 0,0011
handset 3,9120 0,0013
directories 2,4079 0,0008
ive 3,5066 0,0011
kahle 3,9120 0,0013
usages 3,9120 0,0013
hlist 0,0408 0,0000
label 0,0000 0,0000
message 0,4943 0,0002
actives 4,6052 0,0015
filesystem 2,5257 0,0008
moves 1,8326 0,0006
rlconf 0,0000 0,0000
collectively 2,0402 0,0007
smaller 1,2040 0,0004
bahasa 0,3285 0,0001
ago 0,7765 0,0003
caption 0,3711 0,0001
accessed 1,1087 0,0004
preemptive 2,3026 0,0007
years 0,3425 0,0001
gestures 3,5066 0,0011
number 0,0101 0,0000
wgbackendresponsetime 0,0000 0,0000
scrolling 3,5066 0,0011
rik 3,9120 0,0013
homescreen 3,9120 0,0013
jerry 2,8134 0,0009
newsroom 3,2189 0,0010
nothing 1,6607 0,0005
distributed 0,3857 0,0001
repaired 4,6052 0,0015
animation 1,6607 0,0005
system 0,0305 0,0000
aid 1,5141 0,0005
algorithms 1,0498 0,0003
other 0,0000 0,0000
aim 1,3093 0,0004
loadable 2,3026 0,0007
air 1,8326 0,0006
local 0,7985 0,0003
retail 2,0402 0,0007
screenshots 3,9120 0,0013
aix 2,5257 0,0008
papermaster 3,9120 0,0013
electronic 1,0788 0,0003
prototype 1,3093 0,0004
powerful 1,4697 0,0005
removed 0,7985 0,0003
rlq 0,0000 0,0000
cite 0,0000 0,0000
movement 1,5606 0,0005
infographic 3,9120 0,0013
modifies 2,9957 0,0010
sarah 3,2189 0,0010
body 0,0000 0,0000
unlocked 2,9957 0,0010
mode 0,0000 0,0000
modified 1,2730 0,0004
wozniak 3,9120 0,0013
all 0,0408 0,0000
always 0,9416 0,0003
border 0,0000 0,0000
read 0,0000 0,0000
gymkit 4,6052 0,0015
already 1,1087 0,0004
avoids 2,8134 0,0009
touch 2,1203 0,0007
clock 2,6593 0,0009
prompted 2,9957 0,0010
real 0,0408 0,0000
clientpref 0,0000 0,0000
adaptable 3,2189 0,0010
hybrid 1,4697 0,0005
swipe 3,9120 0,0013
sensor 2,5257 0,0008
unix 1,3093 0,0004
communicates 2,9957 0,0010
ron 1,8971 0,0006
wgisarticle 0,0000 0,0000
today 1,0788 0,0003
dump 3,5066 0,0011
row 0,5276 0,0002
saying 1,9661 0,0006
expo 4,6052 0,0015
wallpaper 3,5066 0,0011
reinvents 3,9120 0,0013
lewis 2,4079 0,0008
bendgate 4,6052 0,0015
any 0,2107 0,0001
cydia 4,6052 0,0015
openstep 3,9120 0,0013
watchos 3,2189 0,0010
huawei 2,2073 0,0007
dilger 4,6052 0,0015
application 0,1393 0,0000
wgflaggedrevsparams 0,0000 0,0000
papiamentu 3,9120 0,0013
until 0,7765 0,0003
collapse 0,0408 0,0000
aol 2,2073 0,0007
legend 2,2073 0,0007
wgrelevantarticleid 0,0000 0,0000
anywhere 2,0402 0,0007
heisler 4,6052 0,0015
annual 1,0788 0,0003
english 0,0000 0,0000
initiatives 1,9661 0,0006
api 0,4155 0,0001
app 1,2379 0,0004
devoted 2,9957 0,0010
margin 0,0000 0,0000
using 0,0000 0,0000
wgrequestid 0,0000 0,0000
wgbreakframes 0,0000 0,0000
containing 0,6931 0,0002
minmax 4,6052 0,0015
completed 1,3471 0,0004
viaf 2,4079 0,0008
alex 1,3863 0,0004
geek 2,8134 0,0009
photographs 3,9120 0,0013
photography 3,2189 0,0010
annually 2,6593 0,0009
wgwikibaseitemid 0,0000 0,0000
mobility 2,8134 0,0009
frequently 1,0788 0,0003
opendarwin 3,9120 0,0013
branded 3,5066 0,0011
where 0,2744 0,0001
arm 1,8971 0,0006
popular 0,6539 0,0002
macworks 3,9120 0,0013
detection 1,2730 0,0004
ars 1,3471 0,0004
complications 0,0513 0,0000
tamaddon 3,9120 0,0013
macworld 3,2189 0,0010
call 0,7985 0,0003
calf 4,6052 0,0015
oliver 2,4079 0,0008
relations 2,2073 0,0007
through 0,2107 0,0001
strength 2,8134 0,0009
centered 2,4079 0,0008
nano 2,4079 0,0008
dmca 3,2189 0,0010
run 0,5447 0,0002
individuals 1,6094 0,0005
either 0,5621 0,0002
view 0,0000 0,0000
rewriting 2,1203 0,0007
wollman 4,6052 0,0015
overlaps 3,5066 0,0011
donate 0,0000 0,0000
results 0,7985 0,0003
leena 3,9120 0,0013
motives 4,6052 0,0015
bold 0,0408 0,0000
significant 0,6931 0,0002
longer 1,0217 0,0003
galego 0,7550 0,0002
instability 3,5066 0,0011
name 0,0000 0,0000
parties 1,2379 0,0004
bulgarian 4,6052 0,0015
cputime 0,0000 0,0000
larry 1,9661 0,0006
watchlist 0,0000 0,0000
imore 3,9120 0,0013
mainstage 3,9120 0,0013
android 1,4697 0,0005
book 0,5978 0,0002
gnustep 2,9957 0,0010
show 0,0834 0,0000
description 0,0000 0,0000
edition 0,8440 0,0003
alla 4,6052 0,0015
caps 0,0619 0,0000
emails 2,6593 0,0009
playstation 2,9957 0,0010
street 1,5606 0,0005
boot 1,8326 0,0006
dotted 0,8675 0,0003
analogous 1,7720 0,0006
arrivo 4,6052 0,0015
elizabeth 2,8134 0,0009
interfaces 0,6162 0,0002
estimated 1,6607 0,0005
jailbreaks 4,6052 0,0015
target 0,0101 0,0000
hype 2,5257 0,0008
milestones 2,5257 0,0008
developers 0,0000 0,0000
deprecated 1,6607 0,0005
usage 0,0000 0,0000
jonathan 1,8326 0,0006
wgmediaviewerenabledbydefault 0,0000 0,0000
scenekit 3,9120 0,0013
jim 1,5141 0,0005
connectivity 2,1203 0,0007
statically 2,4079 0,0008
pureos 3,5066 0,0011
case 0,4155 0,0001
rene 3,9120 0,0013
generation 1,2379 0,0004
item 0,0000 0,0000
epic 2,0402 0,0007
utilizes 2,9957 0,0010
iboot 4,6052 0,0015
phone 1,8326 0,0006
sticky 0,0000 0,0000
style 0,0000 0,0000
card 1,7148 0,0006
demos 4,6052 0,0015
natt 3,9120 0,0013
bertrand 2,8134 0,0009
searchinput 0,0000 0,0000
machkovech 4,6052 0,0015
nate 3,2189 0,0010
criticized 1,6094 0,0005
architecture 0,0000 0,0000
insider 1,5606 0,0005
relatedness 4,6052 0,0015
more 0,0000 0,0000
display 0,0000 0,0000
geos 3,9120 0,0013
forbes 1,5141 0,0005
grothaus 3,9120 0,0013
sailfish 3,5066 0,0011
hunters 3,9120 0,0013
simple 0,2357 0,0001
montavista 3,9120 0,0013
cloud 0,6349 0,0002
epoc 3,9120 0,0013
luca 2,5257 0,0008
connections 1,4271 0,0005
described 0,5108 0,0002
harmonyos 3,9120 0,0013
adam 1,5606 0,0005
package 1,2379 0,0004
pronunciation 3,2189 0,0010
temporarily 2,1203 0,0007
chromeos 2,9957 0,0010
both 0,0305 0,0000
important 0,0101 0,0000
most 0,2107 0,0001
job 1,3471 0,0004
joe 1,7720 0,0006
downloadable 3,2189 0,0010
jon 1,6607 0,0005
affecting 2,2073 0,0007
database 0,4943 0,0002
causing 1,8326 0,0006
coders 2,5257 0,0008
billion 1,3863 0,0004
editgrid 3,9120 0,0013
moblin 3,9120 0,0013
oppenheimer 3,2189 0,0010
sam 1,9661 0,0006
adds 1,3093 0,0004
wgseparatortransformtable 0,0000 0,0000
rest 1,1087 0,0004
san 1,2379 0,0004
amount 1,0498 0,0003
move 0,0000 0,0000
original 0,0943 0,0000
also 0,0202 0,0000
ellison 2,9957 0,0010
say 1,4697 0,0005
discontinued 1,3471 0,0004
enough 0,9676 0,0003
certifications 2,8134 0,0009
increase 0,8916 0,0003
gets 1,4697 0,0005
kingdom 2,2073 0,0007
inline 0,0408 0,0000
favor 1,6094 0,0005
latter 1,6607 0,0005
vanguard 3,9120 0,0013
simply 0,9676 0,0003
statista 2,9957 0,0010
projects 0,0000 0,0000
switches 2,1203 0,0007
switcher 4,6052 0,0015
bar 1,4697 0,0005
complex 0,5621 0,0002
elmcip 2,3026 0,0007
gaining 2,6593 0,0009
sewell 3,9120 0,0013
documentation 0,6349 0,0002
homepod 3,5066 0,0011
personal 0,0000 0,0000
heinen 3,9120 0,0013
submitted 1,7720 0,0006
aaron 2,1203 0,0007
plans 1,3471 0,0004
switched 2,5257 0,0008
sdk 2,5257 0,0008
drive 1,3471 0,0004
guarino 4,6052 0,0015
deal 1,4697 0,0005
scheme 0,0101 0,0000
freebsd 1,7720 0,0006
affect 1,6607 0,0005
deaf 3,9120 0,0013
icon 0,0101 0,0000
slovak 3,9120 0,0013
hebrew 3,2189 0,0010
see 0,0408 0,0000
motomagx 3,9120 0,0013
vita 3,9120 0,0013
national 0,4463 0,0001
segmentation 2,3026 0,0007
subsequent 1,6094 0,0005
indicate 1,5141 0,0005
postmarketos 3,9120 0,0013
compared 1,0788 0,0003
completion 1,9661 0,0006
contain 0,0101 0,0000
set 0,2485 0,0001
jobs 1,7720 0,0006
column 0,0101 0,0000
words 1,5606 0,0005
entered 2,2073 0,0007
procedure 1,3863 0,0004
matchmaking 4,6052 0,0015
integrate 1,3471 0,0004
booting 2,8134 0,0009
battle 2,4079 0,0008
digits 2,6593 0,0009
openserver 3,2189 0,0010
navbox 0,0943 0,0000
developed 0,2357 0,0001
listitem 0,0408 0,0000
federico 2,9957 0,0010
contact 0,0000 0,0000
france 0,8675 0,0003
modal 3,5066 0,0011
programming 0,2614 0,0001
nlncr 4,6052 0,0015
searches 2,1203 0,0007
typically 0,3857 0,0001
promon 3,9120 0,0013
exploited 2,1203 0,0007
susan 2,3026 0,0007
parts 0,6349 0,0002
helps 1,3093 0,0004
shr 3,9120 0,0013
party 0,7550 0,0002
cursor 0,0619 0,0000
however 0,3011 0,0001
sources 0,5447 0,0002
sierra 2,8134 0,0009
explained 1,7148 0,0006
walltime 0,0000 0,0000
interlanguage 0,0000 0,0000
dynix 3,5066 0,0011
related 0,0000 0,0000
antone 4,6052 0,0015
sourced 2,3026 0,0007
sim 3,2189 0,0010
captured 2,8134 0,0009
clears 3,5066 0,0011
client 0,0000 0,0000
posix 2,3026 0,0007
over 0,3285 0,0001
directed 2,2073 0,0007
six 1,4271 0,0005
captures 2,9957 0,0010
false 0,0000 0,0000
nancy 2,8134 0,0009
weasel 2,8134 0,0009
kahn 3,5066 0,0011
srpskohrvatski 0,9163 0,0003
retained 3,2189 0,0010
antennagate 4,6052 0,0015
developer 0,4005 0,0001
avoid 0,0101 0,0000
big 0,8916 0,0003
expert 1,6094 0,0005
modes 1,6607 0,0005
writeups 4,6052 0,0015
bit 1,4697 0,0005
bis 2,9957 0,0010
improved 1,0498 0,0003
output 0,0000 0,0000
thanks 2,6593 0,0009
usability 1,8326 0,0006
convinced 3,2189 0,0010
corner 2,9957 0,0010
reboots 4,6052 0,0015
warranty 4,6052 0,0015
model 0,0000 0,0000
tasks 0,9416 0,0003
gruber 3,5066 0,0011
satisfied 4,6052 0,0015
unpacked 3,9120 0,0013
messaging 1,4271 0,0005
phil 2,3026 0,0007
leaderboard 4,6052 0,0015
operate 1,4271 0,0005
exclusively 1,6607 0,0005
john 0,5276 0,0002
hello 1,6607 0,0005
reconsider 3,5066 0,0011
kazakh 4,6052 0,0015
begin 1,4697 0,0005
wgvisualeditor 0,0000 0,0000
template 0,0000 0,0000
tibken 4,6052 0,0015
brought 2,2073 0,0007
payments 2,5257 0,0008
cycle 1,5141 0,0005
navbar 0,0202 0,0000
world 0,3857 0,0001
subbox 0,6931 0,0002
viewed 1,6607 0,0005
december 0,0000 0,0000
everything 1,2730 0,0004
guardian 1,8326 0,0006
italy 3,2189 0,0010
macos 1,6607 0,0005
table 0,0000 0,0000
prefers 0,0101 0,0000
side 0,3567 0,0001
cunningham 2,0402 0,0007
gaeilge 1,2040 0,0004
break 0,0101 0,0000
change 0,4463 0,0001
printable 0,0000 0,0000
hide 0,0000 0,0000
multimedia 1,5606 0,0005
polygon 2,8134 0,0009
disallows 3,5066 0,0011
report 0,0305 0,0000
shuffle 3,9120 0,0013
improvements 1,2040 0,0004
auto 0,0726 0,0000
sign 1,6607 0,0005
office 1,0788 0,0003
download 0,0000 0,0000
high 0,3425 0,0001
split 0,0000 0,0000
sos 3,9120 0,0013
bnf 0,9163 0,0003
expressed 1,6607 0,0005
different 0,0513 0,0000
directly 0,5108 0,0002
officially 1,8971 0,0006
cipriani 3,5066 0,0011
discretion 3,9120 0,0013
level 0,0000 0,0000
restrictions 1,5606 0,0005
machten 3,5066 0,0011
malay 3,9120 0,0013
behind 1,2730 0,0004
fileware 3,9120 0,0013
scores 3,5066 0,0011
wgdefaultdateformat 0,0000 0,0000
box 0,0408 0,0000
installing 2,0402 0,0007
switch 1,2730 0,0004
total 0,0000 0,0000
gonsalves 4,6052 0,0015
jony 3,9120 0,0013
chance 2,5257 0,0008
initiative 1,1087 0,0004
nature 1,0498 0,0003
social 0,8210 0,0003
src 0,6349 0,0002
wheel 3,2189 0,0010
control 0,1744 0,0001
symbian 2,2073 0,0007
unauthorized 1,9661 0,0006
attribution 0,0000 0,0000
vary 0,0619 0,0000
coherent 2,8134 0,0009
upper 0,0101 0,0000
objective 1,5141 0,0005
horrible 4,6052 0,0015
publishing 0,6931 0,0002
prompts 2,5257 0,0008
trends 1,4271 0,0005
browsing 1,8326 0,0006
multitask 3,5066 0,0011
australia 1,8971 0,0006
accept 1,7148 0,0006
badge 4,6052 0,0015
bsd 1,8326 0,0006
mission 2,1203 0,0007
tuaw 4,6052 0,0015
access 0,3011 0,0001
gorsky 3,5066 0,0011
sui 3,9120 0,0013
simi 0,9416 0,0003
extended 0,9163 0,0003
selflink 0,0101 0,0000
sur 3,2189 0,0010
current 0,0000 0,0000
zepp 3,9120 0,0013
rebranded 3,5066 0,0011
audio 1,2379 0,0004
wayne 2,9957 0,0010
key 0,0305 0,0000
manager 1,0498 0,0003
svg 1,0788 0,0003
texture 3,2189 0,0010
loads 2,6593 0,0009
makes 0,5108 0,0002
launch 1,5606 0,0005
store 0,8210 0,0003
beloved 4,6052 0,0015
tagalog 1,2040 0,0004
nuove 4,6052 0,0015
bug 1,3093 0,0004
handled 1,8326 0,0006
fourth 1,8971 0,0006
contacts 2,8134 0,0009
bus 1,6607 0,0005
headphones 3,5066 0,0011
available 0,0000 0,0000
herrlinger 4,6052 0,0015
kahney 4,6052 0,0015
frequency 1,6607 0,0005
mcsherry 4,6052 0,0015
horizontal 2,5257 0,0008
hios 3,5066 0,0011
variant 0,0619 0,0000
booted 3,5066 0,0011
dynamic 0,7133 0,0002
ritchie 2,5257 0,0008
tizen 3,5066 0,0011
written 0,3147 0,0001
shortened 0,0000 0,0000
studios 2,5257 0,0008
taiwan 2,8134 0,0009
ocean 2,9957 0,0010
sina 3,9120 0,0013
higher 0,7985 0,0003
deneve 3,9120 0,0013
brazil 2,5257 0,0008
records 1,5141 0,0005
docket 4,6052 0,0015
kim 2,1203 0,0007
devs 3,2189 0,0010
proprietary 0,9676 0,0003
kit 2,1203 0,0007
throughout 1,6094 0,0005
xenix 3,2189 0,0010
successful 1,2379 0,0004
normal 0,0202 0,0000
snell 3,5066 0,0011
types 0,4780 0,0002
consumption 1,4697 0,0005
technology 0,2357 0,0001
schonfeld 3,9120 0,0013
stone 2,9957 0,0010
eunice 3,5066 0,0011
croatian 3,9120 0,0013
litigation 2,4079 0,0008
wgcitereferencepreviewsactive 0,0000 0,0000
specially 3,9120 0,0013
brewster 3,9120 0,0013
reach 1,6094 0,0005
graphical 1,2730 0,0004
processors 1,7148 0,0006
easytimeline 2,9957 0,0010
feedback 1,3471 0,0004
hack 1,7148 0,0006
inches 4,6052 0,0015
seconds 0,0619 0,0000
review 0,7340 0,0002
weather 2,4079 0,0008
between 0,2107 0,0001
guide 0,3711 0,0001
pagevariantfallbacks 0,0000 0,0000
inclusive 2,6593 0,0009
natural 1,2040 0,0004
baseline 1,8326 0,0006
siri 2,8134 0,0009
drivers 1,6094 0,0005
notifications 1,8971 0,0006
james 0,9676 0,0003
wear 3,2189 0,0010
range 0,9416 0,0003
rock 2,8134 0,0009
announcing 1,6607 0,0005
plist 4,6052 0,0015
seeing 2,6593 0,0009
feature 0,0000 0,0000
screens 3,2189 0,0010
regular 1,2379 0,0004
dispute 2,1203 0,0007
bigger 2,5257 0,0008
suggest 2,1203 0,0007
lead 0,9943 0,0003
hits 2,4079 0,0008
catalan 3,9120 0,0013
site 0,0000 0,0000
elements 0,6349 0,0002
queue 1,2379 0,0004
argument 0,0513 0,0000
lucas 2,9957 0,0010
subsystem 2,2073 0,0007
wgpageviewlanguage 0,0000 0,0000
unofficially 3,9120 0,0013
growing 1,3093 0,0004
accesskey 0,0000 0,0000
tab 2,6593 0,0009
describing 1,2730 0,0004
plain 1,5141 0,0005
only 0,2107 0,0001
mechanisms 1,2730 0,0004
readable 1,8971 0,0006
slovenian 3,2189 0,0010
tap 3,5066 0,0011
individual 0,8916 0,0003
chartier 3,5066 0,0011
tax 1,8971 0,0006
files 0,8440 0,0003
interix 3,2189 0,0010
prohibitions 4,6052 0,0015
potentially 0,7765 0,0003
week 1,4697 0,0005
dragonfly 2,9957 0,0010
can 0,0408 0,0000
computing 0,4005 0,0001
cap 2,3026 0,0007
wgcanonicalnamespace 0,0000 0,0000
car 1,8326 0,0006
delegating 3,9120 0,0013
flex 0,5276 0,0002
floating 1,9661 0,0006
ready 0,0000 0,0000
said 1,0788 0,0003
player 2,2073 0,0007
smooth 3,9120 0,0013
reboot 3,5066 0,0011
motion 2,5257 0,0008
wgisredirect 0,0000 0,0000
limited 0,0000 0,0000
invisage 3,9120 0,0013
february 0,0000 0,0000
fingerworks 3,9120 0,0013
match 1,3093 0,0004
fault 1,2379 0,0004
hail 4,6052 0,0015
played 2,4079 0,0008
carrier 2,6593 0,0009
cbs 2,4079 0,0008
corresponding 1,3863 0,0004
response 0,8675 0,0003
responsive 0,0202 0,0000
airpods 3,9120 0,0013
category 0,3147 0,0001
wikidata 0,0000 0,0000
callparserfunction 1,4271 0,0005
