half 1,7148 0,0006
chips 3,5066 0,0013
functions 0,5978 0,0002
upload 0,0000 0,0000
ummelas 4,6052 0,0017
recognized 1,7720 0,0007
wggelevelingupenabledforuser 0,0000 0,0000
owners 1,8326 0,0007
wgrestrictionmove 0,0000 0,0000
your 0,6931 0,0003
without 0,2744 0,0001
these 0,1278 0,0000
twins 4,6052 0,0017
approved 1,9661 0,0007
introduced 0,5447 0,0002
contributions 0,0000 0,0000
protected 1,6094 0,0006
would 0,3425 0,0001
ten 1,9661 0,0007
sister 1,6094 0,0006
energy 1,4697 0,0005
successfully 1,5141 0,0006
solid 0,0202 0,0000
switzerland 2,4079 0,0009
investment 1,5606 0,0006
require 0,0000 0,0000
reserves 4,6052 0,0017
analysis 0,5108 0,0002
lion 3,2189 0,0012
scribunto 0,0000 0,0000
standards 0,6539 0,0002
correlation 2,8134 0,0010
exposure 2,4079 0,0009
moore 1,9661 0,0007
size 0,0000 0,0000
left 0,0101 0,0000
cdx 0,0000 0,0000
bubbles 3,5066 0,0013
much 0,6931 0,0003
mined 3,5066 0,0013
newspaper 3,9120 0,0014
lombard 1,1712 0,0004
cybernetics 3,2189 0,0012
independent 0,8440 0,0003
concluded 3,2189 0,0012
alleged 2,8134 0,0010
elect 4,6052 0,0017
miner 3,2189 0,0012
example 0,2744 0,0001
weis 3,9120 0,0014
gold 2,6593 0,0010
minds 2,6593 0,0010
characters 1,5606 0,0006
gehomepagesuggestededitsenabletopics 0,0000 0,0000
same 0,2357 0,0001
after 0,0305 0,0000
headline 0,0000 0,0000
huang 2,8134 0,0010
cfa 3,9120 0,0014
policy 0,0000 0,0000
editorial 2,6593 0,0010
ordered 2,3026 0,0008
address 0,8210 0,0003
fincen 4,6052 0,0017
vance 3,5066 0,0013
helium 2,9957 0,0011
union 1,5141 0,0006
abbreviation 2,6593 0,0010
pagelanguagecode 0,0000 0,0000
violating 3,5066 0,0013
transientcontent 0,0000 0,0000
yorker 3,2189 0,0012
americans 2,6593 0,0010
subtle 0,3285 0,0001
idhash 0,0619 0,0000
days 1,1087 0,0004
fifth 2,0402 0,0008
information 0,0000 0,0000
combined 1,2379 0,0005
wrap 0,0101 0,0000
adopted 1,1712 0,0004
thu 4,6052 0,0017
november 0,0000 0,0000
taipei 3,9120 0,0014
sharply 3,5066 0,0013
good 1,0217 0,0004
dominate 2,9957 0,0011
empty 0,0305 0,0000
thefts 3,9120 0,0014
compute 1,7720 0,0007
gox 3,9120 0,0014
amounts 1,7720 0,0007
hacks 2,4079 0,0009
roubini 4,6052 0,0017
exceed 2,4079 0,0009
fullversionlist 0,0000 0,0000
tim 1,0498 0,0004
're 2,0402 0,0008
export 0,0000 0,0000
others 0,4463 0,0002
chainlink 3,2189 0,0012
making 0,5108 0,0002
chi 2,6593 0,0010
pax 2,9957 0,0011
european 1,3471 0,0005
bellany 3,9120 0,0014
cryptography 1,7148 0,0006
fuels 3,2189 0,0012
pay 1,5141 0,0006
internationally 3,9120 0,0014
ccaf 4,6052 0,0017
check 1,3863 0,0005
list 0,0000 0,0000
rivals 3,2189 0,0012
wgusergroups 0,0000 0,0000
governmental 2,8134 0,0010
external 0,1863 0,0001
spending 2,2073 0,0008
treasury 3,5066 0,0013
authority 0,4780 0,0002
xrp 3,2189 0,0012
scholars 2,9957 0,0011
chile 3,5066 0,0013
child 0,0202 0,0000
santos 2,9957 0,0011
applied 0,7765 0,0003
mainentity 0,0000 0,0000
germany 0,5798 0,0002
obsolete 1,9661 0,0007
medium 1,4271 0,0005
dwork 3,2189 0,0012
remove 0,6733 0,0002
disclaimers 0,0000 0,0000
expanded 0,2231 0,0001
society 1,5141 0,0006
root 0,4943 0,0002
gavin 2,5257 0,0009
wgisprobablyeditable 0,0000 0,0000
hard 1,2379 0,0005
laureates 4,6052 0,0017
ensuring 1,3863 0,0005
bruce 1,8326 0,0007
lena 3,2189 0,0012
live 1,3093 0,0005
pct 4,6052 0,0017
ticker 2,8134 0,0010
citation 0,0101 0,0000
approval 2,1203 0,0008
blocks 1,2379 0,0005
mobile 0,0000 0,0000
multiple 0,2485 0,0001
christianson 4,6052 0,0017
peak 3,5066 0,0013
colorado 3,2189 0,0012
plainlist 0,4463 0,0002
footprint 2,5257 0,0009
pdf 0,0000 0,0000
china 1,6094 0,0006
computerworld 1,7148 0,0006
service 0,2231 0,0001
there 0,2614 0,0001
well 0,3011 0,0001
magazine 0,9943 0,0004
liebelson 4,6052 0,0017
outlook 3,2189 0,0012
bitness 0,0000 0,0000
rgba 0,0101 0,0000
named 0,8916 0,0003
qijun 4,6052 0,0017
unstripnowiki 3,5066 0,0013
lifespan 3,9120 0,0014
american 0,8675 0,0003
changing 1,1712 0,0004
entire 0,8675 0,0003
pioneer 2,8134 0,0010
approach 0,4463 0,0002
signatures 2,5257 0,0009
experiment 2,1203 0,0008
williams 2,2073 0,0008
ppvisitednodes 0,0000 0,0000
block 0,0408 0,0000
per 0,8440 0,0003
flow 0,3857 0,0001
order 0,4620 0,0002
sachs 3,5066 0,0013
pew 3,9120 0,0014
went 1,8971 0,0007
aria 0,0000 0,0000
altering 2,5257 0,0009
boxtext 0,0619 0,0000
byte 1,8971 0,0007
wgmfdisplaywikibasedescriptions 0,0000 0,0000
breuker 4,6052 0,0017
indonesia 0,3567 0,0001
reform 3,9120 0,0014
ever 1,3863 0,0005
sydney 2,9957 0,0011
winner 2,6593 0,0010
million 1,0498 0,0004
even 0,0513 0,0000
prohibited 2,6593 0,0010
esperanto 0,7133 0,0003
tagline 0,0000 0,0000
wgpopupsflags 0,0000 0,0000
cme 3,5066 0,0013
hash 2,0402 0,0008
larger 0,8440 0,0003
regexp 0,0000 0,0000
conversions 2,8134 0,0010
hundred 2,8134 0,0010
subsection 0,1508 0,0001
wgeditsubmitbuttonlabelpublish 0,0000 0,0000
boarisch 1,9661 0,0007
toc 0,0000 0,0000
protection 0,4620 0,0002
respectively 1,3863 0,0005
functionality 0,6931 0,0003
restrict 2,3026 0,0008
shutting 3,5066 0,0013
wgpagecontentmodel 0,0000 0,0000
instant 2,5257 0,0009
ton 2,9957 0,0011
tom 1,3863 0,0005
top 0,0000 0,0000
technica 1,3093 0,0005
peer 2,1203 0,0008
tezos 3,2189 0,0012
hugely 3,9120 0,0014
cnn 2,1203 0,0008
question 1,5141 0,0006
ambacoin 3,2189 0,0012
drugs 2,8134 0,0010
bought 2,3026 0,0008
ross 2,5257 0,0009
produce 1,2040 0,0004
tmulti 3,2189 0,0012
verge 1,8326 0,0007
wgnamespacenumber 0,0000 0,0000
gandal 4,6052 0,0017
requiring 1,1087 0,0004
wgwmepagelength 0,0000 0,0000
truckers 4,6052 0,0017
entity 1,5141 0,0006
com 0,8210 0,0003
capital 1,8326 0,0007
covid 1,8326 0,0007
imposed 2,5257 0,0009
measuring 2,0402 0,0008
expensivefunctioncount 0,0000 0,0000
almost 1,1087 0,0004
equally 2,8134 0,0010
laureate 4,6052 0,0017
lets 1,7720 0,0007
anchorencode 2,8134 0,0010
platforms 0,6931 0,0003
timeusage 0,0000 0,0000
biggest 1,9661 0,0007
earlier 1,2040 0,0004
academic 1,3471 0,0005
frysk 2,6593 0,0010
whether 0,7765 0,0003
function 0,0000 0,0000
west 2,2073 0,0008
owns 2,8134 0,0010
stock 1,8971 0,0007
verification 0,8440 0,0003
matthew 1,9661 0,0007
misperceptions 4,6052 0,0017
comparison 0,4155 0,0002
including 0,1985 0,0001
law 1,2379 0,0005
coins 2,9957 0,0011
surge 2,4079 0,0009
introducing 0,8916 0,0003
cpu 0,0408 0,0000
infobox 0,6931 0,0003
less 0,6162 0,0002
basis 1,1394 0,0004
affected 1,6607 0,0006
nonce 3,2189 0,0012
pcache 0,0619 0,0000
institutions 2,1203 0,0008
markets 1,9661 0,0007
coinbase 3,5066 0,0013
simplified 1,7148 0,0006
improve 0,3857 0,0001
arms 2,5257 0,0009
october 0,0000 0,0000
rarely 2,3026 0,0008
basic 0,6539 0,0002
mcmillan 2,8134 0,0010
taxation 3,5066 0,0013
disagrees 4,6052 0,0017
specialized 1,1712 0,0004
became 0,7133 0,0003
ahmed 3,2189 0,0012
university 0,5621 0,0002
policies 1,6094 0,0006
timestamping 3,2189 0,0012
units 1,4271 0,0005
artificially 3,9120 0,0014
hanyecz 4,6052 0,0017
wikiquote 1,7148 0,0006
accidentally 2,6593 0,0010
jquery 0,0000 0,0000
scripting 1,2040 0,0004
times 0,5447 0,0002
intended 0,5978 0,0002
design 0,1985 0,0001
working 0,5276 0,0002
lang 2,8134 0,0010
possibility 1,9661 0,0007
says 1,3863 0,0005
timeless 0,0101 0,0000
direction 1,5606 0,0006
economists 3,2189 0,0012
vlams 3,2189 0,0012
luasandboxcallback 1,4271 0,0005
academics 3,2189 0,0012
wgwmeschemaeditattemptstepoversample 0,0000 0,0000
despite 1,3093 0,0005
ttl 0,0000 0,0000
vitalik 3,2189 0,0012
encyclopedia 0,0000 0,0000
qatar 3,5066 0,0013
conduct 0,0000 0,0000
pizzas 3,9120 0,0014
proponents 2,3026 0,0008
redirects 1,5606 0,0006
acsac 4,6052 0,0017
stable 0,7133 0,0003
canton 4,6052 0,0017
interested 1,7720 0,0007
wall 1,8326 0,0007
authored 3,9120 0,0014
abovebelow 0,0943 0,0000
lee 1,3471 0,0005
supply 1,7148 0,0006
microbitcoin 4,6052 0,0017
concern 1,4697 0,0005
oversight 2,3026 0,0008
leo 3,2189 0,0012
pref 0,0000 0,0000
gofundme 4,6052 0,0017
n't 0,7765 0,0003
state 0,4620 0,0002
csrftoken 0,0000 0,0000
snub 3,9120 0,0014
events 0,0000 0,0000
element 0,0000 0,0000
filecoin 3,2189 0,0012
environmental 1,8971 0,0007
began 0,7985 0,0003
edited 0,0000 0,0000
night 0,0000 0,0000
want 1,5606 0,0006
gertrude 3,5066 0,0013
each 0,1393 0,0001
mediawiki 1,0788 0,0004
stecklow 4,6052 0,0017
input 0,0000 0,0000
stablecoin 3,5066 0,0013
musk 3,5066 0,0013
pisa 3,9120 0,0014
wang 2,1203 0,0008
hileman 3,9120 0,0014
offering 1,1087 0,0004
creating 0,6539 0,0002
must 0,4620 0,0002
styles 0,0834 0,0000
finley 2,9957 0,0011
actions 0,0000 0,0000
items 0,5108 0,0002
datawrapper 1,6094 0,0006
fungibility 4,6052 0,0017
powell 3,5066 0,0013
dwolla 4,6052 0,0017
unpinned 0,0000 0,0000
cut 1,8326 0,0007
jurisdiction 3,2189 0,0012
natasha 3,5066 0,0013
alemannisch 2,3026 0,0008
facto 2,5257 0,0009
screenshot 2,6593 0,0010
ward 2,3026 0,0008
networks 0,8210 0,0003
facts 2,1203 0,0008
prize 2,5257 0,0009
two 0,2744 0,0001
promote 1,9661 0,0007
routing 1,8326 0,0007
found 0,6162 0,0002
attack 1,4697 0,0005
does 0,2744 0,0001
equihash 3,2189 0,0012
reported 1,3471 0,0005
pow 3,5066 0,0013
currency 2,9957 0,0011
trillion 2,8134 0,0010
creation 0,8210 0,0003
datepublished 0,0000 0,0000
latest 0,9676 0,0004
modifying 2,0402 0,0008
validate 2,2073 0,0008
coinye 3,2189 0,0012
receive 1,2730 0,0005
espresso 3,9120 0,0014
dodd 4,6052 0,0017
languages 0,0000 0,0000
occurred 2,2073 0,0008
refused 2,8134 0,0010
krause 3,9120 0,0014
deflation 3,9120 0,0014
services 0,3425 0,0001
theft 2,4079 0,0009
wgusername 0,0000 0,0000
powerless 4,6052 0,0017
watch 1,7148 0,0006
collapses 3,9120 0,0014
thing 1,8971 0,0007
karame 3,9120 0,0014
buys 2,2073 0,0008
consortium 1,8326 0,0007
superscript 3,5066 0,0013
megabyte 3,9120 0,0014
goods 2,6593 0,0010
needing 0,8440 0,0003
had 0,4943 0,0002
mukkamala 4,6052 0,0017
source 0,2107 0,0001
align 0,0101 0,0000
ieee 0,8440 0,0003
hal 1,9661 0,0007
kevin 1,5606 0,0006
late 1,0217 0,0004
school 1,5606 0,0006
wolff 3,2189 0,0012
continue 1,3471 0,0005
hao 3,5066 0,0013
things 1,1087 0,0004
hbar 3,2189 0,0012
erik 2,3026 0,0008
tech 1,2040 0,0004
given 0,6931 0,0003
hayek 3,9120 0,0014
last 0,0000 0,0000
involves 1,0498 0,0004
crimes 2,8134 0,0010
imageright 0,2614 0,0001
eric 1,1394 0,0004
weight 0,0101 0,0000
intrinsic 2,6593 0,0010
surprising 2,8134 0,0010
technologies 0,5978 0,0002
judmayer 4,6052 0,0017
exposing 2,9957 0,0011
roberts 2,3026 0,0008
fixed 0,9676 0,0004
page 0,0000 0,0000
employees 1,7720 0,0007
full 0,0202 0,0000
cryptographer 3,5066 0,0013
away 1,4271 0,0005
cards 1,7720 0,0007
memory 0,0408 0,0000
plural 4,6052 0,0017
sinks 3,9120 0,0014
scientist 1,6094 0,0006
concept 0,5978 0,0002
impossible 1,8971 0,0007
chewa 4,6052 0,0017
resistant 2,6593 0,0010
effort 1,2040 0,0004
seputyte 4,6052 0,0017
minimal 1,2730 0,0005
jacob 2,3026 0,0008
vote 2,8134 0,0010
early 0,5276 0,0002
sameas 0,0000 0,0000
convention 2,2073 0,0008
overview 0,5447 0,0002
opposing 3,9120 0,0014
center 0,0000 0,0000
purchase 1,7720 0,0007
start 0,7985 0,0003
contentious 3,5066 0,0013
volatile 2,9957 0,0011
langenheldt 4,6052 0,0017
generic 1,5141 0,0006
pts 4,6052 0,0017
equal 1,9661 0,0007
fund 2,5257 0,0009
jerome 3,9120 0,0014
wikimedia 0,0000 0,0000
recipient 2,5257 0,0009
initially 1,0788 0,0004
short 0,0000 0,0000
time 0,0000 0,0000
vertcoin 3,2189 0,0012
titled 2,4079 0,0009
finance 1,8326 0,0007
pricing 2,0402 0,0008
applications 0,2231 0,0001
rebecca 3,2189 0,0012
measured 1,8326 0,0007
regulate 2,8134 0,0010
enwikimwclientpreferences 0,0000 0,0000
petr 4,6052 0,0017
infeasible 3,2189 0,0012
interactive 0,4463 0,0002
governments 1,9661 0,0007
program 0,4155 0,0002
complementary 2,6593 0,0010
three 0,3711 0,0001
required 0,5108 0,0002
twitter 1,7720 0,0007
identified 1,1394 0,0004
carbon 1,8971 0,0007
controversial 2,3026 0,0008
payment 2,2073 0,0008
hardware 0,5798 0,0002
grows 2,3026 0,0008
sociologist 3,9120 0,0014
hyperledger 2,9957 0,0011
laws 2,3026 0,0008
cameron 2,5257 0,0009
iran 2,9957 0,0011
iraq 3,5066 0,0013
dates 0,5798 0,0002
creative 0,0000 0,0000
nederlands 0,1985 0,0001
multiimageinner 3,2189 0,0012
allocate 2,1203 0,0008
wayback 0,7985 0,0003
arben 4,6052 0,0017
taproot 4,6052 0,0017
requires 0,5798 0,0002
joule 3,5066 0,0013
anarchists 4,6052 0,0017
loh 4,6052 0,0017
log 0,0000 0,0000
reliability 1,1712 0,0004
wgcheckuserclienthintsheadersjsapi 0,0000 0,0000
euskara 0,5108 0,0002
mailing 1,8971 0,0007
confirmed 2,2073 0,0008
layer 0,8916 0,0003
smart 1,3471 0,0005
proshares 3,9120 0,0014
unknown 1,4697 0,0005
computer 0,2231 0,0001
fundraising 3,9120 0,0014
andreas 2,3026 0,0008
low 0,7133 0,0003
timingprofile 0,0000 0,0000
theme 0,0000 0,0000
cryptographic 2,1203 0,0008
yin 3,5066 0,0013
ledger 2,8134 0,0010
wealth 2,9957 0,0011
means 0,5621 0,0002
postexpandincludesize 0,0000 0,0000
chain 1,5606 0,0006
fiasco 4,6052 0,0017
funding 1,6094 0,0006
wallet 2,5257 0,0009
o'neill 4,6052 0,0017
initial 0,3857 0,0001
chair 2,8134 0,0010
unstrip 0,0000 0,0000
centre 2,5257 0,0009
reverse 2,0402 0,0008
adversary 2,8134 0,0010
harney 4,6052 0,0017
performed 1,0788 0,0004
templateargumentsize 0,0000 0,0000
vedran 3,9120 0,0014
january 0,0000 0,0000
permanent 0,0000 0,0000
centralization 3,9120 0,0014
asturianu 1,2730 0,0005
nakamoto 3,5066 0,0013
chan 2,6593 0,0010
facility 1,8326 0,0007
clip 3,2189 0,0012
small 0,0305 0,0000
before 0,0305 0,0000
theader 3,2189 0,0012
castillo 2,9957 0,0011
dai 2,9957 0,0011
him 2,1203 0,0008
italic 0,1278 0,0000
dan 0,9943 0,0004
dao 3,2189 0,0012
shows 1,5141 0,0006
bloom 3,2189 0,0012
emmanouil 4,6052 0,0017
major 0,5621 0,0002
papa 4,6052 0,0017
celebrated 3,9120 0,0014
hiroko 3,9120 0,0014
funds 2,6593 0,0010
scheuermann 4,6052 0,0017
day 0,0000 0,0000
keeps 2,3026 0,0008
potential 1,0788 0,0004
group 0,0408 0,0000
awaited 3,5066 0,0013
retailers 3,5066 0,0013
imports 3,5066 0,0013
sparks 3,5066 0,0013
created 0,4155 0,0002
island 2,6593 0,0010
minutes 1,9661 0,0007
numerically 3,9120 0,0014
workshop 1,5606 0,0006
format 0,0101 0,0000
klaus 2,9957 0,0011
history 0,0000 0,0000
illegal 2,2073 0,0008
careless 3,5066 0,0013
square 2,3026 0,0008
twice 1,9661 0,0007
posner 4,6052 0,0017
interference 2,8134 0,0010
launches 1,5606 0,0006
anarchist 4,6052 0,0017
credentials 2,2073 0,0008
mike 1,2040 0,0004
wgrestrictionedit 0,0000 0,0000
part 0,2231 0,0001
authers 4,6052 0,0017
wgpageparsereport 0,0000 0,0000
their 0,1165 0,0000
sheidlower 4,6052 0,0017
percent 1,7720 0,0007
debut 2,9957 0,0011
general 0,0000 0,0000
september 0,0000 0,0000
datemodified 0,0619 0,0000
dated 1,1087 0,0004
rediscovered 3,9120 0,0014
editors 0,0000 0,0000
chen 1,7148 0,0006
padding 0,0000 0,0000
process 0,2485 0,0001
requirements 0,6349 0,0002
built 0,5108 0,0002
alternative 0,7765 0,0003
clear 0,0101 0,0000
lectures 3,9120 0,0014
ltr 0,0000 0,0000
behrendt 4,6052 0,0017
cymraeg 1,4697 0,0005
economics 2,2073 0,0008
listed 1,5606 0,0006
third 0,5621 0,0002
approve 2,9957 0,0011
mean 1,3471 0,0005
valued 2,8134 0,0010
earn 2,9957 0,0011
lua 0,0513 0,0000
cheng 2,3026 0,0008
cooper 2,6593 0,0010
further 0,3567 0,0001
account 0,0000 0,0000
hodl 4,6052 0,0017
been 0,2231 0,0001
mostly 1,2730 0,0005
regulated 2,8134 0,0010
dansk 0,5798 0,0002
mutually 2,8134 0,0010
jumps 3,2189 0,0012
del 3,2189 0,0012
uyghurche 1,9661 0,0007
den 2,8134 0,0010
vashek 4,6052 0,0017
subunits 4,6052 0,0017
path 1,1712 0,0004
chia 2,8134 0,0010
record 1,1394 0,0004
fiat 3,5066 0,0013
abbr 0,0619 0,0000
chicago 2,4079 0,0009
you 0,0101 0,0000
accepting 3,2189 0,0012
announcement 2,0402 0,0008
jump 0,0000 0,0000
soft 2,1203 0,0008
databases 0,3567 0,0001
narratives 4,6052 0,0017
banks 2,3026 0,0008
nervos 3,2189 0,0012
impact 0,9676 0,0004
profile 1,1394 0,0004
active 0,8210 0,0003
bill 1,5606 0,0006
july 0,0000 0,0000
opportunity 2,2073 0,0008
gridcoin 3,2189 0,0012
easy 1,1087 0,0004
population 2,2073 0,0008
tags 0,0000 0,0000
senior 2,0402 0,0008
skeptics 3,9120 0,0014
valuation 2,8134 0,0010
domain 0,6931 0,0003
recalibrated 4,6052 0,0017
unicode 2,1203 0,0008
millions 1,8971 0,0007
relative 1,7148 0,0006
average 2,1203 0,0008
popper 2,8134 0,0010
subgroup 0,0513 0,0000
bodies 1,8326 0,0007
cited 2,0402 0,0008
hot 2,6593 0,0010
investments 2,8134 0,0010
transparent 0,0619 0,0000
how 0,0834 0,0000
adoption 0,8675 0,0003
journal 0,4780 0,0002
unlike 1,2040 0,0004
term 0,5798 0,0002
sparkes 4,6052 0,0017
embedded 0,9416 0,0003
business 0,3567 0,0001
mini 0,0619 0,0000
shumailov 4,6052 0,0017
staff 1,7720 0,0007
involve 1,4271 0,0005
possible 0,5276 0,0002
right 0,0101 0,0000
idref 2,0402 0,0008
march 0,0000 0,0000
yuan 3,9120 0,0014
june 0,0000 0,0000
wikitext 0,0000 0,0000
meet 1,2379 0,0005
wggestructuredtaskrejectionreasontextinputenabled 0,0000 0,0000
calls 0,0408 0,0000
series 0,5798 0,0002
junk 3,9120 0,0014
paul 0,7765 0,0003
under 0,0101 0,0000
compete 2,9957 0,0011
ryan 1,6094 0,0006
tolerant 2,6593 0,0010
added 0,4308 0,0002
repealed 4,6052 0,0017
sometimes 0,6931 0,0003
quantities 2,9957 0,0011
questions 1,4271 0,0005
retrieved 0,0000 0,0000
autocapitalize 0,0000 0,0000
down 0,8440 0,0003
deterministically 3,5066 0,0013
hold 1,3471 0,0005
div 0,0000 0,0000
chinese 1,5141 0,0006
ethereum 2,9957 0,0011
later 0,3857 0,0001
raghava 4,6052 0,0017
adding 0,6733 0,0002
legal 1,1712 0,0004
wgpagename 0,0000 0,0000
talk 0,0000 0,0000
tali 4,6052 0,0017
banff 4,6052 0,0017
computational 1,2040 0,0004
ignored 1,6607 0,0006
commonly 0,6931 0,0003
puzzles 2,8134 0,0010
ecash 3,9120 0,0014
planet 2,6593 0,0010
sampson 4,6052 0,0017
count 0,0513 0,0000
enforcement 2,0402 0,0008
remained 2,5257 0,0009
hatnote 0,2107 0,0001
ssrn 2,3026 0,0008
scholar 1,5141 0,0006
mazur 3,9120 0,0014
pinnable 0,0000 0,0000
take 0,6733 0,0002
danny 3,5066 0,0013
acceptance 1,9661 0,0007
month 1,6094 0,0006
varies 2,0402 0,0008
wgrevisionid 0,0000 0,0000
forked 2,6593 0,0010
cryptology 2,8134 0,0010
freezes 4,6052 0,0017
some 0,1744 0,0001
loan 3,9120 0,0014
virtual 0,4620 0,0002
beginning 1,1712 0,0004
rather 0,5978 0,0002
additional 0,0000 0,0000
laszlo 4,6052 0,0017
back 0,6539 0,0002
denominations 4,6052 0,0017
wgmonthnames 0,0000 0,0000
dominic 3,9120 0,0014
title 0,0000 0,0000
patroltoken 0,0000 0,0000
primarily 0,9943 0,0004
states 0,4463 0,0002
trow 3,2189 0,0012
incentives 2,6593 0,0010
goldman 2,8134 0,0010
alpha 0,0101 0,0000
company 0,5621 0,0002
maria 2,6593 0,0010
thomas 0,8675 0,0003
ricardo 3,5066 0,0013
just 0,4943 0,0002
owner 1,5606 0,0006
custom 0,0000 0,0000
kiswahili 1,2730 0,0005
tron 3,2189 0,0012
concerns 1,1087 0,0004
tracks 1,8971 0,0007
home 0,8916 0,0003
michael 0,7133 0,0003
schedule 1,6607 0,0006
print 0,0000 0,0000
nodes 1,3471 0,0005
approximately 1,8971 0,0007
hua 4,6052 0,0017
owned 1,8971 0,0007
beach 3,5066 0,0013
inherit 0,0101 0,0000
overwhelming 3,9120 0,0014
klint 2,9957 0,0011
alexandra 2,8134 0,0010
recommends 2,4079 0,0009
articles 0,0000 0,0000
showing 1,7720 0,0007
bitcoin 2,9957 0,0011
president 1,9661 0,0007
unspent 4,6052 0,0017
suzanne 3,2189 0,0012
brothers 3,9120 0,0014
dropped 1,7720 0,0007
variants 1,7148 0,0006
zhang 2,1203 0,0008
hope 2,5257 0,0009
payer 4,6052 0,0017
elliott 3,5066 0,0013
payee 4,6052 0,0017
dmy 0,0000 0,0000
executive 1,7148 0,0006
navigation 0,0000 0,0000
action 1,2040 0,0004
guidelines 1,2730 0,0005
lock 0,0101 0,0000
text 0,0000 0,0000
usually 0,4780 0,0002
fear 2,9957 0,0011
gauge 2,9957 0,0011
cookie 0,0000 0,0000
researchers 1,3093 0,0005
made 0,3857 0,0001
electrical 1,4271 0,0005
signed 1,7720 0,0007
being 0,3147 0,0001
protest 3,2189 0,0012
sensitive 1,2730 0,0005
bito 3,9120 0,0014
encodes 3,9120 0,0014
loading 0,0000 0,0000
bitcoins 3,2189 0,0012
brackets 0,0619 0,0000
contents 0,0000 0,0000
millibitcoin 4,6052 0,0017
reached 2,0402 0,0008
explorer 1,7148 0,0006
safemoon 3,2189 0,0012
scrypt 3,2189 0,0012
doi 0,4155 0,0002
machinery 1,4271 0,0005
status 0,0000 0,0000
trading 2,1203 0,0008
satoshi 3,5066 0,0013
clients 1,0788 0,0004
longest 2,9957 0,0011
maidenberg 4,6052 0,0017
curve 2,1203 0,0008
operates 1,6607 0,0006
serves 2,0402 0,0008
dot 2,6593 0,0010
skin 0,0000 0,0000
inflated 3,9120 0,0014
eight 1,8326 0,0007
robert 0,9676 0,0004
file 0,0000 0,0000
government 1,2730 0,0005
known 0,3147 0,0001
joshua 1,8326 0,0007
herald 3,5066 0,0013
overpriced 4,6052 0,0017
periods 2,8134 0,0010
steve 1,1394 0,0004
man 1,8971 0,0007
wgnoticeproject 0,0000 0,0000
klein 3,2189 0,0012
renminbi 4,6052 0,0017
hannah 2,9957 0,0011
may 0,0000 0,0000
nigeria 2,8134 0,0010
advocates 2,3026 0,0008
max 0,0513 0,0000
socially 3,5066 0,0013
within 0,3011 0,0001
could 0,4780 0,0002
forward 1,3093 0,0005
topics 1,1087 0,0004
discarding 3,9120 0,0014
heats 3,9120 0,0014
marks 2,4079 0,0009
menu 0,0000 0,0000
url 0,0000 0,0000
kroll 3,5066 0,0013
unidad 4,6052 0,0017
gearing 4,6052 0,0017
entities 0,0305 0,0000
machine 0,3425 0,0001
bhutan 4,6052 0,0017
wgulsiscompactlinksenabled 0,0000 0,0000
comparable 2,9957 0,0011
return 0,0000 0,0000
fees 2,3026 0,0008
usa 1,6094 0,0006
instance 0,8675 0,0003
mail 2,3026 0,0008
stinging 4,6052 0,0017
subject 1,1087 0,0004
use 0,0000 0,0000
practically 2,6593 0,0010
usd 2,9957 0,0011
recognition 1,6607 0,0006
main 0,0000 0,0000
serve 1,4271 0,0005
nigel 3,2189 0,0012
injective 3,2189 0,0012
wright 2,0402 0,0008
confused 1,2730 0,0005
circulating 3,9120 0,0014
solution 0,8916 0,0003
concentrated 3,5066 0,0013
monopoly 3,2189 0,0012
logo 0,0000 0,0000
international 0,3011 0,0001
intensive 2,2073 0,0008
alter 2,1203 0,0008
dreyfuss 3,9120 0,0014
waste 2,5257 0,0009
feds 3,5066 0,0013
romain 3,5066 0,0013
titcoin 3,2189 0,0012
accepts 2,5257 0,0009
baht 4,6052 0,0017
divisible 4,6052 0,0017
utc 0,0000 0,0000
occur 1,3093 0,0005
difficult 0,9163 0,0003
establishment 2,6593 0,0010
ideas 1,4271 0,0005
canonical 0,0408 0,0000
film 1,8971 0,0007
ecrime 4,6052 0,0017
sistersitebox 0,6539 0,0002
steps 1,5606 0,0006
becomes 1,2730 0,0005
wgcurrevisionid 0,0000 0,0000
null 0,0000 0,0000
background 0,0101 0,0000
lists 0,8916 0,0003
true 0,0000 0,0000
header 0,0000 0,0000
nepal 3,9120 0,0014
valley 2,8134 0,0010
position 1,6094 0,0006
watchtoken 0,0000 0,0000
present 0,9676 0,0004
since 0,3425 0,0001
petro 3,2189 0,0012
salvador 3,5066 0,0013
dangerous 2,4079 0,0009
surveys 1,9661 0,0007
best 0,7985 0,0003
symbols 2,0402 0,0008
bailout 4,6052 0,0017
ball 2,6593 0,0010
foreach 0,0000 0,0000
bali 2,8134 0,0010
cardano 3,2189 0,0012
competitor 2,8134 0,0010
repeat 0,0101 0,0000
threats 2,2073 0,0008
louis 2,5257 0,0009
regulating 3,5066 0,0013
justification 3,2189 0,0012
physical 1,0498 0,0004
included 0,6931 0,0003
make 0,3857 0,0001
met 2,1203 0,0008
frac 4,6052 0,0017
weippl 4,6052 0,0017
attempting 2,0402 0,0008
falling 3,2189 0,0012
opposed 1,7148 0,0006
processes 0,7550 0,0003
krugman 3,9120 0,0014
imeraj 4,6052 0,0017
surges 3,5066 0,0013
structure 0,7765 0,0003
stake 2,5257 0,0009
conventional 1,6607 0,0006
regulation 2,0402 0,0008
tutorials 2,1203 0,0008
bytes 0,0408 0,0000
conform 1,9661 0,0007
circulation 3,9120 0,0014
online 0,7340 0,0003
threat 1,9661 0,0007
merchants 3,9120 0,0014
coming 1,7148 0,0006
activated 2,5257 0,0009
multisig 4,6052 0,0017
tamper 3,9120 0,0014
feared 3,9120 0,0014
comst 4,6052 0,0017
judith 3,9120 0,0014
enters 3,5066 0,0013
logos 3,5066 0,0013
nuri 3,5066 0,0013
crash 1,6094 0,0006
lbry 3,2189 0,0012
messina 4,6052 0,0017
quotes 0,0101 0,0000
cover 1,6607 0,0006
quoted 2,4079 0,0009
bank 2,1203 0,0008
above 1,0788 0,0004
blockades 4,6052 0,0017
disappearing 4,6052 0,0017
recursion 0,0513 0,0000
released 0,5447 0,0002
czech 0,9163 0,0003
height 0,0101 0,0000
boxes 2,4079 0,0009
maguder 4,6052 0,0017
based 0,0834 0,0000
august 0,0000 0,0000
module 0,0000 0,0000
namecoin 3,2189 0,0012
wikibase 0,0619 0,0000
denationalisation 3,9120 0,0014
hijacking 2,9957 0,0011
received 1,4271 0,0005
benefit 1,5606 0,0006
miners 3,5066 0,0013
illicit 3,2189 0,0012
highest 0,0513 0,0000
unique 1,2379 0,0005
processing 0,5978 0,0002
hrvatski 0,7550 0,0003
invested 2,3026 0,0008
shiller 3,9120 0,0014
components 0,5276 0,0002
katharina 4,6052 0,0017
notheme 0,3711 0,0001
ethan 2,9957 0,0011
seizure 3,5066 0,0013
tayal 4,6052 0,0017
association 1,1087 0,0004
slams 4,6052 0,0017
global 0,7985 0,0003
long 0,5621 0,0002
landfill 3,5066 0,0013
occitan 1,8326 0,0007
fell 3,2189 0,0012
into 0,1985 0,0001
identities 2,3026 0,0008
min 0,1165 0,0000
greece 2,8134 0,0010
christian 2,1203 0,0008
ian 1,7148 0,0006
mit 1,2040 0,0004
examined 2,5257 0,0009
free 0,0000 0,0000
hijfte 4,6052 0,0017
ought 2,9957 0,0011
expression 1,4271 0,0005
though 0,8440 0,0003
slang 3,9120 0,0014
mann 2,8134 0,0010
bans 2,9957 0,0011
many 0,2357 0,0001
people 0,5276 0,0002
firo 3,2189 0,0012
stay 2,4079 0,0009
velde 4,6052 0,0017
debuts 2,9957 0,0011
collaboration 1,1394 0,0004
associated 0,6931 0,0003
mismatch 2,2073 0,0008
vigna 3,2189 0,0012
oclc 1,2040 0,0004
untethered 3,9120 0,0014
open 0,1625 0,0001
circumvent 2,9957 0,0011
protects 2,8134 0,0010
treat 1,8971 0,0007
conforms 2,8134 0,0010
tbody 0,6931 0,0003
afterward 3,9120 0,0014
obligations 3,2189 0,0012
project 0,3011 0,0001
inside 0,0101 0,0000
genesis 2,5257 0,0009
heckman 3,9120 0,0014
techcrunch 1,3093 0,0005
jean 1,8971 0,0007
monero 3,2189 0,0012
bernice 4,6052 0,0017
diana 2,9957 0,0011
five 0,9943 0,0004
invert 2,9957 0,0011
monospace 2,0402 0,0008
solutions 0,7765 0,0003
wursthorn 4,6052 0,0017
finding 1,3093 0,0005
secures 3,9120 0,0014
look 1,1394 0,0004
polkadot 3,2189 0,0012
ido 1,2730 0,0005
regulator 3,9120 0,0014
weindling 4,6052 0,0017
proposals 2,3026 0,0008
internet 0,5447 0,0002
allow 0,4155 0,0002
analysts 2,2073 0,0008
wired 1,1712 0,0004
pinned 0,0000 0,0000
delusion 4,6052 0,0017
reasons 1,1394 0,0004
displacing 4,6052 0,0017
isbn 0,1054 0,0000
buterin 3,2189 0,0012
proper 1,5606 0,0006
update 0,6733 0,0002
commerce 2,3026 0,0008
rouge 4,6052 0,0017
bitter 4,6052 0,0017
stocks 2,9957 0,0011
recognised 4,6052 0,0017
common 0,3711 0,0001
mastering 2,4079 0,0009
placeholder 0,0000 0,0000
every 0,6162 0,0002
rauchs 3,9120 0,0014
basa 2,0402 0,0008
salvadorans 4,6052 0,0017
winning 2,9957 0,0011
alvarez 4,6052 0,0017
apply 0,0000 0,0000
again 1,2379 0,0005
stockpile 3,9120 0,0014
bars 3,2189 0,0012
money 1,6094 0,0006
zhe 4,6052 0,0017
xinhua 4,6052 0,0017
avalanche 3,2189 0,0012
andolfatto 4,6052 0,0017
chronological 3,2189 0,0012
mark 0,8210 0,0003
base 0,0513 0,0000
euphoria 3,9120 0,0014
simonite 3,5066 0,0013
larson 3,9120 0,0014
trend 1,8971 0,0007
desirable 2,3026 0,0008
whole 1,2040 0,0004
during 0,5447 0,0002
cryptocurrencies 3,2189 0,0012
movies 2,4079 0,0009
lost 1,6094 0,0006
price 1,4271 0,0005
safety 1,3093 0,0005
sidebar 0,0000 0,0000
treasuries 4,6052 0,0017
limitreport 0,0000 0,0000
decoration 0,0619 0,0000
reflist 0,0101 0,0000
slate 3,5066 0,0013
attempts 1,6094 0,0006
van 1,3093 0,0005
var 0,0000 0,0000
work 0,3285 0,0001
lose 2,3026 0,0008
matt 1,7720 0,0007
constitute 2,6593 0,0010
reduced 0,0305 0,0000
agree 0,0101 0,0000
heidelberg 2,6593 0,0010
wgulsislanguageselectorempty 0,0000 0,0000
kleiman 3,5066 0,0013
among 0,5276 0,0002
anyone 1,7148 0,0006
nedersaksies 2,9957 0,0011
iban 4,6052 0,0017
srpski 0,3711 0,0001
registration 0,0101 0,0000
word 0,0101 0,0000
stated 1,2730 0,0005
theory 1,0217 0,0004
broadcast 2,9957 0,0011
metamask 3,2189 0,0012
spain 1,4271 0,0005
specifies 1,9661 0,0007
extension 0,7133 0,0003
algeria 3,9120 0,0014
olga 3,9120 0,0014
donations 3,2189 0,0012
seize 3,9120 0,0014
steem 3,2189 0,0012
oberman 4,6052 0,0017
foundation 0,0000 0,0000
secret 1,8326 0,0007
brickell 4,6052 0,0017
nick 1,8971 0,0007
across 0,5798 0,0002
uniform 1,7148 0,0006
fall 1,5606 0,0006
identity 1,3863 0,0005
moreover 2,1203 0,0008
mysterious 4,6052 0,0017
federal 1,7148 0,0006
verify 1,8971 0,0007
collective 2,2073 0,0008
established 1,1712 0,0004
reward 2,8134 0,0010
computationally 2,6593 0,0010
include 0,0202 0,0000
alongside 1,6607 0,0006
agency 1,7720 0,0007
disagreement 3,5066 0,0013
massmutual 4,6052 0,0017
toggle 0,0000 0,0000
mohammed 3,9120 0,0014
appearance 0,0000 0,0000
bitfinex 4,6052 0,0017
alexander 1,5606 0,0006
classname 0,0000 0,0000
stifter 4,6052 0,0017
culture 1,5141 0,0006
regulations 2,2073 0,0008
censor 4,6052 0,0017
anonymous 2,1203 0,0008
exists 1,3093 0,0005
spam 2,4079 0,0009
schmitt 3,9120 0,0014
first 0,0408 0,0000
algorand 3,2189 0,0012
span 1,4697 0,0005
nowrap 0,0408 0,0000
tirole 3,9120 0,0014
roman 0,0101 0,0000
existence 1,9661 0,0007
poll 3,5066 0,0013
wgrelevantpageisprobablyeditable 0,0000 0,0000
float 0,0101 0,0000
transclusion 0,0619 0,0000
space 0,0408 0,0000
portfolio 2,6593 0,0010
struggles 4,6052 0,0017
toclimit 2,6593 0,0010
driebusch 4,6052 0,0017
resolves 4,6052 0,0017
ver 3,5066 0,0013
tether 3,2189 0,0012
bottom 0,0000 0,0000
mining 1,6094 0,0006
published 0,5798 0,0002
fossil 2,8134 0,0010
argente 4,6052 0,0017
revision 0,0000 0,0000
magyar 0,3425 0,0001
eds 1,3471 0,0005
voorhees 3,5066 0,0013
publisher 0,0000 0,0000
leboa 3,9120 0,0014
permissive 2,2073 0,0008
seems 2,8134 0,0010
arthur 2,2073 0,0008
img 0,0408 0,0000
imf 3,5066 0,0013
blockchains 2,9957 0,0011
o'reilly 0,6733 0,0002
steal 2,6593 0,0010
according 0,5108 0,0002
statements 0,4308 0,0002
rlstate 0,0000 0,0000
error 0,0101 0,0000
platform 0,0000 0,0000
vicky 4,6052 0,0017
network 0,3711 0,0001
holding 2,2073 0,0008
toclevel 2,6593 0,0010
zazaki 2,2073 0,0008
paper 1,0217 0,0004
public 0,4155 0,0002
validated 2,3026 0,0008
spend 1,9661 0,0007
craig 2,0402 0,0008
austrian 3,9120 0,0014
hajric 3,9120 0,0014
ashlee 3,9120 0,0014
value 0,0000 0,0000
faverio 4,6052 0,0017
mcgee 4,6052 0,0017
fortune 2,3026 0,0008
monetary 2,8134 0,0010
opaque 2,5257 0,0009
stifle 3,9120 0,0014
stijn 4,6052 0,0017
traded 2,9957 0,0011
airdrop 2,8134 0,0010
spent 2,0402 0,0008
verified 2,5257 0,0009
resources 0,5447 0,0002
trades 3,9120 0,0014
expensive 0,0408 0,0000
inu 3,2189 0,0012
performance 0,3425 0,0001
stolen 2,5257 0,0009
maint 0,0101 0,0000
wiktionary 0,5798 0,0002
growth 1,2040 0,0004
platformversion 0,0000 0,0000
nandita 4,6052 0,0017
demographics 3,5066 0,0013
canaan 3,5066 0,0013
references 0,0101 0,0000
saved 0,0619 0,0000
year 0,7550 0,0003
leading 1,0498 0,0004
via 0,3011 0,0001
understanding 0,9163 0,0003
because 0,0000 0,0000
moving 1,1712 0,0004
invented 1,9661 0,0007
springer 0,9676 0,0004
asharq 4,6052 0,0017
rao 3,2189 0,0012
unlikely 2,3026 0,0008
wences 3,5066 0,0013
upgrade 1,7720 0,0007
unlocking 2,9957 0,0011
pool 2,1203 0,0008
economy 2,2073 0,0008
community 0,0000 0,0000
version 0,0000 0,0000
authorities 2,5257 0,0009
vries 3,5066 0,0013
hamrick 4,6052 0,0017
contains 0,7550 0,0003
wgcategories 0,0000 0,0000
stop 1,5606 0,0006
bjorn 4,6052 0,0017
eesti 0,3285 0,0001
science 0,5447 0,0002
restaurants 4,6052 0,0017
institute 1,0498 0,0004
charged 3,2189 0,0012
businessweek 2,5257 0,0009
weeks 2,1203 0,0008
primer 2,3026 0,0008
essence 3,2189 0,0012
least 0,9676 0,0004
swissinfo 4,6052 0,0017
zcash 3,2189 0,0012
dollar 2,6593 0,0010
posted 2,8134 0,0010
prohibition 3,5066 0,0013
browne 2,9957 0,0011
wikipedia 0,0000 0,0000
scots 1,8971 0,0007
afrikaans 0,9416 0,0003
computers 0,8210 0,0003
linked 1,5141 0,0006
supporters 3,5066 0,0013
winners 3,2189 0,0012
fernando 3,5066 0,0013
website 0,3857 0,0001
brands 0,0000 0,0000
tsmc 4,6052 0,0017
claypool 4,6052 0,0017
learn 0,0000 0,0000
highlighted 2,8134 0,0010
unlimited 2,3026 0,0008
representing 1,5606 0,0006
fulfulde 4,6052 0,0017
fast 0,6733 0,0002
xinhuanet 4,6052 0,0017
spin 2,4079 0,0009
qualities 2,6593 0,0010
thumbinner 2,9957 0,0011
jeremy 2,2073 0,0008
rounds 3,5066 0,0013
nine 2,1203 0,0008
communicate 1,5141 0,0006
controls 1,0788 0,0004
notes 0,6349 0,0002
iso 1,1394 0,0004
republic 0,8916 0,0003
inputs 2,1203 0,0008
mackenzie 2,9957 0,0011
historical 1,9661 0,0007
mohamed 3,2189 0,0012
official 0,6162 0,0002
acm 0,8675 0,0003
zug 3,9120 0,0014
assessment 1,7720 0,0007
blackrock 3,9120 0,0014
act 1,3471 0,0005
post 0,0202 0,0000
generated 1,2379 0,0005
chaining 2,5257 0,0009
protocols 1,1394 0,0004
whales 4,6052 0,0017
add 0,0000 0,0000
shrem 3,5066 0,0013
need 0,3711 0,0001
cypherpunks 4,6052 0,0017
wrote 1,3093 0,0005
its 0,0726 0,0000
often 0,2877 0,0001
terrausd 4,6052 0,0017
article 0,0000 0,0000
users 0,3567 0,0001
volume 1,2040 0,0004
onecoin 3,2189 0,0012
rages 3,9120 0,0014
transact 2,9957 0,0011
canada 1,6607 0,0006
parser 0,0000 0,0000
http 0,0000 0,0000
exchange 1,1712 0,0004
parsed 0,0619 0,0000
decimal 0,0101 0,0000
washington 1,5141 0,0006
lasting 2,6593 0,0010
sanctions 2,6593 0,0010
useful 0,9943 0,0004
income 2,4079 0,0009
pivoting 4,6052 0,0017
trust 1,5141 0,0006
private 0,8210 0,0003
wggetopicsmatchmodeenabled 0,0000 0,0000
technical 0,6349 0,0002
production 0,9943 0,0004
united 0,4780 0,0002
smallest 2,6593 0,0010
solana 3,2189 0,0012
wallace 2,6593 0,0010
choose 1,4697 0,0005
paste 4,6052 0,0017
criminalized 4,6052 0,0017
wghostname 0,0000 0,0000
jaku 4,6052 0,0017
prevent 1,0498 0,0004
behave 1,7720 0,0007
benjamin 1,7720 0,0007
vol 1,1712 0,0004
wgtitle 0,0000 0,0000
constituent 3,5066 0,0013
responsible 1,2040 0,0004
end 0,3425 0,0001
identify 1,2730 0,0005
wgdigittransformtable 0,0000 0,0000
damian 3,9120 0,0014
hlist 0,0408 0,0000
label 0,0000 0,0000
recorded 1,6607 0,0006
noted 1,8326 0,0007
special 0,0000 0,0000
supervised 1,9661 0,0007
kohler 4,6052 0,0017
rlconf 0,0000 0,0000
visited 0,0619 0,0000
achieved 1,5141 0,0006
contributors 0,0000 0,0000
odell 4,6052 0,0017
family 1,0217 0,0004
milda 4,6052 0,0017
deliberate 3,5066 0,0013
fomento 4,6052 0,0017
age 1,3093 0,0005
referred 0,7340 0,0003
iranian 4,6052 0,0017
slightly 1,8326 0,0007
smaller 1,2040 0,0004
bahasa 0,3285 0,0001
called 0,2744 0,0001
release 0,4005 0,0001
serwer 4,6052 0,0017
ago 0,7765 0,0003
caption 0,3711 0,0001
orcutt 3,9120 0,0014
investors 2,4079 0,0009
enthusiasts 2,9957 0,0011
years 0,3425 0,0001
gervais 3,9120 0,0014
number 0,0101 0,0000
wgbackendresponsetime 0,0000 0,0000
lingo 3,9120 0,0014
judge 2,5257 0,0009
proceedings 0,7550 0,0003
businesses 1,5606 0,0006
algorithm 1,2730 0,0005
vatrapu 4,6052 0,0017
similar 0,4780 0,0002
bradbury 4,6052 0,0017
litecoin 3,2189 0,0012
mapping 1,3863 0,0005
nothing 1,6607 0,0006
programmer 1,4697 0,0005
volumes 2,4079 0,0009
distributed 0,3857 0,0001
neil 2,4079 0,0009
evelyn 2,8134 0,0010
wallets 3,2189 0,0012
impacts 2,2073 0,0008
forth 1,8971 0,0007
mieszko 4,6052 0,0017
nbc 3,2189 0,0012
relevance 3,2189 0,0012
script 1,8326 0,0007
classifying 2,6593 0,0010
urged 3,2189 0,0012
microstrategy 4,6052 0,0017
system 0,0305 0,0000
issn 0,7765 0,0003
spot 2,3026 0,0008
driven 0,7340 0,0003
silver 2,9957 0,0011
partial 1,6607 0,0006
urges 3,2189 0,0012
other 0,0000 0,0000
city 1,5606 0,0006
against 0,6931 0,0003
confident 3,2189 0,0012
capkun 3,9120 0,0014
yaffe 3,9120 0,0014
local 0,7985 0,0003
valid 1,4271 0,0005
asked 1,5606 0,0006
bubble 3,2189 0,0012
erc 3,2189 0,0012
electronic 1,0788 0,0004
share 0,7765 0,0003
elegant 2,8134 0,0010
synthesis 2,1203 0,0008
tender 3,9120 0,0014
techno 4,6052 0,0017
nist 2,6593 0,0010
standardisation 3,5066 0,0013
powerful 1,4697 0,0005
rlq 0,0000 0,0000
stored 0,8916 0,0003
cite 0,0000 0,0000
governance 1,6094 0,0006
outputs 2,2073 0,0008
donald 1,7148 0,0006
scaled 2,3026 0,0008
capped 3,9120 0,0014
rmb 4,6052 0,0017
precision 2,2073 0,0008
andresen 3,5066 0,0013
screen 0,0101 0,0000
autonomous 2,1203 0,0008
bordered 2,4079 0,0009
volatility 3,2189 0,0012
body 0,0000 0,0000
mode 0,0000 0,0000
etfs 4,6052 0,0017
pages 0,0000 0,0000
updating 1,3471 0,0005
enhancements 0,0101 0,0000
etf 3,9120 0,0014
implemented 0,6349 0,0002
neo 2,6593 0,0010
links 0,0000 0,0000
bureau 2,4079 0,0009
maintained 0,9676 0,0004
cable 3,2189 0,0012
newpp 0,0619 0,0000
ali 2,2073 0,0008
all 0,0408 0,0000
border 0,0000 0,0000
new 0,0000 0,0000
took 1,3863 0,0005
libertarians 3,5066 0,0013
read 0,0000 0,0000
below 0,7550 0,0003
real 0,0408 0,0000
clientpref 0,0000 0,0000
maintaining 1,2730 0,0005
tool 0,6931 0,0003
tony 1,8326 0,0007
unit 0,7550 0,0003
costelloe 3,9120 0,0014
alan 1,5606 0,0006
svenska 0,3857 0,0001
joseph 1,5141 0,0006
collect 2,0402 0,0008
finney 3,5066 0,0013
stajano 4,6052 0,0017
cnbc 2,1203 0,0008
mandate 3,9120 0,0014
milmo 3,9120 0,0014
rob 2,3026 0,0008
financial 1,4697 0,0005
wgpagecontentlanguage 0,0000 0,0000
media 0,2485 0,0001
contracts 2,1203 0,0008
around 0,6931 0,0003
lifeline 4,6052 0,0017
lightweight 1,6094 0,0006
telegraph 2,8134 0,0010
rect 3,9120 0,0014
wgisarticle 0,0000 0,0000
negatively 2,9957 0,0011
shams 3,2189 0,0012
predict 2,1203 0,0008
tokens 2,2073 0,0008
row 0,5276 0,0002
saying 1,9661 0,0007
interlingua 1,3093 0,0005
declared 2,0402 0,0008
interlingue 3,2189 0,0012
egypt 3,2189 0,0012
vildana 3,9120 0,0014
ecdsa 3,2189 0,0012
quartz 2,5257 0,0009
effron 4,6052 0,0017
specific 0,2877 0,0001
any 0,2107 0,0001
olivia 3,9120 0,0014
super 2,8134 0,0010
ulbricht 3,5066 0,0013
suggested 1,5141 0,0006
risks 1,5141 0,0006
application 0,1393 0,0001
wgflaggedrevsparams 0,0000 0,0000
organizers 4,6052 0,0017
until 0,7765 0,0003
coindesk 3,5066 0,0013
strategy 0,9676 0,0004
collapse 0,0408 0,0000
forms 1,0217 0,0004
benchmarking 2,5257 0,0009
legend 2,2073 0,0008
maintain 1,1087 0,0004
millionth 4,6052 0,0017
wgrelevantarticleid 0,0000 0,0000
preprocessor 0,0513 0,0000
acts 1,8326 0,0007
cryptographers 4,6052 0,0017
professional 1,1087 0,0004
oxford 1,7720 0,0007
companies 0,8210 0,0003
slumps 3,9120 0,0014
jai 4,6052 0,0017
jan 1,6094 0,0006
annual 1,0788 0,0004
english 0,0000 0,0000
represented 1,5141 0,0006
underbelly 4,6052 0,0017
jurisdictions 2,9957 0,0011
lightning 2,8134 0,0010
cache 0,0305 0,0000
iota 3,2189 0,0012
margin 0,0000 0,0000
suomi 0,2107 0,0001
using 0,0000 0,0000
wgrequestid 0,0000 0,0000
nicholas 2,6593 0,0010
wgbreakframes 0,0000 0,0000
containing 0,6931 0,0003
expected 0,8440 0,0003
exchanges 2,5257 0,0009
szabo 3,5066 0,0013
countries 1,7720 0,0007
rlpagemodules 0,0000 0,0000
antonopoulos 3,5066 0,0013
argues 2,2073 0,0008
alex 1,3863 0,0005
dictionary 1,2379 0,0005
wanted 1,6094 0,0006
hampton 3,9120 0,0014
recipients 3,5066 0,0013
letter 1,7720 0,0007
philosophical 2,9957 0,0011
wgwikibaseitemid 0,0000 0,0000
sizing 0,0408 0,0000
accuse 4,6052 0,0017
argued 1,8971 0,0007
increased 1,0217 0,0004
frequently 1,0788 0,0004
another 0,3567 0,0001
handed 3,9120 0,0014
acquire 2,0402 0,0008
worth 2,5257 0,0009
increases 1,6607 0,0006
webarchive 0,7985 0,0003
sybil 4,6052 0,0017
mingxiao 4,6052 0,0017
ernest 4,6052 0,0017
came 1,4697 0,0005
disabled 0,0000 0,0000
where 0,2744 0,0001
broader 1,7720 0,0007
froze 4,6052 0,0017
mechanism 1,0217 0,0004
takes 0,8916 0,0003
paypal 3,5066 0,0013
popular 0,6539 0,0002
timestamp 0,0000 0,0000
scaling 1,4697 0,0005
vice 2,2073 0,0008
ars 1,3471 0,0005
complications 0,0513 0,0000
black 1,5141 0,0006
aljosha 4,6052 0,0017
describes 1,0217 0,0004
call 0,7985 0,0003
consensus 2,3026 0,0008
speculative 2,6593 0,0010
such 0,0943 0,0000
classic 1,3093 0,0005
wilson 2,1203 0,0008
ownership 2,2073 0,0008
absolute 2,0402 0,0008
oliver 2,4079 0,0009
supported 0,7765 0,0003
through 0,2107 0,0001
administration 1,2730 0,0005
colloquial 4,6052 0,0017
nano 2,4079 0,0009
organisation 2,5257 0,0009
remains 1,6094 0,0006
bomb 3,2189 0,0012
individuals 1,6094 0,0006
challenging 1,8971 0,0007
research 0,5621 0,0002
debate 2,0402 0,0008
segwit 3,2189 0,0012
mother 3,5066 0,0013
either 0,5621 0,0002
protests 2,9957 0,0011
view 0,0000 0,0000
vulnerable 1,7720 0,0007
jep 4,6052 0,0017
white 0,0305 0,0000
cambridge 1,5141 0,0006
atm 3,2189 0,0012
donate 0,0000 0,0000
results 0,7985 0,0003
micah 4,6052 0,0017
seediq 4,6052 0,0017
bloomberg 1,7148 0,0006
might 0,7340 0,0003
quotations 1,9661 0,0007
spacex 3,5066 0,0013
bold 0,0408 0,0000
significant 0,6931 0,0003
difficulty 1,8971 0,0007
glossary 1,7148 0,0006
walther 4,6052 0,0017
longer 1,0217 0,0004
leads 1,7720 0,0007
galego 0,7550 0,0003
name 0,0000 0,0000
rallies 3,5066 0,0013
selling 2,0402 0,0008
worst 2,8134 0,0010
cputime 0,0000 0,0000
watchlist 0,0000 0,0000
involving 1,7148 0,0006
bernard 2,8134 0,0010
color 0,0101 0,0000
hidden 0,0000 0,0000
boom 2,6593 0,0010
michelle 2,9957 0,0011
nearly 1,4697 0,0005
show 0,0834 0,0000
description 0,0000 0,0000
generating 1,9661 0,0007
summit 2,0402 0,0008
scalability 1,3093 0,0005
caps 0,0619 0,0000
malicious 2,1203 0,0008
not 0,0101 0,0000
central 0,9416 0,0003
pizza 3,9120 0,0014
decentralization 3,2189 0,0012
peercoin 3,2189 0,0012
florian 3,5066 0,0013
street 1,5606 0,0006
now 0,4308 0,0002
statement 0,0000 0,0000
trademark 0,0101 0,0000
dotted 0,8675 0,0003
greek 0,0101 0,0000
news 0,4620 0,0002
griffin 3,5066 0,0013
armstrong 2,5257 0,0009
breaks 2,1203 0,0008
race 1,8971 0,0007
naor 3,5066 0,0013
estimated 1,6607 0,0006
futures 2,5257 0,0009
moni 3,5066 0,0013
way 0,3285 0,0001
irene 3,5066 0,0013
massively 2,5257 0,0009
target 0,0101 0,0000
what 0,0000 0,0000
guidance 1,8971 0,0007
refer 1,3471 0,0005
stellar 3,2189 0,0012
african 2,9957 0,0011
israel 0,7550 0,0003
restricted 1,5606 0,0006
hype 2,5257 0,0009
learner 3,5066 0,0013
mbtc 4,6052 0,0017
risk 1,0498 0,0004
bukele 3,9120 0,0014
doomed 3,5066 0,0013
rise 1,4271 0,0005
greg 2,0402 0,0008
tostring 3,2189 0,0012
container 0,0000 0,0000
trump 2,6593 0,0010
developers 0,0000 0,0000
criteria 1,5606 0,0006
stiglitz 3,9120 0,0014
usage 0,0000 0,0000
fad 3,2189 0,0012
taxes 3,5066 0,0013
wgmediaviewerenabledbydefault 0,0000 0,0000
nearby 0,0000 0,0000
when 0,0834 0,0000
jin 3,5066 0,0013
apwg 4,6052 0,0017
instruments 2,2073 0,0008
logged 0,0000 0,0000
far 1,3093 0,0005
officials 3,2189 0,0012
issued 2,1203 0,0008
cash 2,2073 0,0008
mazacoin 3,2189 0,0012
plan 1,2379 0,0005
case 0,4155 0,0002
fintechs 4,6052 0,0017
clinch 4,6052 0,0017
images 1,3093 0,0005
item 0,0000 0,0000
wgmediavieweronclick 0,0000 0,0000
double 1,1087 0,0004
wgulsposition 0,0000 0,0000
rendering 0,0513 0,0000
melayu 0,6349 0,0002
davis 1,7148 0,0006
fbi 3,2189 0,0012
chargebacks 3,9120 0,0014
determined 1,7148 0,0006
italiano 0,1278 0,0000
sticky 0,0000 0,0000
matched 2,9957 0,0011
style 0,0000 0,0000
implicit 2,0402 0,0008
study 1,1087 0,0004
searchinput 0,0000 0,0000
sentences 0,0000 0,0000
direct 0,9416 0,0003
tschorsch 4,6052 0,0017
commons 0,0000 0,0000
enabled 0,0000 0,0000
burned 3,9120 0,0014
friedrich 3,2189 0,0012
rainer 3,2189 0,0012
freedom 2,0402 0,0008
web 0,1165 0,0000
criminals 2,5257 0,0009
transfers 3,5066 0,0013
arvind 2,6593 0,0010
older 1,1712 0,0004
wei 2,5257 0,0009
categories 0,0000 0,0000
criticized 1,6094 0,0006
berlin 1,8326 0,0007
architecture 0,0000 0,0000
insider 1,5606 0,0006
sakizaya 4,6052 0,0017
more 0,0000 0,0000
display 0,0000 0,0000
electricity 2,8134 0,0010
climate 2,4079 0,0009
great 1,3863 0,0005
happened 2,6593 0,0010
bose 4,6052 0,0017
organization 0,0000 0,0000
forbes 1,5141 0,0006
width 0,0000 0,0000
accounts 1,5606 0,0006
certain 0,6162 0,0002
board 1,0217 0,0004
economic 1,6607 0,0006
levels 0,0000 0,0000
charlie 2,6593 0,0010
statistics 0,0000 0,0000
hunters 3,9120 0,0014
arrest 4,6052 0,0017
distinction 2,0402 0,0008
fed 3,2189 0,0012
tesla 2,6593 0,0010
fee 2,5257 0,0009
baidu 2,4079 0,0009
simple 0,2357 0,0001
dawson 3,5066 0,0013
used 0,0619 0,0000
centralized 1,9661 0,0007
originated 2,2073 0,0008
monetarists 4,6052 0,0017
protocol 0,7133 0,0003
overflow 0,3857 0,0001
whale 2,5257 0,0009
kharif 3,9120 0,0014
percentage 2,3026 0,0008
krombholz 4,6052 0,0017
few 0,8916 0,0003
described 0,5108 0,0002
marked 1,6607 0,0006
adam 1,5606 0,0006
davey 4,6052 0,0017
visible 0,0101 0,0000
marketplace 2,3026 0,0008
king 2,6593 0,0010
narayanan 2,9957 0,0011
both 0,0305 0,0000
produced 1,2379 0,0005
important 0,0101 0,0000
market 1,0217 0,0004
most 0,2107 0,0001
effects 1,2040 0,0004
transfer 0,9943 0,0004
daily 1,8326 0,0007
keep 1,0217 0,0004
produces 2,0402 0,0008
topic 0,0000 0,0000
divisibility 4,6052 0,0017
who 0,5621 0,0002
largest 1,4697 0,0005
politics 2,3026 0,0008
diem 3,2189 0,0012
game 1,0498 0,0004
revisiting 4,6052 0,0017
crucial 2,1203 0,0008
contribute 0,0000 0,0000
jon 1,6607 0,0006
why 0,6733 0,0002
invests 4,6052 0,0017
administrator 2,1203 0,0008
sigalos 3,5066 0,0013
causing 1,8326 0,0007
along 0,7340 0,0003
inversion 2,6593 0,0010
billion 1,3863 0,0005
reject 3,2189 0,0012
inventor 2,4079 0,0009
david 0,5798 0,0002
dies 3,9120 0,0014
sam 1,9661 0,0007
harlev 4,6052 0,0017
malti 3,5066 0,0013
wgseparatortransformtable 0,0000 0,0000
breach 1,8971 0,0007
rest 1,1087 0,0004
amount 1,0498 0,0004
move 0,0000 0,0000
printouts 4,6052 0,0017
comply 2,2073 0,0008
original 0,0943 0,0000
hashgraph 3,2189 0,0012
malte 3,9120 0,0014
sat 3,9120 0,0014
saw 2,1203 0,0008
also 0,0202 0,0000
say 1,4697 0,0005
nxt 3,2189 0,0012
terminal 1,8326 0,0007
increase 0,8916 0,0003
jasper 4,6052 0,0017
recommended 1,8326 0,0007
primecoin 3,2189 0,0012
inline 0,0408 0,0000
various 0,3857 0,0001
organizations 0,8440 0,0003
attention 1,7148 0,0006
uses 0,2485 0,0001
rasool 4,6052 0,0017
timothy 1,9661 0,0007
user 0,0000 0,0000
simply 0,9676 0,0004
projects 0,0000 0,0000
bring 1,6094 0,0006
tooltip 0,8675 0,0003
brink 4,6052 0,0017
hausa 1,8971 0,0007
kashmir 3,5066 0,0013
ban 2,5257 0,0009
losing 2,6593 0,0010
pham 3,9120 0,0014
denver 3,5066 0,0013
bar 1,4697 0,0005
estonia 3,9120 0,0014
complex 0,5621 0,0002
theron 4,6052 0,0017
bbc 1,9661 0,0007
sure 2,1203 0,0008
newport 3,2189 0,0012
personal 0,0000 0,0000
former 1,3093 0,0005
kelion 4,6052 0,0017
globe 2,6593 0,0010
imageobject 0,0000 0,0000
interpretation 2,4079 0,0009
patten 4,6052 0,0017
trucker 4,6052 0,0017
drive 1,3471 0,0005
jones 1,8971 0,0007
frank 1,4271 0,0005
fundraiser 4,6052 0,0017
scheme 0,0101 0,0000
isabella 4,6052 0,0017
pseudonymous 3,5066 0,0013
scarcity 3,5066 0,0013
icon 0,0101 0,0000
mansoor 4,6052 0,0017
commodities 3,2189 0,0012
expansiondepth 0,0000 0,0000
sec 2,8134 0,0010
communications 0,9943 0,0004
search 0,0000 0,0000
see 0,0408 0,0000
spacing 0,0619 0,0000
laundering 3,5066 0,0013
offered 1,1087 0,0004
systems 0,1054 0,0000
fool 3,2189 0,0012
wgrelevantpagename 0,0000 0,0000
franc 4,6052 0,0017
national 0,4463 0,0002
subsequent 1,6094 0,0006
customers 1,0788 0,0004
unbordered 2,5257 0,0009
innovation 1,3093 0,0005
enabling 1,3093 0,0005
contain 0,0101 0,0000
ostroff 3,5066 0,0013
keeping 1,5141 0,0006
founder 1,8326 0,0007
shqip 0,6931 0,0003
edgar 2,8134 0,0010
column 0,0101 0,0000
founded 1,2379 0,0005
procedure 1,3863 0,0005
river 1,8326 0,0007
validity 2,6593 0,0010
wgaction 0,0000 0,0000
byzantine 3,5066 0,0013
font 0,0000 0,0000
christin 4,6052 0,0017
encode 2,6593 0,0010
terra 3,2189 0,0012
cynthia 2,8134 0,0010
language 0,0000 0,0000
navbox 0,0943 0,0000
developed 0,2357 0,0001
panicking 3,9120 0,0014
listitem 0,0408 0,0000
differentiate 2,9957 0,0011
japanese 2,0402 0,0008
accomplished 2,6593 0,0010
davradakis 4,6052 0,0017
accounted 2,8134 0,0010
attacks 1,5141 0,0006
contact 0,0000 0,0000
rare 1,8971 0,0007
useless 2,6593 0,0010
france 0,8675 0,0003
lavin 4,6052 0,0017
warning 1,9661 0,0007
michel 3,2189 0,0012
needs 0,5108 0,0002
srdjan 3,9120 0,0014
image 0,0202 0,0000
coinage 3,9120 0,0014
typically 0,3857 0,0001
patterns 0,8916 0,0003
dillet 3,5066 0,0013
tumbler 3,2189 0,0012
sha 2,4079 0,0009
cryptocurrency 2,5257 0,0009
auroracoin 3,2189 0,0012
parts 0,6349 0,0002
helps 1,3093 0,0005
western 2,2073 0,0008
finances 3,9120 0,0014
party 0,7550 0,0003
little 1,0788 0,0004
cursor 0,0619 0,0000
however 0,3011 0,0001
deep 1,4697 0,0005
sources 0,5447 0,0002
origin 0,0000 0,0000
regulatory 2,5257 0,0009
explained 1,7148 0,0006
walltime 0,0000 0,0000
interlanguage 0,0000 0,0000
regulators 2,9957 0,0011
content 0,0000 0,0000
luna 2,9957 0,0011
getting 1,3471 0,0005
ethash 3,2189 0,0012
random 0,0000 0,0000
signs 2,9957 0,0011
related 0,0000 0,0000
alert 2,2073 0,0008
rate 1,3863 0,0005
jersey 2,4079 0,0009
client 0,0000 0,0000
foss 1,8971 0,0007
class 0,0000 0,0000
emissions 3,2189 0,0012
freelancers 3,9120 0,0014
outlawed 3,9120 0,0014
digital 0,6162 0,0002
over 0,3285 0,0001
stablecoins 3,2189 0,0012
lowercase 2,9957 0,0011
casares 3,5066 0,0013
gamble 3,9120 0,0014
nikolai 3,9120 0,0014
false 0,0000 0,0000
elon 3,5066 0,0013
counter 0,0408 0,0000
kept 1,8971 0,0007
srpskohrvatski 0,9163 0,0003
fork 1,4697 0,0005
clark 2,0402 0,0008
form 0,3711 0,0001
management 0,2231 0,0001
pyramid 2,6593 0,0010
jofi 4,6052 0,0017
developer 0,4005 0,0001
avoid 0,0101 0,0000
fresh 2,3026 0,0008
very 0,5978 0,0002
philipp 3,9120 0,0014
practice 0,7550 0,0003
triggered 0,0513 0,0000
advanced 0,7340 0,0003
congress 2,3026 0,0008
canadian 2,2073 0,0008
delayed 2,2073 0,0008
bit 1,4697 0,0005
legislative 3,2189 0,0012
improved 1,0498 0,0004
output 0,0000 0,0000
carol 2,9957 0,0011
inactive 2,5257 0,0009
advances 1,6607 0,0006
else 2,0402 0,0008
four 0,9676 0,0004
ravi 2,9957 0,0011
transacting 4,6052 0,0017
majority 1,5141 0,0006
model 0,0000 0,0000
https 0,0000 0,0000
join 1,6607 0,0006
portal 0,0000 0,0000
augur 3,2189 0,0012
manipulation 1,2379 0,0005
french 2,3026 0,0008
issue 0,8675 0,0003
kern 0,0101 0,0000
large 0,3425 0,0001
gruber 3,5066 0,0013
lower 0,0101 0,0000
portals 2,5257 0,0009
edelman 3,9120 0,0014
schemes 1,9661 0,0007
transactions 1,1087 0,0004
leaderless 3,9120 0,0014
odd 0,0943 0,0000
resulting 0,9943 0,0004
conservation 4,6052 0,0017
traditional 0,7985 0,0003
operate 1,4271 0,0005
celsius 3,9120 0,0014
attracted 3,5066 0,0013
contrast 0,9676 0,0004
exclusively 1,6607 0,0006
john 0,5276 0,0002
begin 1,4697 0,0005
wgvisualeditor 0,0000 0,0000
become 0,6931 0,0003
template 0,0000 0,0000
works 0,9416 0,0003
turned 2,2073 0,0008
enwiki 0,0619 0,0000
payments 2,5257 0,0009
smc 3,9120 0,0014
eventually 1,1394 0,0004
ilia 4,6052 0,0017
subscription 0,0101 0,0000
literature 1,9661 0,0007
library 0,5621 0,0002
navbar 0,0202 0,0000
world 0,3857 0,0001
strings 1,8326 0,0007
inquiry 3,2189 0,0012
satisfies 2,8134 0,0010
subbox 0,6931 0,0003
december 0,0000 0,0000
sending 2,2073 0,0008
hien 4,6052 0,0017
everything 1,2730 0,0005
guardian 1,8326 0,0007
montag 4,6052 0,0017
table 0,0000 0,0000
berber 4,6052 0,0017
modifications 2,1203 0,0008
creator 1,5606 0,0006
prefers 0,0101 0,0000
side 0,3567 0,0001
gaeilge 1,2040 0,0004
break 0,0101 0,0000
change 0,4463 0,0002
restaurant 4,6052 0,0017
nobel 3,9120 0,0014
katie 2,5257 0,0009
printable 0,0000 0,0000
generally 0,5447 0,0002
hide 0,0000 0,0000
places 1,7720 0,0007
nathaniel 2,6593 0,0010
polygon 2,8134 0,0010
shiba 3,2189 0,0012
tunisia 3,9120 0,0014
report 0,0305 0,0000
complete 0,6931 0,0003
transaction 1,4271 0,0005
adrianne 3,5066 0,0013
auto 0,0726 0,0000
hashing 2,6593 0,0010
several 0,4155 0,0002
sign 1,6607 0,0006
pools 3,2189 0,0012
bibcode 1,6094 0,0006
ghassan 3,9120 0,0014
xxvi 4,6052 0,0017
wgcanonicalspecialpagename 0,0000 0,0000
while 0,2614 0,0001
roger 1,9661 0,0007
second 0,7550 0,0003
schnorr 4,6052 0,0017
download 0,0000 0,0000
high 0,3425 0,0001
reuters 2,2073 0,0008
falls 2,8134 0,0010
split 0,0000 0,0000
contagious 4,6052 0,0017
morgan 1,7720 0,0007
chaum 3,5066 0,0013
than 0,2357 0,0001
limit 0,0000 0,0000
claim 1,8326 0,0007
reviewed 1,8326 0,0007
bnf 0,9163 0,0003
noah 3,2189 0,0012
brian 1,2730 0,0005
different 0,0513 0,0000
directly 0,5108 0,0002
chronic 3,5066 0,0013
hashcash 3,9120 0,0014
officially 1,8971 0,0007
sidoti 4,6052 0,0017
bitmain 3,5066 0,0013
months 0,8210 0,0003
level 0,0000 0,0000
turmoil 3,9120 0,0014
author 0,0000 0,0000
adjusted 3,5066 0,0013
greenhouse 3,5066 0,0013
restrictions 1,5606 0,0006
thai 3,5066 0,0013
roots 2,5257 0,0009
throws 3,9120 0,0014
weighting 4,6052 0,0017
establish 1,8326 0,0007
expansion 0,0619 0,0000
daniel 1,2040 0,0004
license 0,0000 0,0000
expand 0,0513 0,0000
spv 4,6052 0,0017
extendedconfirmed 3,9120 0,0014
survey 1,1394 0,0004
morocco 3,9120 0,0014
spy 2,5257 0,0009
consumed 2,8134 0,0010
behind 1,2730 0,0005
code 0,0000 0,0000
hammer 3,5066 0,0013
wgdefaultdateformat 0,0000 0,0000
keys 1,5141 0,0006
ideology 3,5066 0,0013
box 0,0408 0,0000
storage 0,3711 0,0001
pseudonym 3,9120 0,0014
digitally 2,9957 0,0011
murphy 2,4079 0,0009
total 0,0000 0,0000
oil 3,2189 0,0012
bitconnect 3,2189 0,0012
deutsch 0,0943 0,0000
reserve 3,5066 0,0013
xiaofeng 3,2189 0,0012
prices 2,5257 0,0009
consumes 2,8134 0,0010
highly 1,1712 0,0004
allows 0,3425 0,0001
billionaire 3,5066 0,0013
economist 2,8134 0,0010
initiative 1,1087 0,0004
nature 1,0498 0,0004
social 0,8210 0,0003
src 0,6349 0,0002
anderson 1,9661 0,0007
recycling 3,9120 0,0014
control 0,1744 0,0001
ordinals 3,9120 0,0014
voluntarily 4,6052 0,0017
dogecoin 3,2189 0,0012
perspectives 2,2073 0,0008
attribution 0,0000 0,0000
issuance 3,2189 0,0012
kodakcoin 3,2189 0,0012
increasingly 1,4271 0,0005
nfts 3,2189 0,0012
strategic 2,0402 0,0008
vary 0,0619 0,0000
upper 0,0101 0,0000
buried 2,9957 0,0011
registered 0,0101 0,0000
luasandbox 1,4271 0,0005
hashrate 4,6052 0,0017
promised 2,9957 0,0011
extremely 1,7720 0,0007
freeze 3,2189 0,0012
unravels 4,6052 0,0017
engines 0,8210 0,0003
estimate 2,4079 0,0009
adversaries 3,9120 0,0014
expiry 0,0619 0,0000
minerva 0,0101 0,0000
promises 2,3026 0,0008
publishing 0,6931 0,0003
recent 0,0000 0,0000
prompts 2,5257 0,0009
they 0,1508 0,0001
breaking 1,6094 0,0006
forks 1,6607 0,0006
github 0,7340 0,0003
edit 0,0000 0,0000
old 1,2040 0,0004
opponents 3,9120 0,0014
them 0,3285 0,0001
decentralized 2,2073 0,0008
then 0,3567 0,0001
accept 1,7148 0,0006
cody 3,2189 0,0012
morning 3,5066 0,0013
node 0,0513 0,0000
nobold 3,9120 0,0014
mercantile 4,6052 0,0017
stops 2,4079 0,0009
starting 1,1394 0,0004
ulrich 2,9957 0,0011
commentary 3,5066 0,0013
sub 1,9661 0,0007
access 0,3011 0,0001
conference 0,3567 0,0001
sum 2,2073 0,0008
sun 1,2730 0,0005
wilhelm 2,8134 0,0010
extended 0,9163 0,0003
seen 1,2040 0,0004
seem 2,4079 0,0009
btc 3,5066 0,0013
tabuchi 3,9120 0,0014
archived 0,0943 0,0000
offline 2,5257 0,0009
selflink 0,0101 0,0000
current 0,0000 0,0000
nynorsk 1,2379 0,0005
jaune 4,6052 0,0017
mikkel 3,9120 0,0014
origins 1,8971 0,0007
lecture 1,6607 0,0006
vector 0,0000 0,0000
randomx 3,2189 0,0012
key 0,0305 0,0000
situations 1,7148 0,0006
maintains 1,4271 0,0005
silk 2,2073 0,0008
cachereport 0,0000 0,0000
decision 0,9676 0,0004
manager 1,0498 0,0004
necessary 0,8440 0,0003
one 0,0943 0,0000
makes 0,5108 0,0002
amid 3,5066 0,0013
launch 1,5606 0,0006
started 0,8440 0,0003
store 0,8210 0,0003
winaray 1,7720 0,0007
katz 2,8134 0,0010
thumbcaption 3,2189 0,0012
tagalog 1,2040 0,0004
single 0,3147 0,0001
entityaccesscount 0,0000 0,0000
hill 1,7148 0,0006
buying 2,5257 0,0009
amin 3,9120 0,0014
awsat 4,6052 0,0017
storms 3,9120 0,0014
country 1,7148 0,0006
symbol 2,3026 0,0008
commercial 0,8440 0,0003
swi 3,9120 0,0014
buy 1,8971 0,0007
available 0,0000 0,0000
corrie 4,6052 0,0017
frequency 1,6607 0,0006
loaded 0,0305 0,0000
zero 1,1087 0,0004
yahoo 2,5257 0,0009
variant 0,0619 0,0000
ritchie 2,5257 0,0009
written 0,3147 0,0001
generate 1,2730 0,0005
felten 3,5066 0,0013
treated 2,1203 0,0008
shortened 0,0000 0,0000
stoll 3,2189 0,0012
purchases 3,2189 0,0012
epidemic 4,6052 0,0017
dealers 3,9120 0,0014
anarchy 3,2189 0,0012
norsk 0,3285 0,0001
bustillos 4,6052 0,0017
satoshis 4,6052 0,0017
enhanced 1,6094 0,0006
memusage 0,0000 0,0000
chancellor 4,6052 0,0017
xiangwei 4,6052 0,0017
bitlicense 3,2189 0,0012
especially 0,8210 0,0003
blockchain 2,0402 0,0008
once 0,7985 0,0003
hint 2,9957 0,0011
solve 1,3471 0,0005
know 0,7340 0,0003
wyatt 4,6052 0,0017
support 0,2107 0,0001
changed 1,0788 0,0004
coin 2,9957 0,0011
doing 1,3471 0,0005
records 1,5141 0,0006
idea 1,1712 0,0004
adults 3,5066 0,0013
changes 0,0000 0,0000
polski 0,1165 0,0000
privacy 0,0000 0,0000
cold 2,8134 0,0010
learning 0,7550 0,0003
vertical 0,7985 0,0003
xbt 4,6052 0,0017
pure 1,9661 0,0007
life 0,9943 0,0004
kin 2,8134 0,0010
combatting 3,9120 0,0014
gap 1,2730 0,0005
gas 2,6593 0,0010
missing 1,3093 0,0005
anonymity 2,9957 0,0011
monospaced 2,0402 0,0008
unregistered 3,2189 0,0012
dana 2,6593 0,0010
successful 1,2379 0,0005
coverage 2,4079 0,0009
normal 0,0202 0,0000
encourages 2,5257 0,0009
previous 1,1712 0,0004
org 1,5141 0,0006
reading 0,5621 0,0002
consumption 1,4697 0,0005
filters 2,4079 0,0009
mandates 2,4079 0,0009
technology 0,2357 0,0001
pedigree 4,6052 0,0017
jihan 3,5066 0,0013
vaccine 4,6052 0,0017
wgarticleid 0,0000 0,0000
pagelanguagedir 0,0000 0,0000
wgcitereferencepreviewsactive 0,0000 0,0000
anthony 2,1203 0,0008
bangladesh 3,2189 0,0012
ecosystem 1,2040 0,0004
software 0,0000 0,0000
chains 2,4079 0,0009
backed 2,5257 0,0009
reach 1,6094 0,0006
none 0,0101 0,0000
repository 0,5978 0,0002
type 0,0000 0,0000
april 0,0000 0,0000
beyond 1,0217 0,0004
feuer 3,5066 0,0013
restricts 2,8134 0,0010
seconds 0,0619 0,0000
jeffries 2,8134 0,0010
problem 0,6349 0,0002
garrick 3,9120 0,0014
road 1,8326 0,0007
terms 0,0000 0,0000
justify 1,8326 0,0007
nicolas 3,2189 0,0012
review 0,7340 0,0003
proof 1,8971 0,0007
presence 1,3471 0,0005
seized 3,9120 0,0014
between 0,2107 0,0001
pagevariantfallbacks 0,0000 0,0000
convoy 4,6052 0,0017
inability 2,9957 0,0011
bitgo 3,5066 0,0013
halved 3,5066 0,0013
contract 1,6094 0,0006
numismatics 3,5066 0,0013
baseline 1,8326 0,0007
benefiting 4,6052 0,0017
ott 3,9120 0,0014
push 0,0000 0,0000
susceptible 2,8134 0,0010
exist 0,7985 0,0003
provisions 2,8134 0,0010
following 0,3857 0,0001
tsingle 3,2189 0,0012
exact 1,5606 0,0006
substantially 2,6593 0,0010
south 1,9661 0,0007
columns 0,0101 0,0000
james 0,9676 0,0004
claire 2,6593 0,0010
distribution 1,0498 0,0004
tools 0,0000 0,0000
out 0,0000 0,0000
feature 0,0000 0,0000
cached 0,0513 0,0000
get 0,0000 0,0000
chavez 3,5066 0,0013
dark 0,0101 0,0000
copy 1,3093 0,0005
place 0,8440 0,0003
power 0,7985 0,0003
sensible 3,5066 0,0013
unallocated 4,6052 0,0017
caitlin 3,9120 0,0014
sell 1,9661 0,0007
sally 4,6052 0,0017
bitix 4,6052 0,0017
lead 0,9943 0,0004
token 1,9661 0,0007
hits 2,4079 0,0009
help 0,0000 0,0000
site 0,0000 0,0000
depth 0,0000 0,0000
capitalized 4,6052 0,0017
self 0,7133 0,0003
asset 2,6593 0,0010
currencies 3,2189 0,0012
sharealike 0,0000 0,0000
date 0,7985 0,0003
magic 1,9661 0,0007
addresses 1,3863 0,0005
argument 0,0513 0,0000
reveal 2,4079 0,0009
data 0,0000 0,0000
theoretical 1,6094 0,0006
sound 1,5606 0,0006
wgpageviewlanguage 0,0000 0,0000
remittances 3,9120 0,0014
drug 2,3026 0,0008
norm 2,9957 0,0011
growing 1,3093 0,0005
assets 2,1203 0,0008
barrier 2,4079 0,0009
accesskey 0,0000 0,0000
twelfth 3,9120 0,0014
crashed 3,9120 0,0014
only 0,2107 0,0001
create 0,0000 0,0000
publishers 1,8326 0,0007
mechanisms 1,2730 0,0005
whoppercoin 3,2189 0,0012
development 0,1393 0,0001
individual 0,8916 0,0003
like 0,2231 0,0001
goes 1,6094 0,0006
netherlands 2,3026 0,0008
accepted 1,6607 0,0006
delft 4,6052 0,0017
tax 1,8971 0,0007
towards 1,2040 0,0004
crypto 2,3026 0,0008
mobilecoin 3,2189 0,0012
reusable 1,9661 0,0007
core 0,5978 0,0002
draper 3,2189 0,0012
capitalization 3,2189 0,0012
proposed 1,1712 0,0004
fraud 2,1203 0,0008
person 1,2730 0,0005
purposes 1,2730 0,0005
dash 2,6593 0,0010
elliptic 2,9957 0,0011
send 1,3093 0,0005
potentially 0,7765 0,0003
here 0,0000 0,0000
selena 3,9120 0,0014
dave 1,5141 0,0006
secretive 3,5066 0,0013
sesotho 3,9120 0,0014
challenges 0,9676 0,0004
purpose 0,6733 0,0002
line 0,0101 0,0000
link 0,0000 0,0000
snake 3,9120 0,0014
distinct 1,3471 0,0005
can 0,0408 0,0000
computing 0,4005 0,0001
security 0,3285 0,0001
cap 2,3026 0,0008
servers 0,7985 0,0003
barhydt 4,6052 0,0017
wgcanonicalnamespace 0,0000 0,0000
car 1,8326 0,0007
flex 0,5276 0,0002
floating 1,9661 0,0007
ready 0,0000 0,0000
said 1,0788 0,0004
greatest 2,6593 0,0010
ponzi 3,9120 0,0014
costs 1,4271 0,0005
winklevoss 3,5066 0,0013
cost 0,7550 0,0003
wgisredirect 0,0000 0,0000
limited 0,0000 0,0000
will 0,2485 0,0001
february 0,0000 0,0000
implementation 0,3425 0,0001
match 1,3093 0,0005
yanofsky 4,6052 0,0017
fault 1,2379 0,0005
interplay 3,9120 0,0014
allowing 0,6349 0,0002
really 1,5606 0,0006
aventus 3,2189 0,0012
tyler 3,2189 0,0012
cuthbertson 4,6052 0,0017
recursiveclone 1,6607 0,0006
scams 2,9957 0,0011
cbs 2,4079 0,0009
corresponding 1,3863 0,0005
cota 4,6052 0,0017
responsive 0,0202 0,0000
york 0,8440 0,0003
eases 3,9120 0,0014
lily 3,5066 0,0013
namespace 1,8326 0,0007
counterparty 3,2189 0,0012
independently 1,3863 0,0005
category 0,3147 0,0001
wile 3,9120 0,0014
wikidata 0,0000 0,0000
callparserfunction 1,4271 0,0005
