functions 2,5257 0,0016
references 0,0513 0,0000
saved 0,0619 0,0000
upload 0,0000 0,0000
year 0,2614 0,0002
ion 2,9957 0,0019
wggelevelingupenabledforuser 0,0000 0,0000
annotate 2,8134 0,0018
wgrestrictionmove 0,0000 0,0000
remote 0,9163 0,0006
building 0,7985 0,0005
spouse 3,9120 0,0025
without 0,2744 0,0002
via 0,3011 0,0002
vid 4,6052 0,0029
quote 0,0101 0,0000
would 0,3425 0,0002
pick 1,9661 0,0012
xml 1,1394 0,0007
visual 0,9416 0,0006
pedantic 4,6052 0,0029
because 0,0000 0,0000
persistent 1,5141 0,0009
sister 1,6094 0,0010
agreement 1,3093 0,0008
solid 0,0202 0,0000
thus 0,7550 0,0005
neutral 0,5447 0,0003
google 0,4005 0,0003
optional 1,3093 0,0008
require 0,0000 0,0000
community 0,0000 0,0000
version 0,0000 0,0000
scribunto 0,0000 0,0000
standards 1,1087 0,0007
size 0,0000 0,0000
left 0,0408 0,0000
cdx 0,0000 0,0000
eesti 0,3285 0,0002
detail 0,7133 0,0004
much 0,6931 0,0004
object 0,3711 0,0005
flight 2,5257 0,0016
role 0,8916 0,0006
carriage 2,9957 0,0019
independent 0,8440 0,0005
ahead 1,7148 0,0011
gillies 4,6052 0,0029
immediately 1,5141 0,0009
manual 1,1394 0,0007
wgusergroup 0,0000 0,0000
wesley 0,8675 0,0005
example 0,2485 0,0003
result 0,2231 0,0001
same 0,2357 0,0001
aspect 0,7765 0,0005
after 0,0305 0,0000
wikipedia 0,0000 0,0000
behavior 0,8210 0,0005
scott 1,0217 0,0006
headline 0,0000 0,0000
hand 1,0217 0,0013
policy 0,0000 0,0000
annotation 2,0402 0,0013
website 0,3711 0,0002
address 0,5621 0,0007
density 2,8134 0,0018
xquery 2,4079 0,0015
learn 0,0000 0,0000
pagelanguagecode 0,0000 0,0000
printing 2,5257 0,0016
transientcontent 0,0000 0,0000
citerefbray 4,6052 0,0029
subtle 0,3285 0,0002
fast 0,4943 0,0003
rdf 2,2073 0,0014
unrelated 2,6593 0,0017
idhash 0,0619 0,0000
fifth 2,0402 0,0013
information 0,0000 0,0000
thumbinner 2,9957 0,0019
wrap 0,0101 0,0000
register 0,0000 0,0000
standard 0,2357 0,0003
november 0,0000 0,0000
redux 3,9120 0,0025
notes 0,9943 0,0006
correct 1,2730 0,0008
iso 1,1394 0,0007
whaley 4,6052 0,0029
official 0,6162 0,0004
good 0,4155 0,0003
programmability 3,5066 0,0022
predefined 2,4079 0,0015
empty 0,0305 0,0000
imitate 3,9120 0,0025
analytics 1,7720 0,0011
datatracker 3,5066 0,0022
syntactic 2,4079 0,0015
ref 2,5257 0,0016
post 0,0202 0,0000
leave 0,0101 0,0000
crockford 2,9957 0,0019
fullversionlist 0,0000 0,0000
tim 1,0498 0,0007
finish 1,8971 0,0012
implement 0,3285 0,0002
export 0,0000 0,0000
add 0,0000 0,0000
stefan 2,4079 0,0015
need 0,1393 0,0002
citerefandryscojhalalerner 4,6052 0,0029
its 0,0726 0,0000
originally 0,8675 0,0005
often 0,2877 0,0002
encoding 2,4079 0,0015
list 0,0000 0,0000
article 0,0000 0,0000
rfc 1,9661 0,0012
lack 0,5447 0,0003
external 0,1863 0,0001
eval 2,9957 0,0019
parser 0,0000 0,0000
authority 0,4780 0,0003
multiline 4,6052 0,0029
http 0,0000 0,0000
exchange 1,1087 0,0014
decimal 0,0101 0,0000
useful 0,9943 0,0006
child 0,0202 0,0000
technical 0,6349 0,0004
mainentity 0,0000 0,0000
united 0,4780 0,0003
germany 0,5798 0,0004
obsolete 1,7720 0,0011
universally 2,9957 0,0019
xsd 3,5066 0,0022
standardization 1,6094 0,0010
interface 0,2485 0,0002
representation 1,1394 0,0007
remove 0,3711 0,0005
wghostname 0,0000 0,0000
disclaimers 0,0000 0,0000
wgtitle 0,0000 0,0000
engine 0,4780 0,0003
intentionally 2,3026 0,0014
root 0,4780 0,0003
rebol 3,9120 0,0025
wgisprobablyeditable 0,0000 0,0000
jake 2,9957 0,0019
wgdigittransformtable 0,0000 0,0000
citation 0,0101 0,0000
mobile 0,0000 0,0000
multiple 0,2485 0,0002
perform 0,4463 0,0003
rich 1,3093 0,0008
hlist 0,0408 0,0000
label 0,0000 0,0000
message 0,3857 0,0005
versatile 3,5066 0,0022
geojson 4,6052 0,0029
significance 2,6593 0,0017
special 0,0000 0,0000
modify 0,7765 0,0005
plainlist 0,4463 0,0003
activex 2,5257 0,0016
pdf 0,0000 0,0000
service 0,1393 0,0002
rlconf 0,0000 0,0000
there 0,2614 0,0002
minification 4,6052 0,0029
permit 1,3093 0,0008
syntax 1,1394 0,0007
well 0,2744 0,0002
pronounce 2,5257 0,0032
family 1,0217 0,0006
age 1,2730 0,0008
bitness 0,0000 0,0000
rgba 0,0101 0,0000
bahasa 0,3285 0,0002
release 0,2744 0,0002
caption 0,3567 0,0002
american 0,8440 0,0005
ultra 2,9957 0,0019
zyp 4,6052 0,0029
number 0,0000 0,0000
wgbackendresponsetime 0,0000 0,0000
shorten 0,0000 0,0000
subsume 4,6052 0,0029
precursor 2,2073 0,0014
property 0,6539 0,0008
block 0,0408 0,0000
nan 3,2189 0,0020
per 0,8440 0,0005
write 0,1508 0,0001
flow 0,3425 0,0002
liveview 4,6052 0,0029
manipulate 1,4271 0,0009
algorithm 0,8675 0,0005
avro 3,2189 0,0020
order 0,4155 0,0008
cli 1,5141 0,0009
similar 0,4780 0,0003
mapping 1,6607 0,0010
aria 0,0000 0,0000
boxtext 0,0619 0,0000
byte 0,0408 0,0001
specify 0,6349 0,0008
understand 0,6162 0,0004
indonesia 0,3567 0,0002
obsoletes 4,6052 0,0029
decoding 3,9120 0,0025
script 1,2379 0,0008
animation 1,5141 0,0009
system 0,0101 0,0000
nemeth 4,6052 0,0029
even 0,0513 0,0000
binary 0,9943 0,0006
restriction 1,4271 0,0018
tagline 0,0000 0,0000
regexp 0,0000 0,0000
other 0,0000 0,0000
subsection 0,1508 0,0001
openxps 4,6052 0,0029
wgeditsubmitbuttonlabelpublish 0,0000 0,0000
city 1,4697 0,0009
toc 0,0000 0,0000
wgpagecontentmodel 0,0000 0,0000
portability 1,9661 0,0012
valid 1,4271 0,0009
hypertext 2,1203 0,0013
conjunction 2,0402 0,0013
top 0,0000 0,0000
native 0,8916 0,0006
electronic 1,0788 0,0007
have 0,2744 0,0003
andrysco 4,6052 0,0029
consequence 1,5606 0,0010
product 0,4005 0,0003
linear 1,6607 0,0010
dominant 1,7148 0,0011
discouraged 3,5066 0,0022
toml 3,9120 0,0025
wgnamespacenumber 0,0000 0,0000
framework 0,2877 0,0002
aka 2,6593 0,0017
rlq 0,0000 0,0000
regard 1,1087 0,0014
dsdl 3,9120 0,0025
wgwmepagelength 0,0000 0,0000
cite 0,0000 0,0000
overly 3,5066 0,0022
bdthd 4,6052 0,0029
atom 2,4079 0,0015
entity 0,0101 0,0000
expensivefunctioncount 0,0000 0,0000
precision 2,2073 0,0028
cot 3,9120 0,0025
screen 0,0101 0,0000
body 0,0000 0,0000
bryan 2,4079 0,0015
upon 0,8916 0,0006
mode 0,0000 0,0000
sawn 4,6052 0,0029
timeusage 0,0000 0,0000
argonauts 4,6052 0,0029
automation 0,7550 0,0005
pages 0,0000 0,0000
optimize 1,0217 0,0006
pin 0,0000 0,0000
whether 0,7765 0,0005
function 0,0000 0,0000
links 3,9120 0,0025
pipe 2,9957 0,0019
buffer 1,8326 0,0011
net 0,9416 0,0006
newpp 0,0619 0,0000
all 0,0408 0,0000
always 0,9416 0,0006
border 0,0000 0,0000
new 0,0000 0,0000
comparison 0,4005 0,0005
jaql 4,6052 0,0029
read 0,0000 0,0000
markup 2,5257 0,0016
buffers 4,6052 0,0029
cpu 0,0408 0,0000
infobox 0,6931 0,0004
shall 2,9957 0,0019
nfc 3,5066 0,0022
real 0,0408 0,0000
clientpref 0,0000 0,0000
pcache 0,0619 0,0000
tool 0,0000 0,0000
apiw 4,6052 0,0029
unit 0,6539 0,0004
improve 0,2485 0,0002
svenska 0,3857 0,0002
typing 2,3026 0,0014
mock 2,5257 0,0016
october 0,0000 0,0000
amf 3,5066 0,0022
evil 2,9957 0,0019
basic 0,6539 0,0004
unix 1,3093 0,0008
complication 0,0513 0,0000
ubjson 3,9120 0,0025
cause 0,6162 0,0008
technique 0,7550 0,0005
wgpagecontentlanguage 0,0000 0,0000
media 0,2485 0,0002
around 0,6931 0,0004
jquery 0,0000 0,0000
lightweight 1,6094 0,0010
rom 2,8134 0,0018
scripting 1,2040 0,0008
wgisarticle 0,0000 0,0000
design 0,1393 0,0002
define 0,2744 0,0005
evi 4,6052 0,0029
douglas 1,7148 0,0011
row 0,4943 0,0003
errata 3,9120 0,0025
mongodb 2,0402 0,0013
render 0,0513 0,0001
universal 1,4271 0,0009
bson 2,9957 0,0019
timeless 0,0101 0,0000
vxa 4,6052 0,0029
direction 1,2379 0,0008
serialized 4,6052 0,0029
rpc 3,2189 0,0020
editable 3,2189 0,0020
abstraction 1,2040 0,0008
unnecessary 2,9957 0,0019
wgwmeschemaeditattemptstepoversample 0,0000 0,0000
requirement 0,5798 0,0004
specific 0,2877 0,0002
any 0,2107 0,0001
despite 1,3093 0,0008
ttl 0,0000 0,0000
super 2,8134 0,0018
encyclopedia 0,0000 0,0000
application 0,0943 0,0001
conduct 0,0000 0,0000
wgflaggedrevsparams 0,0000 0,0000
punctuation 3,2189 0,0020
yenc 3,9120 0,0025
until 0,7765 0,0005
respond 1,3471 0,0008
collapse 0,0408 0,0000
abovebelow 0,0943 0,0001
wgrelevantarticleid 0,0000 0,0000
csv 3,2189 0,0020
preprocessor 0,0513 0,0000
discussion 1,3093 0,0008
ajax 1,7148 0,0011
lee 1,3471 0,0008
professional 0,9416 0,0006
java 0,6162 0,0004
differently 2,4079 0,0015
notation 1,4271 0,0009
pref 0,0000 0,0000
english 0,0000 0,0000
recycle 3,9120 0,0025
butler 2,8134 0,0018
let 0,9943 0,0006
api 0,3425 0,0002
state 0,3425 0,0006
csrftoken 0,0000 0,0000
interchange 2,5257 0,0032
element 0,0000 0,0000
app 0,9943 0,0006
cache 0,0305 0,0000
margin 0,0000 0,0000
suomi 0,2107 0,0001
wgrequestid 0,0000 0,0000
jay 2,5257 0,0016
remain 0,7550 0,0005
night 0,0000 0,0000
enwikimwclientpreference 0,0000 0,0000
qaraqalpaqsha 1,1712 0,0007
rlpagemodules 0,0000 0,0000
vulnerability 1,3863 0,0009
processor 1,1394 0,0007
each 0,1393 0,0001
javascript 0,9416 0,0006
input 0,0000 0,0000
alternatives 3,2189 0,0020
difference 0,8916 0,0011
samea 0,0000 0,0000
must 0,4620 0,0003
ajaj 4,6052 0,0029
flash 2,1203 0,0013
wgwikibaseitemid 0,0000 0,0000
unpinned 0,0000 0,0000
wgulsiscompactlinksenable 0,0000 0,0000
another 0,3567 0,0002
document 0,4463 0,0006
pagevariantfallback 0,0000 0,0000
facto 2,5257 0,0016
recommend 1,4697 0,0009
two 0,2744 0,0002
literal 2,4079 0,0030
promote 1,3093 0,0008
webarchive 0,7985 0,0005
cve 2,8134 0,0018
cyphal 3,9120 0,0025
encryption 1,1712 0,0007
attack 1,1712 0,0007
wgmonthname 0,0000 0,0000
catherine 2,6593 0,0017
structured 1,7148 0,0011
disabled 0,0000 0,0000
where 0,2744 0,0002
attach 1,8326 0,0011
attribute 0,7765 0,0010
douglascrockford 4,6052 0,0029
escape 2,1203 0,0040
creation 0,7985 0,0005
datepublished 0,0000 0,0000
situation 1,2379 0,0008
timestamp 0,0000 0,0000
clause 2,2073 0,0014
morningstar 4,6052 0,0029
receive 0,7340 0,0005
coffeescript 2,6593 0,0017
curly 3,2189 0,0020
conformance 2,1203 0,0013
refresh 2,8134 0,0018
declaration 1,8326 0,0011
call 0,0101 0,0000
such 0,0943 0,0001
wgusername 0,0000 0,0000
plugin 1,9661 0,0012
syntactically 2,9957 0,0019
describe 0,2485 0,0006
chart 1,7148 0,0011
optical 2,4079 0,0015
through 0,2107 0,0001
ranjit 4,6052 0,0029
smith 1,7148 0,0011
microsystems 1,8971 0,0012
administration 1,2730 0,0008
consortium 1,8326 0,0011
source 0,1393 0,0001
align 0,0101 0,0000
microsoft 0,4005 0,0003
ieee 0,8440 0,0005
ecmascript 2,5257 0,0016
either 0,5621 0,0004
view 0,0000 0,0000
late 0,4155 0,0003
white 0,0305 0,0000
garth 4,6052 0,0029
donate 0,0000 0,0000
ecma 2,8134 0,0018
inherent 2,4079 0,0015
realize 1,9661 0,0012
yaml 2,8134 0,0018
messagepack 3,9120 0,0025
pronounced 2,6593 0,0017
last 0,0000 0,0000
sqlite 3,5066 0,0022
imageright 0,2614 0,0002
widely 0,7985 0,0005
mozilla 1,8326 0,0011
weight 0,0101 0,0000
bold 0,0408 0,0000
develop 0,1863 0,0001
duplicate 1,8971 0,0012
engineering 0,3857 0,0002
significant 0,6931 0,0004
glossary 1,7148 0,0011
galego 0,7550 0,0005
name 0,0000 0,0000
cputime 0,0000 0,0000
page 0,0000 0,0000
assume 1,6094 0,0030
compatibility 0,9416 0,0006
watchlist 0,0000 0,0000
full 0,0202 0,0000
underflow 4,6052 0,0029
memory 0,0408 0,0000
color 0,0101 0,0000
occupy 2,6593 0,0017
string 1,2040 0,0015
book 0,4308 0,0003
concept 0,3711 0,0005
show 0,0513 0,0001
description 0,0000 0,0000
edition 0,7985 0,0005
gupta 2,5257 0,0016
nor 1,7720 0,0011
minimal 1,2730 0,0008
not 0,0101 0,0000
impose 1,9661 0,0012
street 1,5606 0,0010
statement 0,0000 0,0000
agnostic 2,9957 0,0019
surrogate 2,4079 0,0015
trademark 0,0101 0,0000
vote 2,4079 0,0015
early 0,4308 0,0003
greek 0,0101 0,0000
introduce 0,3285 0,0002
yes 1,9661 0,0012
center 0,0000 0,0000
start 0,3011 0,0002
cursive 4,6052 0,0029
configure 1,3093 0,0008
footnote 2,8134 0,0018
pair 1,3863 0,0017
way 0,2485 0,0003
editing 2,1203 0,0013
manage 0,3567 0,0002
target 0,0101 0,0000
doyle 4,6052 0,0029
lerner 3,5066 0,0022
what 0,0000 0,0000
refer 0,4155 0,0003
infrastructure 0,6733 0,0004
israel 0,7550 0,0005
restricted 2,8134 0,0018
wikimedia 0,0000 0,0000
colon 3,5066 0,0022
short 0,0000 0,0000
time 0,0000 0,0000
quotation 1,7720 0,0011
dohm 4,6052 0,0029
container 0,0000 0,0000
play 1,1712 0,0007
studio 1,3471 0,0008
developers 0,0000 0,0000
usage 0,0000 0,0000
interactive 0,4463 0,0003
semantics 1,4271 0,0009
wgmediaviewerenabledbydefault 0,0000 0,0000
nearby 0,0000 0,0000
when 0,0834 0,0001
artifact 2,2073 0,0014
fat 2,6593 0,0017
specifically 0,8916 0,0006
catch 2,0402 0,0013
give 0,4780 0,0003
identifier 1,4697 0,0009
item 0,0000 0,0000
wgmediavieweronclick 0,0000 0,0000
double 1,0498 0,0007
wgulsposition 0,0000 0,0000
destroy 2,2073 0,0014
tibco 3,9120 0,0025
melayu 0,6349 0,0004
creative 0,0000 0,0000
nederlands 0,1985 0,0001
serialize 2,9957 0,0056
multiimageinner 3,2189 0,0020
provide 0,1625 0,0003
wayback 0,7985 0,0005
wgbreakframe 0,0000 0,0000
italiano 0,1278 0,0001
sticky 0,0000 0,0000
addison 0,9163 0,0006
style 0,0000 0,0000
care 1,9661 0,0012
citerefsqlite 4,6052 0,0029
primary 0,7765 0,0005
denial 2,3026 0,0014
explicitly 1,2040 0,0008
searchinput 0,0000 0,0000
superset 2,5257 0,0032
log 0,0000 0,0000
wgcheckuserclienthintsheadersjsapi 0,0000 0,0000
euskara 0,5108 0,0003
commons 0,0000 0,0000
layer 0,7340 0,0005
lot 1,5606 0,0010
computer 0,1863 0,0001
modern 0,7340 0,0005
low 0,0101 0,0000
timingprofile 0,0000 0,0000
web 0,1165 0,0001
theme 0,0000 0,0000
architecture 0,0000 0,0000
wgcategory 0,0000 0,0000
editor 0,0000 0,0000
postexpandincludesize 0,0000 0,0000
acronym 2,6593 0,0017
more 0,0000 0,0000
unstrip 0,0000 0,0000
display 0,0000 0,0000
noteworthy 4,6052 0,0029
consistent 1,1712 0,0007
ansi 2,2073 0,0014
templateargumentsize 0,0000 0,0000
unsourced 0,5621 0,0004
january 0,0000 0,0000
permanent 0,0000 0,0000
organization 0,0000 0,0000
width 0,0000 0,0000
jsoniq 4,6052 0,0029
certain 0,6162 0,0004
statistics 0,0000 0,0000
small 0,0305 0,0000
distinction 2,0402 0,0013
before 0,0305 0,0000
theader 3,2189 0,0020
replace 0,7340 0,0005
simple 0,2231 0,0001
italic 0,1278 0,0001
dan 0,9943 0,0006
notification 1,8971 0,0012
protocol 0,5621 0,0007
indentation 3,5066 0,0022
overflow 0,3567 0,0002
major 0,5621 0,0004
few 0,7133 0,0004
consider 0,4005 0,0003
day 0,0000 0,0000
hyper 2,4079 0,0015
group 0,0408 0,0000
romanization 3,2189 0,0020
visible 0,0101 0,0000
orient 0,5447 0,0003
pronunciation 2,6593 0,0017
kind 0,8675 0,0005
format 0,0101 0,0000
tree 1,1394 0,0007
archive 0,0943 0,0001
particular 0,5978 0,0004
history 0,0000 0,0000
serializable 3,9120 0,0025
both 0,0305 0,0000
formal 1,1394 0,0007
important 0,0101 0,0000
most 0,2107 0,0001
delimit 2,8134 0,0018
square 2,1203 0,0013
sorin 4,6052 0,0029
transfer 0,7985 0,0005
outside 1,1087 0,0007
udf 3,5066 0,0022
keep 0,6733 0,0004
ipac 2,9957 0,0019
producer 2,6593 0,0017
topic 0,0000 0,0000
thayne 4,6052 0,0029
dhtml 2,4079 0,0015
fallback 2,5257 0,0016
applet 3,5066 0,0022
soap 2,4079 0,0015
who 0,5621 0,0004
ease 1,7720 0,0011
request 0,6733 0,0004
game 0,7765 0,0005
handbook 1,7148 0,0011
wgrestrictionedit 0,0000 0,0000
part 0,1985 0,0001
contribute 0,0000 0,0000
wgpageparsereport 0,0000 0,0000
insert 1,6607 0,0010
numeric 1,8326 0,0011
why 0,6539 0,0004
forbid 2,2073 0,0014
textbooks 1,7720 0,0011
point 0,5447 0,0003
general 0,0000 0,0000
database 0,2485 0,0003
september 0,0000 0,0000
browser 0,9943 0,0012
sad 4,6052 0,0029
ayush 4,6052 0,0029
introduction 0,5621 0,0004
lawyer 3,2189 0,0020
wip 2,8134 0,0018
wgseparatortransformtable 0,0000 0,0000
noosh 4,6052 0,0029
padding 0,0000 0,0000
move 0,0000 0,0000
process 0,1625 0,0001
original 0,0943 0,0001
handful 3,5066 0,0022
assignment 2,2073 0,0014
alternative 0,6931 0,0004
clear 0,0101 0,0000
also 0,0202 0,0000
say 0,6733 0,0013
ltr 0,0000 0,0000
jsonml 4,6052 0,0029
puppet 2,8134 0,0018
dds 4,6052 0,0029
inline 0,0408 0,0000
build 0,2357 0,0003
various 0,3857 0,0002
interaction 0,8210 0,0005
lua 0,0513 0,0000
further 0,3711 0,0002
visit 0,0408 0,0000
user 0,0000 0,0000
account 0,0000 0,0000
methodology 1,2040 0,0008
plane 2,9957 0,0019
mime 2,8134 0,0018
advance 1,0788 0,0007
offer 0,4155 0,0003
suffer 1,9661 0,0012
draft 1,6607 0,0010
diverse 2,4079 0,0015
abbr 0,0619 0,0000
strict 1,5606 0,0010
you 0,0000 0,0000
addition 0,6733 0,0004
jump 0,0000 0,0000
happen 1,3471 0,0008
citerefyahoo 4,6052 0,0029
grow 0,8675 0,0005
pass 0,8675 0,0005
documentation 0,6349 0,0004
profile 1,0788 0,0007
july 0,0000 0,0000
personal 0,0000 0,0000
extend 0,6162 0,0004
imageobject 0,0000 0,0000
deserialization 4,6052 0,0029
unicode 2,1203 0,0013
consideration 1,5606 0,0010
hoc 2,4079 0,0015
schema 1,6094 0,0010
compare 0,9416 0,0006
geographical 2,4079 0,0015
netscape 2,3026 0,0014
strong 0,9943 0,0006
be 0,1508 0,0002
subgroup 0,0513 0,0000
scheme 0,0101 0,0000
ordering 2,6593 0,0017
icon 0,0101 0,0000
expansiondepth 0,0000 0,0000
unsafe 2,3026 0,0014
transparent 0,0619 0,0000
how 0,0834 0,0001
capability 0,7765 0,0005
search 0,0000 0,0000
see 0,0408 0,0001
journal 0,4780 0,0003
spacing 0,0619 0,0000
wgrelevantpagename 0,0000 0,0000
unlike 1,2040 0,0008
jtc 2,6593 0,0017
national 0,4463 0,0003
term 0,0000 0,0000
backslash 3,9120 0,0025
chip 1,5141 0,0009
contain 0,0101 0,0000
set 0,2107 0,0001
mini 0,0619 0,0000
shqip 0,6931 0,0004
column 0,0101 0,0000
rounding 4,6052 0,0029
possible 0,5276 0,0003
procedure 0,9676 0,0006
right 0,0101 0,0000
march 0,0000 0,0000
june 0,0000 0,0000
wikitext 0,0000 0,0000
answer 1,5606 0,0010
stage 1,2040 0,0008
harvnb 3,2189 0,0020
series 0,5798 0,0004
maximum 1,9661 0,0012
supersede 1,9661 0,0012
wgaction 0,0000 0,0000
paul 0,7765 0,0005
under 0,0101 0,0000
config 3,2189 0,0020
font 0,0000 0,0000
represent 0,5978 0,0011
encode 1,5141 0,0028
notetag 4,6052 0,0029
ben 1,3093 0,0008
language 0,0000 0,0000
do 0,1625 0,0002
graphics 1,6607 0,0010
navbox 0,0943 0,0001
autocapitalize 0,0000 0,0000
down 0,8440 0,0005
hold 0,7985 0,0010
listitem 0,0408 0,0000
meaningful 2,6593 0,0017
div 0,0000 0,0000
trail 2,4079 0,0015
later 0,4005 0,0003
prior 1,3093 0,0008
contact 0,0000 0,0000
bracket 0,0619 0,0001
legal 1,1712 0,0007
wgpagename 0,0000 0,0000
jsml 4,6052 0,0029
warning 1,8326 0,0011
exclude 2,3026 0,0014
talk 0,0000 0,0000
programming 0,2744 0,0002
digit 2,0402 0,0013
expansive 4,6052 0,0029
image 0,0202 0,0000
commonly 0,6931 0,0004
mackin 4,6052 0,0029
typically 0,3857 0,0002
bray 2,8134 0,0018
unpredictable 3,5066 0,0022
count 0,0513 0,0000
fractional 3,9120 0,0025
hatnote 0,2107 0,0001
pinnable 0,0000 0,0000
wgrevisionid 0,0000 0,0000
popularize 2,3026 0,0014
hjson 4,6052 0,0029
lucid 4,6052 0,0029
frame 1,6094 0,0010
ietf 2,4079 0,0015
little 1,0788 0,0007
cdfs 3,9120 0,0025
cursor 0,0619 0,0000
however 0,3011 0,0002
some 0,1744 0,0001
optimized 4,6052 0,0029
session 1,7720 0,0011
additional 0,0000 0,0000
deem 2,5257 0,0016
origin 0,0000 0,0000
back 0,6349 0,0004
title 0,0000 0,0000
walltime 0,0000 0,0000
interlanguage 0,0000 0,0000
patroltoken 0,0000 0,0000
content 0,0000 0,0000
primarily 0,9943 0,0006
miss 1,3471 0,0008
states 0,4943 0,0003
trow 3,2189 0,0020
random 0,0000 0,0000
redefine 2,8134 0,0018
wikibooks 0,8210 0,0005
load 0,0202 0,0000
alpha 0,0101 0,0000
client 0,0000 0,0000
ignore 1,4697 0,0009
json 1,2379 0,0008
company 0,4308 0,0003
thomas 0,8675 0,0005
class 0,0000 0,0000
human 0,9416 0,0006
just 0,4943 0,0003
gehomepagesuggestededitsenabletopic 0,0000 0,0000
digital 0,6162 0,0004
kris 4,6052 0,0029
custom 0,0000 0,0000
false 0,0000 0,0000
specification 0,7133 0,0009
counter 0,0408 0,0000
parse 0,0619 0,0001
dlt 3,9120 0,0025
strictly 2,0402 0,0013
considerations 3,2189 0,0020
home 0,8675 0,0005
serialization 3,2189 0,0020
print 0,0000 0,0000
although 0,6162 0,0004
form 0,3011 0,0002
management 0,2231 0,0001
inherit 0,0101 0,0000
publish 0,4463 0,0003
holm 4,6052 0,0029
developer 0,1744 0,0001
iana 3,9120 0,0025
avoid 0,0101 0,0000
he 0,6733 0,0004
merger 2,5257 0,0016
subset 1,1394 0,0007
assign 1,2730 0,0016
macromedia 3,9120 0,0025
big 0,7550 0,0005
practice 0,6349 0,0004
advanced 0,7985 0,0005
convert 1,6607 0,0010
unquoted 3,2189 0,0020
uuencode 3,9120 0,0025
output 0,0000 0,0000
dmy 0,0000 0,0000
navigation 0,0000 0,0000
tape 1,8971 0,0012
four 0,9676 0,0006
context 0,5978 0,0004
action 0,0000 0,0000
lock 0,0101 0,0000
majority 1,5141 0,0009
model 0,0000 0,0000
text 0,0000 0,0000
usually 0,4780 0,0003
whereas 1,4271 0,0009
portal 0,0000 0,0000
validation 1,3093 0,0008
pbryan 4,6052 0,0029
cofounder 4,6052 0,0029
reduce 0,0101 0,0000
sentence 0,0000 0,0000
mccombs 4,6052 0,0029
python 0,6539 0,0004
ppvisitednode 0,0000 0,0000
cookie 0,0000 0,0000
issue 0,3425 0,0002
kern 0,0101 0,0000
large 0,2485 0,0002
notefoot 4,6052 0,0029
edelman 3,9120 0,0025
loading 0,0000 0,0000
odd 0,0943 0,0001
messaging 1,4271 0,0009
flatbuffers 2,9957 0,0019
field 0,7550 0,0005
contents 0,0000 0,0000
explorer 1,7148 0,0011
doc 1,8326 0,0023
john 0,5276 0,0003
begin 0,5108 0,0006
wgvisualeditor 0,0000 0,0000
become 0,2877 0,0005
doi 0,4155 0,0003
status 0,0000 0,0000
template 0,0000 0,0000
trading 2,1203 0,0013
paragraph 2,8134 0,0018
server 0,4005 0,0005
enwiki 0,0619 0,0000
skin 0,0000 0,0000
nonstandard 3,9120 0,0025
subscription 0,0101 0,0000
smi 3,9120 0,0025
ultrium 4,6052 0,0029
streaming 2,1203 0,0013
file 0,0000 0,0000
library 0,3857 0,0005
navbar 0,0202 0,0000
world 0,3857 0,0002
strings 2,6593 0,0017
stream 1,0788 0,0014
subbox 0,6931 0,0004
member 0,9163 0,0011
december 0,0000 0,0000
ability 0,7340 0,0005
map 0,8210 0,0005
wgnoticeproject 0,0000 0,0000
implementations 1,8971 0,0012
table 0,0000 0,0000
creator 1,2730 0,0008
side 0,3425 0,0002
may 0,0000 0,0000
break 0,0101 0,0000
max 0,0513 0,0000
within 0,3011 0,0002
could 0,4780 0,0003
change 0,0000 0,0000
snd 3,2189 0,0020
trigger 0,0513 0,0000
menu 0,0000 0,0000
printable 0,0000 0,0000
url 0,0000 0,0000
hide 0,0000 0,0000
corporate 1,4697 0,0009
discovery 1,3863 0,0009
machine 0,2744 0,0002
report 0,0202 0,0000
complete 0,4780 0,0003
digigroup 4,6052 0,0029
return 0,0000 0,0000
auto 0,0726 0,0000
instance 0,7765 0,0005
emoji 3,9120 0,0025
use 0,0000 0,0000
unambiguous 3,9120 0,0025
several 0,4155 0,0003
sign 1,2379 0,0008
main 0,0000 0,0000
integer 1,7720 0,0011
office 1,0498 0,0007
wgcanonicalspecialpagename 0,0000 0,0000
while 0,2614 0,0002
radio 1,6607 0,0010
second 0,0408 0,0000
smile 3,9120 0,0025
that 0,5108 0,0003
download 0,0000 0,0000
edge 1,2379 0,0008
high 0,0101 0,0000
son 3,9120 0,0025
split 0,0000 0,0000
strip 2,9957 0,0019
find 0,3425 0,0002
than 0,2357 0,0001
host 0,6539 0,0004
limit 0,0000 0,0000
logo 0,0000 0,0000
widespread 1,3093 0,0008
communication 0,6162 0,0004
different 0,0513 0,0000
directly 0,5108 0,0003
international 0,3011 0,0002
logs 1,3093 0,0008
jhala 4,6052 0,0029
yamlex 4,6052 0,0029
level 0,0000 0,0000
utc 0,0000 0,0000
author 0,0000 0,0000
utf 2,5257 0,0016
interoperability 1,8326 0,0011
canonical 0,0408 0,0000
preserve 1,8326 0,0011
uti 3,2189 0,0020
fill 2,2073 0,0014
separator 3,5066 0,0022
sistersitebox 0,6539 0,0004
expansion 0,0619 0,0000
amazon 1,0498 0,0007
feed 1,9661 0,0012
license 0,0000 0,0000
disk 1,3471 0,0008
expand 0,0101 0,0000
originate 1,6094 0,0010
wgcurrevisionid 0,0000 0,0000
convenient 2,5257 0,0016
task 0,5108 0,0003
null 0,0000 0,0000
tmultus 3,2189 0,0020
background 0,0101 0,0000
mdn 3,2189 0,0020
true 0,0000 0,0000
wgmfdisplaywikibasedescription 0,0000 0,0000
header 0,0000 0,0000
retrieve 0,0000 0,0000
disc 2,0402 0,0013
plug 2,2073 0,0014
trevor 3,2189 0,0020
watchtoken 0,0000 0,0000
present 0,5621 0,0004
kang 3,5066 0,0022
since 0,3425 0,0002
datum 0,0408 0,0000
code 0,0000 0,0000
differentiation 3,2189 0,0020
legacy 1,5141 0,0009
mdy 1,6094 0,0010
wgdefaultdateformat 0,0000 0,0000
box 0,0408 0,0000
sean 1,9661 0,0012
foreach 0,0000 0,0000
total 0,0000 0,0000
citerefedelmanloweoswalt 4,6052 0,0029
postgresql 2,3026 0,0014
deutsch 0,0943 0,0001
repeat 0,0101 0,0000
cap'n 3,9120 0,0025
magnitude 2,5257 0,0016
somehow 3,9120 0,0025
make 0,1165 0,0002
consumer 1,4697 0,0009
stateful 3,2189 0,0020
wggestructuredtaskrejectionreasontextinputenable 0,0000 0,0000
unofficial 2,2073 0,0014
src 0,6349 0,0004
control 0,1625 0,0001
exactly 1,5606 0,0010
intelligent 1,7720 0,0011
structure 0,4155 0,0005
master 1,0498 0,0007
pitfall 3,9120 0,0025
unescaped 4,6052 0,0029
due 0,5108 0,0003
conform 1,7148 0,0011
attribution 0,0000 0,0000
mckamey 4,6052 0,0029
uwb 4,6052 0,0029
metadata 1,5606 0,0010
readily 2,6593 0,0017
vary 0,0619 0,0001
upper 0,0101 0,0000
cover 1,2040 0,0008
character 1,1394 0,0014
contribution 0,0000 0,0000
ongoing 1,9661 0,0012
meaning 1,5141 0,0009
expiry 0,0619 0,0000
minerva 0,0101 0,0000
orbit 3,5066 0,0022
brand 0,0000 0,0000
recent 0,0000 0,0000
recursion 0,0513 0,0000
they 0,0619 0,0001
height 0,0101 0,0000
proposal 1,6094 0,0010
github 0,7340 0,0005
std 2,4079 0,0015
august 0,0000 0,0000
edit 0,0000 0,0000
old 0,8675 0,0005
module 0,0000 0,0000
wikibase 0,0619 0,0000
outer 1,2040 0,0008
holographic 2,9957 0,0019
then 0,3567 0,0002
jitsi 4,6052 0,0029
execute 0,6733 0,0004
accept 1,1087 0,0021
datemodify 0,0619 0,0000
node 0,0305 0,0000
filename 2,1203 0,0027
adopt 0,9163 0,0006
unique 1,2379 0,0008
processing 0,6162 0,0004
bencode 3,9120 0,0025
oswalt 4,6052 0,0029
functional 0,9943 0,0006
notheme 0,3711 0,0002
customization 2,5257 0,0016
sun 1,2730 0,0008
seem 1,8971 0,0012
hagen 4,6052 0,0029
into 0,1985 0,0001
selflink 0,0101 0,0000
current 0,0000 0,0000
min 0,1165 0,0001
thrift 3,2189 0,0020
eiffel 3,9120 0,0025
vector 0,0000 0,0000
free 0,0000 0,0000
key 0,0305 0,0000
apart 3,2189 0,0020
redirect 1,1087 0,0014
cachereport 0,0000 0,0000
cson 4,6052 0,0029
jsmin 4,6052 0,0029
expression 1,3471 0,0017
middle 0,7765 0,0005
decision 0,8675 0,0005
necessary 0,8440 0,0005
though 0,8440 0,0005
cartoon 3,5066 0,0022
edifact 3,9120 0,0025
one 0,0943 0,0001
launch 0,9943 0,0012
store 0,5447 0,0010
many 0,2357 0,0001
thumbcaption 3,2189 0,0020
actually 1,3093 0,0008
jsonc 4,6052 0,0029
single 0,3147 0,0002
appear 0,8210 0,0005
entityaccesscount 0,0000 0,0000
face 1,1712 0,0007
schaub 3,5066 0,0022
supersets 3,5066 0,0022
vast 1,9661 0,0012
open 0,1625 0,0001
treat 1,3863 0,0009
separate 0,6162 0,0012
tbody 0,6931 0,0004
available 0,0000 0,0000
validator 2,8134 0,0018
duplex 4,6052 0,0029
project 0,0000 0,0000
enhancement 0,0101 0,0000
inside 0,0101 0,0000
zero 1,0217 0,0013
horizontal 2,5257 0,0016
apache 1,0788 0,0007
yahoo 2,5257 0,0016
variant 0,0619 0,0000
dynamic 0,7133 0,0004
mysql 2,3026 0,0014
terminator 3,5066 0,0022
generate 0,8210 0,0015
streambase 4,6052 0,0029
unichar 4,6052 0,0029
invert 2,5257 0,0016
monospace 2,0402 0,0013
query 1,1394 0,0007
this 0,1278 0,0001
collection 0,6733 0,0004
norsk 0,3285 0,0002
cbor 3,9120 0,0025
suppose 3,2189 0,0020
incorrectly 3,5066 0,0022
memusage 0,0000 0,0000
ido 1,2730 0,0008
once 0,7985 0,0005
know 0,2231 0,0003
support 0,1393 0,0003
internet 0,5447 0,0003
allow 0,1863 0,0005
drop 1,1394 0,0014
xhdmh 3,9120 0,0025
jsonbis 4,6052 0,0029
iec 1,5606 0,0010
wgpopupsflag 0,0000 0,0000
isbn 0,1054 0,0001
mass 1,8971 0,0012
polski 0,1165 0,0001
privacy 0,0000 0,0000
update 0,4463 0,0003
derivative 1,9661 0,0012
vertical 0,7985 0,0005
pure 1,9661 0,0012
misconception 2,4079 0,0015
cofound 4,6052 0,0029
hein 4,6052 0,0029
common 0,3711 0,0002
proprietary 0,9676 0,0006
linux 0,8916 0,0006
definition 0,4943 0,0003
monospaced 2,0402 0,0013
placeholder 0,0000 0,0000
magnus 3,5066 0,0022
normal 0,0202 0,0000
daly 4,6052 0,0029
wide 0,6539 0,0008
apply 0,0000 0,0000
licens 1,8971 0,0012
org 1,5141 0,0009
transmit 1,8326 0,0023
reading 2,1203 0,0013
technology 0,1863 0,0001
directive 1,8971 0,0012
wgarticleid 0,0000 0,0000
hocon 4,6052 0,0029
marc 2,3026 0,0014
periodical 2,0402 0,0013
jason 1,7148 0,0011
pagelanguagedir 0,0000 0,0000
wgcitereferencepreviewsactive 0,0000 0,0000
comment 1,2730 0,0008
relational 1,5606 0,0010
whitespace 2,5257 0,0016
mark 0,6733 0,0008
base 0,0305 0,0000
ecosystem 1,2040 0,0008
software 0,0000 0,0000
seonghoon 4,6052 0,0029
xdr 3,9120 0,0025
none 0,0101 0,0000
repository 0,5276 0,0003
type 0,0000 0,0000
april 0,0000 0,0000
consist 0,6539 0,0008
loss 1,5141 0,0009
compatible 1,2040 0,0008
closing 2,1203 0,0013
problem 0,3285 0,0002
relate 0,0000 0,0000
enable 0,0000 0,0000
justify 1,8326 0,0011
safety 1,3093 0,0008
sidebar 0,0000 0,0000
limitreport 0,0000 0,0000
connection 0,9676 0,0012
decoration 0,0619 0,0000
between 0,2107 0,0001
guide 0,3711 0,0002
reflist 0,0101 0,0000
phase 1,2379 0,0008
goal 0,8440 0,0005
method 0,3147 0,0004
overhead 1,2040 0,0008
var 0,0000 0,0000
contract 1,4271 0,0009
matt 1,7720 0,0011
agree 0,0101 0,0000
push 0,0000 0,0000
exist 0,4155 0,0005
wgulsislanguageselectorempty 0,0000 0,0000
trent 3,5066 0,0022
among 0,5276 0,0003
tsingle 3,2189 0,0020
srpski 0,3711 0,0002
force 1,0217 0,0006
registration 0,0101 0,0000
word 0,0101 0,0000
extension 0,6349 0,0004
signature 1,8971 0,0012
iii 2,1203 0,0013
range 0,8675 0,0005
foundation 0,0000 0,0000
derive 1,1394 0,0007
out 0,0000 0,0000
snyder 3,2189 0,0020
dart 2,6593 0,0017
disallow 2,6593 0,0033
uniform 1,7148 0,0011
optimally 4,6052 0,0029
transcript 2,6593 0,0017
feature 0,0000 0,0000
operators 4,6052 0,0029
assert 2,6593 0,0017
get 0,0000 0,0000
dark 0,0101 0,0000
place 0,5447 0,0003
event 0,0000 0,0000
multilingual 2,9957 0,0019
regular 1,2379 0,0008
include 0,0000 0,0000
sell 1,3471 0,0008
toggle 0,0000 0,0000
lead 0,2231 0,0003
token 1,7148 0,0011
expect 0,8440 0,0005
help 0,0000 0,0000
comma 2,9957 0,0038
site 0,0000 0,0000
appearance 0,0000 0,0000
depth 0,0000 0,0000
classname 0,0000 0,0000
additionally 1,0498 0,0007
self 0,7133 0,0004
wggetopicsmatchmodeenable 0,0000 0,0000
asset 2,0402 0,0013
first 0,0408 0,0000
sharealike 0,0000 0,0000
span 1,2730 0,0008
date 0,3011 0,0002
exponential 2,8134 0,0018
argument 0,0513 0,0000
nowrap 0,0408 0,0000
data 0,0000 0,0000
prefer 0,0101 0,0000
roman 0,0101 0,0000
subsystem 2,0402 0,0013
wgpageviewlanguage 0,0000 0,0000
wgrelevantpageisprobablyeditable 0,0000 0,0000
float 0,0101 0,0000
transclusion 0,0619 0,0000
bevry 4,6052 0,0029
space 0,0408 0,0000
reference 0,0101 0,0000
accesskey 0,0000 0,0000
tab 2,4079 0,0015
only 0,2107 0,0001
should 0,3711 0,0002
create 0,0000 0,0000
html 0,4463 0,0003
tag 0,0000 0,0000
saga 2,9957 0,0019
readable 1,8971 0,0012
development 0,1278 0,0001
exabeam 4,6052 0,0029
imply 1,9661 0,0012
lowe 4,6052 0,0029
like 0,2231 0,0001
bottom 0,0000 0,0000
constrain 2,4079 0,0030
lightbend 4,6052 0,0029
revision 0,0000 0,0000
magyar 0,3425 0,0002
sequence 1,2730 0,0016
eds 2,3026 0,0014
casimir 3,9120 0,0025
person 0,6162 0,0008
proto 3,5066 0,0022
safe 0,8675 0,0005
publisher 0,0000 0,0000
replacement 1,7148 0,0011
send 0,7550 0,0014
here 0,0000 0,0000
youtube 1,5141 0,0009
note 0,4155 0,0005
img 0,0408 0,0000
configuration 0,7550 0,0005
o'reilly 0,6733 0,0004
purpose 0,5108 0,0006
saternos 4,6052 0,0029
line 0,0101 0,0000
link 0,0000 0,0000
scale 0,4943 0,0003
rlstate 0,0000 0,0000
error 0,0101 0,0000
platform 0,0000 0,0000
network 0,3285 0,0002
can 0,0408 0,0000
security 0,3285 0,0002
cap 0,0619 0,0000
contributor 0,0000 0,0000
jackson 2,6593 0,0017
wgcanonicalnamespace 0,0000 0,0000
array 1,4271 0,0018
asynchronous 1,8326 0,0011
flex 0,5276 0,0003
ready 0,0000 0,0000
fasterxml 4,6052 0,0029
informational 3,5066 0,0022
bigint 3,5066 0,0022
value 0,0000 0,0000
quantity 2,1203 0,0013
wgisredirect 0,0000 0,0000
reqbin 4,6052 0,0029
will 0,2485 0,0002
february 0,0000 0,0000
implementation 0,3147 0,0004
stephen 1,5141 0,0009
match 0,5276 0,0003
arbitrary 1,3863 0,0009
standardize 1,7148 0,0011
follow 0,2744 0,0002
instead 0,4463 0,0003
command 0,7133 0,0004
expensive 0,0408 0,0000
boolean 2,1203 0,0013
round 1,3093 0,0008
maint 0,0101 0,0000
response 0,7340 0,0005
responsive 0,0202 0,0000
york 0,8440 0,0005
wiktionary 0,5798 0,0004
slash 2,4079 0,0015
category 0,0000 0,0000
platformversion 0,0000 0,0000
wikidata 0,0000 0,0000
