cca 3,9120 0,0021
prepare 1,6094 0,0009
unavailable 2,3026 0,0012
upload 0,0000 0,0000
wggelevelingupenabledforuser 0,0000 0,0000
wgrestrictionmove 0,0000 0,0000
pollution 2,8134 0,0015
remote 0,9163 0,0005
without 0,2744 0,0001
would 0,3425 0,0002
kerner 3,5066 0,0019
persistent 1,5141 0,0008
authorize 1,8326 0,0010
wgstablerevisionid 2,8134 0,0015
solid 0,0202 0,0000
thus 0,7550 0,0004
sniff 2,9957 0,0016
possess 3,5066 0,0019
investment 1,5141 0,0008
neutral 0,5447 0,0003
require 0,0000 0,0000
analysis 0,5108 0,0003
click 1,7148 0,0009
netcaptor 2,8134 0,0015
scribunto 0,0000 0,0000
size 0,0000 0,0000
left 0,0408 0,0000
cdx 0,0000 0,0000
historically 2,0402 0,0011
qtweb 2,8134 0,0015
accessible 1,1712 0,0006
rolf 3,9120 0,0021
authenticate 2,5257 0,0027
lombard 1,1712 0,0006
netpositive 2,8134 0,0015
example 0,2485 0,0001
same 0,2357 0,0001
after 0,0305 0,0000
headline 0,0000 0,0000
connect 0,8675 0,0009
hand 1,0217 0,0005
policy 0,0000 0,0000
imap 3,5066 0,0019
address 0,5621 0,0006
pagelanguagecode 0,0000 0,0000
gnu 1,1087 0,0006
transientcontent 0,0000 0,0000
subtle 0,3285 0,0002
seth 2,4079 0,0013
suite 1,2040 0,0013
persistence 2,4079 0,0013
information 0,0000 0,0000
wrap 0,0101 0,0000
surgery 3,5066 0,0019
standard 0,2357 0,0001
november 0,0000 0,0000
cgi 2,8134 0,0015
kidzui 2,8134 0,0015
reader 1,5606 0,0008
winwap 2,8134 0,0015
xombrero 2,8134 0,0015
rsvp 3,5066 0,0019
deploy 1,0217 0,0011
empty 0,0305 0,0000
pac 3,5066 0,0019
fullversionlist 0,0000 0,0000
tim 1,0498 0,0006
implement 0,3285 0,0004
lite 2,4079 0,0013
export 0,0000 0,0000
conversation 2,0402 0,0011
jakarta 2,5257 0,0014
cryptography 1,7148 0,0009
pay 1,1712 0,0006
check 0,7985 0,0004
list 0,0000 0,0000
onto 1,8971 0,0010
external 0,1863 0,0001
labs 1,2730 0,0007
authority 0,4780 0,0005
child 0,0202 0,0000
eavesdropper 3,5066 0,0038
ankney 4,6052 0,0025
mainentity 0,0000 0,0000
mashup 2,3026 0,0012
interface 0,2485 0,0003
greenbrowser 2,8134 0,0015
disclaimers 0,0000 0,0000
samsung 2,2073 0,0012
secrecy 3,5066 0,0019
provider 1,2730 0,0007
root 0,4780 0,0003
wgisprobablyeditable 0,0000 0,0000
citation 0,0101 0,0000
blocks 2,9957 0,0016
sslstrip 4,6052 0,0025
mobile 0,0000 0,0000
perform 0,4463 0,0002
maxthon 2,8134 0,0015
expose 1,4271 0,0008
magnet 3,9120 0,0021
plainlist 0,4463 0,0002
pdf 0,0000 0,0000
china 1,6094 0,0009
service 0,1393 0,0001
coffee 2,8134 0,0015
there 0,2614 0,0001
automate 0,7340 0,0004
permit 1,3093 0,0007
syntax 1,1394 0,0006
well 0,2744 0,0001
tls 2,3026 0,0012
hellman 3,5066 0,0019
inject 3,5066 0,0038
bitness 0,0000 0,0000
rgba 0,0101 0,0000
channel 1,3863 0,0015
snmp 3,5066 0,0019
entire 0,8675 0,0005
collapsible 2,4079 0,0013
block 0,0408 0,0000
flow 0,3425 0,0002
order 0,4155 0,0002
cli 1,5141 0,0008
aria 0,0000 0,0000
boxtext 0,0619 0,0000
dnscrypt 4,6052 0,0025
indonesia 0,3567 0,0002
million 0,9416 0,0005
even 0,0513 0,0000
install 1,3093 0,0007
transparency 1,8326 0,0010
integration 0,4620 0,0002
owin 2,9957 0,0016
tagline 0,0000 0,0000
indication 2,9957 0,0016
pfs 3,9120 0,0021
regexp 0,0000 0,0000
hundred 1,4271 0,0008
subsection 0,1508 0,0001
wgeditsubmitbuttonlabelpublish 0,0000 0,0000
toc 0,0000 0,0000
guy 2,2073 0,0012
protection 0,4463 0,0002
isapi 2,9957 0,0016
wgpagecontentmodel 0,0000 0,0000
hypertext 2,1203 0,0011
goto 3,5066 0,0019
top 0,0000 0,0000
tor 2,5257 0,0014
consequence 1,5606 0,0008
dooble 2,8134 0,0015
wgnamespacenumber 0,0000 0,0000
framework 0,2877 0,0002
bullrun 4,6052 0,0025
coc 2,8134 0,0015
wgwmepagelength 0,0000 0,0000
zeronet 4,6052 0,0025
entity 0,0101 0,0000
com 0,8210 0,0004
prohibit 2,3026 0,0012
expensivefunctioncount 0,0000 0,0000
smuggling 3,5066 0,0019
upon 0,8916 0,0005
identical 2,0402 0,0011
timeusage 0,0000 0,0000
pin 0,0000 0,0000
whether 0,7765 0,0004
function 0,0000 0,0000
traffic 1,5606 0,0008
matthew 1,9661 0,0011
comparison 0,4005 0,0004
law 1,2379 0,0007
icecat 2,6593 0,0014
italics 2,4079 0,0013
botan 4,6052 0,0025
improve 0,2485 0,0001
october 0,0000 0,0000
try 0,9676 0,0010
basic 0,6539 0,0004
taxation 3,5066 0,0019
footer 2,9957 0,0016
university 0,5621 0,0003
latency 1,7720 0,0010
cause 0,6162 0,0003
jquery 0,0000 0,0000
pki 4,6052 0,0025
effective 1,0217 0,0005
scripting 1,2040 0,0006
times 1,3093 0,0007
design 0,1393 0,0001
crl 4,6052 0,0050
timeless 0,0101 0,0000
gnome 2,4079 0,0013
webmaster 3,9120 0,0021
chief 1,6607 0,0009
accord 0,5108 0,0003
wgwmeschemaeditattemptstepoversample 0,0000 0,0000
despite 1,3093 0,0007
ttl 0,0000 0,0000
encyclopedia 0,0000 0,0000
conduct 0,0000 0,0000
respond 1,3471 0,0007
formerly 1,2040 0,0006
maintenance 0,6733 0,0004
wall 1,7148 0,0009
tenfourfox 2,8134 0,0015
abovebelow 0,0943 0,0001
css 1,8971 0,0010
quic 3,5066 0,0019
ajax 1,7148 0,0009
supply 1,4697 0,0008
hostname 3,2189 0,0017
integrity 1,3863 0,0007
password 1,7720 0,0019
docs 2,3026 0,0012
stats 2,4079 0,0013
pref 0,0000 0,0000
lawrence 2,3026 0,0012
let 0,9943 0,0005
csrftoken 0,0000 0,0000
press 0,5621 0,0003
worker 1,6607 0,0009
element 0,0000 0,0000
night 0,0000 0,0000
want 0,8675 0,0005
vulnerability 1,3863 0,0007
each 0,1393 0,0001
javascript 0,9416 0,0005
mediawiki 1,0788 0,0006
input 0,0000 0,0000
swiftweasel 2,8134 0,0015
wang 2,1203 0,0011
difference 0,8916 0,0005
reality 1,5141 0,0008
must 0,4620 0,0002
unpinned 0,0000 0,0000
sophisticated 1,8326 0,0010
artech 3,9120 0,0021
revelations 4,6052 0,0025
two 0,2744 0,0001
pop 1,6607 0,0009
attack 1,1712 0,0013
encrypt 1,5141 0,0033
pusep 4,6052 0,0025
distribute 0,3857 0,0002
datepublished 0,0000 0,0000
pend 2,4079 0,0013
validate 1,4697 0,0008
receive 0,7340 0,0008
think 0,9676 0,0005
authenticity 3,9120 0,0021
entirely 1,5141 0,0008
ppp 3,2189 0,0017
automated 2,8134 0,0015
wgusername 0,0000 0,0000
decrypt 2,8134 0,0045
fashion 2,0402 0,0011
source 0,1393 0,0001
align 0,0101 0,0000
secure 1,0217 0,0005
ieee 0,8440 0,0005
kevin 1,5606 0,0008
late 0,4155 0,0002
continue 0,6931 0,0004
last 0,0000 0,0000
imageright 0,2614 0,0001
widely 0,7985 0,0004
eric 1,1394 0,0006
mozilla 1,8326 0,0010
weight 0,0101 0,0000
develop 0,1863 0,0001
measure 0,9416 0,0005
suited 2,6593 0,0014
page 0,0000 0,0000
full 0,0202 0,0000
venkat 3,9120 0,0021
seamonkey 2,8134 0,0015
scientist 1,3863 0,0007
motivation 2,2073 0,0012
effort 0,8916 0,0005
indexeddb 2,3026 0,0012
video 0,8210 0,0004
house 1,4271 0,0008
freak 3,5066 0,0019
minimal 1,2730 0,0007
mshtml 2,8134 0,0015
perl 1,3093 0,0007
overview 0,5447 0,0003
center 0,0000 0,0000
start 0,3011 0,0003
configure 1,3093 0,0007
netsurf 2,8134 0,0015
windows 0,7985 0,0004
ptp 3,5066 0,0019
ospf 3,5066 0,0019
manage 0,3567 0,0002
sneakernet 4,6052 0,0025
infrastructure 0,6733 0,0004
wikimedia 0,0000 0,0000
origyn 2,8134 0,0015
short 0,0000 0,0000
time 0,0000 0,0000
greatfire 4,6052 0,0025
schannel 4,6052 0,0025
interactive 0,4463 0,0002
program 0,2614 0,0001
semantics 1,4271 0,0008
put 0,9416 0,0005
multi 2,2073 0,0012
unencrypted 2,6593 0,0014
elena 3,5066 0,0019
twitter 1,7720 0,0010
mqtt 2,9957 0,0016
payment 2,0402 0,0011
supermium 2,8134 0,0015
gallery 2,6593 0,0014
pale 2,8134 0,0015
identifier 1,4697 0,0008
creative 0,0000 0,0000
nederlands 0,1985 0,0001
coast 2,5257 0,0014
provide 0,1625 0,0003
passenger 2,1203 0,0011
adams 2,9957 0,0016
pirate 2,9957 0,0016
pant 3,9120 0,0021
log 0,0000 0,0000
enterprise 0,4463 0,0002
wgcheckuserclienthintsheadersjsapi 0,0000 0,0000
bugzilla 3,5066 0,0019
euskara 0,5108 0,0003
gallerybox 4,6052 0,0025
layer 0,7340 0,0008
lot 1,5606 0,0017
computer 0,1863 0,0001
low 0,0101 0,0000
timingprofile 0,0000 0,0000
carlsson 4,6052 0,0025
theme 0,0000 0,0000
cryptographic 2,1203 0,0011
graphql 2,6593 0,0014
wgcategory 0,0000 0,0000
editor 0,0000 0,0000
postexpandincludesize 0,0000 0,0000
chain 1,3471 0,0007
disclosure 2,5257 0,0027
indexing 1,7148 0,0009
entirety 2,8134 0,0015
unstrip 0,0000 0,0000
citrio 2,8134 0,0015
vivaldi 2,8134 0,0015
psiphon 4,6052 0,0025
templateargumentsize 0,0000 0,0000
unsourced 0,5621 0,0003
firewall 2,0402 0,0011
january 0,0000 0,0000
permanent 0,0000 0,0000
skweezer 2,8134 0,0015
prevalent 3,2189 0,0017
small 0,0305 0,0000
before 0,0305 0,0000
tell 1,5606 0,0017
italic 0,1278 0,0001
launched 4,6052 0,0025
xmpp 2,9957 0,0016
major 0,5621 0,0003
feasible 2,9957 0,0016
consider 0,4005 0,0002
day 0,0000 0,0000
potential 1,0788 0,0006
gopher 3,5066 0,0019
combination 1,0788 0,0006
group 0,0408 0,0000
schoen 4,6052 0,0025
avast 2,6593 0,0014
format 0,0101 0,0000
archive 0,0943 0,0001
particular 0,5978 0,0003
history 0,0000 0,0000
ooni 4,6052 0,0025
hydration 2,5257 0,0014
dhtml 2,4079 0,0013
udp 2,9957 0,0016
request 0,6733 0,0004
convergence 2,8134 0,0015
wgrestrictionedit 0,0000 0,0000
part 0,1985 0,0001
wgpageparsereport 0,0000 0,0000
webkit 2,5257 0,0014
point 0,5447 0,0006
thirteen 4,6052 0,0025
principal 2,2073 0,0012
general 0,0000 0,0000
east 2,3026 0,0012
september 0,0000 0,0000
ymsgr 3,9120 0,0021
browser 0,9943 0,0011
introduction 0,5621 0,0003
chen 1,7148 0,0009
padding 0,0000 0,0000
srware 2,8134 0,0015
clear 0,0101 0,0000
ltr 0,0000 0,0000
shadowsocks 4,6052 0,0025
webxr 2,4079 0,0013
third 0,5447 0,0003
mean 0,4463 0,0005
netfront 2,8134 0,0015
further 0,3711 0,0002
account 0,0000 0,0000
webcl 2,6593 0,0014
stack 0,7340 0,0004
servlet 2,6593 0,0014
dansk 0,5798 0,0003
elinks 2,8134 0,0015
messmer 4,6052 0,0025
ambiguous 2,0402 0,0011
opine 3,5066 0,0019
ibrowse 2,8134 0,0015
telnet 3,5066 0,0019
webgpu 2,3026 0,0012
record 0,7765 0,0004
abbr 0,0619 0,0000
strict 1,5606 0,0008
you 0,0000 0,0000
jump 0,0000 0,0000
knowledge 0,7340 0,0004
limitations 2,0402 0,0011
iris 2,5257 0,0014
classilla 2,8134 0,0015
pass 0,8675 0,0005
past 1,8326 0,0010
impact 0,9163 0,0005
profile 1,0788 0,0006
active 0,7985 0,0004
july 0,0000 0,0000
rtsp 3,5066 0,0019
easy 0,6733 0,0007
mediabrowser 2,8134 0,0015
domain 0,6931 0,0007
netscape 2,3026 0,0012
subgroup 0,0513 0,0000
hot 2,6593 0,0014
transparent 0,0619 0,0000
thunderhawk 2,8134 0,0015
how 0,0834 0,0000
adoption 0,8675 0,0005
peter 0,8210 0,0004
hotel 2,9957 0,0016
term 0,0000 0,0000
dhe 4,6052 0,0025
business 0,3425 0,0002
mini 0,0619 0,0000
arachne 2,8134 0,0015
possible 0,5276 0,0003
right 0,0101 0,0000
march 0,0000 0,0000
transition 1,5606 0,0008
rsync 3,9120 0,0021
june 0,0000 0,0000
wikitext 0,0000 0,0000
under 0,0101 0,0000
ryan 1,6094 0,0009
sometimes 0,6931 0,0004
wsgi 2,8134 0,0015
libressl 4,6052 0,0025
autocapitalize 0,0000 0,0000
div 0,0000 0,0000
correctly 1,5606 0,0008
later 0,4005 0,0002
prior 1,3093 0,0007
bracket 0,0619 0,0000
legal 1,1712 0,0006
wgpagename 0,0000 0,0000
talk 0,0000 0,0000
telex 4,6052 0,0025
signal 1,2730 0,0014
info 2,4079 0,0013
dolphin 2,5257 0,0014
qutebrows 2,8134 0,0015
static 1,0217 0,0005
enforcement 2,0402 0,0011
hatnote 0,2107 0,0001
publicly 1,6094 0,0009
pinnable 0,0000 0,0000
take 0,2877 0,0002
vision 1,1394 0,0006
month 0,7133 0,0004
beneficial 3,2189 0,0017
wgrevisionid 0,0000 0,0000
asgi 2,8134 0,0015
expiration 4,6052 0,0025
ietf 2,4079 0,0013
some 0,1744 0,0001
virtual 0,4620 0,0002
session 1,7720 0,0019
additional 0,0000 0,0000
title 0,0000 0,0000
patroltoken 0,0000 0,0000
primarily 0,9943 0,0005
states 0,4943 0,0003
duration 2,4079 0,0013
load 0,0202 0,0000
alpha 0,0101 0,0000
owner 1,3863 0,0015
custom 0,0000 0,0000
wolfssl 4,6052 0,0025
strictly 2,0402 0,0011
home 0,8675 0,0005
michael 0,7133 0,0004
print 0,0000 0,0000
although 0,6162 0,0003
inherit 0,0101 0,0000
hue 4,6052 0,0025
hsts 4,6052 0,0025
injection 1,8326 0,0010
upcoming 2,2073 0,0012
dccp 3,5066 0,0019
staple 4,6052 0,0025
zhang 2,1203 0,0011
shiira 2,8134 0,0015
soon 1,5606 0,0008
dmy 0,0000 0,0000
navigation 0,0000 0,0000
action 0,0000 0,0000
lock 0,0101 0,0000
text 0,0000 0,0000
usually 0,4780 0,0003
whereas 1,4271 0,0008
validation 1,3093 0,0007
onionshare 4,6052 0,0025
uproxy 4,6052 0,0025
python 0,6539 0,0004
ppvisitednode 0,0000 0,0000
cookie 0,0000 0,0000
mitm 3,9120 0,0021
dns 2,0402 0,0011
dnt 3,9120 0,0021
sensitive 1,2730 0,0007
loading 0,0000 0,0000
field 0,7550 0,0004
julien 3,2189 0,0017
contents 0,0000 0,0000
explorer 1,7148 0,0009
invalid 2,2073 0,0012
legitimate 2,6593 0,0014
doi 0,4155 0,0002
status 0,0000 0,0000
server 0,4005 0,0004
shield 2,8134 0,0015
dom 1,6094 0,0009
rustls 4,6052 0,0025
curve 2,1203 0,0011
skin 0,0000 0,0000
deliver 1,1394 0,0006
mac 1,3471 0,0007
robert 0,9676 0,0005
file 0,0000 0,0000
government 1,2379 0,0007
crime 2,2073 0,0012
portlet 2,9957 0,0016
man 1,8326 0,0010
wgnoticeproject 0,0000 0,0000
illness 3,9120 0,0021
may 0,0000 0,0000
max 0,0513 0,0000
could 0,4780 0,0003
forward 1,2730 0,0007
phusion 2,6593 0,0014
torch 2,5257 0,0014
menu 0,0000 0,0000
uri 2,3026 0,0012
url 0,0000 0,0000
urn 3,9120 0,0021
trusted 2,8134 0,0015
able 0,9943 0,0005
return 0,0000 0,0000
rotate 2,9957 0,0016
bidirectional 2,8134 0,0015
opera 2,5257 0,0014
usb 2,0402 0,0011
webgl 2,3026 0,0012
subject 1,1087 0,0006
use 0,0000 0,0000
main 0,0000 0,0000
networking 1,5606 0,0008
serve 1,0217 0,0011
drown 3,9120 0,0021
microservices 2,1203 0,0011
strip 2,9957 0,0016
solution 0,5621 0,0003
find 0,3425 0,0004
ambarish 4,6052 0,0025
negotiation 2,5257 0,0014
host 0,6539 0,0011
uzbl 2,8134 0,0015
logo 0,0000 0,0000
regardless 1,7720 0,0010
alter 1,5141 0,0008
ideal 2,1203 0,0011
utc 0,0000 0,0000
sistersitebox 0,6539 0,0004
feed 1,9661 0,0011
wgcurrevisionid 0,0000 0,0000
task 0,5108 0,0003
null 0,0000 0,0000
infer 2,4079 0,0026
background 0,0101 0,0000
transit 2,8134 0,0015
principles 1,7148 0,0009
true 0,0000 0,0000
webauthn 2,2073 0,0012
header 0,0000 0,0000
watchtoken 0,0000 0,0000
present 0,5621 0,0009
eitan 4,6052 0,0025
galeon 2,6593 0,0014
since 0,3425 0,0002
certificate 2,2073 0,0024
ellen 2,9957 0,0016
delete 0,4155 0,0002
justinsomnia 4,6052 0,0025
foreach 0,0000 0,0000
repeat 0,0101 0,0000
physical 1,0217 0,0005
make 0,1165 0,0001
beta 1,3863 0,0007
wggestructuredtaskrejectionreasontextinputenable 0,0000 0,0000
poodle 3,9120 0,0021
microb 2,8134 0,0015
beaker 2,8134 0,0015
ruby 1,0217 0,0005
underlie 0,9416 0,0005
online 0,7340 0,0004
socket 2,4079 0,0013
tamper 2,9957 0,0016
kehuan 4,6052 0,0025
webassembly 1,7720 0,0010
depend 0,7340 0,0004
patch 1,5141 0,0008
psgi 2,9957 0,0016
contribution 0,0000 0,0000
zac 2,6593 0,0014
height 0,0101 0,0000
august 0,0000 0,0000
module 0,0000 0,0000
outer 1,2040 0,0006
wsrp 2,9957 0,0016
meta 1,4271 0,0008
dtls 3,9120 0,0021
asymmetric 3,5066 0,0019
hrvatski 0,7550 0,0004
nevertheless 2,4079 0,0013
notheme 0,3711 0,0002
fact 1,0217 0,0005
safari 2,1203 0,0011
examine 1,5606 0,0008
global 0,7985 0,0004
long 0,4005 0,0004
into 0,1985 0,0001
outline 0,8440 0,0005
min 0,1165 0,0001
mis 3,5066 0,0019
operating 0,9416 0,0005
free 0,0000 0,0000
middle 0,7765 0,0004
though 0,8440 0,0005
many 0,2357 0,0001
stay 2,1203 0,0011
actually 1,3093 0,0007
appear 0,8210 0,0004
evolve 1,0498 0,0006
ibm 0,5621 0,0003
operation 0,5108 0,0003
open 0,1625 0,0001
cannon 3,5066 0,0019
navigator 2,8134 0,0015
project 0,0000 0,0000
arena 2,0402 0,0011
enhancement 0,0101 0,0000
inside 0,0101 0,0000
zen 2,6593 0,0014
invert 2,5257 0,0014
idl 2,8134 0,0015
campaign 2,2073 0,0012
secured 4,6052 0,0025
internet 0,5447 0,0003
allow 0,1863 0,0003
appliance 1,7148 0,0009
wired 1,2040 0,0006
father 3,5066 0,0019
isbn 0,1054 0,0001
mass 1,8971 0,0010
revoke 2,5257 0,0014
update 0,4463 0,0005
beast 3,9120 0,0021
apple 1,1712 0,0006
common 0,3711 0,0002
cimpanu 2,8134 0,0015
placeholder 0,0000 0,0000
every 0,6162 0,0003
slimbrowser 2,8134 0,0015
apply 0,0000 0,0000
mark 0,6733 0,0004
base 0,0305 0,0000
indiana 3,5066 0,0019
ocsp 2,8134 0,0015
mod 3,2189 0,0017
scgi 2,9957 0,0016
webdav 2,8134 0,0015
relation 1,6094 0,0009
pogo 2,8134 0,0015
relate 0,0000 0,0000
ssleay 4,6052 0,0025
enable 0,0000 0,0000
safety 1,3093 0,0007
sidebar 0,0000 0,0000
limitreport 0,0000 0,0000
taher 4,6052 0,0025
decoration 0,0619 0,0000
reflist 0,0101 0,0000
still 0,5447 0,0003
var 0,0000 0,0000
agree 0,0101 0,0000
wgulsislanguageselectorempty 0,0000 0,0000
fail 0,9676 0,0010
itself 0,6539 0,0004
books 1,7148 0,0009
anyone 1,7148 0,0009
srpski 0,3711 0,0002
registration 0,0101 0,0000
word 0,0101 0,0000
theory 0,9416 0,0005
redcore 2,8134 0,0015
webpositive 2,8134 0,0015
flock 2,5257 0,0014
steel 2,8134 0,0015
extension 0,6349 0,0007
deprecate 1,6607 0,0009
kylo 2,8134 0,0015
thumb 3,5066 0,0019
foundation 0,0000 0,0000
secret 1,6607 0,0018
across 0,5798 0,0003
discontinue 1,3863 0,0007
uniform 1,7148 0,0009
slava 3,9120 0,0021
orbot 4,6052 0,0025
identity 1,2379 0,0013
verify 1,5141 0,0024
event 0,0000 0,0000
finger 3,2189 0,0017
include 0,0000 0,0000
agency 1,6607 0,0009
countermeasure 3,5066 0,0019
facebook 1,3863 0,0007
toggle 0,0000 0,0000
appearance 0,0000 0,0000
classname 0,0000 0,0000
anonymous 2,1203 0,0011
wggetopicsmatchmodeenable 0,0000 0,0000
fake 2,6593 0,0014
first 0,0408 0,0000
mse 2,3026 0,0012
nowrap 0,0408 0,0000
perfect 2,5257 0,0014
prefer 0,0101 0,0000
roman 0,0101 0,0000
spdy 3,9120 0,0021
lotus 2,5257 0,0014
msn 2,3026 0,0012
npruntime 2,9957 0,0016
wgrelevantpageisprobablyeditable 0,0000 0,0000
float 0,0101 0,0000
space 0,0408 0,0000
reference 0,0101 0,0000
ecn 3,5066 0,0019
html 0,4463 0,0002
discover 1,2379 0,0013
bottom 0,0000 0,0000
revision 0,0000 0,0000
gemini 2,5257 0,0014
magyar 0,3425 0,0002
freenet 4,6052 0,0025
publisher 0,0000 0,0000
img 0,0408 0,0000
minimo 2,8134 0,0015
arrival 2,8134 0,0015
gnutls 4,6052 0,0025
steal 2,0402 0,0011
mercury 2,6593 0,0014
rlstate 0,0000 0,0000
error 0,0101 0,0000
circumvention 3,5066 0,0019
platform 0,0000 0,0000
aggregate 1,9661 0,0011
network 0,3285 0,0004
trace 1,6607 0,0009
paper 0,9416 0,0005
public 0,4155 0,0002
parameter 1,3093 0,0014
value 0,0000 0,0000
dhcp 3,5066 0,0019
spacetime 2,5257 0,0014
eff 3,2189 0,0017
advantage 0,9676 0,0005
instead 0,4463 0,0002
command 0,7133 0,0004
expensive 0,0408 0,0000
currently 1,0788 0,0006
lunascape 2,8134 0,0015
serial 2,8134 0,0015
maint 0,0101 0,0000
wiktionary 0,5798 0,0003
greene 3,2189 0,0017
platformversion 0,0000 0,0000
normally 1,6094 0,0009
exception 1,3471 0,0007
vague 1,8971 0,0010
references 0,0513 0,0000
sufficiently 2,5257 0,0014
pierre 2,9957 0,0016
setting 1,4697 0,0008
via 0,3011 0,0002
properly 1,3471 0,0007
quote 0,0101 0,0000
refraction 4,6052 0,0025
khronos 2,9957 0,0016
because 0,0000 0,0000
aebrahim 4,6052 0,0025
google 0,4005 0,0002
community 0,0000 0,0000
packet 2,6593 0,0014
version 0,0000 0,0000
eesti 0,3285 0,0002
science 0,5447 0,0003
deepfish 2,8134 0,0015
vista 2,4079 0,0013
acct 3,9120 0,0021
konigsburg 4,6052 0,0025
conkeror 2,8134 0,0015
wgusergroup 0,0000 0,0000
measurement 2,3026 0,0012
aspect 0,7765 0,0004
irc 2,8134 0,0030
wikipedia 0,0000 0,0000
hpkp 4,6052 0,0025
afrikaans 0,9416 0,0005
ghostzilla 2,8134 0,0015
website 0,3711 0,0004
learn 0,0000 0,0000
strata 2,8134 0,0015
whatwg 2,3026 0,0012
fast 0,4943 0,0003
sleipnir 2,8134 0,0015
exploit 1,6607 0,0009
register 0,0000 0,0000
communicate 1,1394 0,0012
official 0,6162 0,0003
bookmarks 2,6593 0,0014
transmission 2,4079 0,0013
post 0,0202 0,0000
leave 0,0101 0,0000
insecure 2,2073 0,0012
protocols 2,0402 0,0011
add 0,0000 0,0000
xbap 2,9957 0,0016
need 0,1393 0,0002
techdow 4,6052 0,0025
its 0,0726 0,0000
originally 0,8675 0,0005
blazer 2,8134 0,0015
often 0,2877 0,0002
article 0,0000 0,0000
rfc 1,9661 0,0011
mutual 3,2189 0,0017
parser 0,0000 0,0000
port 1,8326 0,0010
shell 1,0788 0,0006
neverssl 4,6052 0,0025
http 0,0000 0,0000
therefore 0,7985 0,0004
exchange 1,1087 0,0012
decimal 0,0101 0,0000
eme 2,4079 0,0013
income 2,4079 0,0013
trust 1,2730 0,0021
private 0,8210 0,0004
technical 0,6349 0,0003
united 0,4780 0,0003
carlisle 4,6052 0,0025
mbed 4,6052 0,0025
wghostname 0,0000 0,0000
liveconnect 2,9957 0,0016
prevent 0,7340 0,0004
vol 1,1712 0,0006
wgtitle 0,0000 0,0000
engine 0,4780 0,0003
mixture 2,9957 0,0016
puffin 2,8134 0,0015
surveillance 2,5257 0,0014
cipher 2,8134 0,0030
embrace 1,9661 0,0011
identify 0,6733 0,0011
wgdigittransformtable 0,0000 0,0000
attacker 2,3026 0,0025
rich 1,3093 0,0007
hlist 0,0408 0,0000
label 0,0000 0,0000
improvement 0,9163 0,0005
message 0,3857 0,0002
forum 1,3863 0,0007
special 0,0000 0,0000
modify 0,7765 0,0004
activex 2,5257 0,0014
environment 0,4308 0,0002
vouch 4,6052 0,0025
vpn 2,6593 0,0014
rlconf 0,0000 0,0000
progressive 1,0788 0,0006
sctp 3,5066 0,0019
timberwolf 2,8134 0,0015
family 1,0217 0,0005
education 1,0788 0,0006
bahasa 0,3285 0,0002
release 0,2744 0,0001
caption 0,3567 0,0002
kvochko 3,9120 0,0021
eavesdropping 2,9957 0,0016
elgamal 4,6052 0,0025
variation 1,9661 0,0011
number 0,0000 0,0000
webexplorer 2,8134 0,0015
wgbackendresponsetime 0,0000 0,0000
shorten 0,0000 0,0000
acme 4,6052 0,0025
property 0,6539 0,0007
rip 2,9957 0,0016
brave 2,8134 0,0015
softpedia 3,9120 0,0021
sockets 4,6052 0,0025
algorithm 0,8675 0,0005
splitting 2,6593 0,0014
cryptlib 4,6052 0,0025
specify 0,6349 0,0003
script 1,2379 0,0007
system 0,0101 0,0000
spot 2,1203 0,0023
etag 3,9120 0,0021
deepnet 2,8134 0,0015
other 0,0000 0,0000
against 0,6931 0,0004
abaco 2,8134 0,0015
guaay 4,6052 0,0025
cell 0,4308 0,0002
login 2,4079 0,0013
local 0,7985 0,0004
singel 3,9120 0,0021
healthcare 2,0402 0,0011
defeat 3,2189 0,0017
valid 1,4271 0,0008
withstand 4,6052 0,0025
encourage 1,5141 0,0008
administer 2,5257 0,0014
electronic 1,0788 0,0006
speak 1,7720 0,0010
freegate 4,6052 0,0025
snowflake 3,2189 0,0017
ajp 2,9957 0,0016
newne 4,6052 0,0025
nacl 2,6593 0,0014
mitzvah 4,6052 0,0025
future 0,5978 0,0003
rlq 0,0000 0,0000
cite 0,0000 0,0000
ndp 3,5066 0,0019
webusb 2,9957 0,0016
referer 3,9120 0,0021
heartbleed 4,6052 0,0025
screen 0,0101 0,0000
body 0,0000 0,0000
mode 0,0000 0,0000
pages 0,0000 0,0000
websocket 2,2073 0,0012
net 0,9416 0,0005
all 0,0408 0,0000
always 0,9416 0,0005
border 0,0000 0,0000
new 0,0000 0,0000
read 0,0000 0,0000
below 0,7550 0,0004
alt 2,6593 0,0014
clientpref 0,0000 0,0000
tribl 4,6052 0,0025
tool 0,0000 0,0000
svenska 0,3857 0,0002
xpconnect 2,9957 0,0016
leverage 1,3863 0,0007
roa 2,8134 0,0015
wgpagecontentlanguage 0,0000 0,0000
media 0,2485 0,0001
floorp 2,8134 0,0015
wgisarticle 0,0000 0,0000
today 1,0788 0,0006
linchpin 4,6052 0,0025
row 0,4943 0,0003
fifteen 3,5066 0,0019
frontier 1,9661 0,0011
crid 3,9120 0,0021
rpc 3,2189 0,0017
requirement 0,5798 0,0003
transport 1,6094 0,0009
specific 0,2877 0,0002
huawei 2,2073 0,0012
application 0,0943 0,0001
wlan 4,6052 0,0025
engage 2,2073 0,0012
wgflaggedrevsparams 0,0000 0,0000
dillo 2,8134 0,0015
formally 2,0402 0,0011
collapse 0,0408 0,0000
aol 2,2073 0,0012
reason 0,7985 0,0009
myers 4,6052 0,0025
eww 2,8134 0,0015
wgrelevantarticleid 0,0000 0,0000
galperin 4,6052 0,0025
skyfire 2,8134 0,0015
cake 2,8134 0,0015
english 0,0000 0,0000
jap 4,6052 0,0025
api 0,3425 0,0004
fully 0,8210 0,0004
cache 0,0305 0,0000
margin 0,0000 0,0000
suomi 0,2107 0,0001
wgrequestid 0,0000 0,0000
remain 0,7550 0,0008
proxify 4,6052 0,0025
enwikimwclientpreference 0,0000 0,0000
rlpagemodules 0,0000 0,0000
slow 1,1087 0,0006
turkey 3,2189 0,0017
samea 0,0000 0,0000
flash 2,1203 0,0011
wgwikibaseitemid 0,0000 0,0000
xmlhttprequ 2,4079 0,0013
wgulsiscompactlinksenable 0,0000 0,0000
ppapi 2,9957 0,0016
frequently 1,0788 0,0006
automatically 0,7765 0,0004
pagevariantfallback 0,0000 0,0000
guarantee 1,3093 0,0007
recommend 1,4697 0,0008
predecessor 2,8134 0,0015
acquire 1,1087 0,0006
default 0,6931 0,0007
arc 2,6593 0,0014
encryption 1,1712 0,0006
wgmonthname 0,0000 0,0000
advertisement 2,2073 0,0012
captive 4,6052 0,0025
disabled 0,0000 0,0000
where 0,2744 0,0001
attribute 0,7765 0,0004
mechanism 0,7550 0,0004
popular 0,6539 0,0004
arp 3,2189 0,0017
websockets 2,8134 0,0015
timestamp 0,0000 0,0000
dnssec 4,6052 0,0025
malware 2,1203 0,0011
empower 2,5257 0,0014
holder 2,3026 0,0012
rtp 3,5066 0,0019
call 0,0101 0,0000
such 0,0943 0,0001
ask 1,0498 0,0006
describe 0,2485 0,0001
asp 2,5257 0,0014
through 0,2107 0,0001
castle 3,9120 0,0021
rui 4,6052 0,0025
icab 2,8134 0,0015
run 0,3011 0,0002
microsoft 0,4005 0,0002
operator 1,1712 0,0006
research 0,5621 0,0003
either 0,5621 0,0003
view 0,0000 0,0000
vulnerable 1,7720 0,0010
white 0,0305 0,0000
donate 0,0000 0,0000
correctness 2,0402 0,0011
might 0,7340 0,0004
bold 0,0408 0,0000
engineering 0,3857 0,0002
gecko 2,8134 0,0015
everywhere 2,5257 0,0014
galego 0,7550 0,0004
name 0,0000 0,0000
bolt 2,4079 0,0013
cputime 0,0000 0,0000
watchlist 0,0000 0,0000
color 0,0101 0,0000
android 1,4697 0,0008
nearly 1,4697 0,0008
show 0,0513 0,0001
description 0,0000 0,0000
blink 2,5257 0,0014
disappear 2,9957 0,0016
button 1,7720 0,0010
malicious 2,1203 0,0011
not 0,0101 0,0000
central 0,9416 0,0005
now 0,4308 0,0002
statement 0,0000 0,0000
trademark 0,0101 0,0000
greek 0,0101 0,0000
konqueror 2,8134 0,0015
news 0,4620 0,0002
rack 2,4079 0,0013
eckersley 4,6052 0,0025
way 0,2485 0,0003
target 0,0101 0,0000
what 0,0000 0,0000
amaya 2,6593 0,0014
detailed 1,6094 0,0009
refer 0,4155 0,0004
vulnerabilities 3,2189 0,0017
window 1,5606 0,0008
container 0,0000 0,0000
colin 2,8134 0,0015
developers 0,0000 0,0000
usage 0,0000 0,0000
wgmediaviewerenabledbydefault 0,0000 0,0000
nearby 0,0000 0,0000
when 0,0834 0,0000
wordfilter 4,6052 0,0025
bouncy 4,6052 0,0025
far 1,2730 0,0007
faq 1,6094 0,0009
embed 0,9163 0,0005
webpage 2,6593 0,0014
case 0,3285 0,0004
nokia 2,0402 0,0011
canvas 2,3026 0,0012
item 0,0000 0,0000
wgmediavieweronclick 0,0000 0,0000
rockmelt 2,8134 0,0015
wgulsposition 0,0000 0,0000
epic 2,0402 0,0011
tunnels 3,5066 0,0019
moon 2,6593 0,0014
wgbreakframe 0,0000 0,0000
rely 0,6931 0,0004
italiano 0,1278 0,0001
sticky 0,0000 0,0000
style 0,0000 0,0000
completely 1,4271 0,0008
nsa 2,8134 0,0015
damage 2,6593 0,0014
alpn 3,9120 0,0021
searchinput 0,0000 0,0000
commons 0,0000 0,0000
gain 0,8916 0,0005
nss 3,9120 0,0021
confuse 1,2040 0,0006
freedom 2,0402 0,0011
modern 0,7340 0,0004
web 0,1165 0,0001
seldom 3,5066 0,0019
npapi 2,9957 0,0016
gallagher 3,5066 0,0019
protect 1,1394 0,0018
architecture 0,0000 0,0000
more 0,0000 0,0000
display 0,0000 0,0000
ntp 3,5066 0,0019
great 0,8675 0,0005
ultrasurf 4,6052 0,0025
igmp 3,5066 0,0019
bsafe 4,6052 0,0025
organization 0,0000 0,0000
width 0,0000 0,0000
certain 0,6162 0,0003
diffie 3,5066 0,0019
statistics 0,0000 0,0000
section 0,7340 0,0004
simple 0,2231 0,0001
cloud 0,6349 0,0003
netblocks 4,6052 0,0025
protocol 0,5621 0,0006
overflow 0,3567 0,0002
whale 2,5257 0,0014
ldap 2,6593 0,0029
few 0,7133 0,0004
shuo 3,9120 0,0021
hyper 2,4079 0,0013
otherwise 1,3863 0,0007
visible 0,0101 0,0000
kind 0,8675 0,0005
timing 2,4079 0,0013
sublayer 4,6052 0,0025
both 0,0305 0,0000
important 0,0101 0,0000
most 0,2107 0,0001
transfer 0,7985 0,0009
mgcp 3,5066 0,0019
keep 0,6733 0,0004
topic 0,0000 0,0000
option 0,9416 0,0005
limitation 1,0498 0,0006
contribute 0,0000 0,0000
generator 1,7148 0,0009
why 0,6539 0,0004
forbid 2,2073 0,0012
necessarily 1,7720 0,0010
administrator 1,6094 0,0009
database 0,2485 0,0001
along 0,7340 0,0004
opportunistic 2,9957 0,0016
jsgi 2,4079 0,0013
kazakhstan 3,5066 0,0019
subvert 3,5066 0,0019
authentication 1,3863 0,0007
wgseparatortransformtable 0,0000 0,0000
breach 1,6094 0,0009
rest 1,0788 0,0006
amount 0,9416 0,0005
chromium 2,3026 0,0012
move 0,0000 0,0000
original 0,0943 0,0001
also 0,0202 0,0000
say 0,6733 0,0004
swiftfox 2,8134 0,0015
inline 0,0408 0,0000
yandex 2,1203 0,0011
organizations 1,5606 0,0008
attention 1,7148 0,0009
front 1,1394 0,0006
visit 0,0408 0,0000
user 0,0000 0,0000
frontend 2,4079 0,0013
customer 0,7550 0,0004
notaries 4,6052 0,0025
projects 1,4697 0,0008
bad 1,4271 0,0008
icmp 3,5066 0,0019
nntp 3,5066 0,0019
offer 0,4155 0,0002
bar 1,3863 0,0007
fix 0,5108 0,0003
rank 2,1203 0,0011
fluid 2,3026 0,0012
bay 3,5066 0,0019
piratebrowser 2,8134 0,0015
surf 2,6593 0,0014
ad 2,8134 0,0015
lynx 2,6593 0,0014
boringssl 4,6052 0,0025
personal 0,0000 0,0000
extend 0,6162 0,0003
proxy 1,7148 0,0018
imageobject 0,0000 0,0000
ipsec 3,5066 0,0019
compression 1,5141 0,0008
strong 0,9943 0,0011
be 0,1508 0,0002
scheme 0,0101 0,0000
icon 0,0101 0,0000
expansiondepth 0,0000 0,0000
mixmaster 4,6052 0,0025
dead 1,7148 0,0009
icedragon 2,8134 0,0015
sec 2,8134 0,0015
revocation 3,9120 0,0021
communications 1,2040 0,0006
search 0,0000 0,0000
see 0,0408 0,0000
stripping 4,6052 0,0025
spacing 0,0619 0,0000
whitebg 4,6052 0,0025
fool 2,5257 0,0014
wgrelevantpagename 0,0000 0,0000
arxiv 1,3471 0,0007
national 0,4463 0,0002
indicate 1,0217 0,0005
ca 4,6052 0,0025
contain 0,0101 0,0000
shqip 0,6931 0,0004
column 0,0101 0,0000
midori 2,4079 0,0013
plaintext 3,5066 0,0019
nsapi 2,9957 0,0016
validity 2,6593 0,0014
wgaction 0,0000 0,0000
unfit 1,8326 0,0010
decryption 3,5066 0,0019
font 0,0000 0,0000
arora 2,5257 0,0014
omniweb 2,8134 0,0015
woa 2,9957 0,0016
language 0,0000 0,0000
do 0,1625 0,0001
navbox 0,0943 0,0001
goagent 4,6052 0,0025
observe 1,5141 0,0008
listitem 0,0408 0,0000
contact 0,0000 0,0000
warning 1,8326 0,0010
image 0,0202 0,0000
chrome 2,2073 0,0012
typically 0,3857 0,0002
she 1,8326 0,0010
party 0,6539 0,0007
cursor 0,0619 0,0000
however 0,3011 0,0002
lucky 2,9957 0,0016
origin 0,0000 0,0000
waterfox 2,8134 0,0015
bgp 3,5066 0,0019
walltime 0,0000 0,0000
interlanguage 0,0000 0,0000
content 0,0000 0,0000
duckduckgo 2,6593 0,0014
intranet 3,9120 0,0021
symposium 1,6607 0,0009
random 0,0000 0,0000
wikibooks 0,8210 0,0004
alert 1,8326 0,0010
mosaic 2,6593 0,0014
client 0,0000 0,0000
foss 1,8971 0,0010
sip 3,2189 0,0035
class 0,0000 0,0000
gehomepagesuggestededitsenabletopic 0,0000 0,0000
digital 0,6162 0,0003
over 0,3285 0,0002
bho 2,9957 0,0016
false 0,0000 0,0000
counter 0,0408 0,0000
srpskohrvatski 0,9163 0,0005
fork 1,1394 0,0006
form 0,3011 0,0002
management 0,2231 0,0001
publish 0,4463 0,0002
setup 1,9661 0,0011
developer 0,1744 0,0002
avoid 0,0101 0,0000
gate 2,5257 0,0014
matrixssl 4,6052 0,0025
rajiv 3,9120 0,0021
he 0,6733 0,0004
prompt 1,5606 0,0008
practice 0,6349 0,0003
authorization 2,1203 0,0011
output 0,0000 0,0000
jondonym 4,6052 0,0025
orion 2,3026 0,0012
wss 3,9120 0,0021
context 0,5978 0,0003
majority 1,5141 0,0008
model 0,0000 0,0000
https 2,3026 0,0012
portal 0,0000 0,0000
gears 2,5257 0,0014
reduce 0,0101 0,0000
sentence 0,0000 0,0000
asapi 2,9957 0,0016
issue 0,3425 0,0004
kern 0,0101 0,0000
tomorrow 2,9957 0,0016
ordinary 2,1203 0,0011
announce 0,6733 0,0004
odd 0,0943 0,0001
certification 2,0402 0,0011
messaging 1,4271 0,0008
operate 0,3567 0,0002
intercept 2,3026 0,0012
telemetry 3,2189 0,0017
begin 0,5108 0,0005
wgvisualeditor 0,0000 0,0000
become 0,2877 0,0002
template 0,0000 0,0000
works 2,2073 0,0012
subscription 0,0101 0,0000
basilisk 2,4079 0,0013
falkon 2,8134 0,0015
delegate 2,0402 0,0011
navbar 0,0202 0,0000
world 0,3857 0,0002
digest 2,9957 0,0016
december 0,0000 0,0000
implementations 1,8971 0,0010
table 0,0000 0,0000
charon 2,8134 0,0015
creator 1,2730 0,0007
side 0,3425 0,0002
ftp 2,4079 0,0013
gaeilge 1,2040 0,0006
break 0,0101 0,0000
librewolf 2,8134 0,0015
change 0,0000 0,0000
jsse 4,6052 0,0025
beonex 2,8134 0,0015
draw 1,7148 0,0009
lantern 3,9120 0,0021
printable 0,0000 0,0000
generally 0,5447 0,0003
sni 4,6052 0,0025
hide 0,0000 0,0000
meleon 2,8134 0,0015
corporate 1,4697 0,0008
malpani 4,6052 0,0025
transaction 1,0217 0,0011
auto 0,0726 0,0000
certify 2,2073 0,0012
several 0,4155 0,0002
sign 1,2379 0,0020
wgcanonicalspecialpagename 0,0000 0,0000
while 0,2614 0,0001
download 0,0000 0,0000
edge 1,2379 0,0007
high 0,0101 0,0000
split 0,0000 0,0000
www 1,7720 0,0010
than 0,2357 0,0001
limit 0,0000 0,0000
communication 0,6162 0,0007
different 0,0513 0,0000
dpktf 4,6052 0,0025
level 0,0000 0,0000
author 0,0000 0,0000
establish 0,8916 0,0010
permanently 2,0402 0,0011
amazon 1,0498 0,0006
relevant 1,2040 0,0006
license 0,0000 0,0000
expand 0,0101 0,0000
salamweb 2,8134 0,0015
nf 3,9120 0,0021
wgmfdisplaywikibasedescription 0,0000 0,0000
retrieve 0,0000 0,0000
survey 0,9416 0,0005
datum 0,0408 0,0000
code 0,0000 0,0000
legacy 1,5141 0,0008
wgdefaultdateformat 0,0000 0,0000
box 0,0408 0,0000
sean 1,9661 0,0011
storage 0,3711 0,0002
sql 1,0788 0,0006
switch 0,9163 0,0005
head 0,7765 0,0008
dialog 2,6593 0,0014
total 0,0000 0,0000
ipstack 4,6052 0,0025
deutsch 0,0943 0,0001
backend 1,7720 0,0010
korzhitskii 4,6052 0,0025
xiaofeng 3,2189 0,0017
unofficial 2,2073 0,0012
src 0,6349 0,0003
control 0,1625 0,0001
medication 3,5066 0,0019
symbian 2,2073 0,0012
attribution 0,0000 0,0000
issuance 3,2189 0,0017
pulse 2,8134 0,0015
mailto 3,9120 0,0021
duncan 3,2189 0,0017
geolocation 2,3026 0,0012
handler 2,0402 0,0011
increasingly 1,4271 0,0008
metadata 1,5606 0,0008
sse 2,9957 0,0016
upper 0,0101 0,0000
ssh 2,3026 0,0012
ssl 2,4079 0,0013
minerva 0,0101 0,0000
brand 0,0000 0,0000
recent 0,0000 0,0000
they 0,0619 0,0001
browsing 1,8326 0,0010
github 0,7340 0,0004
edit 0,0000 0,0000
grigorik 3,9120 0,0021
old 0,8675 0,0005
then 0,3567 0,0002
accept 1,1087 0,0012
node 0,0305 0,0000
crawler 2,9957 0,0016
maliciously 3,9120 0,0021
expire 2,6593 0,0014
device 0,7550 0,0008
access 0,2877 0,0005
blackhat 4,6052 0,0025
conference 0,3425 0,0002
webrtc 2,3026 0,0012
extended 2,2073 0,0012
gazelle 2,8134 0,0015
selflink 0,0101 0,0000
current 0,0000 0,0000
poisoning 3,9120 0,0021
lecture 1,6094 0,0009
vector 0,0000 0,0000
audio 1,2379 0,0007
key 0,0305 0,0000
silk 2,2073 0,0012
cachereport 0,0000 0,0000
pretitle 1,3471 0,0007
smtp 3,5066 0,0019
necessary 0,8440 0,0005
onc 3,2189 0,0017
svg 1,0788 0,0006
one 0,0943 0,0001
hotjava 2,8134 0,0015
launch 0,9943 0,0011
tagalog 1,2040 0,0006
fcgi 2,9957 0,0016
single 0,3147 0,0002
entityaccesscount 0,0000 0,0000
tl 4,6052 0,0025
catalin 2,8134 0,0015
censorship 2,6593 0,0014
commercial 0,8440 0,0005
webhook 2,6593 0,0014
separate 0,6162 0,0003
reasonable 2,1203 0,0011
available 0,0000 0,0000
freeweibo 4,6052 0,0025
apache 1,0788 0,0006
stunnel 4,6052 0,0025
variant 0,0619 0,0000
dynamic 0,7133 0,0004
generate 0,8210 0,0004
ensure 0,7985 0,0004
oracle 0,8916 0,0005
query 1,1394 0,0006
this 0,1278 0,0001
norsk 0,3285 0,0002
wireguard 4,6052 0,0025
memusage 0,0000 0,0000
especially 0,8210 0,0004
know 0,2231 0,0004
support 0,1393 0,0001
ecdhe 4,6052 0,0025
drop 1,1394 0,0012
wgpopupsflag 0,0000 0,0000
polski 0,1165 0,0001
privacy 0,0000 0,0000
logjam 4,6052 0,0025
life 0,9416 0,0005
proprietary 0,9676 0,0005
gap 1,2040 0,0006
anonymity 2,9957 0,0016
dane 3,9120 0,0021
normal 0,0202 0,0000
wide 0,6539 0,0004
technology 0,1863 0,0002
ungoogled 2,8134 0,0015
wgarticleid 0,0000 0,0000
pagelanguagedir 0,0000 0,0000
wgcitereferencepreviewsactive 0,0000 0,0000
location 0,9943 0,0005
compromise 1,8326 0,0020
software 0,0000 0,0000
none 0,0101 0,0000
type 0,0000 0,0000
april 0,0000 0,0000
problem 0,3285 0,0002
justify 1,8326 0,0010
review 0,6162 0,0003
connection 0,9676 0,0010
between 0,2107 0,0001
stanislaw 4,6052 0,0025
wifi 2,8134 0,0015
researcher 1,3093 0,0007
kazehakase 2,8134 0,0015
method 0,3147 0,0003
comodo 2,8134 0,0015
come 0,4155 0,0002
baseline 1,7720 0,0010
ott 2,5257 0,0014
push 0,0000 0,0000
exist 0,4155 0,0004
ladybird 2,8134 0,0015
openssl 4,6052 0,0025
piratebox 4,6052 0,0025
force 1,0217 0,0011
quinstreet 3,9120 0,0021
hotspot 2,9957 0,0016
stealthnet 4,6052 0,0025
range 0,8675 0,0005
derive 1,1394 0,0006
out 0,0000 0,0000
weak 2,1203 0,0011
geo 2,8134 0,0015
leak 1,5606 0,0008
feature 0,0000 0,0000
get 0,0000 0,0000
dark 0,0101 0,0000
ilya 2,9957 0,0016
place 0,5447 0,0003
neoplanet 2,8134 0,0015
prominently 3,2189 0,0017
suggest 1,0217 0,0005
lead 0,2231 0,0001
piggyback 4,6052 0,0025
filter 1,4697 0,0016
help 0,0000 0,0000
site 0,0000 0,0000
depth 0,0000 0,0000
additionally 1,0498 0,0006
self 0,7133 0,0004
sharealike 0,0000 0,0000
date 0,3011 0,0003
cors 2,9957 0,0016
reveal 1,5606 0,0017
data 0,0000 0,0000
adequate 2,5257 0,0014
firefox 2,2073 0,0012
own 0,4780 0,0003
wiki 1,2730 0,0007
wgpageviewlanguage 0,0000 0,0000
alexa 2,6593 0,0014
blog 0,6349 0,0003
netcraft 4,6052 0,0025
accesskey 0,0000 0,0000
plain 1,5141 0,0008
only 0,2107 0,0001
should 0,3711 0,0002
create 0,0000 0,0000
criminal 2,2073 0,0012
tag 0,0000 0,0000
development 0,1278 0,0001
individual 0,7985 0,0004
resource 0,4620 0,0002
datagram 3,2189 0,0017
regards 3,2189 0,0017
person 0,6162 0,0003
elliptic 2,9957 0,0016
send 0,7550 0,0004
potentially 0,7765 0,0004
here 0,0000 0,0000
note 0,4155 0,0002
caa 3,9120 0,0021
camino 2,8134 0,0015
cab 4,6052 0,0025
line 0,0101 0,0000
link 0,0000 0,0000
can 0,0408 0,0000
security 0,3285 0,0002
cap 0,0619 0,0000
contributor 0,0000 0,0000
wgcanonicalnamespace 0,0000 0,0000
flex 0,5276 0,0003
ready 0,0000 0,0000
qualys 4,6052 0,0025
tcp 2,3026 0,0012
aims 2,8134 0,0015
wgisredirect 0,0000 0,0000
limited 0,8916 0,0005
will 0,2485 0,0001
sputnik 2,4079 0,0013
worldwideweb 2,8134 0,0015
february 0,0000 0,0000
implementation 0,3147 0,0003
match 0,5276 0,0003
follow 0,2744 0,0001
passive 3,2189 0,0017
oppliger 3,5066 0,0019
response 0,7340 0,0004
responsive 0,0202 0,0000
york 0,8440 0,0005
challenge 0,6162 0,0003
category 0,0000 0,0000
wikidata 0,0000 0,0000
