german 1,6607 0,0007
unavailable 2,3026 0,0009
upload 0,0000 0,0000
novet 3,2189 0,0013
pomerantz 4,6052 0,0018
wggelevelingupenabledforuser 0,0000 0,0000
wgrestrictionmove 0,0000 0,0000
your 0,6931 0,0003
buds 3,9120 0,0016
palestinians 4,6052 0,0018
naturalized 4,6052 0,0018
aviv 3,5066 0,0014
begins 1,8326 0,0007
these 0,1278 0,0001
introduced 0,5447 0,0002
ted 2,2073 0,0009
contributions 0,0000 0,0000
would 0,3425 0,0001
pick 2,4079 0,0010
tel 3,9120 0,0016
investing 2,6593 0,0011
ten 1,9661 0,0008
energy 1,4697 0,0006
eweek 2,6593 0,0011
nova 2,2073 0,0009
organizational 1,8971 0,0008
gateways 2,2073 0,0009
amazons 4,6052 0,0018
muck 4,6052 0,0018
solid 0,0202 0,0000
blogging 3,9120 0,0016
devices 0,8916 0,0004
attendees 3,2189 0,0013
spreading 3,5066 0,0014
investment 1,5606 0,0006
neutral 0,5447 0,0002
require 0,0000 0,0000
analysis 0,5108 0,0002
click 1,9661 0,0008
backwards 2,5257 0,0010
iland 2,5257 0,0010
scribunto 0,0000 0,0000
lauds 4,6052 0,0018
innovations 2,8134 0,0011
latino 4,6052 0,0018
size 0,0000 0,0000
unveils 2,5257 0,0010
left 0,0101 0,0000
cdx 0,0000 0,0000
much 0,6931 0,0003
arab 2,5257 0,0010
wind 2,8134 0,0011
commodity 2,6593 0,0011
defence 3,9120 0,0016
achieve 1,1087 0,0004
hosting 1,6607 0,0007
iberdrola 4,6052 0,0018
notable 1,1394 0,0005
ceo 1,6094 0,0006
turk 3,5066 0,0014
minds 2,6593 0,0011
result 0,4620 0,0002
gehomepagesuggestededitsenabletopics 0,0000 0,0000
roku 4,6052 0,0018
balancer 3,5066 0,0014
same 0,2357 0,0001
spanning 3,2189 0,0013
wikibon 4,6052 0,0018
after 0,0305 0,0000
headline 0,0000 0,0000
huang 2,8134 0,0011
connect 1,4271 0,0006
policy 0,0000 0,0000
expedia 3,9120 0,0016
committed 1,8326 0,0007
address 0,8210 0,0003
sets 1,0498 0,0004
union 1,5141 0,0006
faced 2,2073 0,0009
pagelanguagecode 0,0000 0,0000
transientcontent 0,0000 0,0000
americans 2,6593 0,0011
subtle 0,3285 0,0001
blue 1,8326 0,0007
deploying 1,7720 0,0007
idhash 0,0619 0,0000
days 1,1087 0,0004
timeline 1,1394 0,0005
information 0,0000 0,0000
subsidiaries 2,6593 0,0011
adrian 2,9957 0,0012
combined 1,2379 0,0005
faces 2,9957 0,0012
rackspace 2,2073 0,0009
wrap 0,0101 0,0000
novel 2,2073 0,0009
discuss 1,5606 0,0006
porsche 4,6052 0,0018
november 0,0000 0,0000
powered 1,5141 0,0006
programmability 3,5066 0,0014
deploy 1,6607 0,0007
empty 0,0305 0,0000
analytics 1,1712 0,0005
compute 1,7720 0,0007
imdb 4,6052 0,0018
ambition 3,9120 0,0016
suffered 2,9957 0,0012
besides 2,5257 0,0010
fullversionlist 0,0000 0,0000
tim 1,0498 0,0004
implement 0,7133 0,0003
pan 3,2189 0,0013
export 0,0000 0,0000
others 0,4463 0,0002
contributed 2,5257 0,0010
making 0,5108 0,0002
european 1,3471 0,0005
pay 1,5141 0,0006
list 0,0000 0,0000
andrew 1,0498 0,0004
onto 1,8971 0,0008
wgusergroups 0,0000 0,0000
external 0,1863 0,0001
spending 2,2073 0,0009
labs 1,0788 0,0004
success 1,2379 0,0005
authority 0,4780 0,0002
cia 2,6593 0,0011
paramount 3,2189 0,0013
child 0,0202 0,0000
tectonic 4,6052 0,0018
manning 1,6607 0,0007
mainentity 0,0000 0,0000
young 2,4079 0,0010
germany 0,5798 0,0002
medium 1,4271 0,0006
interface 0,3425 0,0001
remove 0,6733 0,0003
disclaimers 0,0000 0,0000
expanded 0,2231 0,0001
cloudbolt 2,5257 0,0010
provider 1,7148 0,0007
divides 2,8134 0,0011
provides 0,3711 0,0001
root 0,4943 0,0002
disambiguation 1,5606 0,0006
wgisprobablyeditable 0,0000 0,0000
lardinois 2,4079 0,0010
standardized 1,3471 0,0005
treasure 4,6052 0,0018
hard 1,2379 0,0005
ridge 3,9120 0,0016
citation 0,0101 0,0000
blocks 1,2379 0,0005
o'dell 4,6052 0,0018
mobile 0,0000 0,0000
multiple 0,2485 0,0001
perform 0,8675 0,0003
peak 3,5066 0,0014
expose 2,4079 0,0010
room 1,8326 0,0007
occurring 2,2073 0,0009
plainlist 0,4463 0,0002
footprint 2,5257 0,0010
pdf 0,0000 0,0000
china 1,6094 0,0006
service 0,2231 0,0001
hemsoth 4,6052 0,0018
there 0,2614 0,0001
well 0,3011 0,0001
personnel 2,6593 0,0011
bitness 0,0000 0,0000
rgba 0,0101 0,0000
named 0,8916 0,0004
atlas 3,2189 0,0013
considered 0,5798 0,0002
focus 1,1087 0,0004
american 0,8675 0,0003
delivered 1,8326 0,0007
changing 1,1712 0,0005
entire 0,8675 0,0003
balakrishnan 4,6052 0,0018
cores 2,6593 0,0011
palestinian 4,6052 0,0018
ppvisitednodes 0,0000 0,0000
block 0,0408 0,0000
metered 3,9120 0,0016
ondemand 2,5257 0,0010
per 0,8440 0,0003
maritz 4,6052 0,0018
write 0,6931 0,0003
flow 0,3857 0,0002
cooperation 2,3026 0,0009
order 0,4620 0,0002
cli 1,5141 0,0006
africa 2,5257 0,0010
period 1,6094 0,0006
canales 3,9120 0,0016
aria 0,0000 0,0000
boxtext 0,0619 0,0000
corporation 1,1712 0,0005
wgmfdisplaywikibasedescriptions 0,0000 0,0000
indonesia 0,3567 0,0001
intelligence 0,8916 0,0004
winner 2,6593 0,0011
million 1,0498 0,0004
even 0,0513 0,0000
renewable 2,9957 0,0012
transparency 1,8326 0,0007
integration 0,4620 0,0002
tagline 0,0000 0,0000
wgpopupsflags 0,0000 0,0000
cloudwatch 4,6052 0,0018
autoscaling 3,9120 0,0016
women 2,9957 0,0012
larger 0,8440 0,0003
regexp 0,0000 0,0000
hundred 2,8134 0,0011
stemmed 3,2189 0,0013
subsection 0,1508 0,0001
wgeditsubmitbuttonlabelpublish 0,0000 0,0000
obama 3,2189 0,0013
toc 0,0000 0,0000
protection 0,4620 0,0002
respectively 1,3863 0,0006
functionality 0,6931 0,0003
digitalocean 2,1203 0,0009
wgpagecontentmodel 0,0000 0,0000
puget 4,6052 0,0018
relaunch 3,9120 0,0016
tom 1,3863 0,0006
bedrock 4,6052 0,0018
top 0,0000 0,0000
esports 4,6052 0,0018
native 0,8916 0,0004
neutrality 3,5066 0,0014
redundancy 2,2073 0,0009
accordingly 3,2189 0,0013
cnn 2,1203 0,0009
product 0,6539 0,0003
hastings 3,5066 0,0014
lgbtqia 3,2189 0,0013
coupang 3,9120 0,0016
attributed 2,0402 0,0008
heading 1,2730 0,0005
cheap 2,4079 0,0010
opportunities 1,9661 0,0008
owncloud 2,5257 0,0010
pacific 3,5066 0,0014
timestream 4,6052 0,0018
verge 1,8326 0,0007
wgnamespacenumber 0,0000 0,0000
names 0,8210 0,0003
breeden 4,6052 0,0018
requiring 1,1087 0,0004
industries 2,2073 0,0009
wgwmepagelength 0,0000 0,0000
attributes 1,3863 0,0006
askville 4,6052 0,0018
bryar 4,6052 0,0018
com 0,8210 0,0003
capital 1,8326 0,0007
covid 1,8326 0,0007
lashinsky 4,6052 0,0018
expensivefunctioncount 0,0000 0,0000
environments 0,7985 0,0003
lets 1,7720 0,0007
bryan 2,4079 0,0010
employee 2,3026 0,0009
expeditions 3,5066 0,0014
employed 1,9661 0,0008
platforms 0,6931 0,0003
linuxworld 4,6052 0,0018
timeusage 0,0000 0,0000
hacking 2,3026 0,0009
automation 0,7550 0,0003
wake 2,9957 0,0012
function 0,0000 0,0000
west 2,2073 0,0009
stock 1,8971 0,0008
las 3,5066 0,0014
traffic 1,5606 0,0006
helion 2,5257 0,0010
comparison 0,4155 0,0002
including 0,1985 0,0001
virtualization 1,5606 0,0006
introducing 0,8916 0,0004
misconfigurations 3,9120 0,0016
outages 2,8134 0,0011
cpu 0,0408 0,0000
infobox 0,6931 0,0003
less 0,6162 0,0002
basis 1,1394 0,0005
affected 1,6607 0,0007
pcache 0,0619 0,0000
andy 1,8326 0,0007
markets 1,9661 0,0008
mapped 2,8134 0,0011
october 0,0000 0,0000
virginia 2,8134 0,0011
reinvent 3,5066 0,0014
became 0,7133 0,0003
selipsky 4,6052 0,0018
university 0,5621 0,0002
policies 1,6094 0,0006
cause 1,1087 0,0004
units 1,4271 0,0006
jquery 0,0000 0,0000
primitives 2,8134 0,0011
times 0,5447 0,0002
intended 0,5978 0,0002
paas 2,1203 0,0009
heroku 2,3026 0,0009
land 2,6593 0,0011
working 0,5276 0,0002
department 1,4271 0,0006
possibility 1,9661 0,0008
says 1,3863 0,0006
crn 3,9120 0,0016
timeless 0,0101 0,0000
crm 4,6052 0,0018
direction 1,5606 0,0006
buttons 2,3026 0,0009
groupon 3,9120 0,0016
chief 1,6607 0,0007
performing 1,3863 0,0006
entrepreneurial 3,2189 0,0013
wgwmeschemaeditattemptstepoversample 0,0000 0,0000
followed 1,1087 0,0004
opening 2,0402 0,0008
ttl 0,0000 0,0000
consecutive 3,9120 0,0016
encyclopedia 0,0000 0,0000
conduct 0,0000 0,0000
pizzas 3,9120 0,0016
redirects 1,5606 0,0006
wayfair 3,9120 0,0016
burt 4,6052 0,0018
incident 2,5257 0,0010
credited 2,5257 0,0010
cluster 1,4697 0,0006
abovebelow 0,0943 0,0000
hinter 4,6052 0,0018
led 0,5978 0,0002
advertising 1,7720 0,0007
renewables 4,6052 0,0018
shriram 3,9120 0,0016
concern 1,4697 0,0006
helen 2,8134 0,0011
eventual 2,8134 0,0011
pact 4,6052 0,0018
pref 0,0000 0,0000
n't 0,7765 0,0003
lovefilm 4,6052 0,0018
state 0,4620 0,0002
csrftoken 0,0000 0,0000
press 0,5798 0,0002
worker 2,3026 0,0009
agentic 3,9120 0,0016
welcome 2,3026 0,0009
events 0,0000 0,0000
cto 2,8134 0,0011
element 0,0000 0,0000
portions 2,3026 0,0009
creatio 2,5257 0,0010
environmental 1,8971 0,0008
began 0,7985 0,0003
edited 0,0000 0,0000
night 0,0000 0,0000
forecast 2,2073 0,0009
vulnerability 1,7148 0,0007
each 0,1393 0,0001
javascript 0,9416 0,0004
input 0,0000 0,0000
offering 1,1087 0,0004
wand 4,6052 0,0018
styles 0,0834 0,0000
actions 0,0000 0,0000
items 0,5108 0,0002
unpinned 0,0000 0,0000
graphiq 4,6052 0,0018
entertainment 2,2073 0,0009
scanning 2,2073 0,0009
document 0,6539 0,0003
availability 1,1394 0,0005
battery 2,5257 0,0010
giving 1,8971 0,0008
networks 0,8210 0,0003
two 0,2744 0,0001
pop 1,7720 0,0007
defense 2,0402 0,0008
frees 3,5066 0,0014
does 0,2744 0,0001
lunacloud 2,5257 0,0010
reported 1,3471 0,0005
szkutak 4,6052 0,0018
lark 2,5257 0,0010
escape 2,1203 0,0009
trillion 2,8134 0,0011
datepublished 0,0000 0,0000
latest 0,9676 0,0004
languages 0,0000 0,0000
occurred 2,2073 0,0009
electrifai 4,6052 0,0018
services 0,3425 0,0001
team 0,5978 0,0002
marketing 1,2730 0,0005
automated 0,8916 0,0004
wgusername 0,0000 0,0000
extensively 2,8134 0,0011
kubernetes 1,9661 0,0008
margins 4,6052 0,0018
nimbus 2,5257 0,0010
medical 1,8971 0,0008
buys 2,2073 0,0009
attend 3,5066 0,0014
smith 1,7148 0,0007
had 0,4943 0,0002
reflecting 2,8134 0,0011
source 0,2107 0,0001
align 0,0101 0,0000
secure 1,2040 0,0005
kevin 1,5606 0,0006
late 1,0217 0,0004
koru 4,6052 0,0018
school 1,5606 0,0006
things 1,1087 0,0004
starts 1,7720 0,0007
acquired 1,4271 0,0006
offers 0,8210 0,0003
tech 1,2040 0,0005
actual 1,1394 0,0005
eastern 3,9120 0,0016
last 0,0000 0,0000
imageright 0,2614 0,0001
weight 0,0101 0,0000
develop 0,9163 0,0004
cloudtrail 4,6052 0,0018
secrets 2,5257 0,0010
technologies 0,5978 0,0002
roberts 2,3026 0,0009
overall 1,1394 0,0005
page 0,0000 0,0000
employees 1,7720 0,0007
philanthropy 3,2189 0,0013
tiernan 3,9120 0,0016
updated 0,8440 0,0003
full 0,0202 0,0000
memory 0,0408 0,0000
zoho 2,5257 0,0010
concept 0,5978 0,0002
aspects 0,8916 0,0004
hooked 4,6052 0,0018
video 0,8440 0,0003
updates 1,0788 0,0004
garman 4,6052 0,0018
gchq 3,5066 0,0014
lifting 3,9120 0,0016
assembled 3,2189 0,0013
warrell 4,6052 0,0018
offerings 2,0402 0,0008
early 0,5276 0,0002
sameas 0,0000 0,0000
hours 1,6094 0,0006
llc 1,7720 0,0007
yes 1,9661 0,0008
center 0,0000 0,0000
purchase 1,7720 0,0007
start 0,7985 0,0003
hdd 3,5066 0,0014
lightsail 4,6052 0,0018
advised 2,9957 0,0012
engineer 1,6094 0,0006
bypass 2,6593 0,0011
weinberger 3,9120 0,0016
infrastructure 0,6931 0,0003
wikimedia 0,0000 0,0000
short 0,0000 0,0000
time 0,0000 0,0000
hdx 4,6052 0,0018
finance 1,8326 0,0007
gateway 2,9957 0,0012
pricing 2,0402 0,0008
applications 0,2231 0,0001
palo 2,8134 0,0011
enwikimwclientpreferences 0,0000 0,0000
happy 2,9957 0,0012
albeast 4,6052 0,0018
interactive 0,4463 0,0002
governments 1,9661 0,0008
program 0,4155 0,0002
three 0,3711 0,0001
put 1,1712 0,0005
required 0,5108 0,0002
measures 1,8326 0,0007
identified 1,1394 0,0005
carbon 1,8971 0,0008
options 1,3863 0,0006
season 3,2189 0,0013
specifically 0,8916 0,0004
savings 2,4079 0,0010
hardware 0,5798 0,0002
sessions 2,6593 0,0011
cloudstack 2,4079 0,0010
subscribers 3,2189 0,0013
lesson 3,2189 0,0013
standalone 2,0402 0,0008
dates 0,5798 0,0002
creative 0,0000 0,0000
nederlands 0,1985 0,0001
chris 1,2040 0,0005
provide 0,3857 0,0002
wayback 0,7985 0,0003
light 1,4271 0,0006
primary 0,7765 0,0003
log 0,0000 0,0000
enterprise 0,4463 0,0002
wgcheckuserclienthintsheadersjsapi 0,0000 0,0000
solar 2,6593 0,0011
euskara 0,5108 0,0002
formation 2,4079 0,0010
planned 1,7720 0,0007
confirmed 2,2073 0,0009
computer 0,2231 0,0001
ways 0,8210 0,0003
timingprofile 0,0000 0,0000
theme 0,0000 0,0000
grown 2,8134 0,0011
holdings 2,6593 0,0011
jackie 3,5066 0,0014
means 0,5621 0,0002
postexpandincludesize 0,0000 0,0000
werner 2,9957 0,0012
desire 2,5257 0,0010
twitch 4,6052 0,0018
initial 0,3857 0,0002
unstrip 0,0000 0,0000
centre 2,5257 0,0010
templateargumentsize 0,0000 0,0000
downtime 2,5257 0,0010
earnings 3,2189 0,0013
unsourced 0,5621 0,0002
firewall 2,5257 0,0010
january 0,0000 0,0000
chat 2,6593 0,0011
permanent 0,0000 0,0000
backgrounds 3,9120 0,0016
cdnow 4,6052 0,0018
choice 1,2730 0,0005
citrix 2,3026 0,0009
small 0,0305 0,0000
rakuten 3,9120 0,0016
alliance 1,8971 0,0008
before 0,0305 0,0000
speedy 0,7133 0,0003
friendly 1,9661 0,0008
emulate 2,6593 0,0011
italic 0,1278 0,0001
launched 1,3863 0,0006
dan 0,9943 0,0004
hit 2,4079 0,0010
his 0,7550 0,0003
major 0,5621 0,0002
audible 3,5066 0,0014
jordan 1,7148 0,0007
beat 2,6593 0,0011
worldwide 1,4271 0,0006
dax 3,5066 0,0014
domino 3,9120 0,0016
migrated 2,8134 0,0011
day 0,0000 0,0000
combination 1,1087 0,0004
group 0,0408 0,0000
banana 4,6052 0,0018
retailers 3,5066 0,0014
sparks 3,5066 0,0014
created 0,4155 0,0002
format 0,0101 0,0000
greenbutton 2,3026 0,0009
history 0,0000 0,0000
illegal 2,2073 0,0009
kelleher 4,6052 0,0018
absolutely 2,6593 0,0011
soar 3,5066 0,0014
affiliates 3,2189 0,0013
managing 0,9416 0,0004
launches 1,5606 0,0006
shutdown 3,9120 0,0016
soap 2,4079 0,0010
critical 0,8916 0,0004
relied 2,8134 0,0011
wgrestrictionedit 0,0000 0,0000
part 0,2231 0,0001
foursquare 3,9120 0,0016
wgpageparsereport 0,0000 0,0000
logistics 3,2189 0,0013
numeric 1,8971 0,0008
their 0,1165 0,0000
uscis 4,6052 0,0018
percent 1,7720 0,0007
principal 2,2073 0,0009
general 0,0000 0,0000
east 2,3026 0,0009
september 0,0000 0,0000
datemodified 0,0619 0,0000
dated 1,1087 0,0004
depository 3,9120 0,0016
gartner 2,3026 0,0009
editors 0,0000 0,0000
padding 0,0000 0,0000
process 0,2485 0,0001
built 0,5108 0,0002
cpus 2,1203 0,0009
zoox 4,6052 0,0018
clear 0,0101 0,0000
ltr 0,0000 0,0000
startups 2,3026 0,0009
velocity 2,6593 0,0011
clean 1,8971 0,0008
listed 1,5606 0,0006
third 0,5621 0,0002
build 0,4943 0,0002
opennebula 2,5257 0,0010
lua 0,0513 0,0000
wireless 1,7720 0,0007
further 0,3567 0,0001
account 0,0000 0,0000
settlements 3,5066 0,0014
been 0,2231 0,0001
contracted 3,9120 0,0016
allan 2,9957 0,0012
jumps 3,2189 0,0013
alphabet 2,4079 0,0010
advance 1,6094 0,0006
scanned 3,2189 0,0013
dew 2,5257 0,0010
record 1,1394 0,0005
goodreads 4,6052 0,0018
abbr 0,0619 0,0000
stacy 3,9120 0,0016
you 0,0101 0,0000
jump 0,0000 0,0000
prime 2,6593 0,0011
databases 0,3567 0,0001
wavemaker 2,2073 0,0009
past 1,8326 0,0007
impact 0,9676 0,0004
profile 1,1394 0,0005
bill 1,5606 0,0006
july 0,0000 0,0000
court 2,0402 0,0008
subsidiary 3,2189 0,0013
venture 1,9661 0,0008
tags 0,0000 0,0000
cancellation 4,6052 0,0018
route 3,2189 0,0013
millions 1,8971 0,0008
firms 1,9661 0,0008
theresa 3,9120 0,0016
lured 4,6052 0,0018
subgroup 0,0513 0,0000
sustainable 2,0402 0,0008
robotics 2,6593 0,0011
cited 2,0402 0,0008
abuses 3,9120 0,0016
hot 2,6593 0,0011
transparent 0,0619 0,0000
how 0,0834 0,0000
mturk 4,6052 0,0018
salehsam 4,6052 0,0018
adoption 0,8675 0,0003
citations 1,1087 0,0004
journal 0,4780 0,0002
soho 4,6052 0,0018
cites 2,9957 0,0012
dalzell 4,6052 0,0018
deadline 3,9120 0,0016
brad 2,3026 0,0009
mine 2,9957 0,0012
chip 1,5606 0,0006
replicate 2,4079 0,0010
business 0,3567 0,0001
mini 0,0619 0,0000
apartheid 3,9120 0,0016
operational 1,7148 0,0007
serverless 1,9661 0,0008
overcoming 2,6593 0,0011
staff 1,7720 0,0007
right 0,0101 0,0000
march 0,0000 0,0000
katherine 2,5257 0,0010
june 0,0000 0,0000
wikitext 0,0000 0,0000
stage 1,4697 0,0006
wggestructuredtaskrejectionreasontextinputenabled 0,0000 0,0000
calls 0,0408 0,0000
restored 3,5066 0,0014
paul 0,7765 0,0003
under 0,0101 0,0000
spotlight 2,9957 0,0012
quarter 3,2189 0,0013
proposing 2,8134 0,0011
die 2,9957 0,0012
london 1,3863 0,0006
added 0,4308 0,0002
retrieved 0,0000 0,0000
cloudfront 4,6052 0,0018
liquavista 4,6052 0,0018
autocapitalize 0,0000 0,0000
down 0,8440 0,0003
recommendations 1,7720 0,0007
div 0,0000 0,0000
brings 1,8326 0,0007
later 0,3857 0,0002
designated 2,1203 0,0009
keyspaces 4,6052 0,0018
prior 1,3093 0,0005
wgpagename 0,0000 0,0000
talk 0,0000 0,0000
richard 0,9676 0,0004
satellites 3,5066 0,0014
dedicated 1,3093 0,0005
commonly 0,6931 0,0003
bray 2,8134 0,0011
finally 1,4271 0,0006
count 0,0513 0,0000
remained 2,5257 0,0010
hatnote 0,2107 0,0001
thereafter 2,8134 0,0011
mentoring 3,5066 0,0014
brown 1,8971 0,0008
zones 2,8134 0,0011
regarding 1,6607 0,0007
granting 2,9957 0,0012
pinnable 0,0000 0,0000
vision 1,1712 0,0005
tradeweb 4,6052 0,0018
wgrevisionid 0,0000 0,0000
relatively 1,0498 0,0004
some 0,1744 0,0001
virtual 0,4620 0,0002
anita 4,6052 0,0018
mobipocket 4,6052 0,0018
rather 0,5978 0,0002
soma 4,6052 0,0018
additional 0,0000 0,0000
back 0,6539 0,0003
wgmonthnames 0,0000 0,0000
mach 2,8134 0,0011
training 1,4697 0,0006
malaysia 3,5066 0,0014
title 0,0000 0,0000
patroltoken 0,0000 0,0000
maureen 3,9120 0,0016
states 0,4463 0,0002
load 1,3863 0,0006
redshift 3,5066 0,0014
zdnet 1,4697 0,0006
exposes 2,4079 0,0010
imdbpro 4,6052 0,0018
alpha 0,0101 0,0000
company 0,5621 0,0002
featuring 2,2073 0,0009
reception 2,6593 0,0011
human 0,9416 0,0004
just 0,4943 0,0002
prince 3,5066 0,0014
billions 2,9957 0,0012
relax 3,9120 0,0016
asia 2,4079 0,0010
custom 0,0000 0,0000
orionvm 2,5257 0,0010
statistically 3,2189 0,0013
concerns 1,1087 0,0004
home 0,8916 0,0004
michael 0,7133 0,0003
existing 0,7550 0,0003
print 0,0000 0,0000
approximately 1,8971 0,0008
hub 1,9661 0,0008
material 0,9676 0,0004
owned 1,8971 0,0008
inherit 0,0101 0,0000
asin 4,6052 0,0018
wiggers 2,9957 0,0012
articles 0,0000 0,0000
upcoming 2,2073 0,0009
president 1,9661 0,0008
lazada 3,9120 0,0016
synergy 3,5066 0,0014
helping 2,1203 0,0009
construct 1,8971 0,0008
america 1,7720 0,0007
division 2,1203 0,0009
dmy 0,0000 0,0000
executive 1,7148 0,0007
navigation 0,0000 0,0000
impaired 2,9957 0,0012
lock 0,0101 0,0000
mosca 3,9120 0,0016
text 0,0000 0,0000
macmillan 2,5257 0,0010
python 0,6539 0,0003
cookie 0,0000 0,0000
researchers 1,3093 0,0005
made 0,3857 0,0002
topology 2,9957 0,0012
signed 1,7720 0,0007
classified 1,7148 0,0007
sense 1,3093 0,0005
being 0,3147 0,0001
dynamo 4,6052 0,0018
protest 3,2189 0,0013
loading 0,0000 0,0000
removing 1,4271 0,0006
warner 3,2189 0,0013
bezos 4,6052 0,0018
brackets 0,0619 0,0000
heavy 2,1203 0,0009
servicenow 3,9120 0,0016
contents 0,0000 0,0000
opens 1,9661 0,0008
ups 2,8134 0,0011
status 0,0000 0,0000
trading 2,1203 0,0009
server 0,4463 0,0002
shield 2,9957 0,0012
simpledb 4,6052 0,0018
clients 1,0788 0,0004
curve 2,1203 0,0009
operates 1,6607 0,0007
skin 0,0000 0,0000
operated 2,3026 0,0009
moses 4,6052 0,0018
summer 1,6607 0,0007
eight 1,8326 0,0007
products 0,4943 0,0002
robert 0,9676 0,0004
streaming 1,8971 0,0008
file 0,0000 0,0000
government 1,2730 0,0005
known 0,3147 0,0001
condemnation 4,6052 0,0018
incidents 2,8134 0,0011
steve 1,1394 0,0005
crime 2,6593 0,0011
libre 2,9957 0,0012
man 1,8971 0,0008
stand 1,5606 0,0006
wgnoticeproject 0,0000 0,0000
cloudformation 4,6052 0,0018
together 0,5978 0,0002
mar 2,5257 0,0010
mat 3,9120 0,0016
annapurna 4,6052 0,0018
may 0,0000 0,0000
max 0,0513 0,0000
within 0,3011 0,0001
could 0,4780 0,0002
strike 3,2189 0,0013
health 1,5606 0,0006
attackers 2,8134 0,0011
trigger 1,7148 0,0007
menu 0,0000 0,0000
url 0,0000 0,0000
entities 0,0305 0,0000
machine 0,3425 0,0001
able 0,9943 0,0004
gpus 2,8134 0,0011
websites 1,2379 0,0005
wgulsiscompactlinksenabled 0,0000 0,0000
return 0,0000 0,0000
cheaper 2,5257 0,0010
fees 2,3026 0,0009
subject 1,1087 0,0004
use 0,0000 0,0000
main 0,0000 0,0000
networking 1,0498 0,0004
usi 4,6052 0,0018
microservices 1,9661 0,0008
radio 1,6607 0,0007
revenue 1,9661 0,0008
continuous 1,1087 0,0004
host 1,2040 0,0005
accelerate 2,3026 0,0009
logo 0,0000 0,0000
international 0,3011 0,0001
fujitsu 2,5257 0,0010
loft 4,6052 0,0018
workflow 1,8326 0,0007
utc 0,0000 0,0000
occur 1,3093 0,0005
freevee 4,6052 0,0018
includes 0,5276 0,0002
canonical 0,0408 0,0000
sistersitebox 0,6539 0,0003
sustainability 2,5257 0,0010
wgcurrevisionid 0,0000 0,0000
astro 3,2189 0,0013
null 0,0000 0,0000
background 0,0101 0,0000
transit 2,8134 0,0011
flaws 2,1203 0,0009
true 0,0000 0,0000
header 0,0000 0,0000
ebay 3,5066 0,0014
position 1,6094 0,0006
watchtoken 0,0000 0,0000
oriented 0,5447 0,0002
present 0,9676 0,0004
adopters 2,5257 0,0010
harvard 1,7148 0,0007
problems 0,6349 0,0003
since 0,3425 0,0001
veterans 4,6052 0,0018
mdy 1,6094 0,0006
cocaine 2,5257 0,0010
best 0,7985 0,0003
martian 4,6052 0,0018
delete 0,5447 0,0002
foreach 0,0000 0,0000
vermeulen 4,6052 0,0018
repeat 0,0101 0,0000
physical 1,0498 0,0004
make 0,3857 0,0002
smugmug 4,6052 0,0018
beta 1,3863 0,0006
experienced 2,3026 0,0009
execution 0,7550 0,0003
gorilla 3,5066 0,0014
gregory 2,5257 0,0010
rebuke 4,6052 0,0018
sought 2,5257 0,0010
due 0,5108 0,0002
bytes 0,0408 0,0000
online 0,7340 0,0003
coming 1,7148 0,0007
lohr 3,2189 0,0013
skok 4,6052 0,0018
glue 3,2189 0,0013
quotes 0,0101 0,0000
patch 2,4079 0,0010
bank 2,1203 0,0009
competitors 2,2073 0,0009
mgm 4,6052 0,0018
ongoing 1,9661 0,0008
sizes 1,6607 0,0007
foundational 3,5066 0,0014
fire 1,8326 0,0007
greener 3,9120 0,0016
stick 3,5066 0,0014
pentagon 3,9120 0,0016
recursion 0,0513 0,0000
released 0,5447 0,0002
czech 0,9163 0,0004
goals 1,5141 0,0006
height 0,0101 0,0000
proton 2,4079 0,0010
sagemaker 4,6052 0,0018
alibaba 1,8326 0,0007
based 0,0834 0,0000
august 0,0000 0,0000
breaches 2,4079 0,0010
module 0,0000 0,0000
wikibase 0,0619 0,0000
invent 3,5066 0,0014
labor 2,5257 0,0010
librarything 4,6052 0,0018
miller 1,7720 0,0007
highest 0,0513 0,0000
meta 1,4271 0,0006
processing 0,5978 0,0002
athena 4,6052 0,0018
programs 0,6931 0,0003
ministry 3,5066 0,0014
shared 0,8440 0,0003
notheme 0,3711 0,0001
mid 3,5066 0,0014
global 0,7985 0,0003
iac 3,2189 0,0013
industry 0,8440 0,0003
bytedance 3,9120 0,0016
pieces 1,9661 0,0008
into 0,1985 0,0001
nimbula 2,5257 0,0010
min 0,1165 0,0000
iam 3,2189 0,0013
operating 0,4308 0,0002
free 0,0000 0,0000
relationship 1,3471 0,0005
mix 2,1203 0,0009
workers 2,0402 0,0008
impacted 3,5066 0,0014
lexcycle 4,6052 0,0018
middle 0,7765 0,0003
undifferentiated 4,6052 0,0018
associates 2,4079 0,0010
beanstalk 3,5066 0,0014
many 0,2357 0,0001
people 0,5276 0,0002
democracy 3,2189 0,0013
stay 2,4079 0,0010
evolve 2,4079 0,0010
fishbowl 4,6052 0,0018
extensive 1,5141 0,0006
face 1,6607 0,0007
ibm 0,5621 0,0002
collaboration 1,1394 0,0005
associated 0,6931 0,0003
bureaucracy 3,9120 0,0016
increasing 1,2379 0,0005
experts 1,8326 0,0007
open 0,1625 0,0001
announces 1,4697 0,0006
agent 1,7148 0,0007
bishop 2,9957 0,0012
wholly 3,9120 0,0016
tbody 0,6931 0,0003
numbers 0,9416 0,0004
bicheno 4,6052 0,0018
project 0,3011 0,0001
seven 1,8326 0,0007
nicole 2,9957 0,0012
inside 0,0101 0,0000
mainly 1,5141 0,0006
barr 3,2189 0,0013
genesis 2,5257 0,0010
techcrunch 1,3093 0,0005
california 1,2379 0,0005
five 0,9943 0,0004
commands 1,4271 0,0006
abebooks 4,6052 0,0018
cheaply 4,6052 0,0018
surprise 3,5066 0,0014
mechanicalturk 4,6052 0,0018
multiplier 3,9120 0,0016
solutions 0,7765 0,0003
zadara 2,5257 0,0010
please 0,8210 0,0003
collection 0,7765 0,0003
idg 2,1203 0,0009
discrete 1,8326 0,0007
announced 0,7985 0,0003
dropbox 2,3026 0,0009
extends 1,7148 0,0007
campaign 2,3026 0,0009
commits 1,8326 0,0007
haranas 4,6052 0,0018
secured 2,5257 0,0010
internet 0,5447 0,0002
conflict 2,2073 0,0009
allow 0,4155 0,0002
analysts 2,2073 0,0009
appliance 1,8971 0,0008
wired 1,1712 0,0005
pinned 0,0000 0,0000
reasons 1,1394 0,0005
needed 0,3285 0,0001
isbn 0,1054 0,0000
rule 0,6931 0,0003
rushton 4,6052 0,0018
update 0,6733 0,0003
condemn 4,6052 0,0018
motors 3,2189 0,0013
speed 1,0498 0,0004
apple 1,1712 0,0005
interest 1,1394 0,0005
linux 0,8916 0,0004
stalled 3,5066 0,0014
activists 2,8134 0,0011
placeholder 0,0000 0,0000
clusters 1,7720 0,0007
middleware 1,6607 0,0007
summary 1,7148 0,0007
minitv 4,6052 0,0018
apply 0,0000 0,0000
again 1,2379 0,0005
artificial 1,1712 0,0005
rightscale 2,5257 0,0010
removal 1,7148 0,0007
relational 1,5606 0,0006
step 1,0217 0,0004
revolt 4,6052 0,0018
fireside 4,6052 0,0018
mark 0,8210 0,0003
base 0,0513 0,0000
indiana 3,5066 0,0014
mod 3,2189 0,0013
runa 0,9416 0,0004
disadvantaged 3,9120 0,0016
claimed 1,7720 0,0007
entrepreneurs 3,5066 0,0014
seafile 2,5257 0,0010
maximization 3,2189 0,0013
jeff 1,6607 0,0007
whole 1,2040 0,0005
during 0,5447 0,0002
degrees 2,6593 0,0011
consist 1,9661 0,0008
reliable 0,7765 0,0003
charitable 4,6052 0,0018
impediments 3,5066 0,0014
enable 0,9163 0,0004
lost 1,6094 0,0006
permissions 2,1203 0,0009
price 1,4271 0,0006
sidebar 0,0000 0,0000
limitreport 0,0000 0,0000
games 1,1394 0,0005
decoration 0,0619 0,0000
reflist 0,0101 0,0000
azure 1,2730 0,0005
profits 3,5066 0,0014
van 1,3093 0,0005
var 0,0000 0,0000
work 0,3285 0,0001
matt 1,7720 0,0007
reduced 0,0305 0,0000
agree 0,0101 0,0000
wgulsislanguageselectorempty 0,0000 0,0000
toward 1,5606 0,0006
books 0,9163 0,0004
cloudsparte 4,6052 0,0018
versions 0,5798 0,0002
among 0,5276 0,0002
annie 3,9120 0,0016
reformulated 3,9120 0,0016
openstack 2,1203 0,0009
registration 0,0101 0,0000
snowball 4,6052 0,0018
word 0,0101 0,0000
stated 1,2730 0,0005
internal 0,8210 0,0003
regions 2,2073 0,0009
isolated 2,3026 0,0009
foundation 0,0000 0,0000
privilege 2,2073 0,0009
requests 0,9676 0,0004
secret 1,8326 0,0007
invades 4,6052 0,0018
pictures 2,6593 0,0011
across 0,5798 0,0002
qualifying 4,6052 0,0018
fall 1,5606 0,0006
partnerships 2,6593 0,0011
kyle 2,4079 0,0010
identity 1,3863 0,0006
openqrm 2,5257 0,0010
federal 1,7148 0,0007
event 0,7985 0,0003
europe 1,7720 0,0007
include 0,0202 0,0000
alongside 1,6607 0,0007
caused 1,7148 0,0007
facebook 1,3863 0,0006
toggle 0,0000 0,0000
nice 3,5066 0,0014
appearance 0,0000 0,0000
classname 0,0000 0,0000
vdc 2,5257 0,0010
ebs 3,5066 0,0014
anonymous 2,1203 0,0009
runs 1,0498 0,0004
first 0,0408 0,0000
voice 1,6607 0,0007
jassy 4,6052 0,0018
sellaband 4,6052 0,0018
nowrap 0,0408 0,0000
perfect 2,5257 0,0010
roman 0,0101 0,0000
wgrelevantpageisprobablyeditable 0,0000 0,0000
float 0,0101 0,0000
minority 3,2189 0,0013
transclusion 0,0619 0,0000
space 0,0408 0,0000
ecs 2,6593 0,0011
portfolio 2,6593 0,0011
ambox 0,7133 0,0003
equinix 4,6052 0,0018
html 0,4463 0,0002
joyent 2,4079 0,0010
wakame 2,5257 0,0010
insights 1,8971 0,0008
bottom 0,0000 0,0000
edf 4,6052 0,0018
wakeup 4,6052 0,0018
commitment 2,4079 0,0010
published 0,5798 0,0002
crockcroft 4,6052 0,0018
revision 0,0000 0,0000
edp 4,6052 0,0018
magyar 0,3425 0,0001
visitors 2,9957 0,0012
unreliable 2,2073 0,0009
publisher 0,0000 0,0000
snowmobile 4,6052 0,0018
img 0,0408 0,0000
livingsocial 4,6052 0,0018
configuration 0,8440 0,0003
o'reilly 0,6733 0,0003
steal 2,6593 0,0011
according 0,5108 0,0002
deployed 1,7148 0,0007
interact 1,3093 0,0005
statements 0,4308 0,0002
clouds 2,6593 0,0011
maryam 3,9120 0,0016
rlstate 0,0000 0,0000
error 0,0101 0,0000
hitchens 4,6052 0,0018
platform 0,0000 0,0000
network 0,3711 0,0001
terrorist 3,5066 0,0014
billed 3,9120 0,0016
operations 0,6162 0,0002
paper 1,0217 0,0004
public 0,4155 0,0002
lumberyard 4,6052 0,0018
value 0,0000 0,0000
inc 1,3093 0,0005
opaque 2,5257 0,0010
spent 2,0402 0,0008
resources 0,5447 0,0002
instead 0,4463 0,0002
ultimately 2,2073 0,0009
expensive 0,0408 0,0000
biddle 3,9120 0,0016
efs 3,5066 0,0014
trade 1,5606 0,0006
round 1,3471 0,0005
maint 0,0101 0,0000
wiktionary 0,5798 0,0002
growth 1,2040 0,0005
platformversion 0,0000 0,0000
standstill 4,6052 0,0018
providers 1,5141 0,0006
temporary 1,8971 0,0008
references 0,0101 0,0000
saved 0,0619 0,0000
year 0,7550 0,0003
leading 1,0498 0,0004
building 0,4943 0,0002
iot 1,9661 0,0008
setting 1,3863 0,0006
via 0,3011 0,0001
properly 1,3471 0,0005
music 1,7720 0,0007
transworld 4,6052 0,0018
clayvalet 4,6052 0,0018
farm 2,8134 0,0011
understanding 0,9163 0,0004
visual 0,9416 0,0004
improbable 4,6052 0,0018
because 0,0000 0,0000
near 1,4271 0,0006
ram 2,0402 0,0008
wolken 4,6052 0,0018
adapter 2,8134 0,0011
agreement 1,3471 0,0005
internally 1,8326 0,0007
dealing 2,6593 0,0011
upgrade 1,7720 0,0007
google 0,4005 0,0002
ray 1,9661 0,0008
community 0,0000 0,0000
version 0,0000 0,0000
authorities 2,5257 0,0010
charges 3,2189 0,0013
wgcategories 0,0000 0,0000
eesti 0,3285 0,0001
israeli 3,9120 0,0016
metrics 1,6607 0,0007
shopee 3,9120 0,0016
goliath 4,6052 0,0018
comixology 4,6052 0,0018
sonne 4,6052 0,0018
providing 0,8440 0,0003
least 0,9676 0,0004
manual 1,1712 0,0005
subsequently 1,6094 0,0006
dollar 2,6593 0,0011
founding 2,6593 0,0011
hungry 3,9120 0,0016
targeted 1,6607 0,0007
itiviti 4,6052 0,0018
departments 2,6593 0,0011
wikipedia 0,0000 0,0000
scott 1,0217 0,0004
close 1,2730 0,0005
computers 0,8210 0,0003
website 0,3857 0,0002
brands 0,0000 0,0000
failures 1,8326 0,0007
mitigate 1,9661 0,0008
awarded 2,9957 0,0012
learn 0,0000 0,0000
pinterest 3,9120 0,0016
pushing 2,6593 0,0011
newer 1,3093 0,0005
songza 3,9120 0,0016
fast 0,6733 0,0003
severe 2,5257 0,0010
aerospace 2,5257 0,0010
citizens 2,1203 0,0009
vcloud 2,3026 0,0009
register 1,3863 0,0006
rds 3,2189 0,0013
screening 3,9120 0,0016
communicate 1,5141 0,0006
controls 1,0788 0,0004
notes 0,6349 0,0003
republic 0,8916 0,0004
mackenzie 2,9957 0,0012
microelectronics 2,9957 0,0012
moved 1,5141 0,0006
official 0,6162 0,0002
acm 0,8675 0,0003
pandemic 2,0402 0,0008
kinesis 4,6052 0,0018
outsystems 2,5257 0,0010
autonomy 3,2189 0,0013
post 0,0202 0,0000
elb 4,6052 0,0018
helped 2,2073 0,0009
kindle 3,2189 0,0013
nina 3,9120 0,0016
add 0,0000 0,0000
obligatory 4,6052 0,0018
its 0,0726 0,0000
often 0,2877 0,0001
elt 0,6931 0,0003
article 0,0000 0,0000
dynamodb 3,5066 0,0014
obtaining 2,9957 0,0012
users 0,3567 0,0001
reflexive 3,9120 0,0016
canada 1,6607 0,0007
parser 0,0000 0,0000
materials 1,7148 0,0007
neptune 2,9957 0,0012
guys 2,8134 0,0011
pharmacy 4,6052 0,0018
http 0,0000 0,0000
emc 2,4079 0,0010
parsed 0,0619 0,0000
decimal 0,0101 0,0000
washington 1,5141 0,0006
income 2,4079 0,0010
trust 1,5141 0,0006
jelastic 2,2073 0,0009
joining 2,4079 0,0010
private 0,8210 0,0003
wggetopicsmatchmodeenabled 0,0000 0,0000
technical 0,6349 0,0003
united 0,4780 0,0002
roles 1,7720 0,0007
complained 3,9120 0,0016
standardization 1,6094 0,0006
emr 4,6052 0,0018
directory 1,6094 0,0006
wghostname 0,0000 0,0000
prevent 1,0498 0,0004
benjamin 1,7720 0,0007
vol 1,1712 0,0005
wgtitle 0,0000 0,0000
engine 0,6539 0,0003
intentionally 2,3026 0,0009
strikes 3,9120 0,0016
bills 4,6052 0,0018
end 0,3425 0,0001
kahle 3,9120 0,0016
surveillance 2,5257 0,0010
capitalist 2,9957 0,0012
wgdigittransformtable 0,0000 0,0000
citizenship 4,6052 0,0018
vpc 3,9120 0,0016
agencies 2,2073 0,0009
hlist 0,0408 0,0000
rick 2,8134 0,0011
label 0,0000 0,0000
message 0,4943 0,0002
forum 1,5141 0,0006
special 0,0000 0,0000
alleviated 4,6052 0,0018
vpn 2,8134 0,0011
rlconf 0,0000 0,0000
visited 0,0619 0,0000
pledge 3,5066 0,0014
contributors 0,0000 0,0000
family 1,0217 0,0004
age 1,3093 0,0005
bookfinder 4,6052 0,0018
referred 0,7340 0,0003
smaller 1,2040 0,0005
occupation 3,9120 0,0016
bahasa 0,3285 0,0001
called 0,2744 0,0001
release 0,4005 0,0002
ago 0,7765 0,0003
caption 0,3711 0,0001
accessed 1,1087 0,0004
chronicles 4,6052 0,0018
occurs 1,5141 0,0006
years 0,3425 0,0001
number 0,0101 0,0000
wgbackendresponsetime 0,0000 0,0000
centers 1,6094 0,0006
businesses 1,5606 0,0006
algorithm 1,2730 0,0005
partnership 2,3026 0,0009
distributed 0,3857 0,0002
swiss 2,1203 0,0009
forth 1,8971 0,0008
thousands 1,6094 0,0006
system 0,0305 0,0000
issn 0,7765 0,0003
weapons 2,8134 0,0011
authors 1,1394 0,0005
other 0,0000 0,0000
aim 1,3093 0,0005
city 1,5606 0,0006
barons 4,6052 0,0018
kuiper 4,6052 0,0018
openshift 2,2073 0,0009
air 1,8326 0,0007
cell 0,4308 0,0002
holiday 4,6052 0,0018
local 0,7985 0,0003
retail 2,0402 0,0008
benrath 4,6052 0,0018
era 2,3026 0,0009
rights 1,4271 0,0006
share 0,7765 0,0003
deployment 0,8675 0,0003
stores 1,2730 0,0005
outposts 3,9120 0,0016
chairman 2,4079 0,0010
ciso 3,9120 0,0016
powerful 1,4697 0,0006
aka 2,6593 0,0011
future 0,6349 0,0003
rlq 0,0000 0,0000
cite 0,0000 0,0000
governance 1,6094 0,0006
francisco 1,6607 0,0007
orchestration 2,3026 0,0009
tops 3,2189 0,0013
screen 0,0101 0,0000
greenpeace 3,9120 0,0016
body 0,0000 0,0000
points 1,3093 0,0005
mode 0,0000 0,0000
biljon 4,6052 0,0018
pages 0,0000 0,0000
enhancements 0,0101 0,0000
alb 4,6052 0,0018
links 0,0000 0,0000
motley 4,6052 0,0018
net 0,9416 0,0004
newpp 0,0619 0,0000
all 0,0408 0,0000
border 0,0000 0,0000
keynote 2,6593 0,0011
new 0,0000 0,0000
took 1,3863 0,0006
read 0,0000 0,0000
already 1,1087 0,0004
below 0,7550 0,0003
richman 3,9120 0,0016
real 0,0408 0,0000
clientpref 0,0000 0,0000
tencent 3,5066 0,0014
tony 1,8326 0,0007
unit 0,7550 0,0003
apis 0,9676 0,0004
activate 3,2189 0,0013
ami 3,9120 0,0016
facilitate 1,3093 0,0005
leverage 2,1203 0,0009
cnbc 2,1203 0,0009
unexpectedly 3,9120 0,0016
rob 2,3026 0,0009
shelfari 4,6052 0,0018
financial 1,4697 0,0006
extremetech 3,9120 0,0016
wgpagecontentlanguage 0,0000 0,0000
media 0,2485 0,0001
around 0,6931 0,0003
ron 1,8971 0,0008
telegraph 2,8134 0,0011
wgisarticle 0,0000 0,0000
flagged 3,9120 0,0016
credits 3,2189 0,0013
today 1,0788 0,0004
construction 1,2379 0,0005
row 0,5276 0,0002
roy 2,5257 0,0010
mikhail 3,2189 0,0013
any 0,2107 0,0001
suggested 1,5141 0,0006
risks 1,5141 0,0006
application 0,1393 0,0001
wgflaggedrevsparams 0,0000 0,0000
consists 1,1712 0,0005
strategy 0,9676 0,0004
risky 3,2189 0,0013
collapse 0,0408 0,0000
axiom 3,9120 0,0016
foods 3,9120 0,0016
ring 2,2073 0,0009
wgrelevantarticleid 0,0000 0,0000
preprocessor 0,0513 0,0000
nic 3,5066 0,0014
echo 2,4079 0,0010
expertise 2,1203 0,0009
mbox 0,7133 0,0003
skills 1,9661 0,0008
companies 0,8210 0,0003
java 0,6162 0,0002
hires 3,9120 0,0016
annual 1,0788 0,0004
english 0,0000 0,0000
exclusive 2,4079 0,0010
initiatives 1,9661 0,0008
zealand 2,9957 0,0012
api 0,4155 0,0002
guardduty 4,6052 0,0018
jorgensen 4,6052 0,0018
apn 4,6052 0,0018
fully 0,8210 0,0003
robops 4,6052 0,0018
app 1,2379 0,0005
models 0,6733 0,0003
cache 0,0305 0,0000
margin 0,0000 0,0000
mitigation 2,9957 0,0012
suomi 0,2107 0,0001
using 0,0000 0,0000
wgrequestid 0,0000 0,0000
wgbreakframes 0,0000 0,0000
containing 0,6931 0,0003
patches 1,8326 0,0007
reed 2,9957 0,0012
countries 1,7720 0,0007
rlpagemodules 0,0000 0,0000
demand 1,2730 0,0005
igdb 4,6052 0,0018
nosql 1,8326 0,0007
viaf 2,4079 0,0010
zappos 4,6052 0,0018
himself 3,2189 0,0013
spheres 3,9120 0,0016
alex 1,3863 0,0006
atomic 2,1203 0,0009
grade 3,9120 0,0016
completes 2,5257 0,0010
photography 3,2189 0,0013
dlvqn 4,6052 0,0018
wgwikibaseitemid 0,0000 0,0000
sizing 0,0408 0,0000
miggo 4,6052 0,0018
increased 1,0217 0,0004
another 0,3567 0,0001
automatically 0,7765 0,0003
miguel 3,5066 0,0014
recommend 2,5257 0,0010
acquire 2,0402 0,0008
worth 2,5257 0,0010
webarchive 0,7985 0,0003
default 0,6931 0,0003
releasing 1,8326 0,0007
mojo 2,9957 0,0012
varying 1,9661 0,0008
taken 1,3471 0,0005
came 1,4697 0,0006
grace 2,6593 0,0011
structured 0,8440 0,0003
disabled 0,0000 0,0000
where 0,2744 0,0001
takes 0,8916 0,0004
arm 1,8971 0,0008
popular 0,6539 0,0003
apps 1,3093 0,0005
timestamp 0,0000 0,0000
broken 2,0402 0,0008
scaling 1,4697 0,0006
complications 0,0513 0,0000
cloudreach 4,6052 0,0018
withoutabox 4,6052 0,0018
black 1,5141 0,0006
structures 1,1394 0,0005
lacking 1,3093 0,0005
takeaways 4,6052 0,0018
tour 3,9120 0,0016
call 0,7985 0,0003
such 0,0943 0,0000
cnet 1,7720 0,0007
kick 3,9120 0,0016
ownership 2,2073 0,0009
escalation 2,6593 0,0011
partners 1,7148 0,0007
asn 3,2189 0,0013
shifted 2,8134 0,0011
dilemma 2,8134 0,0011
foundry 2,3026 0,0009
resulted 2,2073 0,0009
through 0,2107 0,0001
developing 0,8675 0,0003
run 0,5447 0,0002
incorporate 1,7720 0,0007
individuals 1,6094 0,0006
microsoft 0,4005 0,0002
research 0,5621 0,0002
housed 4,6052 0,0018
features 0,3857 0,0002
denaturalization 4,6052 0,0018
either 0,5621 0,0002
protests 2,9957 0,0012
view 0,0000 0,0000
vulnerable 1,7720 0,0007
pipelines 2,3026 0,0009
white 0,0305 0,0000
mercado 3,9120 0,0016
neighbors 3,5066 0,0014
segment 2,8134 0,0011
thailand 3,2189 0,0013
huge 1,8326 0,0007
donate 0,0000 0,0000
tesco 4,6052 0,0018
town 2,9957 0,0012
bloomberg 1,7148 0,0007
bold 0,0408 0,0000
engineering 0,3711 0,0001
significant 0,6931 0,0003
salehaugust 4,6052 0,0018
wondery 4,6052 0,0018
allgemeine 4,6052 0,0018
vogels 3,9120 0,0016
name 0,0000 0,0000
linode 2,5257 0,0010
walkthrough 4,6052 0,0018
selling 2,0402 0,0008
cputime 0,0000 0,0000
leaving 1,8971 0,0008
watchlist 0,0000 0,0000
migrate 2,8134 0,0011
crunch 3,2189 0,0013
next 0,5798 0,0002
retrain 4,6052 0,0018
shop 3,2189 0,0013
color 0,0101 0,0000
hidden 0,0000 0,0000
unlawful 4,6052 0,0018
book 0,5978 0,0002
nearly 1,4697 0,0006
truck 3,9120 0,0016
show 0,0834 0,0000
description 0,0000 0,0000
edition 0,8440 0,0003
blink 2,5257 0,0010
summit 2,0402 0,0008
redundant 2,8134 0,0011
scalability 1,3093 0,0005
caps 0,0619 0,0000
recession 4,6052 0,0018
usable 2,1203 0,0009
not 0,0101 0,0000
central 0,9416 0,0004
netease 3,9120 0,0016
pizza 3,9120 0,0016
street 1,5606 0,0006
kuaishou 3,9120 0,0016
now 0,4308 0,0002
statement 0,0000 0,0000
debugging 1,5141 0,0006
trademark 0,0101 0,0000
dotted 0,8675 0,0003
greek 0,0101 0,0000
news 0,4620 0,0002
delivery 1,4697 0,0006
outage 2,8134 0,0011
race 1,8971 0,0008
learned 1,7720 0,0007
estimated 1,6607 0,0007
valentine 3,9120 0,0016
way 0,3285 0,0001
target 0,0101 0,0000
jeffrey 1,7148 0,0007
tokyo 2,8134 0,0011
what 0,0000 0,0000
guidance 1,8971 0,0008
israel 0,7550 0,0003
sigmoid 3,5066 0,0014
underpinned 4,6052 0,0018
vulnerabilities 1,5606 0,0006
aws 1,3471 0,0005
rise 1,4271 0,0006
cape 4,6052 0,0018
mayer 3,5066 0,0014
container 0,0000 0,0000
leader 2,1203 0,0009
colin 2,8134 0,0011
recalls 3,9120 0,0016
trump 2,6593 0,0011
yard 2,5257 0,0010
bounce 4,6052 0,0018
developers 0,0000 0,0000
criteria 1,5606 0,0006
quickly 1,1087 0,0004
usage 0,0000 0,0000
delineated 3,9120 0,0016
wgmediaviewerenabledbydefault 0,0000 0,0000
issues 0,5978 0,0002
nearby 0,0000 0,0000
when 0,0834 0,0000
explanatory 3,5066 0,0014
connectivity 2,1203 0,0009
logged 0,0000 0,0000
stuck 3,5066 0,0014
titans 3,5066 0,0014
severely 3,9120 0,0016
cash 2,2073 0,0009
dashboard 2,3026 0,0009
burnson 4,6052 0,0018
generation 1,2379 0,0005
accelerator 2,1203 0,0009
item 0,0000 0,0000
subscriber 3,5066 0,0014
wgmediavieweronclick 0,0000 0,0000
double 1,1087 0,0004
wgulsposition 0,0000 0,0000
lofts 4,6052 0,0018
rendering 0,0513 0,0000
melayu 0,6349 0,0003
stations 2,8134 0,0011
davis 1,7148 0,0007
carr 3,9120 0,0016
openio 2,5257 0,0010
phone 1,8326 0,0007
rely 1,3863 0,0006
farms 3,5066 0,0014
metro 3,5066 0,0014
prizes 3,5066 0,0014
italiano 0,1278 0,0001
sticky 0,0000 0,0000
style 0,0000 0,0000
completely 1,4271 0,0006
shipt 4,6052 0,0018
participation 2,2073 0,0009
explicitly 1,2040 0,0005
searchinput 0,0000 0,0000
sentences 0,0000 0,0000
direct 0,9416 0,0004
irish 3,9120 0,0016
pattern 1,0498 0,0004
sdks 3,5066 0,0014
commons 0,0000 0,0000
enabled 0,0000 0,0000
arabia 2,9957 0,0012
julie 2,6593 0,0011
receiving 2,2073 0,0009
modern 0,7340 0,0003
web 0,1165 0,0000
pantry 4,6052 0,0018
financing 3,2189 0,0013
older 1,1712 0,0005
categories 0,0000 0,0000
berlin 1,8326 0,0007
architecture 0,0000 0,0000
insider 1,5606 0,0006
bort 3,9120 0,0016
fildes 4,6052 0,0018
shareholders 3,9120 0,0016
vegas 3,2189 0,0013
more 0,0000 0,0000
display 0,0000 0,0000
climate 2,4079 0,0010
mexico 2,9957 0,0012
nasa 2,1203 0,0009
shopify 3,5066 0,0014
organization 0,0000 0,0000
ovirt 2,3026 0,0009
forbes 1,5141 0,0006
width 0,0000 0,0000
pinkham 4,6052 0,0018
accounts 1,5606 0,0006
board 1,0217 0,0004
levels 0,0000 0,0000
statistics 0,0000 0,0000
booking 3,9120 0,0016
fed 3,2189 0,0013
navy 3,2189 0,0013
tesla 2,6593 0,0011
baidu 2,4079 0,0010
section 0,7985 0,0003
simple 0,2357 0,0001
used 0,0619 0,0000
cloud 0,6349 0,0003
protocol 0,7133 0,0003
overflow 0,3857 0,0002
presented 1,2730 0,0005
percentage 2,3026 0,0009
few 0,8916 0,0004
vine 3,5066 0,0014
described 0,5108 0,0002
configured 1,8326 0,0007
adam 1,5606 0,0006
hunt 2,9957 0,0012
visible 0,0101 0,0000
marketplace 2,3026 0,0009
opened 2,2073 0,0009
both 0,0305 0,0000
important 0,0101 0,0000
market 1,0217 0,0004
most 0,2107 0,0001
effects 1,2040 0,0005
transfer 0,9943 0,0004
phrase 2,2073 0,0009
outside 1,1087 0,0004
daily 1,8326 0,0007
effect 1,1394 0,0005
hung 3,2189 0,0013
topic 0,0000 0,0000
who 0,5621 0,0002
largest 1,4697 0,0006
game 1,0498 0,0004
unexpected 2,4079 0,0010
contribute 0,0000 0,0000
jon 1,6607 0,0007
affecting 2,2073 0,0009
why 0,6733 0,0003
alto 2,8134 0,0011
founders 1,9661 0,0008
patching 3,2189 0,0013
uber 2,8134 0,0011
libguestfs 2,5257 0,0010
generative 2,6593 0,0011
highlight 2,8134 0,0011
database 0,4943 0,0002
causing 1,8326 0,0007
along 0,7340 0,0003
billion 1,3863 0,0006
doppler 4,6052 0,0018
david 0,5798 0,0002
mentioned 1,9661 0,0008
designed 0,4620 0,0002
rekognition 4,6052 0,0018
rinse 4,6052 0,0018
sam 1,9661 0,0008
adds 1,3093 0,0005
authentication 1,3863 0,0006
nextcloud 2,5257 0,0010
wgseparatortransformtable 0,0000 0,0000
breach 1,8971 0,0008
meituan 3,9120 0,0016
rest 1,1087 0,0004
san 1,2379 0,0005
move 0,0000 0,0000
ooyala 4,6052 0,0018
original 0,0943 0,0000
sap 2,3026 0,0009
saw 2,1203 0,0009
also 0,0202 0,0000
amapedia 4,6052 0,0018
handoff 3,9120 0,0016
increase 0,8916 0,0004
gets 1,4697 0,0006
kingdom 2,2073 0,0009
cuccinelli 4,6052 0,0018
spread 1,8326 0,0007
contained 1,3471 0,0005
inline 0,0408 0,0000
depicting 4,6052 0,0018
yandex 2,1203 0,0009
various 0,3857 0,0002
organizations 0,8440 0,0003
nyc 4,6052 0,0018
uses 0,2485 0,0001
clinic 4,6052 0,0018
affiliate 3,9120 0,0016
user 0,0000 0,0000
customer 1,1087 0,0004
statista 2,9957 0,0012
mindsphere 2,5257 0,0010
parent 1,8971 0,0008
projects 0,0000 0,0000
workday 2,3026 0,0009
bring 1,6094 0,0006
tooltip 0,8675 0,0003
northeastern 3,5066 0,0014
edwards 2,4079 0,0010
promoted 2,6593 0,0011
hsieh 3,5066 0,0014
offer 0,8916 0,0004
complex 0,5621 0,0002
barron 3,9120 0,0016
evaluated 2,1203 0,0009
bbc 1,9661 0,0008
grow 2,0402 0,0008
preston 3,5066 0,0014
documentation 0,6349 0,0003
engineers 1,3863 0,0006
personal 0,0000 0,0000
former 1,3093 0,0005
saudi 2,9957 0,0012
imageobject 0,0000 0,0000
plans 1,3471 0,0005
shopbop 4,6052 0,0018
sdk 2,5257 0,0010
drive 1,3471 0,0005
dean 2,6593 0,0011
zalando 3,9120 0,0016
deal 1,4697 0,0006
geographical 2,4079 0,0010
strong 1,0498 0,0004
scheme 0,0101 0,0000
homeland 3,9120 0,0016
icon 0,0101 0,0000
expansiondepth 0,0000 0,0000
facing 2,0402 0,0008
dead 1,7148 0,0007
revocation 3,9120 0,0016
search 0,0000 0,0000
see 0,0408 0,0000
spacing 0,0619 0,0000
offered 1,1087 0,0004
responsibility 1,5606 0,0006
systems 0,1054 0,0000
fool 3,2189 0,0013
wgrelevantpagename 0,0000 0,0000
popularity 1,3093 0,0005
underway 2,9957 0,0012
national 0,4463 0,0002
customers 1,0788 0,0004
innovation 1,3093 0,0005
ses 3,5066 0,0014
enabling 1,3093 0,0005
contain 0,0101 0,0000
set 0,2485 0,0001
keeping 1,5141 0,0006
founder 1,8326 0,0007
joined 1,9661 0,0008
column 0,0101 0,0000
founded 1,2379 0,0005
adobe 2,1203 0,0009
practices 1,1712 0,0005
battle 2,4079 0,0010
awesome 3,9120 0,0016
atmos 2,5257 0,0010
partner 2,8134 0,0011
wgaction 0,0000 0,0000
gralla 4,6052 0,0018
unfit 1,8326 0,0007
acquisitions 1,8326 0,0007
essential 1,1712 0,0005
font 0,0000 0,0000
jul 2,9957 0,0012
scalable 1,5141 0,0006
admits 3,5066 0,0014
language 0,0000 0,0000
sites 1,6094 0,0006
graphics 1,3471 0,0005
navbox 0,0943 0,0000
developed 0,2357 0,0001
fms 3,9120 0,0016
listitem 0,0408 0,0000
bet 3,9120 0,0016
japanese 2,0402 0,0008
shipping 2,5257 0,0010
accounted 2,8134 0,0011
startup 1,3093 0,0005
advocacy 2,6593 0,0011
contact 0,0000 0,0000
criticism 1,2379 0,0005
commissioner 3,9120 0,0016
programming 0,2614 0,0001
brainstorming 3,9120 0,0016
needs 0,5108 0,0002
image 0,0202 0,0000
patterns 0,8916 0,0004
mergers 2,5257 0,0010
planetall 4,6052 0,0018
cryptocurrency 2,5257 0,0010
elemental 4,6052 0,0018
felix 3,2189 0,0013
exploited 2,1203 0,0009
parts 0,6349 0,0003
party 0,7550 0,0003
frame 2,0402 0,0008
little 1,0788 0,0004
cursor 0,0619 0,0000
however 0,3011 0,0001
sources 0,5447 0,0002
origin 0,0000 0,0000
walltime 0,0000 0,0000
interlanguage 0,0000 0,0000
content 0,0000 0,0000
luna 2,9957 0,0012
random 0,0000 0,0000
desktop 1,0788 0,0004
signs 2,9957 0,0012
related 0,0000 0,0000
rate 1,3863 0,0006
jersey 2,4079 0,0010
client 0,0000 0,0000
json 1,2379 0,0005
patents 2,2073 0,0009
class 0,0000 0,0000
digital 0,6162 0,0002
over 0,3285 0,0001
six 1,4271 0,0006
false 0,0000 0,0000
merged 2,1203 0,0009
counter 0,0408 0,0000
parse 1,3863 0,0006
form 0,3711 0,0001
management 0,2231 0,0001
furrier 4,6052 0,0018
developer 0,4005 0,0002
avoid 0,0101 0,0000
gate 3,2189 0,0013
fresh 2,3026 0,0009
big 0,8916 0,0004
frustrated 3,5066 0,0014
select 1,5606 0,0006
triggered 0,0513 0,0000
fulfill 2,8134 0,0011
advanced 0,7340 0,0003
congress 2,3026 0,0009
mechanical 2,4079 0,0010
output 0,0000 0,0000
convinced 3,2189 0,0013
orion 2,3026 0,0009
advances 1,6607 0,0007
context 0,6539 0,0003
majority 1,5141 0,0006
model 0,0000 0,0000
https 0,0000 0,0000
portal 0,0000 0,0000
tasks 0,9416 0,0004
reduce 0,9676 0,0004
deft 2,5257 0,0010
oct 1,9661 0,0008
issue 0,8675 0,0003
kern 0,0101 0,0000
large 0,3425 0,0001
director 2,1203 0,0009
interacted 4,6052 0,0018
lower 0,0101 0,0000
shareholder 4,6052 0,0018
announce 2,1203 0,0009
odd 0,0943 0,0000
certification 2,0402 0,0008
connor 4,6052 0,0018
operate 1,4271 0,0006
intercept 3,2189 0,0013
farrell 4,6052 0,0018
exclusively 1,6607 0,0007
gave 1,8971 0,0008
john 0,5276 0,0002
christopher 1,5141 0,0006
wgvisualeditor 0,0000 0,0000
become 0,6931 0,0003
goldwyn 4,6052 0,0018
template 0,0000 0,0000
customized 1,9661 0,0008
enwiki 0,0619 0,0000
payments 2,5257 0,0010
indefinitely 1,9661 0,0008
plate 4,6052 0,0018
subscription 0,0101 0,0000
disposal 3,2189 0,0013
navbar 0,0202 0,0000
world 0,3857 0,0002
ftc 2,6593 0,0011
subbox 0,6931 0,0003
digest 2,9957 0,0012
jenkins 2,5257 0,0010
december 0,0000 0,0000
convicted 3,5066 0,0014
everything 1,2730 0,0005
guardian 1,8326 0,0007
rafael 2,9957 0,0012
table 0,0000 0,0000
prefers 0,0101 0,0000
side 0,3567 0,0001
appscale 2,5257 0,0010
break 0,0101 0,0000
reprint 3,9120 0,0016
lawson 2,9957 0,0012
draw 2,6593 0,0011
katie 2,5257 0,0010
keynotes 3,9120 0,0016
printable 0,0000 0,0000
hide 0,0000 0,0000
corporate 1,4697 0,0006
discovery 1,3863 0,0006
report 0,0305 0,0000
sns 4,6052 0,0018
onedrive 2,4079 0,0010
facilities 1,2040 0,0005
mclaughlin 3,5066 0,0014
auto 0,0726 0,0000
several 0,4155 0,0002
office 1,0788 0,0004
outschool 4,6052 0,0018
northern 3,2189 0,0013
wgcanonicalspecialpagename 0,0000 0,0000
while 0,2614 0,0001
locker 4,6052 0,0018
second 0,7550 0,0003
download 0,0000 0,0000
edge 1,3863 0,0006
faster 0,9163 0,0004
high 0,3425 0,0001
killalea 4,6052 0,0018
reuters 2,2073 0,0009
split 0,0000 0,0000
helix 2,9957 0,0012
than 0,2357 0,0001
limit 0,0000 0,0000
seattle 2,4079 0,0010
brian 1,2730 0,0005
different 0,0513 0,0000
contest 3,5066 0,0014
months 0,8210 0,0003
disruption 2,9957 0,0012
level 0,0000 0,0000
author 0,0000 0,0000
greenhouse 3,5066 0,0014
comprises 2,6593 0,0011
permanently 2,0402 0,0008
chosen 1,7148 0,0007
edgeiq 4,6052 0,0018
expansion 0,0619 0,0000
amazon 1,0498 0,0004
daniel 1,2040 0,0005
license 0,0000 0,0000
pillpack 4,6052 0,0018
disk 1,4271 0,0006
expand 0,0513 0,0000
documentdb 3,5066 0,0014
dish 3,9120 0,0016
focused 1,3863 0,0006
integrations 2,5257 0,0010
spy 2,5257 0,0010
birthday 3,2189 0,0013
behind 1,2730 0,0005
code 0,0000 0,0000
wgdefaultdateformat 0,0000 0,0000
box 0,0408 0,0000
storage 0,3711 0,0001
head 1,3471 0,0005
libvirt 2,4079 0,0010
total 0,0000 0,0000
pursued 3,5066 0,0014
sqs 4,6052 0,0018
appstore 3,9120 0,0016
deutsch 0,0943 0,0000
backend 1,8326 0,0007
mirantis 2,4079 0,0010
disrupting 3,2189 0,0013
allows 0,3425 0,0001
billionaire 3,5066 0,0014
console 1,8326 0,0007
initiative 1,1087 0,0004
sports 2,6593 0,0011
src 0,6349 0,0003
relying 2,0402 0,0008
control 0,1744 0,0001
inktank 2,4079 0,0010
drew 2,5257 0,0010
declined 3,5066 0,0014
awards 2,5257 0,0010
unauthorized 1,9661 0,0008
attribution 0,0000 0,0000
architectures 0,9416 0,0004
strategic 2,0402 0,0008
ssd 2,4079 0,0010
vary 0,0619 0,0000
upper 0,0101 0,0000
registered 0,0101 0,0000
sso 3,5066 0,0014
lambda 2,2073 0,0009
extremely 1,7720 0,0007
accomplishments 3,9120 0,0016
reddit 2,5257 0,0010
behest 4,6052 0,0018
expiry 0,0619 0,0000
hundreds 1,6094 0,0006
minerva 0,0101 0,0000
snowcone 4,6052 0,0018
publishing 0,6931 0,0003
recent 0,0000 0,0000
they 0,1508 0,0001
breaking 1,6094 0,0006
registrations 3,9120 0,0016
zipkin 3,9120 0,0016
edit 0,0000 0,0000
australia 1,8971 0,0008
them 0,3285 0,0001
then 0,3567 0,0001
node 0,0513 0,0000
mission 2,1203 0,0009
twelve 2,9957 0,0012
oppose 4,6052 0,0018
twilio 3,9120 0,0016
device 1,0217 0,0004
access 0,3011 0,0001
conference 0,3567 0,0001
primitive 2,2073 0,0009
wickr 4,6052 0,0018
simi 0,9416 0,0004
watchers 3,9120 0,0016
netflix 2,9957 0,0012
sun 1,2730 0,0005
archived 0,0943 0,0000
offline 2,5257 0,0010
selflink 0,0101 0,0000
blew 3,9120 0,0016
current 0,0000 0,0000
artists 3,2189 0,0013
managed 1,0498 0,0004
origins 1,8971 0,0008
vector 0,0000 0,0000
coombs 4,6052 0,0018
liam 2,8134 0,0011
paved 4,6052 0,0018
key 0,0305 0,0000
maintains 1,4271 0,0006
silk 2,2073 0,0009
cachereport 0,0000 0,0000
unions 2,3026 0,0009
storm 3,2189 0,0013
decision 0,9676 0,0004
manager 1,0498 0,0004
amie 4,6052 0,0018
svg 1,0788 0,0004
flipkart 3,9120 0,0016
one 0,0943 0,0000
spotify 3,5066 0,0014
makes 0,5108 0,0002
maker 2,1203 0,0009
launch 1,5606 0,0006
store 0,8210 0,0003
closer 2,0402 0,0008
single 0,3147 0,0001
entityaccesscount 0,0000 0,0000
buzzfeed 3,9120 0,0016
bug 1,3093 0,0005
elastic 2,3026 0,0009
closed 1,2040 0,0005
splunk 2,4079 0,0010
fourth 1,8971 0,0008
abiquo 2,5257 0,0010
joins 2,3026 0,0009
country 1,7148 0,0007
commercial 0,8440 0,0003
workspace 2,2073 0,0009
predix 2,5257 0,0010
separate 0,7133 0,0003
buy 1,8971 0,0008
available 0,0000 0,0000
rules 0,6349 0,0003
loaded 0,0305 0,0000
richter 4,6052 0,0018
yahoo 2,5257 0,0010
variant 0,0619 0,0000
transcoder 4,6052 0,0018
details 0,8675 0,0003
military 2,1203 0,0009
written 0,3147 0,0001
generate 1,2730 0,0005
unusual 2,5257 0,0010
migrating 3,2189 0,0013
elasticache 3,9120 0,0016
frankfurter 4,6052 0,0018
shortened 0,0000 0,0000
oracle 0,8916 0,0004
studios 2,5257 0,0010
purchaser 4,6052 0,0018
memusage 0,0000 0,0000
opt 2,6593 0,0011
especially 0,8210 0,0003
purchased 2,2073 0,0009
sees 2,3026 0,0009
procurement 3,9120 0,0016
hint 2,9957 0,0012
solve 1,3471 0,0005
region 2,5257 0,0010
support 0,2107 0,0001
yearly 2,8134 0,0011
assessed 3,5066 0,0014
doing 1,3471 0,0005
breakthrough 3,5066 0,0014
records 1,5141 0,0006
idea 1,1712 0,0005
adults 3,5066 0,0014
kid 3,9120 0,0016
changes 0,0000 0,0000
polski 0,1165 0,0000
privacy 0,0000 0,0000
learning 0,7550 0,0003
resolutions 3,5066 0,0014
underrepresented 4,6052 0,0018
kakao 3,9120 0,0016
gas 2,6593 0,0011
missing 1,3093 0,0005
throughout 1,6094 0,0006
seregine 4,6052 0,0018
normal 0,0202 0,0000
wide 0,7133 0,0003
teach 2,6593 0,0011
vercel 2,4079 0,0010
casey 2,9957 0,0012
fowler 1,7720 0,0007
technology 0,2357 0,0001
stone 2,9957 0,0012
willem 4,6052 0,0018
greenqloud 2,5257 0,0010
litigation 2,4079 0,0010
wgarticleid 0,0000 0,0000
migration 1,5141 0,0006
ones 1,4697 0,0006
pagelanguagedir 0,0000 0,0000
wgcitereferencepreviewsactive 0,0000 0,0000
compensation 2,6593 0,0011
location 1,2730 0,0005
compromise 2,1203 0,0009
ecosystem 1,2040 0,0005
software 0,0000 0,0000
brewster 3,9120 0,0016
held 1,3863 0,0006
none 0,0101 0,0000
type 0,0000 0,0000
april 0,0000 0,0000
propagated 3,2189 0,0013
hack 1,7148 0,0007
seconds 0,0619 0,0000
closing 1,8326 0,0007
gcn 4,6052 0,0018
terms 0,0000 0,0000
review 0,7340 0,0003
presence 1,3471 0,0005
between 0,2107 0,0001
pagevariantfallbacks 0,0000 0,0000
phase 1,4271 0,0006
efficiency 0,8916 0,0004
lauren 2,9957 0,0012
teams 1,3471 0,0005
makers 2,5257 0,0010
contract 1,6094 0,0006
streams 1,6094 0,0006
profitable 4,6052 0,0018
naver 3,9120 0,0016
push 0,0000 0,0000
exist 0,7985 0,0003
innovative 2,4079 0,0010
examples 0,7340 0,0003
force 1,2730 0,0005
frederic 2,3026 0,0009
gizmodo 2,9957 0,0012
pythonanywhere 2,3026 0,0009
flag 3,5066 0,0014
bastian 3,9120 0,0016
south 1,9661 0,0008
columns 0,0101 0,0000
periodic 3,2189 0,0013
james 0,9676 0,0004
north 1,7148 0,0007
aurora 2,9957 0,0012
our 1,3093 0,0005
tools 0,0000 0,0000
capacity 1,7148 0,0007
out 0,0000 0,0000
kms 4,6052 0,0018
leak 2,2073 0,0009
announcing 1,6607 0,0007
cloudhsm 4,6052 0,0018
feature 0,0000 0,0000
cached 0,0513 0,0000
get 0,0000 0,0000
continues 1,6607 0,0007
dark 0,0101 0,0000
place 0,8440 0,0003
power 0,7985 0,0003
informed 2,2073 0,0009
dispute 2,1203 0,0009
bigger 2,5257 0,0010
transformation 1,6607 0,0007
lead 0,9943 0,0004
hits 2,4079 0,0010
help 0,0000 0,0000
site 0,0000 0,0000
typo 2,9957 0,0012
depth 0,0000 0,0000
massive 1,8326 0,0007
unified 1,7148 0,0007
located 1,7148 0,0007
architectural 1,5141 0,0006
queue 1,2379 0,0005
sharealike 0,0000 0,0000
argument 0,0513 0,0000
data 0,0000 0,0000
eucalyptus 2,4079 0,0010
own 0,5276 0,0002
sound 1,5606 0,0006
tenmarks 4,6052 0,0018
wgpageviewlanguage 0,0000 0,0000
alexa 2,6593 0,0011
blog 0,7133 0,0003
hosted 1,3093 0,0005
sales 1,8326 0,0007
salesforce 2,5257 0,0010
growing 1,3093 0,0005
gosling 3,5066 0,0014
obidos 4,6052 0,0018
accesskey 0,0000 0,0000
describing 1,2730 0,0005
surprisingly 4,6052 0,0018
zeitung 3,9120 0,0016
anthropic 3,9120 0,0016
only 0,2107 0,0001
should 0,3711 0,0001
create 0,0000 0,0000
sage 3,5066 0,0014
biddlemaryam 4,6052 0,0018
officers 3,2189 0,0013
development 0,1393 0,0001
like 0,2231 0,0001
tax 1,8971 0,0008
sent 1,2040 0,0005
efforts 1,4697 0,0006
addressed 1,6607 0,0007
proposed 1,1712 0,0005
safe 0,9163 0,0004
ground 1,9661 0,0008
platespin 2,5257 0,0010
presidential 3,2189 0,0013
dash 2,6593 0,0011
icloud 2,9957 0,0012
potentially 0,7765 0,0003
here 0,0000 0,0000
secretive 3,5066 0,0014
week 1,4697 0,0006
line 0,0101 0,0000
link 0,0000 0,0000
distinct 1,3471 0,0005
hern 2,9957 0,0012
scale 0,6349 0,0003
tung 2,8134 0,0011
can 0,0408 0,0000
computing 0,4005 0,0002
security 0,3285 0,0001
award 2,3026 0,0009
servers 0,7985 0,0003
scalr 2,5257 0,0010
wgcanonicalnamespace 0,0000 0,0000
flex 0,5276 0,0002
ready 0,0000 0,0000
station 2,1203 0,0009
said 1,0788 0,0004
glacier 4,6052 0,0018
player 2,2073 0,0009
costs 1,4271 0,0006
stories 1,8326 0,0007
manufacturers 2,3026 0,0009
wgisredirect 0,0000 0,0000
limited 0,0000 0,0000
will 0,2485 0,0001
february 0,0000 0,0000
implementation 0,3425 0,0001
edges 2,6593 0,0011
akamai 2,8134 0,0011
arbitrary 1,3863 0,0006
qldb 4,6052 0,0018
balancing 2,0402 0,0008
bellevue 4,6052 0,0018
netlify 2,5257 0,0010
tableau 3,9120 0,0016
tuesday 3,5066 0,0014
cowley 3,9120 0,0016
response 0,8675 0,0003
palmer 3,5066 0,0014
responsive 0,0202 0,0000
york 0,8440 0,0003
challenge 1,5141 0,0006
locations 1,5606 0,0006
category 0,3147 0,0001
wikidata 0,0000 0,0000
