references 0,0513 0,0000
numerous 1,3863 0,0013
saved 0,0619 0,0001
upload 0,0000 0,0000
year 0,2614 0,0002
wggelevelingupenabledforuser 0,0000 0,0000
jackrabbit 4,6052 0,0042
wgrestrictionmove 0,0000 0,0000
todd 2,8134 0,0026
trafodion 4,6052 0,0042
via 0,3011 0,0003
quote 0,0101 0,0000
would 0,3425 0,0003
graduation 4,6052 0,0042
xml 1,1394 0,0010
brooklyn 3,9120 0,0036
empire 3,9120 0,0036
because 0,0000 0,0000
jena 3,5066 0,0032
rao 3,2189 0,0029
internally 1,8326 0,0017
solid 0,0202 0,0000
upgrade 1,5141 0,0014
zookeeper 4,6052 0,0042
neutral 0,5447 0,0005
require 0,0000 0,0000
community 0,0000 0,0000
packet 2,6593 0,0024
click 1,7148 0,0016
version 0,0000 0,0000
rewrite 1,2040 0,0011
scribunto 0,0000 0,0000
size 0,0000 0,0000
left 0,0408 0,0000
cdx 0,0000 0,0000
object 0,3711 0,0003
appropriate 1,1394 0,0010
chapter 1,1712 0,0011
independent 0,8440 0,0008
roll 1,9661 0,0018
turn 1,0498 0,0010
wgusergroup 0,0000 0,0000
subsequently 1,6094 0,0015
example 0,2485 0,0002
result 0,2231 0,0004
same 0,2357 0,0002
after 0,0305 0,0000
wikipedia 0,0000 0,0000
headline 0,0000 0,0000
connect 0,8675 0,0016
policy 0,0000 0,0000
pinot 4,6052 0,0042
website 0,3711 0,0003
learn 0,0000 0,0000
pagelanguagecode 0,0000 0,0000
sling 3,2189 0,0029
transientcontent 0,0000 0,0000
subtle 0,3285 0,0003
licenses 2,9957 0,0027
idhash 0,0619 0,0001
kreps 4,6052 0,0042
information 0,0000 0,0000
hama 4,6052 0,0042
wrap 0,0101 0,0000
discuss 1,0217 0,0009
kylin 3,5066 0,0032
register 0,0000 0,0000
harmony 3,2189 0,0029
november 0,0000 0,0000
official 0,6162 0,0006
empty 0,0305 0,0000
post 0,0202 0,0000
leave 0,0101 0,0000
exceed 1,7148 0,0016
fullversionlist 0,0000 0,0000
implement 0,3285 0,0006
export 0,0000 0,0000
jakarta 2,5257 0,0023
add 0,0000 0,0000
need 0,1393 0,0001
its 0,0726 0,0001
originally 0,8675 0,0008
pay 1,1712 0,0011
often 0,2877 0,0003
elt 0,6931 0,0006
list 0,0000 0,0000
article 0,0000 0,0000
lack 0,5447 0,0005
flink 3,9120 0,0036
volume 1,1712 0,0011
evan 3,5066 0,0032
external 0,1863 0,0002
druid 4,6052 0,0042
parser 0,0000 0,0000
authority 0,4780 0,0004
marmotta 4,6052 0,0042
http 0,0000 0,0000
decimal 0,0101 0,0000
contiguous 3,5066 0,0032
child 0,0202 0,0000
neha 4,6052 0,0042
mainentity 0,0000 0,0000
production 0,9943 0,0009
compacted 4,6052 0,0042
choose 0,8440 0,0008
interface 0,2485 0,0002
directory 1,5141 0,0014
beehive 4,6052 0,0042
bloodhound 3,5066 0,0032
remove 0,3711 0,0007
wghostname 0,0000 0,0000
prevent 0,7340 0,0007
disclaimers 0,0000 0,0000
verifiable 2,8134 0,0026
wgtitle 0,0000 0,0000
xalan 3,9120 0,0036
wgisprobablyeditable 0,0000 0,0000
end 0,3011 0,0003
wgdigittransformtable 0,0000 0,0000
citation 0,0101 0,0000
mobile 0,0000 0,0000
multiple 0,2485 0,0002
perform 0,4463 0,0008
hlist 0,0408 0,0000
label 0,0000 0,0000
message 0,3857 0,0007
ivy 3,9120 0,0036
special 0,0000 0,0000
plainlist 0,4463 0,0004
pdf 0,0000 0,0000
service 0,1393 0,0003
rlconf 0,0000 0,0000
there 0,2614 0,0002
permit 1,3093 0,0012
college 2,1203 0,0019
bitness 0,0000 0,0000
rgba 0,0101 0,0000
bahasa 0,3285 0,0003
tomcat 3,5066 0,0032
release 0,2744 0,0002
ago 0,7765 0,0007
caption 0,3567 0,0003
approach 0,3711 0,0003
collapsible 2,4079 0,0022
apex 3,2189 0,0029
number 0,0000 0,0000
wgbackendresponsetime 0,0000 0,0000
shorten 0,0000 0,0000
camel 3,5066 0,0032
block 0,0408 0,0001
per 0,8440 0,0008
write 0,1508 0,0005
avro 3,2189 0,0029
order 0,4155 0,0004
aria 0,0000 0,0000
boxtext 0,0619 0,0001
byte 0,0408 0,0000
specify 0,6349 0,0006
handle 0,6539 0,0006
system 0,0101 0,0000
connector 2,9957 0,0055
driver 1,3471 0,0012
even 0,0513 0,0000
binary 0,9943 0,0009
kafka 3,5066 0,0032
integration 0,4620 0,0004
tagline 0,0000 0,0000
regexp 0,0000 0,0000
other 0,0000 0,0000
subsection 0,1508 0,0001
aim 0,8210 0,0007
wgeditsubmitbuttonlabelpublish 0,0000 0,0000
toc 0,0000 0,0000
protection 0,4463 0,0004
functionality 0,6539 0,0006
cell 0,4308 0,0004
wgpagecontentmodel 0,0000 0,0000
local 0,7985 0,0007
parquet 3,9120 0,0036
top 0,0000 0,0000
too 0,8916 0,0008
have 0,2744 0,0005
yetus 4,6052 0,0042
product 0,4005 0,0004
linear 1,6607 0,0015
openejb 4,6052 0,0042
produce 0,6931 0,0006
wgnamespacenumber 0,0000 0,0000
roundtrip 4,6052 0,0042
dataflow 2,9957 0,0027
framework 0,2877 0,0003
rlq 0,0000 0,0000
wgwmepagelength 0,0000 0,0000
cite 0,0000 0,0000
etch 3,5066 0,0032
logic 0,9676 0,0009
entity 0,0101 0,0000
com 0,8210 0,0007
expensivefunctioncount 0,0000 0,0000
arrow 2,9957 0,0027
xerces 4,6052 0,0042
ibatis 4,6052 0,0042
screen 0,0101 0,0000
body 0,0000 0,0000
associate 0,6931 0,0006
pig 3,5066 0,0032
mode 0,0000 0,0000
timeusage 0,0000 0,0000
pages 0,0000 0,0000
optimize 1,0217 0,0009
pin 0,0000 0,0000
function 0,0000 0,0000
newpp 0,0619 0,0001
traffic 1,5606 0,0014
all 0,0408 0,0000
border 0,0000 0,0000
shale 4,6052 0,0042
new 0,0000 0,0000
read 0,0000 0,0000
already 1,1087 0,0010
airflow 3,9120 0,0036
cpu 0,0408 0,0000
infobox 0,6931 0,0006
real 0,0408 0,0000
clientpref 0,0000 0,0000
pcache 0,0619 0,0001
tool 0,0000 0,0000
improve 0,2485 0,0002
october 0,0000 0,0000
collect 1,2730 0,0012
couchdb 3,9120 0,0036
complication 0,0513 0,0000
samza 4,6052 0,0042
myfaces 4,6052 0,0042
latency 1,7720 0,0016
palino 4,6052 0,0042
wgpagecontentlanguage 0,0000 0,0000
jquery 0,0000 0,0000
wgisarticle 0,0000 0,0000
define 0,2744 0,0002
jelly 3,5066 0,0032
row 0,4943 0,0005
render 0,0513 0,0000
timeless 0,0101 0,0000
ant 2,8134 0,0026
abstraction 1,2040 0,0011
wgwmeschemaeditattemptstepoversample 0,0000 0,0000
specific 0,2877 0,0003
any 0,2107 0,0002
ttl 0,0000 0,0000
encyclopedic 2,5257 0,0023
encyclopedia 0,0000 0,0000
application 0,0943 0,0002
conduct 0,0000 0,0000
stable 0,7133 0,0006
wgflaggedrevsparams 0,0000 0,0000
maintenance 0,6733 0,0006
collapse 0,0408 0,0000
cluster 1,2379 0,0011
abovebelow 0,0943 0,0001
maintain 0,3567 0,0010
wgrelevantarticleid 0,0000 0,0000
preprocessor 0,0513 0,0000
mbox 0,7133 0,0006
java 0,6162 0,0006
cordova 3,5066 0,0032
pref 0,0000 0,0000
english 0,0000 0,0000
pivot 3,2189 0,0029
api 0,3425 0,0006
state 0,3425 0,0003
strut 2,9957 0,0027
csrftoken 0,0000 0,0000
fully 0,8210 0,0007
element 0,0000 0,0000
apr 2,8134 0,0026
cache 0,0305 0,0000
margin 0,0000 0,0000
wgrequestid 0,0000 0,0000
jay 2,5257 0,0023
night 0,0000 0,0000
enwikimwclientpreference 0,0000 0,0000
rlpagemodules 0,0000 0,0000
monitoring 1,6094 0,0015
processor 1,1394 0,0010
input 0,0000 0,0000
groovy 2,4079 0,0022
samea 0,0000 0,0000
must 0,4620 0,0004
wgwikibaseitemid 0,0000 0,0000
unpinned 0,0000 0,0000
wgulsiscompactlinksenable 0,0000 0,0000
pagevariantfallback 0,0000 0,0000
guarantee 1,3093 0,0012
poi 4,6052 0,0042
two 0,2744 0,0002
matching 2,5257 0,0023
webarchive 0,7985 0,0007
default 0,6931 0,0006
notion 1,8326 0,0017
wgmonthname 0,0000 0,0000
stanbol 4,6052 0,0042
disabled 0,0000 0,0000
distribute 0,3857 0,0004
mynewt 4,6052 0,0042
popular 0,6539 0,0006
datepublished 0,0000 0,0000
jconsole 4,6052 0,0042
retention 2,8134 0,0026
timestamp 0,0000 0,0000
think 0,9676 0,0009
portalleft 1,3093 0,0012
batik 4,6052 0,0042
broker 1,8971 0,0035
entirely 1,5141 0,0014
call 0,0101 0,0000
such 0,0943 0,0001
wgusername 0,0000 0,0000
metric 1,8326 0,0017
ask 1,0498 0,0010
fashion 2,0402 0,0019
through 0,2107 0,0002
queuing 3,5066 0,0032
calcite 4,6052 0,0042
run 0,3011 0,0003
source 0,1393 0,0005
align 0,0101 0,0000
cocoon 4,6052 0,0042
operator 1,1712 0,0021
cxf 4,6052 0,0042
view 0,0000 0,0000
late 0,4155 0,0004
white 0,0305 0,0000
donate 0,0000 0,0000
throughput 2,3026 0,0021
actual 1,1394 0,0010
last 0,0000 0,0000
imageright 0,2614 0,0002
weight 0,0101 0,0000
bold 0,0408 0,0000
develop 0,1863 0,0002
name 0,0000 0,0000
cputime 0,0000 0,0000
page 0,0000 0,0000
compatibility 0,9416 0,0009
tika 4,6052 0,0042
watchlist 0,0000 0,0000
full 0,0202 0,0000
pulsar 4,6052 0,0042
memory 0,0408 0,0000
color 0,0101 0,0000
import 1,5606 0,0014
show 0,0513 0,0000
description 0,0000 0,0000
taverna 4,6052 0,0042
wave 2,2073 0,0020
anything 2,1203 0,0019
not 0,0101 0,0000
statement 0,0000 0,0000
trademark 0,0101 0,0000
hadoop 2,4079 0,0022
early 0,4308 0,0008
greek 0,0101 0,0000
overview 0,5447 0,0005
shapira 3,9120 0,0036
center 0,0000 0,0000
start 0,3011 0,0003
configure 1,3093 0,0012
manage 0,3567 0,0006
target 0,0101 0,0000
carbondata 4,6052 0,0042
what 0,0000 0,0000
wikimedia 0,0000 0,0000
short 0,0000 0,0000
time 0,0000 0,0000
container 0,0000 0,0000
developers 0,0000 0,0000
usage 0,0000 0,0000
program 0,2614 0,0002
wgmediaviewerenabledbydefault 0,0000 0,0000
nearby 0,0000 0,0000
when 0,0834 0,0001
redis 2,6593 0,0024
item 0,0000 0,0000
cloudstack 2,4079 0,0022
wgmediavieweronclick 0,0000 0,0000
wgulsposition 0,0000 0,0000
melayu 0,6349 0,0006
grouping 2,3026 0,0021
creative 0,0000 0,0000
provide 0,1625 0,0004
wayback 0,7985 0,0007
wgbreakframe 0,0000 0,0000
light 1,3093 0,0012
passenger 2,1203 0,0019
rely 0,6931 0,0013
slide 2,3026 0,0021
systemds 4,6052 0,0042
italiano 0,1278 0,0001
sticky 0,0000 0,0000
niche 3,2189 0,0029
style 0,0000 0,0000
nats 4,6052 0,0042
searchinput 0,0000 0,0000
superset 2,5257 0,0023
log 0,0000 0,0000
enterprise 0,4463 0,0004
wgcheckuserclienthintsheadersjsapi 0,0000 0,0000
pattern 0,5978 0,0005
consume 1,3471 0,0012
commons 0,0000 0,0000
layer 0,7340 0,0007
smart 1,2379 0,0011
lot 1,5606 0,0014
low 0,0101 0,0000
timingprofile 0,0000 0,0000
web 0,1165 0,0001
pdfbox 4,6052 0,0042
datadog 2,8134 0,0026
theme 0,0000 0,0000
opennlp 4,6052 0,0042
architecture 0,0000 0,0000
wgcategory 0,0000 0,0000
editor 0,0000 0,0000
postexpandincludesize 0,0000 0,0000
efficient 1,0217 0,0009
initial 0,3857 0,0004
more 0,0000 0,0000
oozie 4,6052 0,0042
unstrip 0,0000 0,0000
display 0,0000 0,0000
unify 2,4079 0,0022
templateargumentsize 0,0000 0,0000
shiro 4,6052 0,0042
unsourced 0,5621 0,0005
january 0,0000 0,0000
incubation 3,9120 0,0036
permanent 0,0000 0,0000
organization 0,0000 0,0000
forbes 1,5141 0,0014
width 0,0000 0,0000
statistics 0,0000 0,0000
small 0,0305 0,0000
beam 2,2073 0,0020
compact 1,7720 0,0016
before 0,0305 0,0000
speedy 0,7133 0,0006
replace 0,7340 0,0013
section 0,7340 0,0013
simple 0,2231 0,0002
italic 0,1278 0,0001
jms 3,9120 0,0036
protocol 0,5621 0,0005
overflow 0,3567 0,0003
major 0,5621 0,0005
day 0,0000 0,0000
group 0,0408 0,0001
visible 0,0101 0,0000
orient 0,5447 0,0005
format 0,0101 0,0000
archive 0,0943 0,0001
history 0,0000 0,0000
both 0,0305 0,0000
important 0,0101 0,0000
producer 2,6593 0,0048
topic 0,0000 0,0000
job 1,3093 0,0012
arbitrarily 3,5066 0,0032
wgrestrictionedit 0,0000 0,0000
contribute 0,0000 0,0000
wgpageparsereport 0,0000 0,0000
uber 2,8134 0,0026
general 0,0000 0,0000
database 0,2485 0,0002
september 0,0000 0,0000
billion 1,3471 0,0012
wgseparatortransformtable 0,0000 0,0000
padding 0,0000 0,0000
move 0,0000 0,0000
process 0,1625 0,0001
original 0,0943 0,0001
subscribe 2,1203 0,0019
clear 0,0101 0,0000
also 0,0202 0,0000
ltr 0,0000 0,0000
velocity 2,6593 0,0024
inline 0,0408 0,0000
third 0,5447 0,0005
build 0,2357 0,0004
lua 0,0513 0,0000
visit 0,0408 0,0000
user 0,0000 0,0000
account 0,0000 0,0000
portalborder 1,3093 0,0012
offer 0,4155 0,0008
bind 1,3863 0,0013
record 0,7765 0,0007
abbr 0,0619 0,0001
you 0,0000 0,0000
addition 0,6733 0,0006
jump 0,0000 0,0000
documentation 0,6349 0,0006
july 0,0000 0,0000
personal 0,0000 0,0000
imageobject 0,0000 0,0000
domain 0,6931 0,0006
drive 0,4780 0,0004
be 0,1508 0,0001
subgroup 0,0513 0,0000
scheme 0,0101 0,0000
icon 0,0101 0,0000
lucene 3,9120 0,0036
expansiondepth 0,0000 0,0000
transparent 0,0619 0,0001
how 0,0834 0,0001
search 0,0000 0,0000
see 0,0408 0,0000
freemarker 4,6052 0,0042
spacing 0,0619 0,0001
spark 1,7720 0,0016
wgrelevantpagename 0,0000 0,0000
national 0,4463 0,0004
term 0,0000 0,0000
replicate 1,8971 0,0017
contain 0,0101 0,0000
set 0,2107 0,0002
business 0,3425 0,0003
mini 0,0619 0,0001
tombstone 4,6052 0,0042
column 0,0101 0,0000
predictive 2,5257 0,0023
possible 0,5276 0,0005
right 0,0101 0,0000
march 0,0000 0,0000
recreate 3,9120 0,0036
franz 3,5066 0,0032
june 0,0000 0,0000
wikitext 0,0000 0,0000
xmlbeans 4,6052 0,0042
river 1,8326 0,0017
wgaction 0,0000 0,0000
mina 3,9120 0,0036
under 0,0101 0,0000
analytic 1,4271 0,0013
font 0,0000 0,0000
scalable 1,5141 0,0014
jun 2,8134 0,0026
tolerant 2,6593 0,0024
bcel 4,6052 0,0042
aries 4,6052 0,0042
language 0,0000 0,0000
do 0,1625 0,0001
navbox 0,0943 0,0001
autocapitalize 0,0000 0,0000
excessively 2,0402 0,0019
listitem 0,0408 0,0000
div 0,0000 0,0000
later 0,4005 0,0004
nuttx 4,6052 0,0042
spamassassin 4,6052 0,0042
contact 0,0000 0,0000
bracket 0,0619 0,0001
wgpagename 0,0000 0,0000
france 0,8675 0,0008
talk 0,0000 0,0000
programming 0,2744 0,0002
image 0,0202 0,0000
commonly 0,6931 0,0006
count 0,0513 0,0000
felix 3,2189 0,0029
never 1,1712 0,0011
pinnable 0,0000 0,0000
take 0,2877 0,0003
wgrevisionid 0,0000 0,0000
party 0,6539 0,0006
wikivoyage 3,2189 0,0029
cursor 0,0619 0,0001
however 0,3011 0,0003
some 0,1744 0,0002
fop 4,6052 0,0042
additional 0,0000 0,0000
origin 0,0000 0,0000
back 0,6349 0,0006
aggregation 2,5257 0,0023
title 0,0000 0,0000
walltime 0,0000 0,0000
interlanguage 0,0000 0,0000
patroltoken 0,0000 0,0000
content 0,0000 0,0000
random 0,0000 0,0000
wikibooks 0,8210 0,0007
load 0,0202 0,0000
hortonworks 3,9120 0,0036
alpha 0,0101 0,0000
solr 3,9120 0,0036
client 0,0000 0,0000
class 0,0000 0,0000
gehomepagesuggestededitsenabletopic 0,0000 0,0000
bound 2,1203 0,0019
custom 0,0000 0,0000
false 0,0000 0,0000
monitor 1,2040 0,0011
counter 0,0408 0,0000
parse 0,0619 0,0001
strictly 2,0402 0,0019
home 0,8675 0,0008
print 0,0000 0,0000
material 0,7765 0,0007
inherit 0,0101 0,0000
publish 0,4463 0,0004
developer 0,1744 0,0002
avoid 0,0101 0,0000
articles 1,0217 0,0009
he 0,6733 0,0006
jmet 4,6052 0,0042
advanced 0,7985 0,0007
convert 1,6607 0,0015
output 0,0000 0,0000
dmy 0,0000 0,0000
navigation 0,0000 0,0000
action 0,0000 0,0000
lock 0,0101 0,0000
model 0,0000 0,0000
join 1,1087 0,0010
text 0,0000 0,0000
portal 0,0000 0,0000
reduce 0,0101 0,0000
sentence 0,0000 0,0000
ppvisitednode 0,0000 0,0000
cookie 0,0000 0,0000
issue 0,3425 0,0003
kern 0,0101 0,0000
large 0,2485 0,0002
index 1,0498 0,0010
sense 1,3093 0,0012
loading 0,0000 0,0000
odd 0,0943 0,0001
messaging 1,4271 0,0013
ode 4,6052 0,0042
operate 0,3567 0,0003
contents 0,0000 0,0000
singa 4,6052 0,0042
transactional 2,5257 0,0023
wgvisualeditor 0,0000 0,0000
status 0,0000 0,0000
template 0,0000 0,0000
server 0,4005 0,0007
enwiki 0,0619 0,0001
indefinitely 1,9661 0,0018
skin 0,0000 0,0000
deliver 1,1394 0,0010
subscription 0,0101 0,0000
file 0,0000 0,0000
library 0,3857 0,0007
navbar 0,0202 0,0000
stream 1,0788 0,0029
subbox 0,6931 0,0006
december 0,0000 0,0000
bundle 1,6094 0,0015
map 0,8210 0,0007
wgnoticeproject 0,0000 0,0000
table 0,0000 0,0000
together 0,5978 0,0005
continuum 3,5066 0,0032
may 0,0000 0,0000
break 0,0101 0,0000
max 0,0513 0,0000
within 0,3011 0,0003
forward 1,2730 0,0012
change 0,0000 0,0000
mouzakitis 3,9120 0,0036
trigger 0,0513 0,0000
menu 0,0000 0,0000
printable 0,0000 0,0000
rabbitmq 3,9120 0,0036
url 0,0000 0,0000
hide 0,0000 0,0000
instruction 1,1712 0,0011
machine 0,2744 0,0002
report 0,0202 0,0000
return 0,0000 0,0000
auto 0,0726 0,0001
soa 2,4079 0,0022
subject 1,1087 0,0010
use 0,0000 0,0000
several 0,4155 0,0004
giraph 3,9120 0,0036
british 2,2073 0,0020
main 0,0000 0,0000
decouple 2,5257 0,0023
wgcanonicalspecialpagename 0,0000 0,0000
second 0,0408 0,0000
ofbiz 4,6052 0,0042
that 0,5108 0,0005
download 0,0000 0,0000
high 0,0101 0,0000
split 0,0000 0,0000
helix 2,9957 0,0027
than 0,2357 0,0002
derby 3,9120 0,0036
limit 0,0000 0,0000
backward 1,6607 0,0015
logo 0,0000 0,0000
bnf 0,9163 0,0008
different 0,0513 0,0000
tolerance 2,1203 0,0019
level 0,0000 0,0000
utc 0,0000 0,0000
author 0,0000 0,0000
occur 0,7765 0,0007
gwen 3,9120 0,0036
definitive 2,6593 0,0024
canonical 0,0408 0,0000
expansion 0,0619 0,0001
entry 0,8210 0,0007
feed 1,9661 0,0036
license 0,0000 0,0000
disk 1,3471 0,0012
expand 0,0101 0,0000
wgcurrevisionid 0,0000 0,0000
null 0,0000 0,0000
cleanup 2,2073 0,0020
background 0,0101 0,0000
true 0,0000 0,0000
wgmfdisplaywikibasedescription 0,0000 0,0000
header 0,0000 0,0000
retrieve 0,0000 0,0000
disc 2,0402 0,0019
position 1,5141 0,0014
watchtoken 0,0000 0,0000
dsl 2,9957 0,0027
since 0,3425 0,0003
datum 0,0408 0,0000
code 0,0000 0,0000
guacamole 4,6052 0,0042
wgdefaultdateformat 0,0000 0,0000
tuscany 4,6052 0,0042
ctakes 4,6052 0,0042
box 0,0408 0,0000
storage 0,3711 0,0003
delete 0,4155 0,0004
foreach 0,0000 0,0000
total 0,0000 0,0000
deutsch 0,0943 0,0001
repeat 0,0101 0,0000
make 0,1165 0,0001
consumer 1,4697 0,0027
hear 2,1203 0,0019
stateful 3,2189 0,0029
wggestructuredtaskrejectionreasontextinputenable 0,0000 0,0000
openjpa 4,6052 0,0042
control 0,1625 0,0001
exactly 1,5606 0,0014
drill 4,6052 0,0042
wicket 3,2189 0,0029
narkhede 4,6052 0,0042
underlie 0,9416 0,0009
phoenix 2,8134 0,0026
conventional 1,6607 0,0015
attribution 0,0000 0,0000
airavata 4,6052 0,0042
sqoop 4,6052 0,0042
writer 2,0402 0,0019
geronimo 4,6052 0,0042
vary 0,0619 0,0001
upper 0,0101 0,0000
commit 1,2730 0,0012
contribution 0,0000 0,0000
expiry 0,0619 0,0001
minerva 0,0101 0,0000
brand 0,0000 0,0000
recent 0,0000 0,0000
recursion 0,0513 0,0000
they 0,0619 0,0001
height 0,0101 0,0000
github 0,7340 0,0007
closely 1,6094 0,0015
august 0,0000 0,0000
edit 0,0000 0,0000
old 0,8675 0,0016
module 0,0000 0,0000
wikibase 0,0619 0,0001
mxnet 3,9120 0,0036
then 0,3567 0,0003
execute 0,6733 0,0006
datemodify 0,0619 0,0001
node 0,0305 0,0001
bsf 4,6052 0,0042
cassandra 2,9957 0,0027
expire 2,6593 0,0024
processing 0,6162 0,0006
notheme 0,3711 0,0003
into 0,1985 0,0002
selflink 0,0101 0,0000
current 0,0000 0,0000
min 0,1165 0,0001
partition 1,3471 0,0037
thrift 3,2189 0,0029
vector 0,0000 0,0000
netbeans 2,6593 0,0024
free 0,0000 0,0000
mix 1,2379 0,0011
key 0,0305 0,0000
activemq 3,9120 0,0036
cachereport 0,0000 0,0000
middle 0,7765 0,0007
storm 2,8134 0,0026
rocketmq 4,6052 0,0042
one 0,0943 0,0001
store 0,5447 0,0015
many 0,2357 0,0002
people 0,9943 0,0009
entityaccesscount 0,0000 0,0000
elastic 2,3026 0,0021
operation 0,5108 0,0005
open 0,1625 0,0001
bus 1,6607 0,0015
ignite 2,9957 0,0027
commercial 0,8440 0,0008
treat 1,3863 0,0013
tbody 0,6931 0,0006
available 0,0000 0,0000
project 0,0000 0,0000
enhancement 0,0101 0,0000
inside 0,0101 0,0000
coordination 2,5257 0,0023
apache 1,0788 0,0010
wikiversity 0,9676 0,0009
variant 0,0619 0,0001
five 0,9943 0,0009
tapestry 3,2189 0,0029
this 0,1278 0,0001
please 0,8210 0,0007
daemon 2,6593 0,0024
axkit 4,6052 0,0042
memusage 0,0000 0,0000
once 0,7985 0,0007
bursty 4,6052 0,0042
support 0,1393 0,0001
allow 0,1863 0,0003
sequential 2,1203 0,0019
wgpopupsflag 0,0000 0,0000
isbn 0,1054 0,0001
admin 2,8134 0,0026
polski 0,1165 0,0001
privacy 0,0000 0,0000
update 0,4463 0,0004
vertical 0,7985 0,0007
gas 2,5257 0,0023
placeholder 0,0000 0,0000
hbase 3,9120 0,0036
middleware 1,6607 0,0015
normal 0,0202 0,0000
orc 4,6052 0,0042
windowing 3,5066 0,0032
apply 0,0000 0,0000
org 1,5141 0,0014
mahout 3,9120 0,0036
wgarticleid 0,0000 0,0000
attic 4,6052 0,0042
nutch 3,9120 0,0036
pagelanguagedir 0,0000 0,0000
wgcitereferencepreviewsactive 0,0000 0,0000
base 0,0305 0,0001
software 0,0000 0,0000
none 0,0101 0,0000
repository 0,5276 0,0005
type 0,0000 0,0000
april 0,0000 0,0000
reliable 0,7765 0,0007
compatible 1,2040 0,0011
relate 0,0000 0,0000
enable 0,0000 0,0000
sidebar 0,0000 0,0000
limitreport 0,0000 0,0000
cayenne 4,6052 0,0042
decoration 0,0619 0,0001
guide 0,3711 0,0003
reflist 0,0101 0,0000
uima 4,6052 0,0042
gump 4,6052 0,0042
efficiency 0,8916 0,0008
overhead 1,2040 0,0011
var 0,0000 0,0000
work 0,2231 0,0004
streams 2,5257 0,0023
come 0,4155 0,0004
agree 0,0101 0,0000
impala 4,6052 0,0042
push 0,0000 0,0000
exist 0,4155 0,0004
wgulsislanguageselectorempty 0,0000 0,0000
insight 1,6607 0,0015
itself 0,6539 0,0006
among 0,5276 0,0005
srpski 0,3711 0,0003
rocksdb 3,9120 0,0036
registration 0,0101 0,0000
word 0,0101 0,0000
hive 3,2189 0,0029
james 0,9676 0,0009
kudu 4,6052 0,0042
portalbox 1,3093 0,0012
foundation 0,0000 0,0000
distribution 0,8916 0,0008
out 0,0000 0,0000
qpid 3,9120 0,0036
deltacloud 4,6052 0,0042
across 0,5798 0,0005
naturally 2,6593 0,0024
feature 0,0000 0,0000
ambari 4,6052 0,0042
cached 0,4463 0,0004
get 0,0000 0,0000
portalright 1,3093 0,0012
dark 0,0101 0,0000
event 0,0000 0,0000
regular 1,2379 0,0011
include 0,0000 0,0000
amqp 3,5066 0,0032
toggle 0,0000 0,0000
lead 0,2231 0,0002
filter 1,4697 0,0013
help 0,0000 0,0000
site 0,0000 0,0000
appearance 0,0000 0,0000
depth 0,0000 0,0000
massive 1,8326 0,0017
classname 0,0000 0,0000
tinkerpop 4,6052 0,0042
additionally 1,0498 0,0010
wggetopicsmatchmodeenable 0,0000 0,0000
first 0,0408 0,0000
queue 1,1394 0,0010
sharealike 0,0000 0,0000
span 1,2730 0,0012
argument 0,0513 0,0000
nowrap 0,0408 0,0000
data 0,0000 0,0000
prefer 0,0101 0,0000
roman 0,0101 0,0000
allura 3,5066 0,0032
wgpageviewlanguage 0,0000 0,0000
wgrelevantpageisprobablyeditable 0,0000 0,0000
axis 3,2189 0,0029
float 0,0101 0,0000
nifi 4,6052 0,0042
transclusion 0,0619 0,0001
space 0,0408 0,0000
reference 0,0101 0,0000
accesskey 0,0000 0,0000
ambox 0,7133 0,0006
flume 4,6052 0,0042
only 0,2107 0,0002
create 0,0000 0,0000
html 0,4463 0,0004
tag 0,0000 0,0000
development 0,1278 0,0001
offset 2,6593 0,0024
like 0,2231 0,0004
bottom 0,0000 0,0000
maven 3,5066 0,0032
reusable 1,9661 0,0018
revision 0,0000 0,0000
core 0,5621 0,0005
zeromq 3,5066 0,0032
publisher 0,0000 0,0000
potentially 0,7765 0,0007
here 0,0000 0,0000
img 0,0408 0,0000
o'reilly 0,6733 0,0006
scala 2,0402 0,0019
advice 2,3026 0,0021
line 0,0101 0,0000
link 0,0000 0,0000
linkedin 2,5257 0,0023
rlstate 0,0000 0,0000
error 0,0101 0,0000
platform 0,0000 0,0000
network 0,3285 0,0003
accumulo 4,6052 0,0042
can 0,0408 0,0000
cap 0,0619 0,0001
contributor 0,0000 0,0000
incubator 3,2189 0,0029
wgcanonicalnamespace 0,0000 0,0000
flex 0,5276 0,0005
ready 0,0000 0,0000
iceberg 3,9120 0,0036
track 0,9676 0,0018
value 0,0000 0,0000
tcp 2,3026 0,0021
wgisredirect 0,0000 0,0000
february 0,0000 0,0000
fault 1,1712 0,0011
follow 0,2744 0,0002
instead 0,4463 0,0004
expensive 0,0408 0,0000
performance 0,3425 0,0003
currently 1,0788 0,0010
subversion 3,2189 0,0029
maint 0,0101 0,0000
responsive 0,0202 0,0000
challenge 0,6162 0,0006
category 0,0000 0,0000
platformversion 0,0000 0,0000
wikidata 0,0000 0,0000
