hands 3,2189 0,0025
references 0,0513 0,0000
saved 0,0619 0,0000
upload 0,0000 0,0000
year 0,2614 0,0002
wggelevelingupenabledforuser 0,0000 0,0000
wgrestrictionmove 0,0000 0,0000
remote 0,9163 0,0007
building 0,7985 0,0006
without 0,2744 0,0002
via 0,3011 0,0002
quote 0,0101 0,0000
doublecount 4,6052 0,0035
because 0,0000 0,0000
calculate 2,0402 0,0016
navigate 1,8971 0,0015
solid 0,0202 0,0000
sniff 2,9957 0,0023
onmount 4,6052 0,0035
neutral 0,5447 0,0004
google 0,4005 0,0003
require 0,0000 0,0000
scratch 2,1203 0,0016
community 0,0000 0,0000
click 1,7148 0,0026
version 0,0000 0,0000
scribunto 0,0000 0,0000
midgard 3,5066 0,0027
advancement 1,8971 0,0015
size 0,0000 0,0000
left 0,0408 0,0000
cdx 0,0000 0,0000
eesti 0,3285 0,0003
object 0,3711 0,0006
appropriate 1,1394 0,0009
newspaper 1,5606 0,0012
accessible 1,1712 0,0009
scalatra 3,5066 0,0027
immediately 1,5141 0,0012
wgusergroup 0,0000 0,0000
example 0,2485 0,0002
monorail 3,5066 0,0027
kenshin 4,6052 0,0035
after 0,0305 0,0000
wikipedia 0,0000 0,0000
behavior 0,8210 0,0006
headline 0,0000 0,0000
policy 0,0000 0,0000
haskell 1,9661 0,0015
minimize 1,4697 0,0011
subpage 4,6052 0,0035
website 0,3711 0,0003
address 0,5621 0,0004
learn 0,0000 0,0000
pluto 3,9120 0,0030
pagelanguagecode 0,0000 0,0000
sling 3,2189 0,0025
slam 3,9120 0,0030
transientcontent 0,0000 0,0000
subtle 0,3285 0,0003
component 0,3147 0,0005
fast 0,4943 0,0004
idhash 0,0619 0,0000
information 0,0000 0,0000
wrap 0,0101 0,0000
register 0,0000 0,0000
standard 0,2357 0,0004
november 0,0000 0,0000
newvalue 4,6052 0,0035
official 0,6162 0,0005
empty 0,0305 0,0000
compute 0,6733 0,0005
spring 1,8971 0,0015
toppa 4,6052 0,0035
ref 2,5257 0,0019
post 0,0202 0,0000
leave 0,0101 0,0000
fullversionlist 0,0000 0,0000
export 0,0000 0,0000
hashbang 4,6052 0,0071
add 0,0000 0,0000
lisp 1,7720 0,0014
its 0,0726 0,0001
originally 0,8675 0,0007
often 0,2877 0,0002
quixote 3,2189 0,0025
elt 0,6931 0,0005
list 0,0000 0,0000
campbell 2,9957 0,0023
article 0,0000 0,0000
lack 0,5447 0,0004
fusion 1,9661 0,0015
evan 3,5066 0,0027
external 0,1863 0,0001
parser 0,0000 0,0000
catalyst 2,5257 0,0019
shell 1,0788 0,0008
http 0,0000 0,0000
decimal 0,0101 0,0000
child 0,0202 0,0000
manning 1,6607 0,0013
mainentity 0,0000 0,0000
choose 0,8440 0,0006
interface 0,2485 0,0004
remove 0,3711 0,0006
wghostname 0,0000 0,0000
svelte 3,5066 0,0027
disclaimers 0,0000 0,0000
precisely 2,3026 0,0018
wgtitle 0,0000 0,0000
codeigniter 3,5066 0,0027
root 0,4780 0,0004
wgisprobablyeditable 0,0000 0,0000
end 0,3011 0,0002
bouchefra 4,6052 0,0035
nestjs 2,8134 0,0022
compiler 1,3093 0,0010
wgdigittransformtable 0,0000 0,0000
citation 0,0101 0,0000
mobile 0,0000 0,0000
hlist 0,0408 0,0000
label 0,0000 0,0000
message 0,3857 0,0003
special 0,0000 0,0000
plainlist 0,4463 0,0003
pdf 0,0000 0,0000
china 1,6094 0,0012
maypole 3,5066 0,0027
rlconf 0,0000 0,0000
progressive 1,0788 0,0008
syntax 1,1394 0,0009
suitable 1,3471 0,0010
bitness 0,0000 0,0000
rgba 0,0101 0,0000
bahasa 0,3285 0,0003
release 0,2744 0,0004
ago 0,7765 0,0006
caption 0,3567 0,0003
focus 0,6733 0,0010
approach 0,3711 0,0006
aspire 3,9120 0,0030
number 0,0000 0,0000
wgbackendresponsetime 0,0000 0,0000
shorten 0,0000 0,0000
block 0,0408 0,0001
write 0,1508 0,0002
flow 0,3425 0,0003
manipulate 1,4271 0,0011
order 0,4155 0,0003
aria 0,0000 0,0000
boxtext 0,0619 0,0000
byte 0,0408 0,0000
testing 0,6733 0,0005
handle 0,6539 0,0005
grails 3,5066 0,0027
indonesia 0,3567 0,0003
script 1,2379 0,0010
animation 1,5141 0,0023
angular 2,5257 0,0019
system 0,0101 0,0000
compose 1,5141 0,0012
even 0,0513 0,0000
tagline 0,0000 0,0000
razor 3,2189 0,0025
remix 2,8134 0,0022
regexp 0,0000 0,0000
other 0,0000 0,0000
subsection 0,1508 0,0001
wgeditsubmitbuttonlabelpublish 0,0000 0,0000
toc 0,0000 0,0000
protection 0,4463 0,0003
functionality 0,6539 0,0005
cell 0,4308 0,0003
wgpagecontentmodel 0,0000 0,0000
valid 1,4271 0,0011
top 0,0000 0,0000
native 0,8916 0,0007
rails 2,1203 0,0016
handleclick 4,6052 0,0035
share 0,4620 0,0007
declarative 1,8326 0,0014
particularly 0,9943 0,0008
gzip 3,9120 0,0030
hydrate 3,9120 0,0030
prototype 0,9676 0,0007
wgnamespacenumber 0,0000 0,0000
framework 0,2877 0,0004
hacker 1,3471 0,0010
rlq 0,0000 0,0000
wgwmepagelength 0,0000 0,0000
cite 0,0000 0,0000
php 1,3471 0,0010
logic 0,9676 0,0007
entity 0,0101 0,0000
smalltalk 1,6607 0,0013
com 0,8210 0,0006
expensivefunctioncount 0,0000 0,0000
shake 2,8134 0,0022
minor 1,7148 0,0013
gwt 3,2189 0,0025
modx 3,5066 0,0027
vue 3,9120 0,0030
screen 0,0101 0,0000
body 0,0000 0,0000
nested 3,9120 0,0030
mode 0,0000 0,0000
timeusage 0,0000 0,0000
pages 0,0000 0,0000
optimize 1,0217 0,0016
pin 0,0000 0,0000
whether 0,7765 0,0006
function 0,0000 0,0000
rurouni 4,6052 0,0035
net 0,9416 0,0007
closure 1,8971 0,0015
newpp 0,0619 0,0000
verification 0,8440 0,0006
all 0,0408 0,0000
border 0,0000 0,0000
new 0,0000 0,0000
alphabetical 2,2073 0,0017
comparison 0,4005 0,0003
read 0,0000 0,0000
already 1,1087 0,0009
below 0,7550 0,0006
tertiary 2,6593 0,0020
cpu 0,0408 0,0000
infobox 0,6931 0,0005
touch 2,1203 0,0016
real 0,0408 0,0000
clientpref 0,0000 0,0000
pcache 0,0619 0,0000
tool 0,0000 0,0000
adventure 2,9957 0,0023
adaptable 3,2189 0,0025
olayinka 4,6052 0,0035
improve 0,2485 0,0002
svenska 0,3857 0,0003
october 0,0000 0,0000
franklin 2,9957 0,0023
basic 0,6539 0,0005
leverage 1,3863 0,0011
ahmed 3,2189 0,0025
complication 0,0513 0,0000
elixir 2,6593 0,0020
wgpagecontentlanguage 0,0000 0,0000
media 0,2485 0,0002
jquery 0,0000 0,0000
lightweight 1,6094 0,0012
wgisarticle 0,0000 0,0000
define 0,2744 0,0002
row 0,4943 0,0004
mongodb 2,0402 0,0016
render 0,0513 0,0002
timeless 0,0101 0,0000
abstraction 1,2040 0,0018
wgwmeschemaeditattemptstepoversample 0,0000 0,0000
requirement 0,5798 0,0004
specific 0,2877 0,0002
ttl 0,0000 0,0000
prioritize 2,1203 0,0016
encyclopedia 0,0000 0,0000
application 0,0943 0,0001
conduct 0,0000 0,0000
stable 0,7133 0,0005
wgflaggedrevsparams 0,0000 0,0000
maintenance 0,6733 0,0005
collapse 0,0408 0,0000
abovebelow 0,0943 0,0001
css 1,8971 0,0015
thought 2,6593 0,0020
maintain 0,3567 0,0003
wgrelevantarticleid 0,0000 0,0000
preprocessor 0,0513 0,0000
shift 1,4697 0,0011
expertise 2,1203 0,0016
ajax 1,7148 0,0013
mbox 0,7133 0,0005
password 1,7720 0,0014
java 0,6162 0,0005
pref 0,0000 0,0000
english 0,0000 0,0000
api 0,3425 0,0005
state 0,3425 0,0003
strut 2,9957 0,0023
csrftoken 0,0000 0,0000
element 0,0000 0,0000
app 0,9943 0,0015
ext 2,8134 0,0022
dunk 4,6052 0,0035
cache 0,0305 0,0000
margin 0,0000 0,0000
suomi 0,2107 0,0002
wgrequestid 0,0000 0,0000
remain 0,7550 0,0006
night 0,0000 0,0000
assemblyscript 2,9957 0,0023
enwikimwclientpreference 0,0000 0,0000
rlpagemodules 0,0000 0,0000
mount 2,4079 0,0018
each 0,1393 0,0001
javascript 0,9416 0,0007
mediawiki 1,0788 0,0008
input 0,0000 0,0000
groovy 2,4079 0,0018
toolkit 1,5141 0,0012
letter 1,5606 0,0012
samea 0,0000 0,0000
must 0,4620 0,0004
flask 2,9957 0,0023
wgwikibaseitemid 0,0000 0,0000
unpinned 0,0000 0,0000
complexity 0,9163 0,0007
wgulsiscompactlinksenable 0,0000 0,0000
automatically 0,7765 0,0006
document 0,4463 0,0003
concurrent 1,2040 0,0009
pagevariantfallback 0,0000 0,0000
grav 3,5066 0,0027
pop 1,6607 0,0013
routing 2,6593 0,0020
default 0,6931 0,0005
wgmonthname 0,0000 0,0000
disabled 0,0000 0,0000
drogon 3,5066 0,0027
where 0,2744 0,0002
attach 1,8326 0,0014
attribute 0,7765 0,0006
datepublished 0,0000 0,0000
timestamp 0,0000 0,0000
coffeescript 2,6593 0,0020
portalleft 1,3093 0,0010
languages 1,3471 0,0010
meteor 2,8134 0,0022
refresh 2,8134 0,0022
nest 1,7720 0,0014
team 0,4943 0,0004
entirely 1,5141 0,0012
call 0,0101 0,0000
such 0,0943 0,0001
wgusername 0,0000 0,0000
watch 1,6607 0,0013
blazor 3,2189 0,0025
through 0,2107 0,0002
run 0,3011 0,0002
incorporate 1,1712 0,0009
source 0,1393 0,0002
align 0,0101 0,0000
either 0,5621 0,0004
view 0,0000 0,0000
compile 1,1712 0,0018
white 0,0305 0,0000
school 1,5141 0,0012
donate 0,0000 0,0000
preact 3,9120 0,0030
pronounced 2,6593 0,0020
last 0,0000 0,0000
imageright 0,2614 0,0002
widely 0,7985 0,0006
weight 0,0101 0,0000
bold 0,0408 0,0000
develop 0,1863 0,0001
pro 1,6094 0,0012
patreon 3,9120 0,0030
bookmark 3,5066 0,0027
openacs 3,5066 0,0027
name 0,0000 0,0000
cputime 0,0000 0,0000
page 0,0000 0,0000
watchlist 0,0000 0,0000
full 0,0202 0,0000
next 0,5798 0,0004
polymer 2,8134 0,0022
memory 0,0408 0,0000
color 0,0101 0,0000
const 2,5257 0,0019
book 0,4308 0,0003
impossible 1,8971 0,0015
show 0,0513 0,0000
description 0,0000 0,0000
erlang 1,7720 0,0014
video 0,8210 0,0006
button 1,7720 0,0027
minimal 1,2730 0,0010
not 0,0101 0,0000
now 0,4308 0,0003
statement 0,0000 0,0000
debugging 2,0402 0,0016
trademark 0,0101 0,0000
perl 1,3093 0,0010
lagann 4,6052 0,0035
enhance 0,8916 0,0007
greek 0,0101 0,0000
news 0,4620 0,0004
overview 0,5447 0,0004
introduce 0,3285 0,0003
center 0,0000 0,0000
grained 2,3026 0,0018
npm 2,4079 0,0018
engineer 0,7765 0,0006
way 0,2485 0,0002
target 0,0101 0,0000
what 0,0000 0,0000
refer 0,4155 0,0003
wikimedia 0,0000 0,0000
short 0,0000 0,0000
time 0,0000 0,0000
container 0,0000 0,0000
play 1,1712 0,0009
shadow 2,1203 0,0016
developers 0,0000 0,0000
usage 0,0000 0,0000
interactive 0,4463 0,0003
wgmediaviewerenabledbydefault 0,0000 0,0000
nearby 0,0000 0,0000
when 0,0834 0,0001
fat 2,6593 0,0020
case 0,3285 0,0003
cowboy 4,6052 0,0035
item 0,0000 0,0000
wgmediavieweronclick 0,0000 0,0000
double 1,0498 0,0008
wgulsposition 0,0000 0,0000
rendering 2,4079 0,0018
priority 1,4697 0,0011
creative 0,0000 0,0000
nederlands 0,1985 0,0002
wanyoike 4,6052 0,0035
bebop 3,9120 0,0030
provide 0,1625 0,0004
wgbreakframe 0,0000 0,0000
rely 0,6931 0,0005
pinia 4,6052 0,0035
italiano 0,1278 0,0001
sticky 0,0000 0,0000
reset 2,8134 0,0022
style 0,0000 0,0000
dojo 3,2189 0,0025
primary 0,7765 0,0006
tooling 2,9957 0,0023
reactivity 4,6052 0,0035
searchinput 0,0000 0,0000
log 0,0000 0,0000
wgcheckuserclienthintsheadersjsapi 0,0000 0,0000
pattern 0,5978 0,0005
roadmap 2,4079 0,0018
commons 0,0000 0,0000
layer 0,7340 0,0011
vaadin 3,5066 0,0027
modern 0,7340 0,0006
low 0,0101 0,0000
processwire 3,5066 0,0027
timingprofile 0,0000 0,0000
web 0,1165 0,0001
prop 3,9120 0,0030
yii 3,5066 0,0027
theme 0,0000 0,0000
merely 2,5257 0,0019
architecture 0,0000 0,0000
wgcategory 0,0000 0,0000
editor 0,0000 0,0000
postexpandincludesize 0,0000 0,0000
reliance 2,8134 0,0022
tornado 3,2189 0,0025
efficient 1,0217 0,0008
initial 0,3857 0,0003
chad 3,5066 0,0027
more 0,0000 0,0000
unstrip 0,0000 0,0000
apress 1,7148 0,0013
display 0,0000 0,0000
freeman 2,9957 0,0023
kill 2,1203 0,0016
templateargumentsize 0,0000 0,0000
january 0,0000 0,0000
permanent 0,0000 0,0000
fetch 1,9661 0,0015
organization 0,0000 0,0000
width 0,0000 0,0000
choice 1,0498 0,0008
certain 0,6162 0,0005
statistics 0,0000 0,0000
small 0,0305 0,0000
websharper 2,9957 0,0023
before 0,0305 0,0000
speedy 0,7133 0,0005
initialcount 4,6052 0,0035
section 0,7340 0,0006
simple 0,2231 0,0002
sitepoint 3,9120 0,0030
transitions 3,9120 0,0030
italic 0,1278 0,0001
qcodo 3,5066 0,0027
overflow 0,3567 0,0003
major 0,5621 0,0004
webpack 3,2189 0,0025
jordan 1,7148 0,0013
day 0,0000 0,0000
group 0,0408 0,0000
adam 1,5606 0,0012
package 0,9943 0,0015
visible 0,0101 0,0000
quintuplet 4,6052 0,0035
timing 2,4079 0,0018
format 0,0101 0,0000
tree 1,1394 0,0009
runtime 1,2040 0,0009
archive 0,0943 0,0001
particular 0,5978 0,0005
history 0,0000 0,0000
both 0,0305 0,0000
important 0,0101 0,0000
most 0,2107 0,0002
delimit 2,8134 0,0022
effects 2,3026 0,0018
hydration 2,5257 0,0019
definecomponent 4,6052 0,0035
effect 0,8440 0,0006
keep 0,6733 0,0005
topic 0,0000 0,0000
option 0,9416 0,0007
critical 0,8916 0,0007
wgrestrictionedit 0,0000 0,0000
part 0,1985 0,0003
contribute 0,0000 0,0000
wgpageparsereport 0,0000 0,0000
insert 1,6607 0,0013
point 0,5447 0,0004
general 0,0000 0,0000
highlight 1,3093 0,0010
september 0,0000 0,0000
zope 3,2189 0,0025
browser 0,9943 0,0015
yaws 3,5066 0,0027
introduction 0,5621 0,0004
authentication 1,3863 0,0011
performant 3,9120 0,0030
wgseparatortransformtable 0,0000 0,0000
padding 0,0000 0,0000
rest 1,0788 0,0008
amount 0,9416 0,0007
macrae 4,6052 0,0035
move 0,0000 0,0000
process 0,1625 0,0001
original 0,0943 0,0001
selective 3,5066 0,0027
hyperscript 4,6052 0,0035
alternative 0,6931 0,0005
clear 0,0101 0,0000
also 0,0202 0,0000
lts 2,8134 0,0022
ltr 0,0000 0,0000
increase 0,4620 0,0004
fastapi 3,2189 0,0025
django 2,8134 0,0022
inline 0,0408 0,0000
someone 2,0402 0,0016
third 0,5447 0,0004
build 0,2357 0,0005
favor 1,5141 0,0012
mean 0,4463 0,0003
lua 0,0513 0,0000
shiny 3,2189 0,0025
vuejs 4,6052 0,0035
front 1,1394 0,0009
visit 0,0408 0,0000
encapsulate 2,4079 0,0018
user 0,0000 0,0000
account 0,0000 0,0000
frontend 2,4079 0,0018
snippet 2,8134 0,0022
parent 1,8326 0,0014
stack 0,7340 0,0006
advance 1,0788 0,0008
createapp 4,6052 0,0035
portalborder 1,3093 0,0010
offer 0,4155 0,0013
path 1,0498 0,0008
bind 1,3863 0,0011
fix 0,5108 0,0004
complex 0,5621 0,0004
abbr 0,0619 0,0000
yerburgh 4,6052 0,0035
you 0,0000 0,0000
jump 0,0000 0,0000
happen 1,3471 0,0010
wavemaker 2,2073 0,0017
yesod 3,5066 0,0027
pass 0,8675 0,0013
active 0,7985 0,0006
july 0,0000 0,0000
personal 0,0000 0,0000
extend 0,6162 0,0009
route 1,6094 0,0037
imageobject 0,0000 0,0000
grok 2,8134 0,0022
subgroup 0,0513 0,0000
scheme 0,0101 0,0000
icon 0,0101 0,0000
expansiondepth 0,0000 0,0000
dead 1,7148 0,0013
jsx 3,5066 0,0027
nilson 4,6052 0,0035
transparent 0,0619 0,0000
how 0,0834 0,0001
capability 0,7765 0,0006
search 0,0000 0,0000
see 0,0408 0,0000
servant 2,6593 0,0020
spacing 0,0619 0,0000
vite 3,5066 0,0027
composition 1,9661 0,0015
wgrelevantpagename 0,0000 0,0000
indicate 1,0217 0,0008
mootools 3,2189 0,0025
term 0,0000 0,0000
typescript 1,8971 0,0015
mojarra 3,5066 0,0027
coldfusion 3,2189 0,0025
contain 0,0101 0,0000
set 0,2107 0,0002
mini 0,0619 0,0000
shqip 0,6931 0,0005
column 0,0101 0,0000
commonjs 2,8134 0,0022
right 0,0101 0,0000
integrate 0,5798 0,0004
march 0,0000 0,0000
transition 1,5606 0,0036
sfc 4,6052 0,0035
meen 2,9957 0,0023
june 0,0000 0,0000
wikitext 0,0000 0,0000
meet 0,9163 0,0007
series 0,5798 0,0004
wgaction 0,0000 0,0000
under 0,0101 0,0000
essential 1,1087 0,0009
font 0,0000 0,0000
publications 2,2073 0,0017
icefaces 3,5066 0,0027
language 0,0000 0,0000
do 0,1625 0,0001
navbox 0,0943 0,0001
autocapitalize 0,0000 0,0000
excessively 2,0402 0,0016
listitem 0,0408 0,0000
div 0,0000 0,0000
chinese 1,5141 0,0012
later 0,4005 0,0003
bundlephobia 4,6052 0,0035
contact 0,0000 0,0000
bracket 0,0619 0,0000
wgpagename 0,0000 0,0000
talk 0,0000 0,0000
bfc 3,5066 0,0027
disadvantage 1,8971 0,0015
image 0,0202 0,0000
static 1,0217 0,0008
commonly 0,6931 0,0005
viewmodel 3,5066 0,0027
typically 0,3857 0,0003
finally 1,4271 0,0011
count 0,0513 0,0000
publicly 1,6094 0,0012
scholar 1,3863 0,0011
pinnable 0,0000 0,0000
take 0,2877 0,0004
month 0,7133 0,0005
drupal 2,8134 0,0022
piece 1,4271 0,0011
wgrevisionid 0,0000 0,0000
bluebream 3,5066 0,0027
party 0,6539 0,0005
frame 1,6094 0,0012
cursor 0,0619 0,0000
however 0,3011 0,0002
sencha 3,5066 0,0027
virtual 0,4620 0,0004
jwt 3,5066 0,0027
additional 0,0000 0,0000
origin 0,0000 0,0000
back 0,6349 0,0005
title 0,0000 0,0000
walltime 0,0000 0,0000
interlanguage 0,0000 0,0000
patroltoken 0,0000 0,0000
content 0,0000 0,0000
random 0,0000 0,0000
load 0,0202 0,0000
incrementally 3,2189 0,0025
alpha 0,0101 0,0000
client 0,0000 0,0000
class 0,0000 0,0000
just 0,4943 0,0004
gehomepagesuggestededitsenabletopic 0,0000 0,0000
knockout 3,9120 0,0030
cakephp 3,5066 0,0027
custom 0,0000 0,0000
false 0,0000 0,0000
specification 0,7133 0,0005
permission 1,6607 0,0013
counter 0,0408 0,0000
parse 0,0619 0,0000
home 0,8675 0,0007
michael 0,7133 0,0005
print 0,0000 0,0000
coldbox 3,5066 0,0027
form 0,3011 0,0002
management 0,2231 0,0002
inherit 0,0101 0,0000
publish 0,4463 0,0003
pyramid 2,6593 0,0020
setup 1,9661 0,0015
developer 0,1744 0,0003
avoid 0,0101 0,0000
fresh 2,2073 0,0017
he 0,6733 0,0010
significantly 1,5141 0,0012
expert 1,3863 0,0021
lodash 2,9957 0,0023
advanced 0,7985 0,0006
silas 4,6052 0,0035
cherrypy 3,2189 0,0025
output 0,0000 0,0000
dmy 0,0000 0,0000
navigation 0,0000 0,0000
hook 2,9957 0,0023
context 0,5978 0,0005
action 0,0000 0,0000
lock 0,0101 0,0000
model 0,0000 0,0000
text 0,0000 0,0000
portal 0,0000 0,0000
manipulation 1,1712 0,0009
reduce 0,0101 0,0000
sentence 0,0000 0,0000
python 0,6539 0,0005
ppvisitednode 0,0000 0,0000
cookie 0,0000 0,0000
kern 0,0101 0,0000
large 0,2485 0,0004
dependency 1,2730 0,0010
dnn 3,5066 0,0027
fuelphp 3,5066 0,0027
pyjs 2,9957 0,0023
hashed 3,9120 0,0030
loading 0,0000 0,0000
announce 0,6733 0,0010
odd 0,0943 0,0001
traditional 0,7985 0,0006
contents 0,0000 0,0000
prado 3,5066 0,0027
john 0,5276 0,0004
wgvisualeditor 0,0000 0,0000
become 0,2877 0,0002
status 0,0000 0,0000
template 0,0000 0,0000
server 0,4005 0,0003
dom 1,6094 0,0012
enwiki 0,0619 0,0000
skin 0,0000 0,0000
subscription 0,0101 0,0000
evangelion 4,6052 0,0035
nuke 3,2189 0,0025
file 0,0000 0,0000
library 0,3857 0,0006
navbar 0,0202 0,0000
subbox 0,6931 0,0005
member 0,9163 0,0007
december 0,0000 0,0000
ability 0,7340 0,0006
bundle 1,6094 0,0012
map 0,8210 0,0013
wgnoticeproject 0,0000 0,0000
table 0,0000 0,0000
jhipster 3,5066 0,0027
side 0,3425 0,0003
may 0,0000 0,0000
break 0,0101 0,0000
jstor 1,4271 0,0011
max 0,0513 0,0000
within 0,3011 0,0002
could 0,4780 0,0004
change 0,0000 0,0000
vuerouter 4,6052 0,0035
trigger 0,0513 0,0000
menu 0,0000 0,0000
printable 0,0000 0,0000
off 0,8916 0,0007
url 0,0000 0,0000
doctype 3,5066 0,0027
naruto 4,6052 0,0035
hide 0,0000 0,0000
laminas 3,5066 0,0027
report 0,0202 0,0000
jojo 4,6052 0,0035
return 0,0000 0,0000
auto 0,0726 0,0001
instance 0,7765 0,0006
use 0,0000 0,0000
several 0,4155 0,0003
main 0,0000 0,0000
serve 1,0217 0,0016
wgcanonicalspecialpagename 0,0000 0,0000
while 0,2614 0,0002
blade 3,2189 0,0025
second 0,0408 0,0000
download 0,0000 0,0000
edge 1,2379 0,0010
high 0,0101 0,0000
split 0,0000 0,0000
solution 0,5621 0,0009
fine 1,5606 0,0012
find 0,3425 0,0003
limit 0,0000 0,0000
interactivity 3,5066 0,0027
logo 0,0000 0,0000
manga 3,9120 0,0030
different 0,0513 0,0000
directly 0,5108 0,0004
regardless 1,7720 0,0014
combine 0,7340 0,0006
officially 1,8971 0,0015
level 0,0000 0,0000
spa 4,6052 0,0035
utc 0,0000 0,0000
author 0,0000 0,0000
occur 0,7765 0,0006
tengen 4,6052 0,0035
difficult 0,9163 0,0007
joomla 3,2189 0,0025
webgui 3,5066 0,0027
canonical 0,0408 0,0000
permanently 2,0402 0,0016
expansion 0,0619 0,0000
entry 0,8210 0,0006
license 0,0000 0,0000
expand 0,0101 0,0000
wgcurrevisionid 0,0000 0,0000
astro 3,2189 0,0025
cubicweb 3,2189 0,0025
null 0,0000 0,0000
background 0,0101 0,0000
appfuse 3,5066 0,0027
focused 2,6593 0,0020
true 0,0000 0,0000
wgmfdisplaywikibasedescription 0,0000 0,0000
header 0,0000 0,0000
retrieve 0,0000 0,0000
watchtoken 0,0000 0,0000
angularjs 2,5257 0,0019
present 0,5621 0,0004
datum 0,0408 0,0000
belong 1,6607 0,0013
code 0,0000 0,0000
mdy 1,6094 0,0012
phalcon 3,5066 0,0027
omole 4,6052 0,0035
wgdefaultdateformat 0,0000 0,0000
box 0,0408 0,0000
seam 3,5066 0,0027
delete 0,4155 0,0003
sql 1,0788 0,0008
head 0,7765 0,0006
ball 2,6593 0,0020
foreach 0,0000 0,0000
total 0,0000 0,0000
productivity 1,8971 0,0015
deutsch 0,0943 0,0001
repeat 0,0101 0,0000
make 0,1165 0,0002
wggestructuredtaskrejectionreasontextinputenable 0,0000 0,0000
console 1,7720 0,0014
execution 0,7340 0,0006
src 0,6349 0,0005
control 0,1625 0,0001
pylons 3,2189 0,0025
structure 0,4155 0,0003
ruby 1,0217 0,0008
wicket 3,2189 0,0025
underlie 0,9416 0,0007
phoenix 2,8134 0,0022
attribution 0,0000 0,0000
compliant 2,2073 0,0017
essentially 2,2073 0,0017
nevow 3,2189 0,0025
merb 2,9957 0,0023
simplify 1,1394 0,0009
anime 4,6052 0,0035
webassembly 1,7720 0,0014
depend 0,7340 0,0011
vary 0,0619 0,0001
intentional 2,9957 0,0023
rocket 2,6593 0,0020
upper 0,0101 0,0000
commit 1,2730 0,0010
patch 1,5141 0,0012
stripes 3,2189 0,0025
contribution 0,0000 0,0000
mvvm 2,8134 0,0022
above 1,0788 0,0008
macross 4,6052 0,0035
expiry 0,0619 0,0000
minerva 0,0101 0,0000
runner 4,6052 0,0035
brand 0,0000 0,0000
recent 0,0000 0,0000
recursion 0,0513 0,0000
they 0,0619 0,0001
height 0,0101 0,0000
github 0,7340 0,0006
august 0,0000 0,0000
edit 0,0000 0,0000
module 0,0000 0,0000
wikibase 0,0619 0,0000
execute 0,6733 0,0005
benefit 0,9416 0,0007
something 1,4271 0,0011
datemodify 0,0619 0,0000
secondary 1,5606 0,0012
wires 4,6052 0,0035
node 0,0305 0,0000
concepts 1,1394 0,0009
animatrix 4,6052 0,0035
sub 1,9661 0,0015
notheme 0,3711 0,0003
seed 2,2073 0,0017
simi 0,9416 0,0007
eliminate 1,1712 0,0009
sum 1,9661 0,0015
buttonclicked 4,6052 0,0035
into 0,1985 0,0002
selflink 0,0101 0,0000
current 0,0000 0,0000
min 0,1165 0,0001
variety 0,9943 0,0008
mit 1,2040 0,0009
vector 0,0000 0,0000
free 0,0000 0,0000
mix 1,2379 0,0010
email 1,4271 0,0022
key 0,0305 0,0000
cachereport 0,0000 0,0000
controller 1,5141 0,0012
middle 0,7765 0,0006
necessary 0,8440 0,0006
svg 1,0788 0,0008
one 0,0943 0,0001
launch 0,9943 0,0008
many 0,2357 0,0002
gyroscope 3,2189 0,0025
single 0,3147 0,0002
entityaccesscount 0,0000 0,0000
extensive 1,5141 0,0012
bug 0,8675 0,0007
umbraco 3,5066 0,0027
associated 1,8326 0,0014
operation 0,5108 0,0004
open 0,1625 0,0001
wordpress 2,4079 0,0018
loader 1,8971 0,0015
tbody 0,6931 0,0005
aida 3,2189 0,0025
available 0,0000 0,0000
rapid 1,3093 0,0010
project 0,0000 0,0000
express 1,0788 0,0008
enhancement 0,0101 0,0000
inside 0,0101 0,0000
zero 1,0217 0,0008
xoops 3,5066 0,0027
variant 0,0619 0,0000
dynamic 0,7133 0,0005
generate 0,8210 0,0006
tapestry 3,2189 0,0025
this 0,1278 0,0001
nelson 2,9957 0,0023
please 0,8210 0,0006
sinatra 2,9957 0,0023
memusage 0,0000 0,0000
extract 1,7720 0,0014
reactive 3,9120 0,0030
solve 0,9416 0,0007
know 0,2231 0,0003
padrino 2,9957 0,0023
support 0,1393 0,0003
gurren 4,6052 0,0035
oldvalue 4,6052 0,0035
allow 0,1863 0,0003
wgpopupsflag 0,0000 0,0000
isbn 0,1054 0,0001
admin 2,8134 0,0022
detect 1,0788 0,0008
polski 0,1165 0,0001
privacy 0,0000 0,0000
update 0,4463 0,0010
vertical 0,7985 0,0006
life 0,9416 0,0007
brett 2,9957 0,0023
common 0,3711 0,0003
param 4,6052 0,0035
placeholder 0,0000 0,0000
emphasize 1,6094 0,0012
normal 0,0202 0,0000
figure 1,8326 0,0014
apply 0,0000 0,0000
org 1,5141 0,0012
technology 0,1863 0,0001
fastify 2,8134 0,0022
directive 1,8971 0,0015
wgarticleid 0,0000 0,0000
michiel 4,6052 0,0035
removal 1,6607 0,0013
nowiki 4,6052 0,0035
pagelanguagedir 0,0000 0,0000
wgcitereferencepreviewsactive 0,0000 0,0000
base 0,0305 0,0000
quintessential 4,6052 0,0035
runa 0,9416 0,0007
ecosystem 1,2040 0,0009
software 0,0000 0,0000
frameworks 2,0402 0,0016
react 2,2073 0,0017
dragon 3,9120 0,0030
during 0,5447 0,0004
none 0,0101 0,0000
repository 0,5276 0,0004
type 0,0000 0,0000
april 0,0000 0,0000
callum 3,9120 0,0030
reliable 0,7765 0,0006
compatible 1,2040 0,0009
problem 0,3285 0,0003
relate 0,0000 0,0000
optimization 0,8916 0,0007
enable 0,0000 0,0000
sidebar 0,0000 0,0000
limitreport 0,0000 0,0000
decoration 0,0619 0,0000
between 0,2107 0,0002
guide 0,3711 0,0003
reflist 0,0101 0,0000
inability 2,9957 0,0023
efficiency 0,8916 0,0007
still 0,5447 0,0004
goal 0,8440 0,0006
overhead 1,2040 0,0009
var 0,0000 0,0000
work 0,2231 0,0003
changelog 3,2189 0,0025
come 0,4155 0,0006
agree 0,0101 0,0000
push 0,0000 0,0000
dancer 3,5066 0,0027
nuxt 4,6052 0,0035
wgulsislanguageselectorempty 0,0000 0,0000
itself 0,6539 0,0005
following 2,1203 0,0016
exact 1,5606 0,0012
srpski 0,3711 0,0003
lift 2,5257 0,0019
registration 0,0101 0,0000
word 0,0101 0,0000
extension 0,6349 0,0005
portalbox 1,3093 0,0010
foundation 0,0000 0,0000
tools 1,4697 0,0011
derive 1,1394 0,0009
substitute 2,1203 0,0016
out 0,0000 0,0000
ghost 3,9120 0,0030
feature 0,0000 0,0000
cached 0,4463 0,0003
get 0,0000 0,0000
portalright 1,3093 0,0010
writing 1,7720 0,0014
dark 0,0101 0,0000
course 1,3093 0,0010
event 0,0000 0,0000
jacques 3,5066 0,0027
turbogears 3,2189 0,0025
include 0,0000 0,0000
toggle 0,0000 0,0000
lead 0,2231 0,0002
help 0,0000 0,0000
site 0,0000 0,0000
appearance 0,0000 0,0000
depth 0,0000 0,0000
classname 0,0000 0,0000
seaside 3,2189 0,0025
quasar 4,6052 0,0035
additionally 1,0498 0,0008
wggetopicsmatchmodeenable 0,0000 0,0000
spas 4,6052 0,0035
architectural 1,5141 0,0012
first 0,0408 0,0000
sharealike 0,0000 0,0000
date 0,3011 0,0007
argument 0,0513 0,0000
nowrap 0,0408 0,0000
bizarre 4,6052 0,0035
data 0,0000 0,0000
prefer 0,0101 0,0000
htmx 2,9957 0,0023
roman 0,0101 0,0000
cppcms 3,5066 0,0027
mulders 4,6052 0,0035
wgpageviewlanguage 0,0000 0,0000
wgrelevantpageisprobablyeditable 0,0000 0,0000
float 0,0101 0,0000
symfony 3,5066 0,0027
transclusion 0,0619 0,0000
space 0,0408 0,0000
reference 0,0101 0,0000
router 1,8326 0,0028
vuej 4,6052 0,0035
accesskey 0,0000 0,0000
arrange 3,2189 0,0025
ambox 0,7133 0,0005
plain 1,5141 0,0012
only 0,2107 0,0002
should 0,3711 0,0003
create 0,0000 0,0000
html 0,4463 0,0003
tag 0,0000 0,0000
hunter 2,6593 0,0020
mojolicious 3,5066 0,0027
development 0,1278 0,0001
laravel 3,2189 0,0025
edd 3,9120 0,0030
like 0,2231 0,0003
resource 0,4620 0,0004
bottom 0,0000 0,0000
reusable 1,9661 0,0015
revision 0,0000 0,0000
core 0,5621 0,0004
publisher 0,0000 0,0000
insertion 2,5257 0,0019
here 0,0000 0,0000
img 0,0408 0,0000
week 1,2379 0,0010
o'reilly 0,6733 0,0005
scala 2,0402 0,0016
kingsley 3,2189 0,0025
line 0,0101 0,0000
link 0,0000 0,0000
watcheffect 4,6052 0,0035
scale 0,4943 0,0004
silverstripe 3,5066 0,0027
rlstate 0,0000 0,0000
error 0,0101 0,0000
platform 0,0000 0,0000
devtool 3,5066 0,0027
can 0,0408 0,0000
rust 1,6094 0,0012
security 0,3285 0,0003
cap 0,0619 0,0000
contributor 0,0000 0,0000
wgcanonicalnamespace 0,0000 0,0000
ready 0,0000 0,0000
parameter 1,3093 0,0010
sproutcore 2,8134 0,0022
mvc 2,5257 0,0019
tcl 2,2073 0,0017
track 0,9676 0,0007
value 0,0000 0,0000
horde 3,5066 0,0027
wgisredirect 0,0000 0,0000
will 0,2485 0,0002
february 0,0000 0,0000
implementation 0,3147 0,0002
follow 0,2744 0,0002
jack 2,3026 0,0018
really 1,5606 0,0012
expensive 0,0408 0,0000
performance 0,3425 0,0003
trade 1,3863 0,0011
maint 0,0101 0,0000
response 0,7340 0,0006
responsive 0,0202 0,0000
challenge 0,6162 0,0005
category 0,0000 0,0000
platformversion 0,0000 0,0000
wikidata 0,0000 0,0000
normally 1,6094 0,0012
snap 2,9957 0,0023
