half 1,7148 0,0009
numerous 1,3863 0,0007
upload 0,0000 0,0000
wggelevelingupenabledforuser 0,0000 0,0000
wgrestrictionmove 0,0000 0,0000
explanation 2,5257 0,0013
wikia 4,6052 0,0024
would 0,3425 0,0002
solid 0,0202 0,0000
thus 0,7550 0,0004
notably 1,8326 0,0009
switzerland 2,4079 0,0012
investment 1,5141 0,0008
require 0,0000 0,0000
analysis 0,5108 0,0003
connexions 3,9120 0,0020
rewrite 1,2040 0,0006
scribunto 0,0000 0,0000
mercatorweb 4,6052 0,0024
exposure 2,4079 0,0012
size 0,0000 0,0000
left 0,0408 0,0000
cdx 0,0000 0,0000
arac 4,6052 0,0024
much 0,6931 0,0004
takeda 4,6052 0,0024
poorly 3,2189 0,0017
accessible 1,1712 0,0006
statistical 2,0402 0,0011
achieve 0,7985 0,0004
infinite 2,5257 0,0013
example 0,2485 0,0001
result 0,2231 0,0003
intuitively 3,5066 0,0018
same 0,2357 0,0001
after 0,0305 0,0000
headline 0,0000 0,0000
connect 0,8675 0,0004
policy 0,0000 0,0000
xiaoming 4,6052 0,0024
pagelanguagecode 0,0000 0,0000
gnu 1,1087 0,0006
transientcontent 0,0000 0,0000
signori 4,6052 0,0024
component 0,3147 0,0003
idhash 0,0619 0,0000
information 0,0000 0,0000
wrap 0,0101 0,0000
madian 4,6052 0,0024
standard 0,2357 0,0002
november 0,0000 0,0000
good 0,4155 0,0006
deploy 1,0217 0,0005
empty 0,0305 0,0000
compute 0,6733 0,0003
reproduce 2,4079 0,0012
wish 1,8971 0,0010
fullversionlist 0,0000 0,0000
export 0,0000 0,0000
area 0,7985 0,0004
gpl 2,2073 0,0011
check 0,7985 0,0008
cho 3,5066 0,0018
list 0,0000 0,0000
lack 0,5447 0,0003
wire 1,8326 0,0009
labs 1,2730 0,0007
ucla 3,5066 0,0018
authority 0,4780 0,0005
rbse 4,6052 0,0024
chile 3,5066 0,0018
child 0,0202 0,0000
ascend 4,6052 0,0047
mainentity 0,0000 0,0000
germany 0,5798 0,0003
interface 0,2485 0,0001
mohammadi 3,9120 0,0020
remove 0,3711 0,0002
disclaimers 0,0000 0,0000
society 1,5141 0,0008
webbase 4,6052 0,0024
wgisprobablyeditable 0,0000 0,0000
hard 1,1394 0,0006
spiderbot 4,6052 0,0024
tutorial 1,5141 0,0008
multiply 3,2189 0,0017
live 1,1712 0,0006
citation 0,0101 0,0000
mobile 0,0000 0,0000
multiple 0,2485 0,0001
perform 0,4463 0,0007
evolution 1,3471 0,0007
pdf 0,0000 0,0000
complaint 2,8134 0,0014
service 0,1393 0,0001
heritrix 4,6052 0,0024
there 0,2614 0,0001
well 0,2744 0,0001
pagetype 1,0788 0,0006
bitness 0,0000 0,0000
rgba 0,0101 0,0000
breadth 2,9957 0,0015
focus 0,6733 0,0003
invisible 2,3026 0,0012
american 0,8440 0,0004
entire 0,8675 0,0004
approach 0,3711 0,0004
experiment 1,7720 0,0009
thesis 2,3026 0,0012
block 0,0408 0,0000
per 0,8440 0,0004
write 0,1508 0,0002
order 0,4155 0,0004
period 1,4697 0,0008
aria 0,0000 0,0000
boxtext 0,0619 0,0000
byte 0,0408 0,0000
quinn 3,9120 0,0020
indonesia 0,3567 0,0002
propose 1,0788 0,0011
gori 4,6052 0,0024
million 0,9416 0,0010
even 0,0513 0,0000
analyze 1,2040 0,0006
binary 0,9943 0,0005
tagline 0,0000 0,0000
regexp 0,0000 0,0000
hundred 1,4271 0,0007
subsection 0,1508 0,0001
wait 1,8326 0,0019
pinkerton 4,6052 0,0024
wgeditsubmitbuttonlabelpublish 0,0000 0,0000
save 1,3863 0,0007
boarisch 1,9661 0,0010
toc 0,0000 0,0000
functionality 0,6539 0,0003
restrict 1,5141 0,0016
wgpagecontentmodel 0,0000 0,0000
hypertext 2,1203 0,0011
top 0,0000 0,0000
tkwww 4,6052 0,0024
too 0,8916 0,0005
peer 1,8971 0,0010
have 0,2744 0,0001
consequence 1,5606 0,0008
product 0,4005 0,0002
particularly 0,9943 0,0005
dominant 1,7148 0,0009
phd 2,5257 0,0013
produce 0,6931 0,0004
khabsa 4,6052 0,0024
wgnamespacenumber 0,0000 0,0000
framework 0,2877 0,0001
disable 2,2073 0,0011
regard 1,1087 0,0006
wgwmepagelength 0,0000 0,0000
php 1,3471 0,0007
entity 0,0101 0,0000
mnogosearch 4,6052 0,0024
expensivefunctioncount 0,0000 0,0000
minor 1,7148 0,0009
almost 1,1087 0,0006
equally 2,8134 0,0014
pia 3,9120 0,0020
manner 1,6607 0,0009
associate 0,6931 0,0004
crawl 3,5066 0,0072
timeusage 0,0000 0,0000
hacking 2,5257 0,0013
pin 0,0000 0,0000
academic 1,3093 0,0007
whether 0,7765 0,0004
function 0,0000 0,0000
cpe 4,6052 0,0024
comparison 0,4005 0,0002
law 1,2379 0,0006
cpu 0,0408 0,0000
less 0,6162 0,0003
basis 1,1087 0,0006
httrack 4,6052 0,0024
pcache 0,0619 0,0000
kumar 2,6593 0,0014
successive 2,8134 0,0014
ethic 2,5257 0,0013
improve 0,2485 0,0001
october 0,0000 0,0000
complication 0,0513 0,0000
university 0,5621 0,0003
latency 1,7720 0,0009
cause 0,6162 0,0006
technique 0,7550 0,0004
accidentally 2,6593 0,0014
jquery 0,0000 0,0000
effective 1,0217 0,0005
federated 2,4079 0,0012
pedro 2,4079 0,0012
design 0,1393 0,0002
extra 1,7720 0,0009
department 1,3863 0,0007
timeless 0,0101 0,0000
webmaster 3,9120 0,0020
filippo 3,9120 0,0020
accord 0,5108 0,0003
santini 4,6052 0,0024
automatic 1,2379 0,0006
wgwmeschemaeditattemptstepoversample 0,0000 0,0000
ttl 0,0000 0,0000
monotonically 4,6052 0,0024
industrial 1,5606 0,0008
investor 2,4079 0,0012
encyclopedia 0,0000 0,0000
conduct 0,0000 0,0000
shestakov 4,6052 0,0024
interested 1,8326 0,0009
respond 1,3471 0,0007
maintenance 0,6733 0,0003
abovebelow 0,0943 0,0000
accessibility 1,4697 0,0008
japan 1,2730 0,0007
freshness 4,6052 0,0024
ajax 1,7148 0,0009
lee 1,3471 0,0007
concern 0,8210 0,0008
pref 0,0000 0,0000
sitemaps 3,9120 0,0020
lawrence 2,3026 0,0012
state 0,3425 0,0004
csrftoken 0,0000 0,0000
press 0,5621 0,0003
element 0,0000 0,0000
manageability 4,6052 0,0024
night 0,0000 0,0000
want 0,8675 0,0009
recognize 1,3471 0,0007
each 0,1393 0,0001
kong 2,8134 0,0014
input 0,0000 0,0000
stanford 2,1203 0,0011
difference 0,8916 0,0005
must 0,4620 0,0002
safeguard 2,6593 0,0014
polite 3,5066 0,0018
unpinned 0,0000 0,0000
document 0,4463 0,0005
networks 1,2730 0,0007
two 0,2744 0,0001
hungary 4,6052 0,0024
kobayashi 3,9120 0,0020
scenario 1,4271 0,0007
dissertation 2,6593 0,0014
peng 3,5066 0,0018
distribute 0,3857 0,0002
creation 0,7985 0,0004
datepublished 0,0000 0,0000
validate 1,4697 0,0008
applebot 4,6052 0,0024
receive 0,7340 0,0004
refresh 2,8134 0,0014
marketing 1,2730 0,0007
wgusername 0,0000 0,0000
jeeves 4,6052 0,0024
principle 0,7985 0,0004
lib 4,6052 0,0024
juan 2,9957 0,0015
lie 2,1203 0,0011
tedious 3,2189 0,0017
source 0,1393 0,0001
align 0,0101 0,0000
ieee 0,8440 0,0004
hai 4,6052 0,0024
lim 3,9120 0,0020
unable 2,2073 0,0011
late 0,4155 0,0002
continue 0,6931 0,0004
scheduling 1,5606 0,0008
liu 2,2073 0,0011
actual 1,1394 0,0006
last 0,0000 0,0000
wandelmer 4,6052 0,0024
adapt 1,4271 0,0007
gulls 4,6052 0,0024
weight 0,0101 0,0000
intrinsic 2,6593 0,0014
surprising 2,8134 0,0014
technologies 1,0788 0,0006
measure 0,9416 0,0010
harrison 3,2189 0,0017
overall 1,1394 0,0006
page 0,0000 0,0000
full 0,0202 0,0000
memory 0,0408 0,0000
doctoral 3,5066 0,0018
concept 0,3711 0,0002
video 0,8210 0,0004
yates 3,9120 0,0020
house 1,4271 0,0007
programmatic 3,5066 0,0018
brisbane 4,6052 0,0024
early 0,4308 0,0002
overview 0,5447 0,0003
center 0,0000 0,0000
cairo 3,9120 0,0020
start 0,3011 0,0005
yet 1,1087 0,0006
windows 0,7985 0,0004
manage 0,3567 0,0004
equal 1,9661 0,0010
ncsa 3,5066 0,0018
cloudsearch 4,6052 0,0024
hdl 1,6094 0,0008
chang 2,9957 0,0015
wikimedia 0,0000 0,0000
short 0,0000 0,0000
time 0,0000 0,0000
sivakumar 4,6052 0,0024
program 0,2614 0,0001
three 0,3711 0,0002
multi 2,2073 0,0011
deletion 2,5257 0,0013
swiftype 3,9120 0,0020
trap 2,4079 0,0037
boldi 4,6052 0,0024
gallery 2,6593 0,0014
struggle 2,5257 0,0013
codenotti 4,6052 0,0024
evenly 4,6052 0,0024
extraction 2,4079 0,0012
dynamically 1,8326 0,0009
creative 0,0000 0,0000
nederlands 0,1985 0,0001
allocate 1,5606 0,0016
provide 0,1625 0,0003
wayback 0,7985 0,0004
gravano 4,6052 0,0024
bruno 3,5066 0,0018
mercator 4,6052 0,0024
pant 3,9120 0,0020
log 0,0000 0,0000
enterprise 0,4463 0,0002
reliability 1,1712 0,0006
wgcheckuserclienthintsheadersjsapi 0,0000 0,0000
consume 1,3471 0,0007
teaching 2,8134 0,0014
euskara 0,5108 0,0003
computer 0,1863 0,0001
low 0,0101 0,0000
timingprofile 0,0000 0,0000
theme 0,0000 0,0000
wgcategory 0,0000 0,0000
editor 0,0000 0,0000
iccsa 4,6052 0,0024
postexpandincludesize 0,0000 0,0000
proc 2,6593 0,0014
indexing 1,7148 0,0009
efficient 1,0217 0,0005
initial 0,3857 0,0002
unstrip 0,0000 0,0000
consistent 1,1712 0,0006
templateargumentsize 0,0000 0,0000
unsourced 0,5621 0,0003
january 0,0000 0,0000
permanent 0,0000 0,0000
fetch 1,9661 0,0010
choice 1,0498 0,0005
small 0,0305 0,0000
quick 1,3863 0,0007
before 0,0305 0,0000
castillo 2,9957 0,0015
omniscient 4,6052 0,0024
mccurley 4,6052 0,0024
replace 0,7340 0,0004
experience 0,7985 0,0008
italic 0,1278 0,0001
major 0,5621 0,0003
jordan 1,7148 0,0009
consider 0,4005 0,0002
day 0,0000 0,0000
gnutella 3,9120 0,0020
combination 1,0788 0,0011
group 0,0408 0,0000
obtain 1,3471 0,0007
repeatedly 2,4079 0,0012
numerically 3,9120 0,0020
workshop 1,5606 0,0008
format 0,0101 0,0000
archive 0,0943 0,0002
particular 0,5978 0,0003
dong 3,5066 0,0018
history 0,0000 0,0000
request 0,6733 0,0010
abiteboul 4,6052 0,0024
wgrestrictionedit 0,0000 0,0000
part 0,1985 0,0002
wgpageparsereport 0,0000 0,0000
point 0,5447 0,0006
general 0,0000 0,0000
september 0,0000 0,0000
browser 0,9943 0,0005
padding 0,0000 0,0000
process 0,1625 0,0002
clear 0,0101 0,0000
ltr 0,0000 0,0000
cymraeg 1,4697 0,0008
build 0,2357 0,0004
mean 0,4463 0,0002
neither 2,2073 0,0011
lua 0,0513 0,0000
further 0,3711 0,0002
account 0,0000 0,0000
mostly 1,2730 0,0007
allan 2,9957 0,0015
mime 2,8134 0,0014
den 2,8134 0,0014
viewing 3,5066 0,0018
evaluation 1,3093 0,0007
path 1,0498 0,0005
retrieval 1,5141 0,0008
zheng 3,9120 0,0020
abbr 0,0619 0,0000
you 0,0000 0,0000
jump 0,0000 0,0000
knowledge 0,7340 0,0004
soft 2,1203 0,0011
synchronize 2,0402 0,0011
happen 1,3471 0,0007
duckduckbot 4,6052 0,0024
giles 3,2189 0,0017
carefully 2,0402 0,0011
pass 0,8675 0,0004
impact 0,9163 0,0005
active 0,7985 0,0004
july 0,0000 0,0000
easy 0,6733 0,0003
unintentionally 3,5066 0,0018
domain 0,6931 0,0004
citeseerxbot 4,6052 0,0024
baeza 3,9120 0,0020
preda 4,6052 0,0024
average 1,8971 0,0010
compare 0,9416 0,0005
mirror 2,1203 0,0011
subgroup 0,0513 0,0000
denis 3,9120 0,0020
transparent 0,0619 0,0000
adaptive 2,1203 0,0011
how 0,0834 0,0000
journal 0,4780 0,0002
term 0,0000 0,0000
acquisition 1,2040 0,0006
business 0,3425 0,0002
mini 0,0619 0,0000
involve 0,6539 0,0003
possible 0,5276 0,0003
right 0,0101 0,0000
bing 2,8134 0,0014
march 0,0000 0,0000
june 0,0000 0,0000
wikitext 0,0000 0,0000
under 0,0101 0,0000
represent 0,5978 0,0003
dig 3,9120 0,0020
sometimes 0,6931 0,0004
autocapitalize 0,0000 0,0000
faculty 2,9957 0,0015
div 0,0000 0,0000
trail 2,4079 0,0012
outdated 2,8134 0,0014
bracket 0,0619 0,0000
cobena 4,6052 0,0024
wgpagename 0,0000 0,0000
talk 0,0000 0,0000
computational 1,2040 0,0006
richard 0,9676 0,0005
hyperlink 2,4079 0,0012
test 0,4463 0,0005
wolfbot 4,6052 0,0024
count 0,0513 0,0000
hatnote 0,2107 0,0001
publicly 1,6094 0,0008
scholar 1,3863 0,0007
graph 1,4697 0,0015
pageload 4,6052 0,0024
pinnable 0,0000 0,0000
take 0,2877 0,0006
month 0,7133 0,0004
stormcrawler 4,6052 0,0024
wgrevisionid 0,0000 0,0000
relatively 1,0498 0,0005
some 0,1744 0,0001
pradeep 4,6052 0,0024
importance 2,0402 0,0011
additional 0,0000 0,0000
endless 3,5066 0,0018
training 1,4697 0,0008
title 0,0000 0,0000
patroltoken 0,0000 0,0000
miss 1,3471 0,0007
states 0,4943 0,0003
harvesting 3,9120 0,0020
load 0,0202 0,0000
alpha 0,0101 0,0000
solr 3,9120 0,0020
ignore 1,4697 0,0008
human 0,9416 0,0005
just 0,4943 0,0003
notice 1,6094 0,0008
htm 3,9120 0,0020
owner 1,3863 0,0014
custom 0,0000 0,0000
length 1,6094 0,0008
home 0,8675 0,0004
michael 0,7133 0,0004
teregowda 4,6052 0,0024
schedule 1,1087 0,0006
print 0,0000 0,0000
crippling 3,9120 0,0020
inherit 0,0101 0,0000
alexandra 2,8134 0,0014
simulation 1,9661 0,0010
attempt 0,8440 0,0004
dmy 0,0000 0,0000
navigation 0,0000 0,0000
balance 1,7148 0,0009
action 0,0000 0,0000
guidelines 1,8326 0,0009
lock 0,0101 0,0000
text 0,0000 0,0000
usually 0,4780 0,0002
python 0,6539 0,0003
ppvisitednode 0,0000 0,0000
cookie 0,0000 0,0000
topology 2,6593 0,0014
classification 1,5606 0,0008
loading 0,0000 0,0000
marin 4,6052 0,0024
hong 2,8134 0,0014
field 0,7550 0,0004
julien 3,2189 0,0017
contents 0,0000 0,0000
interval 2,2073 0,0023
singh 2,5257 0,0013
snapshot 2,5257 0,0013
transactional 2,5257 0,0013
doi 0,4155 0,0002
status 0,0000 0,0000
semantic 1,6607 0,0009
server 0,4005 0,0004
dom 1,6094 0,0008
anatomy 2,9957 0,0015
portugal 2,9957 0,0015
skin 0,0000 0,0000
skip 2,6593 0,0014
diffbot 4,6052 0,0024
mac 1,3471 0,0007
file 0,0000 0,0000
government 1,2379 0,0006
accumulate 2,6593 0,0014
steve 1,1394 0,0006
brin 3,2189 0,0017
map 0,8210 0,0004
wgnoticeproject 0,0000 0,0000
paradoxical 4,6052 0,0024
may 0,0000 0,0000
max 0,0513 0,0000
within 0,3011 0,0002
could 0,4780 0,0002
farookh 4,6052 0,0024
trigger 0,0513 0,0000
ethical 2,4079 0,0012
menu 0,0000 0,0000
url 0,0000 0,0000
agents 3,9120 0,0020
computation 1,3863 0,0014
machine 0,2744 0,0003
able 0,9943 0,0005
efficiently 1,4697 0,0008
stuart 2,5257 0,0013
return 0,0000 0,0000
specialize 1,8971 0,0010
topical 3,5066 0,0018
vldb 3,5066 0,0018
use 0,0000 0,0000
main 0,0000 0,0000
solution 0,5621 0,0003
berg 3,2189 0,0017
find 0,3425 0,0005
aspx 4,6052 0,0024
host 0,6539 0,0007
logo 0,0000 0,0000
international 0,3011 0,0002
jian 3,5066 0,0018
logs 1,3093 0,0007
regardless 1,7720 0,0009
approximation 2,5257 0,0013
elsevier 2,2073 0,0011
utc 0,0000 0,0000
nmssf 4,6052 0,0024
difficult 0,9163 0,0005
canonical 0,0408 0,0000
sort 1,5606 0,0008
shervin 4,6052 0,0024
originate 1,6094 0,0008
wgcurrevisionid 0,0000 0,0000
task 0,5108 0,0005
null 0,0000 0,0000
infer 2,4079 0,0012
background 0,0101 0,0000
true 0,0000 0,0000
canonicalization 4,6052 0,0024
header 0,0000 0,0000
watchtoken 0,0000 0,0000
needlebase 4,6052 0,0024
present 0,5621 0,0003
weber 2,8134 0,0014
owasp 2,9957 0,0015
delete 0,4155 0,0002
foreach 0,0000 0,0000
repeat 0,0101 0,0000
make 0,1165 0,0002
wggestructuredtaskrejectionreasontextinputenable 0,0000 0,0000
gregory 2,5257 0,0013
prasenjit 4,6052 0,0024
thread 1,2379 0,0006
rapidly 2,1203 0,0011
structure 0,4155 0,0002
online 0,7340 0,0004
simplify 1,1394 0,0006
threat 1,7148 0,0009
writer 2,0402 0,0011
depend 0,7340 0,0008
herbert 2,5257 0,0013
crash 1,6094 0,0008
cover 1,2040 0,0006
nomenclature 3,9120 0,0020
character 1,1394 0,0006
contribution 0,0000 0,0000
recursion 0,0513 0,0000
height 0,0101 0,0000
august 0,0000 0,0000
hamster 4,6052 0,0024
module 0,0000 0,0000
wikibase 0,0619 0,0000
benefit 0,9416 0,0005
something 1,4271 0,0007
datemodify 0,0619 0,0000
intention 2,4079 0,0012
quality 0,8916 0,0005
unique 1,2379 0,0006
processing 0,6162 0,0003
boost 1,9661 0,0010
hrvatski 0,7550 0,0004
chiba 4,6052 0,0024
examine 1,5606 0,0016
long 0,4005 0,0002
into 0,1985 0,0001
min 0,1165 0,0001
free 0,0000 0,0000
iat 4,6052 0,0024
redirect 1,1087 0,0006
expression 1,3471 0,0007
though 0,8440 0,0004
many 0,2357 0,0001
designing 1,9661 0,0010
actually 1,3093 0,0007
vigna 3,2189 0,0017
crawljax 4,6052 0,0024
ranking 2,9957 0,0015
diligenti 4,6052 0,0024
mani 4,6052 0,0024
wording 4,6052 0,0024
open 0,1625 0,0001
calculation 2,3026 0,0012
agent 1,3863 0,0014
treat 1,3863 0,0007
approximate 2,3026 0,0012
project 0,0000 0,0000
enhancement 0,0101 0,0000
inside 0,0101 0,0000
opic 4,6052 0,0024
california 1,2379 0,0006
richness 4,6052 0,0024
sigmod 2,5257 0,0013
seeds 3,5066 0,0018
coetzee 4,6052 0,0024
collection 0,6733 0,0007
modification 1,4271 0,0015
disrupt 2,8134 0,0014
systematically 3,2189 0,0017
internet 0,5447 0,0003
allow 0,1863 0,0002
wired 1,2040 0,0006
isbn 0,1054 0,0001
detect 1,0788 0,0011
update 0,4463 0,0009
apple 1,1712 0,0006
interest 0,9943 0,0005
themselves 1,1394 0,0006
definition 0,4943 0,0003
placeholder 0,0000 0,0000
every 0,6162 0,0003
mask 2,9957 0,0015
middleware 1,6607 0,0009
summary 1,6607 0,0009
apply 0,0000 0,0000
recently 1,5141 0,0008
scraper 4,6052 0,0047
opensearch 3,9120 0,0020
marc 2,3026 0,0012
removal 1,6607 0,0009
formula 2,4079 0,0012
step 0,7765 0,0004
mark 0,6733 0,0003
sortsite 4,6052 0,0024
base 0,0305 0,0000
mod 3,2189 0,0017
runa 0,9416 0,0005
isdn 4,6052 0,0024
reasoning 1,6607 0,0009
desirable 2,3026 0,0012
during 0,5447 0,0003
fair 2,1203 0,0011
relate 0,0000 0,0000
backlink 4,6052 0,0024
enable 0,0000 0,0000
price 1,2730 0,0007
sidebar 0,0000 0,0000
limitreport 0,0000 0,0000
decoration 0,0619 0,0000
reflist 0,0101 0,0000
azure 1,2730 0,0007
van 1,3093 0,0007
worm 3,5066 0,0018
collaborative 1,8971 0,0010
var 0,0000 0,0000
work 0,2231 0,0002
agree 0,0101 0,0000
wgulsislanguageselectorempty 0,0000 0,0000
among 0,5276 0,0003
nedersaksies 2,9957 0,0015
srpski 0,3711 0,0002
registration 0,0101 0,0000
word 0,0101 0,0000
postscript 3,9120 0,0020
wget 4,6052 0,0024
foundation 0,0000 0,0000
secret 1,6607 0,0009
across 0,5798 0,0003
discontinue 1,3863 0,0007
uniform 1,7148 0,0009
fall 1,2379 0,0006
identity 1,2379 0,0006
verify 1,5141 0,0008
event 0,0000 0,0000
include 0,0000 0,0000
revisit 3,2189 0,0017
sompel 4,6052 0,0024
toggle 0,0000 0,0000
abstract 1,3093 0,0007
incremental 1,6607 0,0009
appearance 0,0000 0,0000
classname 0,0000 0,0000
wggetopicsmatchmodeenable 0,0000 0,0000
spam 2,0402 0,0011
first 0,0408 0,0000
span 1,2730 0,0007
voice 1,6094 0,0008
nowrap 0,0408 0,0000
perfect 2,5257 0,0013
prefer 0,0101 0,0000
roman 0,0101 0,0000
msn 2,3026 0,0012
wgrelevantpageisprobablyeditable 0,0000 0,0000
float 0,0101 0,0000
transclusion 0,0619 0,0000
space 0,0408 0,0000
reference 0,0101 0,0000
html 0,4463 0,0002
discover 1,2379 0,0019
exploration 2,3026 0,0012
imply 1,9661 0,0020
bottom 0,0000 0,0000
capture 1,4697 0,0008
mining 1,9661 0,0010
garcia 3,2189 0,0017
revision 0,0000 0,0000
magyar 0,3425 0,0002
unreliable 2,2073 0,0011
publisher 0,0000 0,0000
serge 3,9120 0,0020
img 0,0408 0,0000
arrival 2,8134 0,0014
rlstate 0,0000 0,0000
error 0,0101 0,0000
platform 0,0000 0,0000
aggregate 1,9661 0,0010
network 0,3285 0,0003
paper 0,9416 0,0005
public 0,4155 0,0002
parameter 1,3093 0,0013
iteration 2,4079 0,0012
track 0,9676 0,0010
value 0,0000 0,0000
inc 1,3093 0,0007
stephen 1,5141 0,0008
mohammad 2,5257 0,0013
instead 0,4463 0,0002
command 0,7133 0,0004
expensive 0,0408 0,0000
performance 0,3425 0,0002
maint 0,0101 0,0000
growth 1,2040 0,0006
slash 2,4079 0,0025
platformversion 0,0000 0,0000
templatequote 1,9661 0,0010
optimal 1,9661 0,0010
references 0,0513 0,0000
saved 0,0619 0,0000
year 0,2614 0,0001
bingbot 4,6052 0,0024
texas 2,5257 0,0013
ios 1,8971 0,0010
via 0,3011 0,0002
quote 0,0101 0,0000
graduate 2,0402 0,0011
poor 2,0402 0,0011
visual 0,9416 0,0005
tomkins 4,6052 0,0024
because 0,0000 0,0000
springer 0,9676 0,0005
navigate 1,8971 0,0010
unlikely 2,3026 0,0012
viv 4,6052 0,0024
fairly 2,8134 0,0014
google 0,4005 0,0002
proportional 3,2189 0,0017
community 0,0000 0,0000
version 0,0000 0,0000
overload 2,3026 0,0024
selection 1,5141 0,0008
stop 1,1394 0,0006
eesti 0,3285 0,0002
science 0,5447 0,0003
dissertations 4,6052 0,0024
detail 0,7133 0,0007
poster 4,6052 0,0024
archiving 3,9120 0,0020
wgusergroup 0,0000 0,0000
wikipedia 0,0000 0,0000
behavior 0,8210 0,0004
scott 1,0217 0,0005
close 0,8210 0,0004
afrikaans 0,9416 0,0005
minimize 1,4697 0,0015
website 0,3711 0,0004
learn 0,0000 0,0000
aggregator 4,6052 0,0024
photo 2,0402 0,0011
textual 2,5257 0,0013
zhen 4,6052 0,0024
concurrency 1,3471 0,0007
characterize 1,9661 0,0010
fast 0,4943 0,0005
thelwall 4,6052 0,0024
emerge 1,2730 0,0007
register 0,0000 0,0000
communicate 1,1394 0,0006
evidence 1,7720 0,0009
historical 1,9661 0,0010
acm 0,8675 0,0004
agpl 2,9957 0,0015
assessment 1,7148 0,0009
post 0,0202 0,0000
leave 0,0101 0,0000
nathan 2,2073 0,0011
ita 3,2189 0,0017
finish 1,8971 0,0010
protocols 2,0402 0,0011
ontology 2,1203 0,0022
add 0,0000 0,0000
need 0,1393 0,0002
its 0,0726 0,0000
often 0,2877 0,0001
article 0,0000 0,0000
volume 1,1712 0,0006
canada 1,6607 0,0009
parser 0,0000 0,0000
spetka 4,6052 0,0024
mitra 3,9120 0,0020
http 0,0000 0,0000
therefore 0,7985 0,0004
crawling 4,6052 0,0024
decimal 0,0101 0,0000
useful 0,9943 0,0005
ntoulas 4,6052 0,0024
private 0,8210 0,0004
inbound 4,6052 0,0024
united 0,4780 0,0002
choose 0,8440 0,0009
wghostname 0,0000 0,0000
funchal 4,6052 0,0024
prevent 0,7340 0,0008
vol 1,1712 0,0006
previously 1,1712 0,0006
wgtitle 0,0000 0,0000
engine 0,4780 0,0005
end 0,3011 0,0003
identify 0,6733 0,0010
wgdigittransformtable 0,0000 0,0000
hlist 0,0408 0,0000
label 0,0000 0,0000
special 0,0000 0,0000
modify 0,7765 0,0008
environment 0,4308 0,0002
rlconf 0,0000 0,0000
paolo 2,8134 0,0014
progressive 1,0788 0,0006
swiftbot 4,6052 0,0024
age 1,2730 0,0007
bahasa 0,3285 0,0002
release 0,2744 0,0003
rajagopalan 4,6052 0,0024
fisher 3,9120 0,0020
number 0,0000 0,0000
wgbackendresponsetime 0,0000 0,0000
shorten 0,0000 0,0000
normalization 2,5257 0,0013
proceedings 0,7550 0,0004
algorithm 0,8675 0,0009
similar 0,4780 0,0002
nothing 1,6607 0,0009
testing 0,6733 0,0003
specify 0,6349 0,0003
handle 0,6539 0,0003
wivet 4,6052 0,0024
script 1,2379 0,0006
unintended 2,9957 0,0015
system 0,0101 0,0000
seventh 2,8134 0,0014
arachnid 4,6052 0,0024
aid 1,3471 0,0007
partial 1,6607 0,0009
crawlers 4,6052 0,0024
algorithms 1,8971 0,0010
other 0,0000 0,0000
aim 0,8210 0,0004
mihai 3,9120 0,0020
against 0,6931 0,0004
yacy 4,6052 0,0024
exclusion 3,2189 0,0017
login 2,4079 0,0012
local 0,7985 0,0004
bhowmick 4,6052 0,0024
yield 2,0402 0,0011
outcome 1,8971 0,0010
rlq 0,0000 0,0000
anchor 1,9661 0,0010
cite 0,0000 0,0000
screen 0,0101 0,0000
autonomous 2,1203 0,0011
body 0,0000 0,0000
mode 0,0000 0,0000
pages 0,0000 0,0000
optimize 1,0217 0,0011
newpp 0,0619 0,0000
all 0,0408 0,0000
always 0,9416 0,0005
border 0,0000 0,0000
new 0,0000 0,0000
turku 4,6052 0,0024
read 0,0000 0,0000
already 1,1087 0,0006
real 0,0408 0,0000
clientpref 0,0000 0,0000
expense 2,5257 0,0013
tool 0,0000 0,0000
svenska 0,3857 0,0002
msnbot 4,6052 0,0024
unix 1,3093 0,0007
wgpagecontentlanguage 0,0000 0,0000
wgisarticle 0,0000 0,0000
today 1,0788 0,0006
define 0,2744 0,0001
predict 1,6607 0,0009
douglas 1,7148 0,0009
row 0,4943 0,0003
render 0,0513 0,0000
interlingua 1,3093 0,0007
frontier 1,9661 0,0010
categorization 2,9957 0,0015
egypt 3,2189 0,0017
ant 2,8134 0,0014
politeness 4,6052 0,0024
requirement 0,5798 0,0003
specific 0,2877 0,0001
any 0,2107 0,0001
minute 1,8326 0,0009
prioritize 2,1203 0,0022
wiener 3,9120 0,0020
application 0,0943 0,0001
wgflaggedrevsparams 0,0000 0,0000
martin 1,0788 0,0006
until 0,7765 0,0004
strategy 0,7340 0,0008
collapse 0,0408 0,0000
nasiri 4,6052 0,0024
reason 0,7985 0,0004
accurate 1,9661 0,0010
benchmarking 2,6593 0,0014
maintain 0,3567 0,0002
wgrelevantarticleid 0,0000 0,0000
preprocessor 0,0513 0,0000
maximize 2,2073 0,0011
identification 2,1203 0,0011
java 0,6162 0,0003
annual 1,0788 0,0006
english 0,0000 0,0000
powermapper 4,6052 0,0024
api 0,3425 0,0002
nix 3,9120 0,0020
fully 0,8210 0,0004
models 1,8971 0,0010
cache 0,0305 0,0000
margin 0,0000 0,0000
suomi 0,2107 0,0001
wgrequestid 0,0000 0,0000
remain 0,7550 0,0004
enwikimwclientpreference 0,0000 0,0000
rlpagemodules 0,0000 0,0000
slow 1,1087 0,0006
chakrabarti 3,9120 0,0020
samea 0,0000 0,0000
wgwikibaseitemid 0,0000 0,0000
hussain 3,2189 0,0017
fetcher 4,6052 0,0024
wgulsiscompactlinksenable 0,0000 0,0000
frequently 1,0788 0,0006
another 0,3567 0,0002
automatically 0,7765 0,0004
pagevariantfallback 0,0000 0,0000
worth 2,5257 0,0013
webarchive 0,7985 0,0004
default 0,6931 0,0004
wgmonthname 0,0000 0,0000
disabled 0,0000 0,0000
where 0,2744 0,0001
taker 3,9120 0,0020
mechanism 0,7550 0,0004
timestamp 0,0000 0,0000
multisearch 4,6052 0,0024
art 1,2379 0,0006
bandwidth 2,3026 0,0012
metasearch 4,6052 0,0024
call 0,0101 0,0000
such 0,0943 0,0000
classic 1,3093 0,0007
metric 1,8326 0,0019
asi 4,6052 0,0024
ask 1,0498 0,0005
describe 0,2485 0,0003
asp 2,5257 0,0013
through 0,2107 0,0001
run 0,3011 0,0003
microsoft 0,4005 0,0002
challenging 2,2073 0,0011
research 0,5621 0,0003
either 0,5621 0,0003
view 0,0000 0,0000
vulnerable 1,7720 0,0009
white 0,0305 0,0000
segment 1,8326 0,0009
donate 0,0000 0,0000
foaf 3,2189 0,0017
might 0,7340 0,0004
menczer 4,6052 0,0024
khadeer 4,6052 0,0024
bold 0,0408 0,0000
duplicate 1,8971 0,0010
engineering 0,3857 0,0002
significant 0,6931 0,0004
difficulty 1,6607 0,0009
name 0,0000 0,0000
budapest 3,9120 0,0020
cputime 0,0000 0,0000
larry 1,9661 0,0010
neighborhood 4,6052 0,0024
watchlist 0,0000 0,0000
suel 4,6052 0,0024
next 0,5798 0,0003
color 0,0101 0,0000
import 1,5606 0,0008
spidering 4,6052 0,0024
submit 1,6094 0,0008
book 0,4308 0,0002
indexable 3,9120 0,0020
show 0,0513 0,0001
description 0,0000 0,0000
generating 3,9120 0,0020
recursively 3,9120 0,0020
scalability 1,3093 0,0007
conclusion 2,4079 0,0012
nor 1,7720 0,0009
malicious 2,1203 0,0011
not 0,0101 0,0000
central 0,9416 0,0005
statement 0,0000 0,0000
trademark 0,0101 0,0000
hadoop 2,4079 0,0012
greek 0,0101 0,0000
elizabeth 2,8134 0,0014
norton 2,8134 0,0014
grep 3,9120 0,0020
introduce 0,3285 0,0002
continuity 3,5066 0,0018
kaufmann 2,0402 0,0011
rodriguez 2,9957 0,0015
way 0,2485 0,0003
massively 2,5257 0,0013
target 0,0101 0,0000
tokyo 2,8134 0,0014
what 0,0000 0,0000
detailed 1,6094 0,0008
refer 0,4155 0,0002
ghodsi 3,9120 0,0020
slurp 4,6052 0,0024
container 0,0000 0,0000
play 1,1712 0,0006
ipeirotis 4,6052 0,0024
developers 0,0000 0,0000
janet 2,8134 0,0014
quickly 1,1087 0,0006
usage 0,0000 0,0000
decide 0,9943 0,0005
wgmediaviewerenabledbydefault 0,0000 0,0000
nearby 0,0000 0,0000
when 0,0834 0,0000
deque 4,6052 0,0024
wooldridge 4,6052 0,0024
cash 2,2073 0,0011
case 0,3285 0,0003
generation 1,2040 0,0006
give 0,4780 0,0005
item 0,0000 0,0000
wgmediavieweronclick 0,0000 0,0000
wgulsposition 0,0000 0,0000
simulated 3,9120 0,0020
icde 3,9120 0,0020
indexer 4,6052 0,0024
melayu 0,6349 0,0003
davis 1,7148 0,0009
scrapy 4,6052 0,0024
explicit 1,4697 0,0008
wgbreakframe 0,0000 0,0000
phone 1,4271 0,0007
rely 0,6931 0,0004
slide 2,3026 0,0012
italiano 0,1278 0,0001
sticky 0,0000 0,0000
institutes 3,5066 0,0018
style 0,0000 0,0000
browse 3,2189 0,0033
denial 2,3026 0,0012
explicitly 1,2040 0,0006
study 0,9416 0,0010
searchinput 0,0000 0,0000
portion 1,5141 0,0008
shkapenyuk 4,6052 0,0024
pattern 0,5978 0,0003
najork 4,6052 0,0024
commons 0,0000 0,0000
scrape 2,5257 0,0026
confuse 1,2040 0,0006
modern 0,7340 0,0004
web 0,1165 0,0001
architecture 0,0000 0,0000
more 0,0000 0,0000
display 0,0000 0,0000
great 0,8675 0,0004
organization 0,0000 0,0000
width 0,0000 0,0000
carman 4,6052 0,0024
broadly 2,6593 0,0014
certain 0,6162 0,0003
statistics 0,0000 0,0000
monkey 3,5066 0,0018
pablo 3,9120 0,0020
baidu 2,4079 0,0012
section 0,7340 0,0004
simple 0,2231 0,0001
polling 2,8134 0,0014
levene 4,6052 0,0024
protocol 0,5621 0,0003
overflow 0,3567 0,0002
heydon 4,6052 0,0024
few 0,7133 0,0004
robots 3,2189 0,0017
otherwise 1,3863 0,0007
visible 0,0101 0,0000
orient 0,5447 0,0003
kind 0,8675 0,0004
amsterdam 2,6593 0,0014
both 0,0305 0,0000
important 0,0101 0,0000
most 0,2107 0,0001
keen 3,9120 0,0020
effects 2,3026 0,0012
obsolescence 3,5066 0,0018
transfer 0,7985 0,0004
gautam 3,5066 0,0018
keep 0,6733 0,0010
topic 0,0000 0,0000
tomlin 4,6052 0,0024
option 0,9416 0,0010
who 0,5621 0,0003
game 0,7765 0,0004
contribute 0,0000 0,0000
highlight 1,3093 0,0007
administrator 1,6094 0,0017
database 0,2485 0,0003
billion 1,3471 0,0007
opportunistic 2,9957 0,0015
parallel 1,1087 0,0006
cothey 4,6052 0,0024
mcfarland 3,5066 0,0018
citeseerx 1,8971 0,0010
poulovassilis 4,6052 0,0024
wgseparatortransformtable 0,0000 0,0000
breach 1,6094 0,0008
san 1,2379 0,0006
amount 0,9416 0,0010
move 0,0000 0,0000
original 0,0943 0,0000
also 0,0202 0,0000
increase 0,4620 0,0005
inline 0,0408 0,0000
latter 1,6607 0,0009
visit 0,0408 0,0001
user 0,0000 0,0000
customer 0,7550 0,0008
equivalent 1,5141 0,0008
bad 1,4271 0,0007
edwards 2,4079 0,0012
fit 1,6607 0,0009
offer 0,4155 0,0004
robot 2,1203 0,0022
fix 0,5108 0,0003
sci 2,9957 0,0015
mirroring 3,9120 0,0020
addition 0,6733 0,0003
ubicrawler 4,6052 0,0024
personal 0,0000 0,0000
delay 1,8326 0,0009
imageobject 0,0000 0,0000
consideration 1,5606 0,0008
drive 0,4780 0,0005
strong 0,9943 0,0005
be 0,1508 0,0002
prove 1,3093 0,0007
scheme 0,0101 0,0000
affect 1,0217 0,0005
jsp 3,9120 0,0020
ordering 2,6593 0,0014
icon 0,0101 0,0000
expansiondepth 0,0000 0,0000
customize 1,5141 0,0008
isolate 2,2073 0,0011
search 0,0000 0,0000
see 0,0408 0,0000
spacing 0,0619 0,0000
systems 0,4780 0,0002
wgrelevantpagename 0,0000 0,0000
civil 2,5257 0,0013
popularity 1,3093 0,0007
arxiv 1,3471 0,0007
national 0,4463 0,0002
indicate 1,0217 0,0011
attainable 4,6052 0,0024
contain 0,0101 0,0000
outstanding 3,5066 0,0018
set 0,2107 0,0001
zipped 4,6052 0,0024
column 0,0101 0,0000
sample 1,5141 0,0008
integrate 0,5798 0,0003
webist 4,6052 0,0024
wgaction 0,0000 0,0000
pagerank 3,9120 0,0020
spider 3,5066 0,0054
essential 1,1087 0,0006
font 0,0000 0,0000
carlos 2,5257 0,0013
scalable 1,5141 0,0008
grub 3,9120 0,0020
language 0,0000 0,0000
do 0,1625 0,0003
navbox 0,0943 0,0000
listitem 0,0408 0,0000
contact 0,0000 0,0000
exclude 2,3026 0,0012
aleph 4,6052 0,0024
padmini 4,6052 0,0024
programming 0,2744 0,0001
ed 1,5141 0,0008
image 0,0202 0,0000
searcher 4,6052 0,0024
typically 0,3857 0,0002
homogeneous 4,6052 0,0024
wiley 1,1712 0,0006
piece 1,4271 0,0007
terry 2,5257 0,0013
carry 1,4271 0,0007
junghoo 4,6052 0,0024
frame 1,6094 0,0008
cursor 0,0619 0,0000
however 0,3011 0,0002
spambots 4,6052 0,0024
deep 1,3863 0,0007
origin 0,0000 0,0000
parallelism 2,6593 0,0014
srinivasan 3,5066 0,0018
walltime 0,0000 0,0000
interlanguage 0,0000 0,0000
content 0,0000 0,0000
duckduckgo 2,6593 0,0014
random 0,0000 0,0000
desktop 1,0788 0,0006
rate 1,2730 0,0013
oai 4,6052 0,0024
skill 1,7720 0,0009
client 0,0000 0,0000
class 0,0000 0,0000
molina 3,5066 0,0018
gehomepagesuggestededitsenabletopic 0,0000 0,0000
conversion 1,9661 0,0010
digital 0,6162 0,0003
over 0,3285 0,0002
outperform 2,8134 0,0014
practical 1,0217 0,0005
lowercase 2,9957 0,0015
false 0,0000 0,0000
go 0,9943 0,0005
dill 4,6052 0,0024
counter 0,0408 0,0000
parse 0,0619 0,0001
form 0,3011 0,0003
twicel 4,6052 0,0024
management 0,2231 0,0001
representational 2,8134 0,0014
publish 0,4463 0,0005
developer 0,1744 0,0001
sergey 2,9957 0,0015
avoid 0,0101 0,0000
he 0,6733 0,0003
subset 1,1394 0,0012
assign 1,2730 0,0007
very 0,5978 0,0003
practice 0,6349 0,0003
geneva 2,9957 0,0015
recommendation 1,6094 0,0008
sici 4,6052 0,0024
output 0,0000 0,0000
elasticsearch 2,9957 0,0015
four 0,9676 0,0005
context 0,5978 0,0003
majority 1,5141 0,0008
model 0,0000 0,0000
portal 0,0000 0,0000
jspx 4,6052 0,0024
reduce 0,0101 0,0000
sentence 0,0000 0,0000
issue 0,3425 0,0002
kern 0,0101 0,0000
large 0,2485 0,0004
robustness 2,6593 0,0014
index 1,0498 0,0022
odd 0,0943 0,0000
traditional 0,7985 0,0004
operate 0,3567 0,0004
santiago 3,9120 0,0020
webfountain 4,6052 0,0024
begin 0,5108 0,0003
unprompted 4,6052 0,0024
wgvisualeditor 0,0000 0,0000
become 0,2877 0,0001
template 0,0000 0,0000
enwiki 0,0619 0,0000
penalize 3,5066 0,0018
subscription 0,0101 0,0000
library 0,3857 0,0002
navbar 0,0202 0,0000
world 0,3857 0,0002
shuyi 4,6052 0,0024
december 0,0000 0,0000
icwe 4,6052 0,0024
ability 0,7340 0,0004
ottawa 3,9120 0,0020
table 0,0000 0,0000
side 0,3425 0,0002
ftp 2,4079 0,0012
break 0,0101 0,0000
change 0,0000 0,0000
suggestion 3,2189 0,0017
sycara 3,9120 0,0020
printable 0,0000 0,0000
off 0,8916 0,0005
hide 0,0000 0,0000
multimedia 1,5606 0,0008
discovery 1,3863 0,0007
report 0,0202 0,0000
complete 0,4780 0,0002
sourav 4,6052 0,0024
transaction 1,0217 0,0005
auto 0,0726 0,0000
several 0,4155 0,0002
bibcode 1,6094 0,0008
sof 4,6052 0,0024
wgcanonicalspecialpagename 0,0000 0,0000
while 0,2614 0,0001
second 0,0408 0,0000
that 0,5108 0,0003
download 0,0000 0,0000
high 0,0101 0,0000
split 0,0000 0,0000
morgan 1,7720 0,0009
www 1,7720 0,0009
publication 1,5141 0,0008
than 0,2357 0,0001
limit 0,0000 0,0000
different 0,0513 0,0000
directly 0,5108 0,0003
level 0,0000 0,0000
author 0,0000 0,0000
spe 4,6052 0,0024
preserve 1,8326 0,0009
establish 0,8916 0,0005
expansion 0,0619 0,0000
amazon 1,0498 0,0005
relevant 1,2040 0,0006
license 0,0000 0,0000
synthetic 2,5257 0,0013
expand 0,0101 0,0000
focused 2,6593 0,0014
wgmfdisplaywikibasedescription 0,0000 0,0000
retrieve 0,0000 0,0000
survey 0,9416 0,0005
datum 0,0408 0,0000
code 0,0000 0,0000
tenth 3,5066 0,0018
student 1,4271 0,0007
wgdefaultdateformat 0,0000 0,0000
bot 2,8134 0,0029
box 0,0408 0,0000
switch 0,9163 0,0005
head 0,7765 0,0004
total 0,0000 0,0000
considerable 2,4079 0,0012
deutsch 0,0943 0,0000
highly 1,1712 0,0006
brief 1,5606 0,0008
initiative 1,0217 0,0005
determine 0,7985 0,0004
nature 1,0498 0,0005
social 0,8210 0,0004
control 0,1625 0,0001
intelligent 1,7720 0,0009
attribution 0,0000 0,0000
architectures 1,4697 0,0008
metadata 1,5606 0,0008
strategic 2,0402 0,0011
vary 0,0619 0,0000
upper 0,0101 0,0000
xenon 4,6052 0,0024
hypertextual 4,6052 0,0024
objective 1,3471 0,0014
dynamics 1,8326 0,0009
extremely 1,7720 0,0009
estimate 1,3863 0,0014
expiry 0,0619 0,0000
minerva 0,0101 0,0000
brand 0,0000 0,0000
recent 0,0000 0,0000
they 0,0619 0,0001
browsing 1,8326 0,0009
modular 1,5141 0,0008
edit 0,0000 0,0000
old 0,8675 0,0004
australia 1,8971 0,0010
then 0,3567 0,0002
node 0,0305 0,0000
bsd 1,8326 0,0009
cognitive 1,8326 0,0009
crawler 2,9957 0,0031
sebastiano 4,6052 0,0024
massimo 3,5066 0,0018
access 0,2877 0,0004
conference 0,3425 0,0002
seed 2,2073 0,0023
simi 0,9416 0,0005
sum 1,9661 0,0010
seek 1,4697 0,0015
selflink 0,0101 0,0000
current 0,0000 0,0000
nynorsk 1,2379 0,0006
templatequotecite 1,9661 0,0010
lecture 1,6094 0,0008
vector 0,0000 0,0000
audio 1,2379 0,0006
key 0,0305 0,0000
apart 3,2189 0,0017
cachereport 0,0000 0,0000
storm 2,8134 0,0014
jose 2,0402 0,0011
one 0,0943 0,0000
heuristic 2,1203 0,0011
store 0,5447 0,0008
citeseer 4,6052 0,0024
single 0,3147 0,0002
entityaccesscount 0,0000 0,0000
vast 1,9661 0,0010
country 1,3863 0,0007
commercial 0,8440 0,0004
reasonable 2,1203 0,0011
buy 1,4271 0,0007
tucs 4,6052 0,0024
available 0,0000 0,0000
express 1,0788 0,0006
frequency 1,6607 0,0017
zero 1,0217 0,0005
instantly 2,8134 0,0014
apache 1,0788 0,0006
variant 0,0619 0,0000
dynamic 0,7133 0,0004
generate 0,8210 0,0008
anecdotal 3,5066 0,0018
coordinate 1,8971 0,0010
query 1,1394 0,0018
degree 1,7720 0,0009
this 0,1278 0,0001
nelson 2,9957 0,0015
norsk 0,3285 0,0002
memusage 0,0000 0,0000
extract 1,7720 0,0018
especially 0,8210 0,0004
once 0,7985 0,0004
know 0,2231 0,0003
support 0,1393 0,0001
wgpopupsflag 0,0000 0,0000
polski 0,1165 0,0001
privacy 0,0000 0,0000
learning 0,8916 0,0005
vertical 0,7985 0,0004
similarity 2,5257 0,0013
koster 4,6052 0,0024
archival 3,5066 0,0018
extensible 1,8326 0,0009
normal 0,0202 0,0000
previous 1,1712 0,0006
wide 0,6539 0,0003
teach 2,4079 0,0012
ontological 3,9120 0,0020
technology 0,1863 0,0001
widm 4,6052 0,0024
wgarticleid 0,0000 0,0000
nutch 3,9120 0,0020
periodical 2,0402 0,0011
pagelanguagedir 0,0000 0,0000
wgcitereferencepreviewsactive 0,0000 0,0000
compromise 1,8326 0,0009
software 0,0000 0,0000
mojtaba 3,5066 0,0018
conf 2,9957 0,0015
none 0,0101 0,0000
repository 0,5276 0,0005
type 0,0000 0,0000
april 0,0000 0,0000
beyond 1,0217 0,0005
googlebot 3,9120 0,0020
soumen 4,6052 0,0024
problem 0,3285 0,0003
optimization 0,8916 0,0005
connection 0,9676 0,0005
href 3,5066 0,0018
presence 1,3471 0,0007
between 0,2107 0,0001
guide 0,3711 0,0002
efficiency 0,8916 0,0009
goal 0,8440 0,0004
method 0,3147 0,0002
natural 1,2040 0,0006
overhead 1,2040 0,0006
contract 1,4271 0,0007
come 0,4155 0,0006
parallelization 3,2189 0,0017
push 0,0000 0,0000
exist 0,4155 0,0002
webcrawler 4,6052 0,0024
siri 2,8134 0,0014
norconex 4,6052 0,0024
periodic 3,2189 0,0017
distribution 0,8916 0,0005
displaystyle 2,6593 0,0014
out 0,0000 0,0000
feature 0,0000 0,0000
cached 0,4463 0,0002
get 0,0000 0,0000
dark 0,0101 0,0000
copy 1,1712 0,0012
place 0,5447 0,0003
power 0,6733 0,0003
regular 1,2379 0,0006
daneshpajouh 4,6052 0,0024
lead 0,2231 0,0001
belew 4,6052 0,0024
fraction 2,8134 0,0014
filter 1,4697 0,0008
expect 0,8440 0,0009
help 0,0000 0,0000
site 0,0000 0,0000
depth 0,0000 0,0000
massive 1,8326 0,0009
self 0,7133 0,0004
submission 2,9957 0,0015
queue 1,1394 0,0012
mathematical 1,3863 0,0007
sharealike 0,0000 0,0000
date 0,3011 0,0002
exponential 2,8134 0,0014
dallas 3,5066 0,0018
argument 0,0513 0,0000
reveal 1,5606 0,0008
data 0,0000 0,0000
byron 3,5066 0,0018
sound 1,3471 0,0007
wiki 1,2730 0,0007
wgpageviewlanguage 0,0000 0,0000
router 1,8326 0,0009
realistic 2,5257 0,0013
accesskey 0,0000 0,0000
twelfth 3,9120 0,0020
plain 1,5141 0,0008
only 0,2107 0,0001
should 0,3711 0,0002
create 0,0000 0,0000
tag 0,0000 0,0000
xin 2,9957 0,0015
thumbnail 3,9120 0,0020
like 0,2231 0,0001
resource 0,4620 0,0005
hector 4,6052 0,0024
tax 1,8971 0,0010
fraud 2,1203 0,0011
person 0,6162 0,0003
send 0,7550 0,0008
potentially 0,7765 0,0004
here 0,0000 0,0000
note 0,4155 0,0006
week 1,2379 0,0006
challenges 1,6094 0,0008
purpose 0,5108 0,0005
line 0,0101 0,0000
link 0,0000 0,0000
distinct 1,3471 0,0007
scale 0,4943 0,0003
can 0,0408 0,0000
scutter 4,6052 0,0024
computing 0,4155 0,0002
security 0,3285 0,0002
cap 0,0619 0,0000
contributor 0,0000 0,0000
wgcanonicalnamespace 0,0000 0,0000
ready 0,0000 0,0000
predictor 3,9120 0,0020
cost 0,6733 0,0007
wgisredirect 0,0000 0,0000
limited 0,8916 0,0005
will 0,2485 0,0001
webgraph 4,6052 0,0024
february 0,0000 0,0000
implementation 0,3147 0,0002
standardize 1,7148 0,0009
follow 0,2744 0,0004
pmid 1,7720 0,0009
coffman 4,6052 0,0024
responsive 0,0202 0,0000
baiduspider 4,6052 0,0024
challenge 0,6162 0,0003
category 0,0000 0,0000
intend 0,6162 0,0010
wikidata 0,0000 0,0000
