reuse 2,5257 0,0012
functions 0,5978 0,0003
latina 1,4697 0,0007
unavailable 2,3026 0,0011
upload 0,0000 0,0000
nowadays 3,2189 0,0015
wggelevelingupenabledforuser 0,0000 0,0000
wgrestrictionmove 0,0000 0,0000
pollution 2,8134 0,0013
remote 0,9163 0,0004
without 0,2744 0,0001
these 0,1278 0,0001
introduced 0,5447 0,0003
ted 2,2073 0,0010
contributions 0,0000 0,0000
would 0,3425 0,0002
xml 1,1394 0,0005
persistent 1,5141 0,0007
wgstablerevisionid 2,8134 0,0013
whatsoever 3,9120 0,0018
successfully 1,5141 0,0007
solid 0,0202 0,0000
frames 2,6593 0,0013
thus 0,7550 0,0004
devices 0,8916 0,0004
meanwhile 2,8134 0,0013
neutral 0,5447 0,0003
optional 1,3093 0,0006
require 0,0000 0,0000
click 1,9661 0,0009
backwards 2,5257 0,0012
netcaptor 2,8134 0,0013
scribunto 0,0000 0,0000
prioritization 3,5066 0,0017
standards 0,6539 0,0003
deflate 4,6052 0,0022
size 0,0000 0,0000
left 0,0101 0,0000
cdx 0,0000 0,0000
much 0,6931 0,0003
reused 2,6593 0,0013
avif 4,6052 0,0022
object 0,4308 0,0002
qtweb 2,8134 0,0013
chapter 1,1712 0,0006
lombard 1,1712 0,0006
carriage 2,9957 0,0014
netpositive 2,8134 0,0013
hosting 1,6607 0,0008
turn 1,3471 0,0006
example 0,2744 0,0001
gmt 4,6052 0,0022
result 0,4620 0,0002
gehomepagesuggestededitsenabletopics 0,0000 0,0000
humanities 3,2189 0,0015
same 0,2357 0,0001
after 0,0305 0,0000
listing 2,8134 0,0013
headline 0,0000 0,0000
connect 1,4271 0,0007
hatom 3,5066 0,0017
policy 0,0000 0,0000
resume 3,5066 0,0017
imap 3,5066 0,0017
address 0,8210 0,0004
namely 2,6593 0,0013
pagelanguagecode 0,0000 0,0000
gnu 1,1087 0,0005
transientcontent 0,0000 0,0000
consisting 1,5141 0,0007
subtle 0,3285 0,0002
component 0,7985 0,0004
suite 1,3471 0,0006
deploying 1,7720 0,0008
persistence 2,4079 0,0011
timeline 1,1394 0,0005
information 0,0000 0,0000
combined 1,2379 0,0006
decommission 4,6052 0,0022
returned 2,0402 0,0010
wrap 0,0101 0,0000
adopted 1,1712 0,0006
standard 0,3567 0,0002
november 0,0000 0,0000
cgi 2,8134 0,0013
kidzui 2,8134 0,0013
blogs 2,1203 0,0010
reader 1,8971 0,0009
winwap 2,8134 0,0013
xombrero 2,8134 0,0013
specifications 1,3093 0,0006
rsvp 3,5066 0,0017
deploy 1,6607 0,0008
empty 0,0305 0,0000
analytics 1,1712 0,0006
payload 2,6593 0,0013
fullversionlist 0,0000 0,0000
tim 1,0498 0,0005
implement 0,7133 0,0003
lite 2,4079 0,0011
export 0,0000 0,0000
jakarta 2,5257 0,0012
others 0,4463 0,0002
vocabularies 3,5066 0,0017
making 0,5108 0,0002
check 1,3863 0,0007
list 0,0000 0,0000
wgusergroups 0,0000 0,0000
conforming 2,4079 0,0011
external 0,1863 0,0001
wire 2,6593 0,0013
revise 3,2189 0,0015
authority 0,4780 0,0002
lisa 2,4079 0,0011
child 0,0202 0,0000
formats 1,4697 0,0007
mainentity 0,0000 0,0000
germany 0,5798 0,0003
mashup 2,4079 0,0011
obsolete 1,9661 0,0009
interface 0,3425 0,0002
representation 1,1712 0,0006
greenbrowser 2,8134 0,0013
luotonen 4,6052 0,0022
remove 0,6733 0,0003
disclaimers 0,0000 0,0000
samsung 2,2073 0,0010
nowhere 3,9120 0,0018
provides 0,3711 0,0002
root 0,4943 0,0002
wgisprobablyeditable 0,0000 0,0000
standardized 1,3471 0,0006
reasoner 3,5066 0,0017
routers 2,3026 0,0011
live 1,3093 0,0006
headers 2,6593 0,0013
citation 0,0101 0,0000
mobile 0,0000 0,0000
multiple 0,2485 0,0001
maxthon 2,8134 0,0013
evolution 1,3471 0,0006
magnet 3,9120 0,0018
better 0,6162 0,0003
occurring 2,2073 0,0010
plainlist 0,4463 0,0002
pdf 0,0000 0,0000
service 0,2231 0,0001
coffee 2,8134 0,0013
there 0,2614 0,0001
permit 2,0402 0,0010
anshu 4,6052 0,0022
syntax 1,2040 0,0006
well 0,3011 0,0001
handling 1,0217 0,0005
tls 2,3026 0,0011
taking 1,5141 0,0007
bitness 0,0000 0,0000
rgba 0,0101 0,0000
named 0,8916 0,0004
considered 0,5798 0,0003
focus 1,1087 0,0005
snmp 3,5066 0,0017
entire 0,8675 0,0004
inadvertently 3,9120 0,0018
ppvisitednodes 0,0000 0,0000
block 0,0408 0,0000
per 0,8440 0,0004
write 0,6931 0,0003
flow 0,3857 0,0002
order 0,4620 0,0002
cli 1,5141 0,0007
went 1,8971 0,0009
aria 0,0000 0,0000
boxtext 0,0619 0,0000
byte 1,8971 0,0009
xmlhttprequest 2,4079 0,0011
understand 1,0498 0,0005
wgmfdisplaywikibasedescriptions 0,0000 0,0000
dismiss 4,6052 0,0022
underlying 0,9163 0,0004
indonesia 0,3567 0,0002
slowly 2,3026 0,0011
suspended 2,9957 0,0014
intelligence 0,8916 0,0004
even 0,0513 0,0000
binary 1,0498 0,0005
esperanto 0,7133 0,0003
owin 2,9957 0,0014
tagline 0,0000 0,0000
wgpopupsflags 0,0000 0,0000
assumed 2,4079 0,0011
managers 1,6094 0,0008
regexp 0,0000 0,0000
assumes 3,5066 0,0017
subsection 0,1508 0,0001
successor 1,6607 0,0008
wgeditsubmitbuttonlabelpublish 0,0000 0,0000
relaying 3,9120 0,0018
save 1,9661 0,0009
toc 0,0000 0,0000
irregular 4,6052 0,0022
protection 0,4620 0,0002
functionality 0,6931 0,0003
isapi 2,9957 0,0014
mandatory 2,6593 0,0013
wgpagecontentmodel 0,0000 0,0000
hypertext 2,1203 0,0010
top 0,0000 0,0000
rails 2,1203 0,0010
too 0,8916 0,0004
tor 2,5257 0,0012
product 0,6539 0,0003
dooble 2,8134 0,0013
additions 2,6593 0,0013
heading 1,2730 0,0006
discouraged 3,2189 0,0015
surma 4,6052 0,0022
wgnamespacenumber 0,0000 0,0000
framework 0,4155 0,0002
names 0,8210 0,0004
shyan 4,6052 0,0022
coc 2,8134 0,0013
disable 2,6593 0,0013
regard 2,4079 0,0011
wgwmepagelength 0,0000 0,0000
entity 1,5141 0,0007
com 0,8210 0,0004
expensivefunctioncount 0,0000 0,0000
minor 1,7148 0,0008
almost 1,1087 0,0005
smuggling 3,5066 0,0017
upon 0,8916 0,0004
identical 2,0402 0,0010
timeusage 0,0000 0,0000
lag 3,9120 0,0018
whether 0,7765 0,0004
function 0,0000 0,0000
verbs 3,5066 0,0017
verification 0,8440 0,0004
traffic 1,5606 0,0007
comparison 0,4155 0,0002
including 0,1985 0,0001
icecat 2,6593 0,0013
marjorie 4,6052 0,0022
introducing 0,8916 0,0004
infobox 0,6931 0,0003
less 0,6162 0,0003
successive 2,8134 0,0013
improve 0,3857 0,0002
october 0,0000 0,0000
basic 0,6539 0,0003
constituted 3,5066 0,0017
erdf 3,5066 0,0017
became 0,7133 0,0003
initiated 2,5257 0,0012
bush 3,9120 0,0018
latency 1,7720 0,0008
unclear 2,9957 0,0014
cause 1,1087 0,0005
mapper 2,8134 0,0013
accidentally 2,6593 0,0013
jquery 0,0000 0,0000
represents 1,2730 0,0006
scripting 1,2040 0,0006
times 0,5447 0,0003
doap 3,5066 0,0017
similarly 1,4697 0,0007
intended 0,5978 0,0003
design 0,1985 0,0001
working 0,5276 0,0002
masse 4,6052 0,0022
timeless 0,0101 0,0000
gnome 2,4079 0,0011
tied 2,5257 0,0012
comments 1,6607 0,0008
wgwmeschemaeditattemptstepoversample 0,0000 0,0000
despite 1,3093 0,0006
followed 1,1087 0,0005
ttl 0,0000 0,0000
industrial 1,5606 0,0007
encyclopedia 0,0000 0,0000
conduct 0,0000 0,0000
distinguishes 3,2189 0,0015
respond 2,0402 0,0010
formerly 1,2040 0,0006
credited 2,5257 0,0012
tenfourfox 2,8134 0,0013
abovebelow 0,0943 0,0000
css 1,8971 0,0009
led 0,5978 0,0003
advertising 1,7720 0,0008
quic 3,5066 0,0017
ajax 1,7148 0,0008
lee 1,3471 0,0006
defines 0,9676 0,0005
hostname 3,5066 0,0017
pref 0,0000 0,0000
state 0,4620 0,0002
csrftoken 0,0000 0,0000
worker 2,3026 0,0011
defined 0,4780 0,0002
events 0,0000 0,0000
interchange 2,5257 0,0012
element 0,0000 0,0000
portions 2,3026 0,0011
edited 0,0000 0,0000
night 0,0000 0,0000
vulnerability 1,7148 0,0008
each 0,1393 0,0001
javascript 0,9416 0,0004
input 0,0000 0,0000
swiftweasel 2,8134 0,0013
comparisons 1,8971 0,0009
hrecipe 3,5066 0,0017
must 0,4620 0,0002
styles 0,0834 0,0000
actions 0,0000 0,0000
items 0,5108 0,0002
unpinned 0,0000 0,0000
perfectly 3,2189 0,0015
artech 3,9120 0,0018
document 0,6539 0,0003
concurrent 1,2040 0,0006
networks 0,8210 0,0004
two 0,2744 0,0001
pop 1,7720 0,0008
routing 1,8326 0,0009
berner 4,6052 0,0022
found 0,6162 0,0003
desired 1,3471 0,0006
does 0,2744 0,0001
reported 1,3471 0,0006
datepublished 0,0000 0,0000
latest 0,9676 0,0005
think 1,5141 0,0007
languages 0,0000 0,0000
forbidden 2,8134 0,0013
replaced 1,1712 0,0006
summarized 2,8134 0,0013
team 0,5978 0,0003
entirely 1,5141 0,0007
ppp 3,5066 0,0017
automated 0,8916 0,0004
wgusername 0,0000 0,0000
sawsdl 3,5066 0,0017
consortium 1,8326 0,0009
had 0,4943 0,0002
hcalendar 3,5066 0,0017
source 0,2107 0,0001
align 0,0101 0,0000
secure 1,2040 0,0006
hcard 3,5066 0,0017
reddy 3,2189 0,0015
late 1,0217 0,0005
hat 1,4697 0,0007
peon 4,6052 0,0022
given 0,6931 0,0003
last 0,0000 0,0000
imageright 0,2614 0,0001
batch 2,0402 0,0010
mozilla 1,8326 0,0009
weight 0,0101 0,0000
develop 0,9163 0,0004
technologies 0,5978 0,0003
warn 3,5066 0,0017
overall 1,1394 0,0005
page 0,0000 0,0000
compatibility 0,9416 0,0004
updated 0,8440 0,0004
full 0,0202 0,0000
seamonkey 2,8134 0,0013
effort 1,2040 0,0006
indexeddb 2,3026 0,0011
video 0,8440 0,0004
updates 1,0788 0,0005
house 1,5141 0,0007
minimal 1,2730 0,0006
mshtml 2,8134 0,0013
ends 1,6094 0,0008
ssdp 4,6052 0,0022
perl 1,3093 0,0006
early 0,5276 0,0002
sameas 0,0000 0,0000
overview 0,5447 0,0003
yes 1,9661 0,0009
center 0,0000 0,0000
start 0,7985 0,0004
intranets 4,6052 0,0022
netsurf 2,8134 0,0013
ptp 3,5066 0,0017
ospf 3,5066 0,0017
pair 1,7148 0,0008
manage 0,8675 0,0004
chang 2,9957 0,0014
infrastructure 0,6931 0,0003
wikimedia 0,0000 0,0000
origyn 2,8134 0,0013
initially 1,0788 0,0005
short 0,0000 0,0000
time 0,0000 0,0000
reducing 1,4697 0,0007
applications 0,2231 0,0001
enwikimwclientpreferences 0,0000 0,0000
interactive 0,4463 0,0002
semantics 1,4271 0,0007
three 0,3711 0,0002
put 1,1712 0,0006
required 0,5108 0,0002
multi 2,2073 0,0010
unencrypted 2,6593 0,0013
identified 1,1394 0,0005
her 2,2073 0,0010
deletion 2,8134 0,0013
mqtt 2,9957 0,0014
options 1,3863 0,0007
supermium 2,8134 0,0013
pale 2,8134 0,0013
hardware 0,5798 0,0003
identifier 1,7148 0,0008
identifies 1,9661 0,0009
sessions 2,6593 0,0013
having 0,6733 0,0003
extraction 2,4079 0,0011
dynamically 1,8326 0,0009
creative 0,0000 0,0000
nederlands 0,1985 0,0001
bootstrapping 3,5066 0,0017
coast 2,5257 0,0012
provide 0,3857 0,0002
passenger 2,3026 0,0011
apparently 3,9120 0,0018
requires 0,5798 0,0003
log 0,0000 0,0000
methods 0,6162 0,0003
wgcheckuserclienthintsheadersjsapi 0,0000 0,0000
euskara 0,5108 0,0002
planned 1,7720 0,0008
mailing 1,8971 0,0009
layer 0,8916 0,0004
unknown 1,4697 0,0007
computer 0,2231 0,0001
low 0,7133 0,0003
timingprofile 0,0000 0,0000
theme 0,0000 0,0000
graphql 2,6593 0,0013
clicking 2,9957 0,0014
means 0,5621 0,0003
postexpandincludesize 0,0000 0,0000
indexing 1,7148 0,0008
efficient 1,0217 0,0005
entirety 2,8134 0,0013
unstrip 0,0000 0,0000
citrio 2,8134 0,0013
ircs 3,9120 0,0018
vivaldi 2,8134 0,0013
performed 1,0788 0,0005
templateargumentsize 0,0000 0,0000
addressability 3,5066 0,0017
january 0,0000 0,0000
permanent 0,0000 0,0000
fetch 2,2073 0,0010
asturianu 1,2730 0,0006
skweezer 2,8134 0,0013
sparql 2,4079 0,0011
small 0,0305 0,0000
before 0,0305 0,0000
dac 3,9120 0,0018
replace 1,4697 0,0007
experience 0,8675 0,0004
caching 2,0402 0,0010
italic 0,1278 0,0001
xmpp 2,9957 0,0014
his 0,7550 0,0004
major 0,5621 0,0003
shown 1,7148 0,0008
checked 1,6094 0,0008
speeds 2,2073 0,0010
day 0,0000 0,0000
gopher 3,5066 0,0017
ontologies 2,9957 0,0014
combination 1,1087 0,0005
group 0,0408 0,0000
menke 4,6052 0,0022
tapping 3,5066 0,0017
avast 2,6593 0,0013
format 0,0101 0,0000
history 0,0000 0,0000
done 0,7765 0,0004
careless 3,5066 0,0017
hydration 2,5257 0,0012
dhtml 2,4079 0,0011
arbitrarily 3,5066 0,0017
udp 2,9957 0,0014
request 1,1712 0,0006
wgrestrictionedit 0,0000 0,0000
part 0,2231 0,0001
wgpageparsereport 0,0000 0,0000
numeric 1,8971 0,0009
their 0,1165 0,0001
webkit 2,5257 0,0012
general 0,0000 0,0000
tend 1,6607 0,0008
september 0,0000 0,0000
restarted 3,9120 0,0018
ymsgr 3,9120 0,0018
browser 1,0217 0,0005
dated 1,1087 0,0005
editors 0,0000 0,0000
introduction 0,5798 0,0003
chen 1,7148 0,0008
padding 0,0000 0,0000
process 0,2485 0,0001
srware 2,8134 0,0013
alternative 0,7765 0,0004
clear 0,0101 0,0000
ltr 0,0000 0,0000
posting 3,9120 0,0018
cymraeg 1,4697 0,0007
submits 3,9120 0,0018
webxr 2,4079 0,0011
third 0,5621 0,0003
netfront 2,8134 0,0013
wireless 1,7720 0,0008
further 0,3567 0,0002
account 0,0000 0,0000
webcl 2,6593 0,0013
been 0,2231 0,0001
stack 0,7765 0,0004
servlet 2,6593 0,0013
dansk 0,5798 0,0003
evolved 1,6094 0,0008
elinks 2,8134 0,0013
fielding 2,9957 0,0014
viewing 2,1203 0,0010
advance 1,6094 0,0008
ibrowse 2,8134 0,0013
path 1,1712 0,0006
retrieval 1,5141 0,0007
telnet 3,5066 0,0017
webgpu 2,3026 0,0011
record 1,1394 0,0005
trix 3,5066 0,0017
abbr 0,0619 0,0000
you 0,0101 0,0000
jump 0,0000 0,0000
knowledge 0,7340 0,0003
limitations 1,0788 0,0005
databases 0,3567 0,0002
iris 2,5257 0,0012
classilla 2,8134 0,0013
pass 1,7720 0,0008
past 1,8326 0,0009
active 0,8210 0,0004
july 0,0000 0,0000
rtsp 3,5066 0,0017
trig 3,5066 0,0017
tags 0,0000 0,0000
mediabrowser 2,8134 0,0013
domain 0,6931 0,0003
omitted 2,5257 0,0012
average 2,1203 0,0010
iesg 4,6052 0,0022
netscape 2,3026 0,0011
subgroup 0,0513 0,0000
equivalents 4,6052 0,0022
hop 4,6052 0,0022
unsafe 2,3026 0,0011
transparent 0,0619 0,0000
thunderhawk 2,8134 0,0013
how 0,0834 0,0000
capability 1,3093 0,0006
adoption 0,8675 0,0004
journal 0,4780 0,0002
blocking 2,0402 0,0010
term 0,5798 0,0003
brad 2,3026 0,0011
spare 2,8134 0,0013
mini 0,0619 0,0000
arachne 2,8134 0,0013
qpack 4,6052 0,0022
possible 0,5276 0,0002
right 0,0101 0,0000
constrained 2,9957 0,0014
executable 1,3471 0,0006
march 0,0000 0,0000
rsync 3,9120 0,0018
june 0,0000 0,0000
wikitext 0,0000 0,0000
multiplex 4,6052 0,0022
wggestructuredtaskrejectionreasontextinputenabled 0,0000 0,0000
phrases 2,4079 0,0011
under 0,0101 0,0000
did 0,8210 0,0004
added 0,4308 0,0002
sometimes 0,6931 0,0003
wsgi 2,8134 0,0013
displaced 2,9957 0,0014
retrieved 0,0000 0,0000
autocapitalize 0,0000 0,0000
down 0,8440 0,0004
holb 4,6052 0,0022
recommendations 1,7720 0,0008
div 0,0000 0,0000
correctly 1,5606 0,0007
later 0,3857 0,0002
adding 0,6733 0,0003
legal 1,1712 0,0006
wgpagename 0,0000 0,0000
boundaries 2,0402 0,0010
talk 0,0000 0,0000
reply 3,2189 0,0015
info 2,4079 0,0011
possibly 2,0402 0,0010
dolphin 2,5257 0,0012
ignored 1,6607 0,0008
static 1,0217 0,0005
upstream 2,8134 0,0013
commonly 0,6931 0,0003
hatnote 0,2107 0,0001
pinnable 0,0000 0,0000
take 0,6733 0,0003
vision 1,1712 0,0006
final 1,0788 0,0005
wgrevisionid 0,0000 0,0000
asgi 2,8134 0,0013
excerpt 2,4079 0,0011
ietf 2,4079 0,0011
some 0,1744 0,0001
virtual 0,4620 0,0002
blank 4,6052 0,0022
beginning 1,1712 0,0006
waiting 2,1203 0,0010
requesting 2,5257 0,0012
session 1,9661 0,0009
additional 0,0000 0,0000
back 0,6539 0,0003
wgmonthnames 0,0000 0,0000
title 0,0000 0,0000
patroltoken 0,0000 0,0000
primarily 0,9943 0,0005
states 0,4463 0,0002
duration 2,4079 0,0011
hyperdata 3,5066 0,0017
zdnet 1,4697 0,0007
alpha 0,0101 0,0000
company 0,5621 0,0003
human 0,9416 0,0004
custom 0,0000 0,0000
length 1,6607 0,0008
home 0,8916 0,0004
existing 0,7550 0,0004
print 0,0000 0,0000
nodes 1,3471 0,0006
although 0,6162 0,0003
interlinked 3,9120 0,0018
inherit 0,0101 0,0000
interpret 2,6593 0,0013
unrecognized 3,9120 0,0018
articles 0,0000 0,0000
injection 1,8326 0,0009
upcoming 2,2073 0,0010
dccp 3,5066 0,0017
construct 1,8971 0,0009
shiira 2,8134 0,0013
attempt 1,2379 0,0006
dmy 0,0000 0,0000
navigation 0,0000 0,0000
tables 1,5141 0,0007
action 1,2040 0,0006
lock 0,0101 0,0000
thomson 2,9957 0,0014
text 0,0000 0,0000
usually 0,4780 0,0002
whereas 1,4271 0,0007
inspection 3,2189 0,0015
python 0,6539 0,0003
cookie 0,0000 0,0000
made 0,3857 0,0002
dns 2,0402 0,0010
being 0,3147 0,0001
dnt 3,9120 0,0018
sensitive 1,2730 0,0006
interplanetary 4,6052 0,0022
loading 0,0000 0,0000
altered 2,4079 0,0011
brackets 0,0619 0,0000
field 1,0498 0,0005
contents 0,0000 0,0000
served 2,2073 0,0010
explorer 1,7148 0,0008
messages 0,8916 0,0004
whereby 3,5066 0,0017
acting 2,6593 0,0013
doi 0,4155 0,0002
encoded 2,2073 0,0010
status 0,0000 0,0000
semantic 1,6607 0,0008
server 0,4463 0,0002
clients 1,0788 0,0005
dom 1,6094 0,0008
chunks 3,2189 0,0015
skin 0,0000 0,0000
deliver 1,7148 0,0008
mac 1,3471 0,0006
mention 2,6593 0,0013
products 0,4943 0,0002
robert 0,9676 0,0005
file 0,0000 0,0000
known 0,3147 0,0001
portlet 2,9957 0,0014
map 1,2040 0,0006
wgnoticeproject 0,0000 0,0000
may 0,0000 0,0000
max 0,0513 0,0000
within 0,3011 0,0001
could 0,4780 0,0002
topics 1,1087 0,0005
discarding 3,9120 0,0018
lacks 1,9661 0,0009
phusion 2,6593 0,0013
torch 2,5257 0,0012
positive 2,1203 0,0010
menu 0,0000 0,0000
uri 2,3026 0,0011
url 0,0000 0,0000
agents 1,8326 0,0009
urn 3,9120 0,0018
machine 0,3425 0,0002
websites 1,2379 0,0006
scopes 3,9120 0,0018
wgulsiscompactlinksenabled 0,0000 0,0000
return 0,0000 0,0000
codes 2,1203 0,0010
bidirectional 2,8134 0,0013
instance 0,8675 0,0004
opera 2,5257 0,0012
webgl 2,3026 0,0011
use 0,0000 0,0000
main 0,0000 0,0000
networking 1,0498 0,0005
integer 1,8326 0,0009
microservices 1,9661 0,0009
solution 0,8916 0,0004
negotiation 3,2189 0,0015
host 1,2040 0,0006
uzbl 2,8134 0,0013
logo 0,0000 0,0000
international 0,3011 0,0001
turtle 3,2189 0,0015
accepts 2,5257 0,0012
utc 0,0000 0,0000
occur 1,3093 0,0006
utf 2,5257 0,0012
definitive 2,6593 0,0013
establishment 2,6593 0,0013
ideas 1,4271 0,0007
includes 0,5276 0,0002
canonical 0,0408 0,0000
interrupted 3,9120 0,0018
sort 1,8326 0,0009
sistersitebox 0,6539 0,0003
becomes 1,2730 0,0006
undesirable 2,9957 0,0014
coded 2,3026 0,0011
berners 2,9957 0,0014
feed 2,2073 0,0010
wgcurrevisionid 0,0000 0,0000
task 0,7550 0,0004
null 0,0000 0,0000
background 0,0101 0,0000
principles 0,8916 0,0004
true 0,0000 0,0000
webauthn 2,2073 0,0010
header 0,0000 0,0000
watchtoken 0,0000 0,0000
oriented 0,5447 0,0003
present 0,9676 0,0005
galeon 2,6593 0,0013
problems 0,6349 0,0003
since 0,3425 0,0002
prefetched 4,6052 0,0022
belong 2,6593 0,0013
reloading 2,9957 0,0014
coined 1,8971 0,0009
delete 0,5447 0,0003
foreach 0,0000 0,0000
repeat 0,0101 0,0000
inventing 4,6052 0,0022
included 0,6931 0,0003
make 0,3857 0,0002
beta 1,3863 0,0007
microb 2,8134 0,0013
beaker 2,8134 0,0013
ruby 1,0217 0,0005
processed 2,0402 0,0010
due 0,5108 0,0002
bytes 0,0408 0,0000
conform 1,9661 0,0009
online 0,7340 0,0003
socket 3,2189 0,0015
invention 2,4079 0,0011
properties 0,8210 0,0004
obsoleting 4,6052 0,0022
inform 2,1203 0,0010
webassembly 1,7720 0,0008
skos 2,8134 0,0013
quotes 0,0101 0,0000
patch 2,4079 0,0011
accessing 1,5141 0,0007
psgi 2,9957 0,0014
meaning 0,9943 0,0005
above 1,0788 0,0005
stateless 2,9957 0,0014
zac 2,6593 0,0013
released 0,5447 0,0003
height 0,0101 0,0000
boxes 2,4079 0,0011
based 0,0834 0,0000
august 0,0000 0,0000
distinguish 1,5606 0,0007
module 0,0000 0,0000
outer 1,2040 0,0006
received 1,4271 0,0007
wsrp 2,9957 0,0014
benefit 1,5606 0,0007
something 1,4271 0,0007
tzung 4,6052 0,0022
microdata 3,2189 0,0015
meta 1,4271 0,0007
canavan 4,6052 0,0022
processing 0,5978 0,0003
except 1,5141 0,0007
hrvatski 0,7550 0,0004
notheme 0,3711 0,0002
fact 1,1712 0,0006
safari 2,1203 0,0010
rdfs 3,5066 0,0017
long 0,5621 0,0003
into 0,1985 0,0001
min 0,1165 0,0001
christian 2,1203 0,0010
resuming 4,6052 0,0022
ian 1,7148 0,0008
rdfa 2,8134 0,0013
supports 0,6931 0,0003
free 0,0000 0,0000
ought 2,9957 0,0014
variables 1,4697 0,0007
expression 1,4271 0,0007
middle 0,7765 0,0004
though 0,8440 0,0004
many 0,2357 0,0001
designing 1,1087 0,0005
appear 1,2730 0,0006
ibm 0,5621 0,0003
associated 0,6931 0,0003
operation 0,9676 0,0005
open 0,1625 0,0001
coordinated 2,8134 0,0013
agent 1,7148 0,0008
treat 1,8971 0,0009
conditional 2,0402 0,0010
tbody 0,6931 0,0003
numbers 0,9416 0,0004
rapid 1,3093 0,0006
project 0,3011 0,0001
seven 1,8326 0,0009
arena 2,2073 0,0010
inside 0,0101 0,0000
mainly 1,5141 0,0007
hproduct 3,5066 0,0017
specs 2,8134 0,0013
whenever 2,2073 0,0010
deprecating 3,9120 0,0018
five 0,9943 0,0005
streamed 4,6052 0,0022
zen 2,6593 0,0013
geotagging 3,5066 0,0017
deprecation 2,8134 0,0013
finding 1,3093 0,0006
idl 2,8134 0,0013
announced 0,7985 0,0004
channels 2,3026 0,0011
ido 1,2730 0,0006
proposals 2,3026 0,0011
internet 0,5447 0,0003
allow 0,4155 0,0002
pinned 0,0000 0,0000
reasons 1,1394 0,0005
ranges 2,4079 0,0011
isbn 0,1054 0,0000
rule 0,6931 0,0003
update 0,6733 0,0003
modifiers 4,6052 0,0022
speed 1,0498 0,0005
common 0,3711 0,0002
cimpanu 2,8134 0,0013
linux 0,8916 0,0004
definition 0,5621 0,0003
placeholder 0,0000 0,0000
every 0,6162 0,0003
performances 4,6052 0,0022
summary 1,7148 0,0008
slimbrowser 2,8134 0,0013
apply 0,0000 0,0000
again 1,2379 0,0006
indeed 2,4079 0,0011
richer 2,8134 0,0013
whitespace 2,5257 0,0012
mark 0,8210 0,0004
base 0,0513 0,0000
ocsp 2,8134 0,0013
reliably 2,8134 0,0013
reasoning 1,6607 0,0008
scgi 2,9957 0,0014
residing 3,9120 0,0018
during 0,5447 0,0003
webdav 2,8134 0,0013
mon 4,6052 0,0022
consist 1,9661 0,0009
reliable 0,7765 0,0004
pogo 2,8134 0,0013
enable 0,9163 0,0004
safety 1,3093 0,0006
sidebar 0,0000 0,0000
limitreport 0,0000 0,0000
decoration 0,0619 0,0000
reflist 0,0101 0,0000
still 0,5447 0,0003
collaborative 1,8971 0,0009
linking 2,1203 0,0010
var 0,0000 0,0000
work 0,3285 0,0002
matt 1,7720 0,0008
reduced 0,0305 0,0000
agree 0,0101 0,0000
cloudflare 2,9957 0,0014
wgulsislanguageselectorempty 0,0000 0,0000
versions 0,5798 0,0003
srpski 0,3711 0,0002
registration 0,0101 0,0000
word 0,0101 0,0000
stated 1,2730 0,0006
redcore 2,8134 0,0013
webpositive 2,8134 0,0013
flock 2,8134 0,0013
specifies 1,9661 0,0009
steel 2,8134 0,0013
extension 0,7133 0,0003
deprecate 3,2189 0,0015
kylo 2,8134 0,0013
foundation 0,0000 0,0000
requests 0,9676 0,0005
specified 0,9163 0,0004
uniform 1,7148 0,0008
unwise 4,6052 0,0022
henrik 2,8134 0,0013
collective 2,2073 0,0010
established 1,1712 0,0006
finger 3,5066 0,0017
include 0,0202 0,0000
caused 1,7148 0,0008
facebook 1,3863 0,0007
memex 4,6052 0,0022
toggle 0,0000 0,0000
stephan 3,9120 0,0018
sends 1,9661 0,0009
appearance 0,0000 0,0000
classname 0,0000 0,0000
first 0,0408 0,0000
mse 2,3026 0,0011
voice 1,6607 0,0008
nowrap 0,0408 0,0000
roman 0,0101 0,0000
spdy 3,9120 0,0018
lotus 2,5257 0,0012
msn 2,3026 0,0011
npruntime 2,9957 0,0014
wgrelevantpageisprobablyeditable 0,0000 0,0000
float 0,0101 0,0000
space 0,0408 0,0000
ecn 3,5066 0,0017
html 0,4463 0,0002
bottom 0,0000 0,0000
qutebrowser 2,8134 0,0013
failed 1,7148 0,0008
published 0,5798 0,0003
revision 0,0000 0,0000
gemini 2,5257 0,0012
magyar 0,3425 0,0002
sequence 1,4697 0,0007
nottingham 4,6052 0,0022
stylesheets 3,2189 0,0015
unreliable 2,2073 0,0010
publishes 2,5257 0,0012
publisher 0,0000 0,0000
img 0,0408 0,0000
minimo 2,8134 0,0013
o'reilly 0,6733 0,0003
mercury 2,6593 0,0013
according 0,5108 0,0002
chunk 3,2189 0,0015
statements 0,4308 0,0002
microformat 3,2189 0,0015
rlstate 0,0000 0,0000
error 0,0101 0,0000
platform 0,0000 0,0000
network 0,3711 0,0002
locators 4,6052 0,0022
prescribed 3,5066 0,0017
trace 2,3026 0,0011
operations 0,6162 0,0003
zazaki 2,2073 0,0010
public 0,4155 0,0002
parameter 1,8326 0,0009
redirection 3,9120 0,0018
value 0,0000 0,0000
dhcp 3,5066 0,0017
inc 1,3093 0,0006
listening 2,9957 0,0014
spacetime 2,5257 0,0012
enforced 2,3026 0,0011
constructed 2,1203 0,0010
charging 3,2189 0,0015
resources 0,5447 0,0003
instead 0,4463 0,0002
command 0,8675 0,0004
performance 0,3425 0,0002
lunascape 2,8134 0,0013
unlink 4,6052 0,0022
maint 0,0101 0,0000
wiktionary 0,5798 0,0003
slash 3,2189 0,0015
platformversion 0,0000 0,0000
providers 1,5141 0,0007
templatequote 1,9661 0,0009
references 0,0101 0,0000
year 0,7550 0,0004
leading 1,0498 0,0005
building 0,4943 0,0002
setting 1,3863 0,0007
via 0,3011 0,0001
properly 1,3471 0,0006
microfilm 4,6052 0,0022
khronos 2,9957 0,0014
because 0,0000 0,0000
definitions 1,1087 0,0005
moving 1,1712 0,0006
invented 1,9661 0,0009
appendix 2,8134 0,0013
upgrade 1,7720 0,0008
sailu 4,6052 0,0022
google 0,4005 0,0002
inspired 1,8326 0,0009
community 0,0000 0,0000
adapted 1,9661 0,0009
version 0,0000 0,0000
planning 1,5141 0,0007
contains 0,7550 0,0004
extensions 1,1394 0,0005
wgcategories 0,0000 0,0000
selection 1,5141 0,0007
stop 1,5606 0,0007
eesti 0,3285 0,0002
science 0,5447 0,0003
deepfish 2,8134 0,0013
returns 1,7148 0,0008
metrics 1,6607 0,0008
acct 3,9120 0,0018
weeks 2,1203 0,0010
least 0,9676 0,0005
conkeror 2,8134 0,0013
immediately 1,5141 0,0007
subsequently 1,6094 0,0008
nightly 4,6052 0,0022
targeted 1,6607 0,0008
irc 2,8134 0,0013
wikipedia 0,0000 0,0000
behavior 0,8675 0,0004
close 1,2730 0,0006
afrikaans 0,9416 0,0004
linked 1,5141 0,0007
annotation 2,6593 0,0013
ghostzilla 2,8134 0,0013
iri 3,5066 0,0017
website 0,3857 0,0002
brands 0,0000 0,0000
learn 0,0000 0,0000
highlighted 2,8134 0,0013
representing 1,5606 0,0007
strata 2,8134 0,0013
whatwg 2,3026 0,0011
textual 2,5257 0,0012
newer 1,3093 0,0006
fast 0,6733 0,0003
rdf 2,2073 0,0010
sleipnir 2,8134 0,0013
congestion 3,2189 0,0015
notes 0,6349 0,0003
moved 1,5141 0,0007
official 0,6162 0,0003
bookmarks 2,6593 0,0013
red 1,2730 0,0006
shacl 2,8134 0,0013
transmission 2,4079 0,0011
post 0,0202 0,0000
generated 1,2379 0,0006
repeating 3,2189 0,0015
protocols 1,1394 0,0005
add 0,0000 0,0000
xbap 2,9957 0,0014
need 0,3711 0,0002
routable 4,6052 0,0022
its 0,0726 0,0000
blazer 2,8134 0,0013
often 0,2877 0,0001
encoding 1,7720 0,0008
article 0,0000 0,0000
rfc 1,9661 0,0009
users 0,3567 0,0002
rfe 4,6052 0,0022
uris 3,5066 0,0017
tests 1,3093 0,0006
parser 0,0000 0,0000
port 2,0402 0,0010
http 0,0000 0,0000
therefore 0,7985 0,0004
exchange 1,1712 0,0006
decimal 0,0101 0,0000
eme 2,4079 0,0011
useful 0,9943 0,0005
trust 1,5141 0,0007
private 0,8210 0,0004
wggetopicsmatchmodeenabled 0,0000 0,0000
technical 0,6349 0,0003
united 0,4780 0,0002
hypermedia 3,2189 0,0015
wghostname 0,0000 0,0000
liveconnect 2,9957 0,0014
benjamin 1,7720 0,0008
urls 2,4079 0,0011
accomplish 2,3026 0,0011
previously 1,1712 0,0006
wgtitle 0,0000 0,0000
engine 0,6539 0,0003
puffin 2,8134 0,0013
end 0,3425 0,0002
lines 1,7720 0,0008
mistake 2,5257 0,0012
wgdigittransformtable 0,0000 0,0000
rich 1,3863 0,0007
hlist 0,0408 0,0000
label 0,0000 0,0000
improvement 1,6607 0,0008
message 0,4943 0,0002
recorded 1,6607 0,0008
forum 1,5141 0,0007
special 0,0000 0,0000
modify 1,3863 0,0007
activex 2,5257 0,0012
rlconf 0,0000 0,0000
progressive 1,0788 0,0005
sctp 3,5066 0,0017
timberwolf 2,8134 0,0013
contributors 0,0000 0,0000
hyperlinks 3,2189 0,0015
referred 0,7340 0,0003
slightly 1,8326 0,0009
tries 2,3026 0,0011
bahasa 0,3285 0,0002
called 0,2744 0,0001
charter 3,2189 0,0015
configurations 2,0402 0,0010
release 0,4005 0,0002
ago 0,7765 0,0004
caption 0,3711 0,0002
accessed 1,1087 0,0005
pipelining 3,9120 0,0018
years 0,3425 0,0002
gradually 2,1203 0,0010
number 0,0101 0,0000
webexplorer 2,8134 0,0013
wgbackendresponsetime 0,0000 0,0000
rip 3,2189 0,0015
brave 2,8134 0,0013
accesses 2,6593 0,0013
algorithm 1,2730 0,0006
splitting 2,2073 0,0010
similar 0,4780 0,0002
recharter 4,6052 0,0022
specify 1,5606 0,0007
distributed 0,3857 0,0002
handle 1,3863 0,0007
unintended 2,9957 0,0014
system 0,0305 0,0000
etag 3,9120 0,0018
obsoleted 2,8134 0,0013
deepnet 2,8134 0,0013
partial 1,6607 0,0008
crawlers 3,5066 0,0017
fundamentals 1,3863 0,0007
other 0,0000 0,0000
aim 1,3093 0,0006
indicated 2,1203 0,0010
against 0,6931 0,0003
abaco 2,8134 0,0013
retain 2,8134 0,0013
login 2,4079 0,0011
representations 2,0402 0,0010
local 0,7985 0,0004
valid 1,4271 0,0007
indicates 2,4079 0,0011
advertised 3,9120 0,0018
firstly 3,5066 0,0017
ajp 2,9957 0,0014
identifiers 1,9661 0,0009
gzip 3,9120 0,0018
nacl 2,6593 0,0013
removed 0,7985 0,0004
future 0,6349 0,0003
rlq 0,0000 0,0000
stored 0,8916 0,0004
cite 0,0000 0,0000
logic 0,9676 0,0005
ndp 3,5066 0,0017
webusb 2,9957 0,0014
referer 3,9120 0,0018
screen 0,0101 0,0000
body 0,0000 0,0000
vandalism 2,6593 0,0013
mode 0,0000 0,0000
pages 0,0000 0,0000
updating 1,3471 0,0006
enhancements 0,0101 0,0000
etc 2,9957 0,0014
websocket 2,2073 0,0010
modified 1,2730 0,0006
links 0,0000 0,0000
all 0,0408 0,0000
always 0,9416 0,0004
border 0,0000 0,0000
new 0,0000 0,0000
xanadu 4,6052 0,0022
read 0,0000 0,0000
upgrading 3,5066 0,0017
already 1,1087 0,0005
below 0,7550 0,0004
popov 4,6052 0,0022
real 0,0408 0,0000
clientpref 0,0000 0,0000
apis 0,9676 0,0005
svenska 0,3857 0,0002
nfs 2,9957 0,0014
unix 1,3093 0,0006
xpconnect 2,9957 0,0014
badly 2,9957 0,0014
facilitate 1,3093 0,0006
roa 2,8134 0,0013
wgpagecontentlanguage 0,0000 0,0000
media 0,2485 0,0001
floorp 2,8134 0,0013
running 0,7340 0,0003
wgisarticle 0,0000 0,0000
define 0,8916 0,0004
row 0,5276 0,0002
saying 1,9661 0,0009
roy 2,5257 0,0012
crid 3,9120 0,0018
deliberately 2,8134 0,0013
rpc 3,2189 0,0015
transport 1,7148 0,0008
specific 0,2877 0,0001
any 0,2107 0,0001
huawei 2,2073 0,0010
application 0,1393 0,0001
encrypted 1,7148 0,0008
milestone 2,8134 0,0013
wgflaggedrevsparams 0,0000 0,0000
dillo 2,8134 0,0013
until 0,7765 0,0004
formally 2,0402 0,0010
collapse 0,0408 0,0000
forms 1,0217 0,0005
aol 2,2073 0,0010
reason 1,3093 0,0006
eww 2,8134 0,0013
maintain 1,1087 0,0005
wgrelevantarticleid 0,0000 0,0000
establishing 2,4079 0,0011
cantrell 4,6052 0,0022
cert 2,8134 0,0013
skyfire 2,8134 0,0013
decided 1,5141 0,0007
cake 2,8134 0,0013
jan 1,6094 0,0008
builds 1,6607 0,0008
english 0,0000 0,0000
proxies 2,5257 0,0012
api 0,4155 0,0002
secondarily 4,6052 0,0022
fully 0,8210 0,0004
shopping 2,9957 0,0014
cache 0,0305 0,0000
margin 0,0000 0,0000
suomi 0,2107 0,0001
using 0,0000 0,0000
wgrequestid 0,0000 0,0000
wgbreakframes 0,0000 0,0000
containing 0,6931 0,0003
hosts 1,9661 0,0009
expected 0,8440 0,0004
refine 3,2189 0,0015
completed 1,3471 0,0006
rlpagemodules 0,0000 0,0000
dataspaces 3,5066 0,0017
cern 2,5257 0,0012
eye 2,5257 0,0012
slow 1,3471 0,0006
exchanged 2,6593 0,0013
wgwikibaseitemid 0,0000 0,0000
sizing 0,0408 0,0000
dublin 2,9957 0,0014
ppapi 2,9957 0,0014
maybe 2,8134 0,0013
another 0,3567 0,0002
automatically 0,7765 0,0004
cookies 2,6593 0,0013
otter 2,6593 0,0013
matching 1,6607 0,0008
default 0,6931 0,0003
endpoint 3,5066 0,0017
arc 2,6593 0,0013
encryption 1,1712 0,0006
taken 1,3471 0,0006
came 1,4697 0,0007
ari 3,2189 0,0015
disabled 0,0000 0,0000
where 0,2744 0,0001
mechanism 1,0217 0,0005
webserver 3,9120 0,0018
popular 0,6539 0,0003
arp 3,2189 0,0015
websockets 2,8134 0,0013
apps 1,3093 0,0006
timestamp 0,0000 0,0000
broken 2,0402 0,0010
bandwidth 2,3026 0,0011
broker 1,8971 0,0009
rtp 3,5066 0,0017
such 0,0943 0,0000
classic 1,3093 0,0006
ask 2,4079 0,0011
understood 2,0402 0,0010
asp 2,5257 0,0012
fetched 3,9120 0,0018
supported 0,7765 0,0004
pipelined 3,5066 0,0017
through 0,2107 0,0001
becoming 1,5606 0,0007
strength 2,8134 0,0013
documents 1,1087 0,0005
solved 2,2073 0,0010
icab 2,8134 0,0013
occasional 2,9957 0,0014
microsoft 0,4005 0,0002
features 0,3857 0,0002
mouse 2,1203 0,0010
view 0,0000 0,0000
white 0,0305 0,0000
donate 0,0000 0,0000
foaf 3,2189 0,0015
those 0,5108 0,0002
might 0,7340 0,0003
nielsen 2,8134 0,0013
bold 0,0408 0,0000
duplicate 2,4079 0,0011
engineering 0,3711 0,0002
sharing 1,0217 0,0005
longer 1,0217 0,0005
gecko 2,8134 0,0013
galego 0,7550 0,0004
name 0,0000 0,0000
bolt 2,5257 0,0012
cputime 0,0000 0,0000
fields 1,2040 0,0006
parameters 1,5141 0,0007
watchlist 0,0000 0,0000
next 0,5798 0,0003
frystyk 3,9120 0,0018
color 0,0101 0,0000
hidden 0,0000 0,0000
string 1,3863 0,0007
book 0,5978 0,0003
nearly 1,4697 0,0007
show 0,0834 0,0000
description 0,0000 0,0000
gourley 4,6052 0,0022
blink 2,5257 0,0012
caps 0,0619 0,0000
button 2,1203 0,0010
emails 2,6593 0,0013
not 0,0101 0,0000
now 0,4308 0,0002
statement 0,0000 0,0000
trademark 0,0101 0,0000
lived 2,8134 0,0013
supporting 0,7765 0,0004
greek 0,0101 0,0000
konqueror 2,8134 0,0013
delivery 1,4697 0,0007
interfaces 0,6162 0,0003
rack 2,5257 0,0012
learned 1,7720 0,0008
chunked 4,6052 0,0022
way 0,3285 0,0002
target 0,0101 0,0000
xhtml 2,8134 0,0013
what 0,0000 0,0000
amaya 2,6593 0,0013
detailed 1,4697 0,0007
guidance 1,8971 0,0009
israel 0,7550 0,0004
colon 3,5066 0,0017
intermediaries 2,9957 0,0014
vulnerabilities 1,5606 0,0007
container 0,0000 0,0000
developers 0,0000 0,0000
deprecated 1,6607 0,0008
quickly 1,1087 0,0005
usage 0,0000 0,0000
totty 4,6052 0,0022
experimental 1,4697 0,0007
transmitted 2,1203 0,0010
wgmediaviewerenabledbydefault 0,0000 0,0000
issues 0,5978 0,0003
lowers 3,5066 0,0017
nearby 0,0000 0,0000
when 0,0834 0,0000
packets 3,2189 0,0015
logout 4,6052 0,0022
logged 0,0000 0,0000
far 1,3093 0,0006
struggling 3,5066 0,0017
plan 1,2379 0,0006
case 0,4155 0,0002
generation 1,2379 0,0006
nokia 2,0402 0,0010
accelerator 2,1203 0,0010
give 1,5606 0,0007
canvas 2,3026 0,0011
images 1,3093 0,0006
item 0,0000 0,0000
wgmediavieweronclick 0,0000 0,0000
waits 2,9957 0,0014
depends 1,5606 0,0007
rockmelt 2,8134 0,0013
double 1,1087 0,0005
wgulsposition 0,0000 0,0000
epic 2,0402 0,0010
melayu 0,6349 0,0003
matches 0,9416 0,0004
idempotence 4,6052 0,0022
tunnels 3,5066 0,0017
moon 2,6593 0,0013
failing 2,8134 0,0013
italiano 0,1278 0,0001
sticky 0,0000 0,0000
refined 2,6593 0,0013
style 0,0000 0,0000
completely 1,4271 0,0007
dividing 3,5066 0,0017
implicit 2,0402 0,0010
explicitly 1,2040 0,0006
alps 3,5066 0,0017
alpn 3,9120 0,0018
searchinput 0,0000 0,0000
sentences 0,0000 0,0000
differences 1,3863 0,0007
fulfilled 3,5066 0,0017
commons 0,0000 0,0000
enabled 0,0000 0,0000
receiving 2,2073 0,0010
web 0,1165 0,0001
wed 4,6052 0,0022
npapi 2,9957 0,0014
older 1,1712 0,0006
wei 2,5257 0,0012
categories 0,0000 0,0000
architecture 0,0000 0,0000
enables 0,7133 0,0003
more 0,0000 0,0000
display 0,0000 0,0000
ntp 3,5066 0,0017
hpack 4,6052 0,0022
rrid 3,5066 0,0017
igmp 3,5066 0,0017
ixbrl 3,5066 0,0017
rechartering 4,6052 0,0022
organization 0,0000 0,0000
width 0,0000 0,0000
belshe 4,6052 0,0022
superseded 2,3026 0,0011
certain 0,6162 0,0003
levels 0,0000 0,0000
statistics 0,0000 0,0000
distinction 2,0402 0,0010
section 0,7985 0,0004
simple 0,2357 0,0001
polling 2,8134 0,0013
used 0,0619 0,0000
protocol 0,7133 0,0003
overflow 0,3857 0,0002
whale 2,5257 0,0012
ldap 2,6593 0,0013
few 0,8916 0,0004
robots 2,6593 0,0013
shun 3,9120 0,0018
connections 1,4271 0,0007
described 0,5108 0,0002
configured 1,8326 0,0009
bots 3,9120 0,0018
visible 0,0101 0,0000
kind 1,2040 0,0006
temporarily 2,1203 0,0010
both 0,0305 0,0000
produced 1,2379 0,0006
important 0,0101 0,0000
most 0,2107 0,0001
effects 1,2040 0,0006
transfer 0,9943 0,0005
mgcp 3,5066 0,0017
phrase 2,2073 0,0010
effect 1,1394 0,0005
keep 1,0217 0,0005
topic 0,0000 0,0000
who 0,5621 0,0003
handbook 1,7148 0,0008
globally 1,9661 0,0009
contribute 0,0000 0,0000
insert 2,3026 0,0011
necessarily 1,7720 0,0008
administrator 2,1203 0,0010
database 0,4943 0,0002
causing 1,8326 0,0009
along 0,7340 0,0003
opportunistic 2,9957 0,0014
jsgi 2,4079 0,0011
david 0,5798 0,0003
mentioned 1,9661 0,0009
scripts 1,6094 0,0008
designed 0,4620 0,0002
authentication 1,3863 0,0007
wgseparatortransformtable 0,0000 0,0000
rest 1,1087 0,0005
chromium 2,3026 0,0011
move 0,0000 0,0000
original 0,0943 0,0000
saw 2,1203 0,0010
also 0,0202 0,0000
drafts 2,5257 0,0012
discontinued 1,3471 0,0006
swiftfox 2,8134 0,0013
inline 0,0408 0,0000
yandex 2,1203 0,0010
various 0,3857 0,0002
uses 0,2485 0,0001
user 0,0000 0,0000
frontend 2,4079 0,0011
simply 0,9676 0,0005
equivalent 1,5141 0,0007
projects 0,0000 0,0000
bad 1,7148 0,0008
bai 3,9120 0,0018
completing 2,8134 0,0013
icmp 3,5066 0,0017
intermediary 2,6593 0,0013
nntp 3,5066 0,0017
trailing 3,2189 0,0015
draft 1,7720 0,0008
hreview 3,5066 0,0017
fluid 2,3026 0,0011
piratebrowser 2,8134 0,0013
surf 2,6593 0,0013
lynx 2,6593 0,0013
personal 0,0000 0,0000
former 1,3093 0,0006
proxy 1,8971 0,0009
submitted 1,7720 0,0008
imageobject 0,0000 0,0000
ipsec 3,5066 0,0017
plans 1,3471 0,0006
intermediate 2,1203 0,0010
consideration 2,1203 0,0010
compression 1,5141 0,0007
formed 1,5141 0,0007
greatly 1,8971 0,0009
optimizations 2,4079 0,0011
scheme 0,0101 0,0000
icon 0,0101 0,0000
expansiondepth 0,0000 0,0000
icedragon 2,8134 0,0013
sec 2,8134 0,0013
communications 0,9943 0,0005
search 0,0000 0,0000
see 0,0408 0,0000
spacing 0,0619 0,0000
systems 0,1054 0,0000
wgrelevantpagename 0,0000 0,0000
national 0,4463 0,0002
indicate 1,5141 0,0007
completion 1,9661 0,0009
enabling 1,3093 0,0006
contain 0,0101 0,0000
set 0,2485 0,0001
shqip 0,6931 0,0003
column 0,0101 0,0000
words 1,5606 0,0007
adobe 2,1203 0,0010
midori 2,4079 0,0011
procedure 1,3863 0,0007
lasted 3,5066 0,0017
sample 1,7148 0,0008
deleted 2,2073 0,0010
nsapi 2,9957 0,0014
wgaction 0,0000 0,0000
corresponds 2,9957 0,0014
reschke 4,6052 0,0022
font 0,0000 0,0000
encode 2,6593 0,0013
arora 2,5257 0,0012
performs 1,7720 0,0008
clarify 2,2073 0,0010
omniweb 2,8134 0,0013
woa 2,9957 0,0014
language 0,0000 0,0000
navbox 0,0943 0,0000
developed 0,2357 0,0001
listitem 0,0408 0,0000
contact 0,0000 0,0000
rare 1,8971 0,0009
presumes 4,6052 0,0022
france 0,8675 0,0004
dusseault 4,6052 0,0022
preceded 2,9957 0,0014
criticism 1,2379 0,0006
programming 0,2614 0,0001
digit 2,6593 0,0013
needs 0,5108 0,0002
image 0,0202 0,0000
chrome 2,2073 0,0010
typically 0,3857 0,0002
browsers 1,7720 0,0008
never 1,1712 0,0006
schemas 2,4079 0,0011
party 0,7550 0,0004
frame 2,0402 0,0010
cursor 0,0619 0,0000
however 0,3011 0,0001
sources 0,5447 0,0003
origin 0,0000 0,0000
waterfox 2,8134 0,0013
bgp 3,5066 0,0017
walltime 0,0000 0,0000
interlanguage 0,0000 0,0000
content 0,0000 0,0000
retrieving 2,3026 0,0011
duckduckgo 2,6593 0,0013
random 0,0000 0,0000
wikibooks 0,8210 0,0004
refactoring 2,2073 0,0010
related 0,0000 0,0000
alert 2,2073 0,0010
bookmarking 3,9120 0,0018
mosaic 2,6593 0,0013
client 0,0000 0,0000
foss 1,8971 0,0009
json 1,2379 0,0006
cacheable 4,6052 0,0022
sip 3,2189 0,0015
class 0,0000 0,0000
digital 0,6162 0,0003
over 0,3285 0,0002
six 1,4271 0,0007
bho 2,9957 0,0014
false 0,0000 0,0000
specification 0,8210 0,0004
counter 0,0408 0,0000
kept 1,8971 0,0009
srpskohrvatski 0,9163 0,0004
form 0,3711 0,0002
management 0,2231 0,0001
representational 2,8134 0,0013
publish 1,6607 0,0008
developer 0,4005 0,0002
realm 2,6593 0,0013
avoid 0,0101 0,0000
tunnel 2,6593 0,0013
livinginternet 4,6052 0,0022
presents 1,6607 0,0008
very 0,5978 0,0003
practice 0,7550 0,0004
placed 1,8326 0,0009
triggered 0,0513 0,0000
fulfill 2,8134 0,0013
advanced 0,7340 0,0003
bin 2,6593 0,0013
improves 2,0402 0,0010
bio 4,6052 0,0022
bis 2,9957 0,0014
output 0,0000 0,0000
jacobs 3,2189 0,0015
orion 2,3026 0,0011
else 2,0402 0,0010
wss 3,9120 0,0018
context 0,6539 0,0003
easily 1,2040 0,0006
michal 3,9120 0,0018
model 0,0000 0,0000
https 0,0000 0,0000
portal 0,0000 0,0000
httpu 4,6052 0,0022
gears 2,4079 0,0011
reduce 0,9676 0,0005
asapi 2,9957 0,0014
issue 0,8675 0,0004
kern 0,0101 0,0000
large 0,3425 0,0002
folksonomy 3,5066 0,0017
lower 0,0101 0,0000
verb 3,2189 0,0015
schemes 1,9661 0,0009
transactions 1,1087 0,0005
odd 0,0943 0,0000
messaging 1,4271 0,0007
finalized 2,8134 0,0013
operate 1,4271 0,0007
multiplexing 4,6052 0,0022
contrast 0,9676 0,0005
john 0,5276 0,0002
hello 1,6607 0,0008
continuing 2,9957 0,0014
secondly 3,9120 0,0018
wgvisualeditor 0,0000 0,0000
template 0,0000 0,0000
charset 3,5066 0,0017
alive 3,9120 0,0018
httpwg 4,6052 0,0022
appending 3,9120 0,0018
eventually 1,1394 0,0005
subscription 0,0101 0,0000
basilisk 2,4079 0,0011
falkon 2,8134 0,0013
finishing 4,6052 0,0022
library 0,5621 0,0003
navbar 0,0202 0,0000
world 0,3857 0,0002
subbox 0,6931 0,0003
digest 2,9957 0,0014
december 0,0000 0,0000
sending 2,2073 0,0010
ability 0,7765 0,0004
implementations 0,7985 0,0004
table 0,0000 0,0000
ediger 4,6052 0,0022
charon 2,8134 0,0013
prefers 0,0101 0,0000
side 0,3567 0,0002
ftp 2,4079 0,0011
gaeilge 1,2040 0,0006
break 0,0101 0,0000
librewolf 2,8134 0,0013
change 0,4463 0,0002
indirectly 2,5257 0,0012
beonex 2,8134 0,0013
printable 0,0000 0,0000
generally 0,5447 0,0003
hide 0,0000 0,0000
meleon 2,8134 0,0013
discovery 1,3863 0,0007
complete 0,6931 0,0003
transaction 1,4271 0,0007
improvements 1,2040 0,0006
auto 0,0726 0,0000
microformats 2,8134 0,0013
wgcanonicalspecialpagename 0,0000 0,0000
while 0,2614 0,0001
rfcs 3,9120 0,0018
download 0,0000 0,0000
edge 1,3863 0,0007
faster 0,9163 0,0004
high 0,3425 0,0002
split 0,0000 0,0000
httpbis 4,6052 0,0022
documented 2,0402 0,0010
langley 3,5066 0,0017
than 0,2357 0,0001
limit 0,0000 0,0000
reviewed 1,8326 0,0009
widespread 1,3093 0,0006
bnf 0,9163 0,0004
brian 1,2730 0,0006
communication 0,6931 0,0003
different 0,0513 0,0000
officially 1,8971 0,0009
semantically 3,9120 0,0018
discretion 3,9120 0,0018
franks 4,6052 0,0022
months 0,8210 0,0004
level 0,0000 0,0000
author 0,0000 0,0000
subscribing 3,5066 0,0017
establish 1,8326 0,0009
permanently 2,0402 0,0010
plus 1,6607 0,0008
relevant 1,2040 0,0006
license 0,0000 0,0000
expand 0,0513 0,0000
salamweb 2,8134 0,0013
essay 2,9957 0,0014
retrieve 2,0402 0,0010
code 0,0000 0,0000
legacy 1,5141 0,0007
wgdefaultdateformat 0,0000 0,0000
box 0,0408 0,0000
storage 0,3711 0,0002
sql 1,0788 0,0005
head 1,3471 0,0006
dialog 2,9957 0,0014
total 0,0000 0,0000
considerable 2,4079 0,0011
deutsch 0,0943 0,0000
backend 1,8326 0,0009
revisions 2,1203 0,0010
consumes 2,8134 0,0013
unofficial 2,2073 0,0010
allows 0,3425 0,0002
determine 1,2730 0,0006
nature 1,0498 0,0005
src 0,6349 0,0003
control 0,1744 0,0001
symbian 2,2073 0,0010
autoconfirmed 1,9661 0,0009
friedl 4,6052 0,0022
attribution 0,0000 0,0000
compliant 2,2073 0,0010
mailto 3,9120 0,0018
geolocation 2,3026 0,0011
handles 1,6094 0,0008
handler 2,3026 0,0011
metadata 1,5606 0,0007
sse 2,9957 0,0014
upper 0,0101 0,0000
insensitive 3,2189 0,0015
registered 0,0101 0,0000
ssh 2,3026 0,0011
periodically 2,9957 0,0014
behalf 2,9957 0,0014
ssl 2,4079 0,0011
engines 0,8210 0,0004
minerva 0,0101 0,0000
publishing 0,6931 0,0003
recent 0,0000 0,0000
raggett 3,2189 0,0015
they 0,1508 0,0001
breaking 1,6094 0,0008
forks 1,6607 0,0008
github 0,7340 0,0003
edit 0,0000 0,0000
grigorik 3,9120 0,0018
old 1,2040 0,0006
them 0,3285 0,0002
norwood 4,6052 0,0022
then 0,3567 0,0002
remaining 1,6607 0,0008
accept 1,7148 0,0008
requested 2,3026 0,0011
concepts 0,5978 0,0003
adopt 2,3026 0,0011
vannevar 4,6052 0,0022
conditions 1,3093 0,0006
checking 1,5606 0,0007
access 0,3011 0,0001
webrtc 2,3026 0,0011
activity 1,4271 0,0007
overcome 2,4079 0,0011
ports 2,5257 0,0012
extended 0,9163 0,0004
gazelle 2,8134 0,0013
seen 1,2040 0,0006
serving 2,9957 0,0014
archived 0,0943 0,0000
selflink 0,0101 0,0000
current 0,0000 0,0000
secretary 2,9957 0,0014
nynorsk 1,2379 0,0006
templatequotecite 1,9661 0,0009
managed 1,0498 0,0005
vector 0,0000 0,0000
audio 1,2379 0,0006
email 1,4697 0,0007
preferred 2,2073 0,0010
silk 2,2073 0,0010
cachereport 0,0000 0,0000
pretitle 1,3471 0,0006
stopped 2,4079 0,0011
smtp 3,5066 0,0017
onc 3,2189 0,0015
svg 1,0788 0,0005
one 0,0943 0,0000
loads 2,6593 0,0013
makes 0,5108 0,0002
hotjava 2,8134 0,0013
started 0,8440 0,0004
winaray 1,7720 0,0008
tagalog 1,2040 0,0006
bosanski 0,8916 0,0004
fcgi 2,9957 0,0014
single 0,3147 0,0001
entityaccesscount 0,0000 0,0000
bug 1,3093 0,0006
catalin 2,8134 0,0013
closed 1,2040 0,0006
compressed 2,5257 0,0012
partially 1,8971 0,0009
webhook 2,6593 0,0013
separate 0,7133 0,0003
zalewski 4,6052 0,0022
available 0,0000 0,0000
rules 0,6349 0,0003
enclosed 3,5066 0,0017
zero 1,1087 0,0005
trivially 3,9120 0,0018
apache 1,0788 0,0005
variant 0,0619 0,0000
dynamic 0,7133 0,0003
written 0,3147 0,0001
sioc 3,5066 0,0017
treated 2,1203 0,0010
shortened 0,0000 0,0000
query 1,3471 0,0006
nelson 2,9957 0,0014
norsk 0,3285 0,0002
modules 1,0788 0,0005
memusage 0,0000 0,0000
especially 0,8210 0,0004
once 0,7985 0,0004
solve 1,3471 0,0006
know 0,7340 0,0003
support 0,2107 0,0001
changed 1,0788 0,0005
higher 0,7985 0,0004
implements 1,3471 0,0006
grddl 3,5066 0,0017
records 1,5141 0,0007
idea 1,1712 0,0006
changes 0,0000 0,0000
polski 0,1165 0,0001
privacy 0,0000 0,0000
proprietary 0,9676 0,0005
missing 1,3093 0,0006
extensible 1,8326 0,0009
successful 1,2379 0,0006
normal 0,0202 0,0000
snell 3,5066 0,0017
types 0,4780 0,0002
cases 0,8675 0,0004
previous 1,1712 0,0006
wide 0,7133 0,0003
org 1,5141 0,0007
mandates 2,4079 0,0011
technology 0,2357 0,0001
sips 3,9120 0,0018
ungoogled 2,8134 0,0013
aggarwal 3,9120 0,0018
wgarticleid 0,0000 0,0000
pagelanguagedir 0,0000 0,0000
wgcitereferencepreviewsactive 0,0000 0,0000
location 1,2730 0,0006
specially 3,9120 0,0018
passing 1,7720 0,0008
triples 3,5066 0,0017
software 0,0000 0,0000
tested 1,3863 0,0007
none 0,0101 0,0000
displays 2,4079 0,0011
type 0,0000 0,0000
april 0,0000 0,0000
beyond 1,0217 0,0005
feedback 1,3471 0,0006
idempotent 3,9120 0,0018
closing 1,8326 0,0009
problem 0,6349 0,0003
optimization 1,0217 0,0005
terms 0,0000 0,0000
hsing 4,6052 0,0022
connection 1,3093 0,0006
between 0,2107 0,0001
guide 0,3711 0,0002
pagevariantfallbacks 0,0000 0,0000
kazehakase 2,8134 0,0013
method 0,4780 0,0002
comodo 2,8134 0,0013
overhead 1,2379 0,0006
streams 1,6094 0,0008
push 0,0000 0,0000
exist 0,7985 0,0004
ladybird 2,8134 0,0013
following 0,3857 0,0002
force 1,2730 0,0006
caches 2,8134 0,0013
columns 0,0101 0,0000
james 0,9676 0,0005
range 0,9416 0,0004
tools 0,0000 0,0000
derive 2,8134 0,0013
out 0,0000 0,0000
cailliau 3,5066 0,0017
geo 3,2189 0,0015
feature 0,0000 0,0000
cached 0,0513 0,0000
get 0,0000 0,0000
dark 0,0101 0,0000
ilya 2,9957 0,0014
sayer 4,6052 0,0022
informed 2,2073 0,0010
neoplanet 2,8134 0,0013
continued 1,5141 0,0007
help 0,0000 0,0000
forcing 2,8134 0,0013
site 0,0000 0,0000
depth 0,0000 0,0000
perceptibly 4,6052 0,0022
elements 0,6349 0,0003
located 1,7148 0,0008
responses 2,0402 0,0010
self 0,7133 0,0003
sharealike 0,0000 0,0000
date 0,7985 0,0004
realms 4,6052 0,0022
cors 2,9957 0,0014
data 0,0000 0,0000
owl 2,8134 0,0013
firefox 2,2073 0,0010
wiki 1,2730 0,0006
begun 2,2073 0,0010
wgpageviewlanguage 0,0000 0,0000
blog 0,7133 0,0003
ldaps 3,9120 0,0018
barrier 2,4079 0,0011
accesskey 0,0000 0,0000
describing 1,2730 0,0006
plain 1,5141 0,0007
only 0,2107 0,0001
should 0,3711 0,0002
consequences 2,4079 0,0011
create 0,0000 0,0000
tag 2,1203 0,0010
mechanisms 1,2730 0,0006
readable 1,8971 0,0009
development 0,1393 0,0001
like 0,2231 0,0001
resource 0,7550 0,0004
accepted 1,6607 0,0008
datagram 3,2189 0,0015
towards 1,2040 0,0006
webp 3,9120 0,0018
sent 1,2040 0,0006
core 0,5978 0,0003
ending 2,2073 0,0010
addressed 1,6607 0,0008
proposed 1,1712 0,0006
safe 0,9163 0,0004
files 0,8440 0,0004
send 1,3093 0,0006
potentially 0,7765 0,0004
here 0,0000 0,0000
handshake 3,9120 0,0018
note 0,9416 0,0004
camino 2,8134 0,0013
dave 1,5141 0,0007
week 1,4697 0,0007
purpose 0,6733 0,0003
line 0,0101 0,0000
link 0,0000 0,0000
conveyed 3,9120 0,0018
can 0,0408 0,0000
computing 0,4005 0,0002
security 0,3285 0,0002
servers 0,7985 0,0004
wgcanonicalnamespace 0,0000 0,0000
eligible 3,2189 0,0015
flex 0,5276 0,0002
ready 0,0000 0,0000
informational 3,5066 0,0017
tcp 2,3026 0,0011
wgisredirect 0,0000 0,0000
limited 0,0000 0,0000
satisfy 2,3026 0,0011
will 0,2485 0,0001
sputnik 2,4079 0,0011
worldwideweb 2,8134 0,0013
february 0,0000 0,0000
implementation 0,3425 0,0002
arbitrary 1,3863 0,0007
standardize 2,9957 0,0014
allowing 0,6349 0,0003
technically 2,6593 0,0013
intent 1,9661 0,0009
really 1,5606 0,0007
corresponding 1,3863 0,0007
response 0,8675 0,0004
responsive 0,0202 0,0000
challenge 1,5141 0,0007
category 0,3147 0,0001
wikidata 0,0000 0,0000
