references 0,0513 0,0000
govern 2,5257 0,0017
saved 0,0619 0,0000
upload 0,0000 0,0000
year 0,2614 0,0002
wggelevelingupenabledforuser 0,0000 0,0000
wgrestrictionmove 0,0000 0,0000
branch 1,5606 0,0021
building 0,7985 0,0005
without 0,2744 0,0002
via 0,3011 0,0002
properly 1,3471 0,0009
quote 0,0101 0,0000
richardlau 4,6052 0,0032
would 0,3425 0,0002
absent 3,5066 0,0024
visual 0,9416 0,0006
because 0,0000 0,0000
vim 3,2189 0,0022
ten 1,6607 0,0011
solid 0,0202 0,0000
thus 0,7550 0,0005
eich 2,9957 0,0021
pool 2,0402 0,0014
neutral 0,5447 0,0004
dubnium 4,6052 0,0032
google 0,4005 0,0003
require 0,0000 0,0000
analysis 0,5108 0,0003
community 0,0000 0,0000
version 0,0000 0,0000
scribunto 0,0000 0,0000
size 0,0000 0,0000
left 0,0408 0,0000
cdx 0,0000 0,0000
eesti 0,3285 0,0002
detail 0,7133 0,0005
object 0,3711 0,0005
appropriate 1,1394 0,0008
accessible 1,1712 0,0008
sams 2,9957 0,0021
lombard 1,1712 0,0008
turn 1,0498 0,0007
wgusergroup 0,0000 0,0000
weekly 2,4079 0,0016
result 0,2231 0,0002
balancer 2,9957 0,0021
after 0,0305 0,0000
devtools 3,5066 0,0024
wikipedia 0,0000 0,0000
headline 0,0000 0,0000
connect 0,8675 0,0006
policy 0,0000 0,0000
chengzhong 4,6052 0,0032
website 0,3711 0,0003
address 0,5621 0,0004
committee 1,6607 0,0023
learn 0,0000 0,0000
kernel 1,2379 0,0008
whatwg 2,3026 0,0016
pagelanguagecode 0,0000 0,0000
transientcontent 0,0000 0,0000
subtle 0,3285 0,0002
fast 0,4943 0,0003
blue 1,8326 0,0013
idhash 0,0619 0,0000
information 0,0000 0,0000
wrap 0,0101 0,0000
register 0,0000 0,0000
gireesh 4,6052 0,0032
november 0,0000 0,0000
ace 3,5066 0,0024
republic 0,8916 0,0006
official 0,6162 0,0004
empty 0,0305 0,0000
red 1,2730 0,0009
post 0,0202 0,0000
leave 0,0101 0,0000
crockford 2,9957 0,0021
fullversionlist 0,0000 0,0000
finish 1,8971 0,0013
implement 0,3285 0,0002
export 0,0000 0,0000
simdjson 4,6052 0,0032
ada 2,0402 0,0014
add 0,0000 0,0000
che 3,9120 0,0027
ratify 3,2189 0,0022
enide 4,6052 0,0032
need 0,1393 0,0004
elm 3,9120 0,0027
european 1,3471 0,0009
cryptography 1,7148 0,0012
its 0,0726 0,0000
often 0,2877 0,0002
list 0,0000 0,0000
article 0,0000 0,0000
external 0,1863 0,0001
parser 0,0000 0,0000
port 1,8326 0,0013
whittaker 4,6052 0,0032
success 1,2379 0,0008
authority 0,4780 0,0003
http 0,0000 0,0000
decimal 0,0101 0,0000
child 0,0202 0,0000
jelastic 2,2073 0,0015
technical 0,6349 0,0004
mainentity 0,0000 0,0000
production 0,9943 0,0007
regional 2,6593 0,0018
united 0,4780 0,0003
breakdown 2,5257 0,0017
germany 0,5798 0,0004
choose 0,8440 0,0006
nodejs 3,9120 0,0027
interface 0,2485 0,0005
importable 4,6052 0,0032
wghostname 0,0000 0,0000
benjamin 1,7720 0,0012
disclaimers 0,0000 0,0000
simdutf 4,6052 0,0032
bridgewater 4,6052 0,0032
unsupported 2,3026 0,0016
previously 1,1712 0,0008
wgtitle 0,0000 0,0000
engine 0,4780 0,0007
responsible 1,2040 0,0008
root 0,4780 0,0003
wgisprobablyeditable 0,0000 0,0000
end 0,3011 0,0004
nestjs 2,8134 0,0019
compiler 1,3093 0,0009
wgdigittransformtable 0,0000 0,0000
citation 0,0101 0,0000
mobile 0,0000 0,0000
multiple 0,2485 0,0002
perform 0,4463 0,0006
hlist 0,0408 0,0000
label 0,0000 0,0000
versus 1,7720 0,0012
special 0,0000 0,0000
plainlist 0,4463 0,0003
environment 0,4308 0,0006
pdf 0,0000 0,0000
rlconf 0,0000 0,0000
stewardship 3,2189 0,0022
there 0,2614 0,0002
tniessen 4,6052 0,0032
paolo 2,8134 0,0019
syntax 1,1394 0,0008
well 0,2744 0,0002
tls 2,3026 0,0016
username 2,6593 0,0018
bitness 0,0000 0,0000
rgba 0,0101 0,0000
bahasa 0,3285 0,0002
release 0,2744 0,0006
ago 0,7765 0,0005
channel 1,3863 0,0009
caption 0,3567 0,0002
entire 0,8675 0,0006
approach 0,3711 0,0003
number 0,0000 0,0000
wgbackendresponsetime 0,0000 0,0000
orsini 4,6052 0,0032
shorten 0,0000 0,0000
block 0,0408 0,0001
infoworld 1,6094 0,0011
write 0,1508 0,0003
flow 0,3425 0,0002
order 0,4155 0,0003
similar 0,4780 0,0003
aria 0,0000 0,0000
livescript 3,9120 0,0027
boxtext 0,0619 0,0000
byte 0,0408 0,0000
programmer 0,9416 0,0006
testing 0,6733 0,0005
handle 0,6539 0,0013
indonesia 0,3567 0,0002
angular 2,5257 0,0017
exit 2,5257 0,0017
matteo 3,2189 0,0022
system 0,0101 0,0000
even 0,0513 0,0000
install 1,3093 0,0018
binary 0,9943 0,0007
gruenbaum 4,6052 0,0032
integration 0,4620 0,0003
tagline 0,0000 0,0000
nodeclipse 4,6052 0,0032
regexp 0,0000 0,0000
other 0,0000 0,0000
subsection 0,1508 0,0001
aim 0,8210 0,0006
jsdoc 3,2189 0,0022
wgeditsubmitbuttonlabelpublish 0,0000 0,0000
against 0,6931 0,0005
loadable 2,3026 0,0016
toc 0,0000 0,0000
functionality 0,6539 0,0009
wgpagecontentmodel 0,0000 0,0000
aix 2,5257 0,0017
tom 1,3863 0,0009
encourage 1,5141 0,0010
top 0,0000 0,0000
accommodate 2,1203 0,0015
native 0,8916 0,0006
yield 2,0402 0,0014
floss 3,5066 0,0024
share 0,4620 0,0009
dominant 1,7148 0,0012
unitech 4,6052 0,0032
produce 0,6931 0,0005
wgnamespacenumber 0,0000 0,0000
framework 0,2877 0,0004
future 0,5978 0,0004
rlq 0,0000 0,0000
wgwmepagelength 0,0000 0,0000
cite 0,0000 0,0000
php 1,3471 0,0009
atom 2,4079 0,0016
entity 0,0101 0,0000
fontaine 4,6052 0,0032
thousand 1,5141 0,0010
governance 1,6094 0,0011
com 0,8210 0,0006
erbium 4,6052 0,0032
expensivefunctioncount 0,0000 0,0000
mhdawson 4,6052 0,0032
mocha 3,9120 0,0027
screen 0,0101 0,0000
body 0,0000 0,0000
maintainer 2,5257 0,0017
mode 0,0000 0,0000
timeusage 0,0000 0,0000
pages 0,0000 0,0000
updating 3,9120 0,0027
wake 2,8134 0,0019
laurent 3,2189 0,0022
optimize 1,0217 0,0007
pin 0,0000 0,0000
haxe 2,9957 0,0021
function 0,0000 0,0000
members 3,5066 0,0024
buffer 1,8326 0,0013
net 0,9416 0,0006
closure 1,8971 0,0013
newpp 0,0619 0,0000
all 0,0408 0,0000
border 0,0000 0,0000
lau 4,6052 0,0032
new 0,0000 0,0000
comparison 0,4005 0,0003
read 0,0000 0,0000
cpu 0,0408 0,0000
infobox 0,6931 0,0005
real 0,0408 0,0000
clientpref 0,0000 0,0000
pcache 0,0619 0,0000
tool 0,0000 0,0000
tony 1,8326 0,0013
reconcile 3,2189 0,0022
unit 0,6539 0,0004
simplified 2,6593 0,0018
improve 0,2485 0,0002
svenska 0,3857 0,0003
typing 2,3026 0,0016
october 0,0000 0,0000
unix 1,3093 0,0009
facilitate 0,8440 0,0006
complication 0,0513 0,0000
tsc 4,6052 0,0032
cause 0,6162 0,0004
fermium 4,6052 0,0032
wgpagecontentlanguage 0,0000 0,0000
media 0,2485 0,0002
around 0,6931 0,0005
jquery 0,0000 0,0000
scripting 1,2040 0,0008
wgisarticle 0,0000 0,0000
tier 1,7720 0,0012
pedro 2,4079 0,0016
nagy 4,6052 0,0032
design 0,1393 0,0002
define 0,2744 0,0002
land 2,4079 0,0016
working 1,3471 0,0009
douglas 1,7148 0,0012
row 0,4943 0,0003
mongodb 2,0402 0,0014
render 0,0513 0,0000
targo 4,6052 0,0032
timeless 0,0101 0,0000
direction 1,2379 0,0008
fedor 4,6052 0,0032
abstraction 1,2040 0,0008
collina 4,6052 0,0032
adjacent 2,9957 0,0021
wgwmeschemaeditattemptstepoversample 0,0000 0,0000
inspector 3,5066 0,0024
specific 0,2877 0,0002
any 0,2107 0,0001
ttl 0,0000 0,0000
punathil 4,6052 0,0032
encyclopedia 0,0000 0,0000
application 0,0943 0,0001
conduct 0,0000 0,0000
komodo 2,8134 0,0019
gcuomo 4,6052 0,0032
stable 0,7133 0,0005
wgflaggedrevsparams 0,0000 0,0000
until 0,7765 0,0005
strategy 0,7340 0,0005
maintenance 0,6733 0,0005
collapse 0,0408 0,0000
cluster 1,2379 0,0008
reason 0,7985 0,0005
abovebelow 0,0943 0,0001
benchmarking 2,6593 0,0018
legend 2,2073 0,0015
maintain 0,3567 0,0002
wgrelevantarticleid 0,0000 0,0000
preprocessor 0,0513 0,0000
ship 1,6094 0,0011
natively 2,4079 0,0016
ajax 1,7148 0,0012
professional 0,9416 0,0006
java 0,6162 0,0004
nim 2,5257 0,0017
merge 1,6607 0,0023
pref 0,0000 0,0000
english 0,0000 0,0000
amigos 3,9120 0,0027
let 0,9943 0,0007
api 0,3425 0,0002
csrftoken 0,0000 0,0000
element 0,0000 0,0000
app 0,9943 0,0007
cache 0,0305 0,0000
margin 0,0000 0,0000
suomi 0,2107 0,0001
wgrequestid 0,0000 0,0000
night 0,0000 0,0000
ornbo 4,6052 0,0032
assemblyscript 2,9957 0,0021
enwikimwclientpreference 0,0000 0,0000
qaraqalpaqsha 1,1712 0,0008
rlpagemodules 0,0000 0,0000
each 0,1393 0,0001
gackenheim 4,6052 0,0032
javascript 0,9416 0,0006
input 0,0000 0,0000
toolkit 1,5141 0,0010
difference 0,8916 0,0006
samea 0,0000 0,0000
must 0,4620 0,0003
resign 2,8134 0,0019
wgwikibaseitemid 0,0000 0,0000
bytecode 2,2073 0,0015
unpinned 0,0000 0,0000
complexity 0,9163 0,0006
cut 1,7720 0,0012
wgulsiscompactlinksenable 0,0000 0,0000
another 0,3567 0,0002
automatically 0,7765 0,0005
document 0,4463 0,0003
reside 2,4079 0,0016
simultaneous 2,5257 0,0017
concurrent 1,2040 0,0008
pagevariantfallback 0,0000 0,0000
recommend 1,4697 0,0010
webarchive 0,7985 0,0005
default 0,6931 0,0005
attack 1,1712 0,0008
vendor 1,1087 0,0008
wgmonthname 0,0000 0,0000
disabled 0,0000 0,0000
where 0,2744 0,0002
distribute 0,3857 0,0005
popular 0,6539 0,0004
creation 0,7985 0,0005
datepublished 0,0000 0,0000
timestamp 0,0000 0,0000
receive 0,7340 0,0005
coffeescript 2,6593 0,0018
scaling 2,0402 0,0014
languages 1,3471 0,0009
meteor 2,8134 0,0019
services 1,1087 0,0008
team 0,4943 0,0003
call 0,0101 0,0000
such 0,0943 0,0001
diagnostics 2,9957 0,0021
wgusername 0,0000 0,0000
wilson 2,1203 0,0015
cnet 1,7720 0,0012
watch 1,6607 0,0011
codebase 2,8134 0,0019
through 0,2107 0,0001
nizipli 4,6052 0,0032
administration 1,2730 0,0009
voting 2,0402 0,0014
run 0,3011 0,0006
source 0,1393 0,0002
align 0,0101 0,0000
microsoft 0,4005 0,0003
emscripten 3,9120 0,0027
ecmascript 2,5257 0,0017
view 0,0000 0,0000
compile 1,1712 0,0016
late 0,4155 0,0003
white 0,0305 0,0000
ruy 4,6052 0,0032
wasi 3,9120 0,0027
yourself 3,2189 0,0022
donate 0,0000 0,0000
throughput 2,3026 0,0016
realize 1,9661 0,0013
tech 1,2040 0,0008
last 0,0000 0,0000
imageright 0,2614 0,0002
morfik 3,9120 0,0027
weight 0,0101 0,0000
bold 0,0408 0,0000
develop 0,1863 0,0001
significant 0,6931 0,0005
pro 1,6094 0,0011
caustik 4,6052 0,0032
aug 2,5257 0,0017
overlap 1,7148 0,0012
everywhere 2,5257 0,0017
name 0,0000 0,0000
cputime 0,0000 0,0000
page 0,0000 0,0000
adorno 4,6052 0,0032
watchlist 0,0000 0,0000
full 0,0202 0,0000
next 0,5798 0,0004
memory 0,0408 0,0000
color 0,0101 0,0000
import 1,5606 0,0011
book 0,4308 0,0003
show 0,0513 0,0000
description 0,0000 0,0000
summit 2,0402 0,0014
scalability 1,3093 0,0009
openjs 4,6052 0,0032
indutny 4,6052 0,0032
insogna 4,6052 0,0032
not 0,0101 0,0000
nonstop 4,6052 0,0032
nov 2,3026 0,0016
now 0,4308 0,0003
statement 0,0000 0,0000
debugging 2,0402 0,0014
trademark 0,0101 0,0000
early 0,4308 0,0003
enhance 0,8916 0,0006
greek 0,0101 0,0000
msvc 3,2189 0,0022
news 0,4620 0,0003
overview 0,5447 0,0004
green 1,3863 0,0009
effectively 1,3093 0,0009
introduce 0,3285 0,0005
unifying 3,5066 0,0024
center 0,0000 0,0000
start 0,3011 0,0002
npm 2,4079 0,0016
gallium 4,6052 0,0032
windows 0,7985 0,0005
bridgear 4,6052 0,0032
way 0,2485 0,0003
editing 2,1203 0,0015
manage 0,3567 0,0002
target 0,0101 0,0000
what 0,0000 0,0000
israel 0,7550 0,0005
wikimedia 0,0000 0,0000
initially 1,0788 0,0007
short 0,0000 0,0000
krill 2,5257 0,0017
time 0,0000 0,0000
aws 1,3471 0,0009
container 0,0000 0,0000
incur 2,9957 0,0021
studio 1,3471 0,0009
leader 1,6607 0,0011
randal 3,9120 0,0027
developers 0,0000 0,0000
usage 0,0000 0,0000
interactive 0,4463 0,0003
aleksander 3,5066 0,0024
decide 0,9943 0,0007
experimental 1,4697 0,0010
hydrogen 4,6052 0,0032
program 0,2614 0,0005
wgmediaviewerenabledbydefault 0,0000 0,0000
jasmine 3,5066 0,0024
nearby 0,0000 0,0000
three 0,3711 0,0003
when 0,0834 0,0001
carbon 1,8971 0,0013
specifically 0,8916 0,0006
enter 1,2040 0,0008
designate 1,9661 0,0013
give 0,4780 0,0003
item 0,0000 0,0000
wgmediavieweronclick 0,0000 0,0000
wgulsposition 0,0000 0,0000
melayu 0,6349 0,0004
creative 0,0000 0,0000
nederlands 0,1985 0,0001
provide 0,1625 0,0003
wayback 0,7985 0,0005
wgbreakframe 0,0000 0,0000
light 1,3093 0,0009
rely 0,6931 0,0005
definitelytyped 4,6052 0,0032
italiano 0,1278 0,0001
sticky 0,0000 0,0000
style 0,0000 0,0000
participation 2,2073 0,0015
explicitly 1,2040 0,0008
searchinput 0,0000 0,0000
log 0,0000 0,0000
bombora 4,6052 0,0032
repo 3,2189 0,0022
wgcheckuserclienthintsheadersjsapi 0,0000 0,0000
pattern 0,5978 0,0004
euskara 0,5108 0,0003
planned 3,9120 0,0027
commons 0,0000 0,0000
layer 0,7340 0,0005
modern 0,7340 0,0005
low 0,0101 0,0000
timingprofile 0,0000 0,0000
web 0,1165 0,0001
infrasoft 4,6052 0,0032
theme 0,0000 0,0000
smash 2,9957 0,0021
berlin 1,8326 0,0013
architecture 0,0000 0,0000
wgcategory 0,0000 0,0000
editor 0,0000 0,0000
postexpandincludesize 0,0000 0,0000
initial 0,3857 0,0003
more 0,0000 0,0000
unstrip 0,0000 0,0000
apress 1,7148 0,0012
display 0,0000 0,0000
great 0,8675 0,0006
templateargumentsize 0,0000 0,0000
criticize 1,5141 0,0010
garbar 4,6052 0,0032
unsourced 0,5621 0,0004
january 0,0000 0,0000
permanent 0,0000 0,0000
organization 0,0000 0,0000
asturianu 1,2730 0,0009
width 0,0000 0,0000
choice 1,0498 0,0007
yarn 3,9120 0,0027
ubl 3,9120 0,0027
statistics 0,0000 0,0000
small 0,0305 0,0000
websharper 2,9957 0,0021
before 0,0305 0,0000
simple 0,2231 0,0002
wrapper 2,9957 0,0021
dawson 3,5066 0,0024
alleviate 3,2189 0,0022
italic 0,1278 0,0001
cloud 0,6349 0,0004
protocol 0,5621 0,0004
major 0,5621 0,0004
webpack 3,2189 0,0022
few 0,7133 0,0005
day 0,0000 0,0000
group 0,0408 0,0001
marked 2,6593 0,0018
package 0,9943 0,0014
visible 0,0101 0,0000
jslint 3,2189 0,0022
survival 2,8134 0,0019
format 0,0101 0,0000
runtime 1,2040 0,0008
archive 0,0943 0,0001
purescript 3,9120 0,0027
history 0,0000 0,0000
both 0,0305 0,0000
eclipse 1,7720 0,0012
important 0,0101 0,0000
most 0,2107 0,0001
phrase 1,6094 0,0011
outside 1,1087 0,0008
effect 0,8440 0,0006
topic 0,0000 0,0000
jod 4,6052 0,0032
transcoding 4,6052 0,0032
udp 2,9957 0,0021
ease 1,7720 0,0012
request 0,6733 0,0005
sponsor 2,0402 0,0014
game 0,7765 0,0005
critical 0,8916 0,0006
hughes 2,2073 0,0015
mike 1,2040 0,0008
wgrestrictionedit 0,0000 0,0000
contribute 0,0000 0,0000
resig 3,2189 0,0022
wgpageparsereport 0,0000 0,0000
generator 1,7148 0,0012
why 0,6539 0,0004
inherently 2,3026 0,0016
ronag 4,6052 0,0032
general 0,0000 0,0000
database 0,2485 0,0002
september 0,0000 0,0000
along 0,7340 0,0005
parallel 1,1087 0,0008
browser 0,9943 0,0007
jsgi 2,4079 0,0016
sheet 2,1203 0,0015
accompanying 4,6052 0,0032
introduction 0,5621 0,0004
sam 1,8326 0,0013
wgseparatortransformtable 0,0000 0,0000
padding 0,0000 0,0000
move 0,0000 0,0000
process 0,1625 0,0002
debug 1,8326 0,0013
original 0,0943 0,0001
malte 3,9120 0,0027
alternative 0,6931 0,0005
clear 0,0101 0,0000
banner 3,2189 0,0022
also 0,0202 0,0000
lts 2,8134 0,0019
ltr 0,0000 0,0000
increase 0,4620 0,0006
governing 4,6052 0,0032
inline 0,0408 0,0000
third 0,5447 0,0004
build 0,2357 0,0005
mean 0,4463 0,0003
various 0,3857 0,0003
lua 0,0513 0,0000
latter 1,6607 0,0011
further 0,3711 0,0003
visit 0,0408 0,0000
boron 4,6052 0,0032
timothy 1,9661 0,0013
user 0,0000 0,0000
account 0,0000 0,0000
stack 0,7340 0,0005
projects 1,4697 0,0010
dansk 0,5798 0,0004
bring 0,9676 0,0013
tooltip 0,8675 0,0006
advance 1,0788 0,0007
benjamingr 4,6052 0,0032
bind 1,3863 0,0009
fix 0,5108 0,0007
abbr 0,0619 0,0000
you 0,0000 0,0000
jump 0,0000 0,0000
documentation 0,6349 0,0004
active 0,7985 0,0005
july 0,0000 0,0000
personal 0,0000 0,0000
yonder 4,6052 0,0032
atscript 3,9120 0,0027
aaron 2,1203 0,0015
imageobject 0,0000 0,0000
jshint 3,2189 0,0022
unicode 2,1203 0,0015
drive 0,4780 0,0003
deal 1,1712 0,0008
netscape 2,3026 0,0016
strong 0,9943 0,0007
be 0,1508 0,0001
imageboard 4,6052 0,0032
subgroup 0,0513 0,0000
scheme 0,0101 0,0000
debuggers 3,9120 0,0027
freebsd 1,7720 0,0012
mascot 2,9957 0,0021
icon 0,0101 0,0000
consequently 2,1203 0,0015
expansiondepth 0,0000 0,0000
solidify 4,6052 0,0032
transparent 0,0619 0,0000
pnpm 3,9120 0,0027
capability 0,7765 0,0011
search 0,0000 0,0000
see 0,0408 0,0000
webstorm 4,6052 0,0032
adoption 0,8675 0,0006
spacing 0,0619 0,0000
vite 3,5066 0,0024
wgrelevantpagename 0,0000 0,0000
popularity 1,3093 0,0009
national 0,4463 0,0003
term 0,0000 0,0000
typescript 1,8971 0,0013
ignition 3,9120 0,0027
sep 2,4079 0,0016
completion 1,9661 0,0013
contain 0,0101 0,0000
set 0,2107 0,0001
mini 0,0619 0,0000
shqip 0,6931 0,0005
gireeshpunathil 4,6052 0,0032
marco 2,6593 0,0018
column 0,0101 0,0000
commonjs 2,8134 0,0019
staff 1,7720 0,0012
right 0,0101 0,0000
sample 1,5141 0,0010
inaugural 3,9120 0,0027
march 0,0000 0,0000
transition 1,5606 0,0011
meen 2,9957 0,0021
dissatisfaction 4,6052 0,0032
june 0,0000 0,0000
wikitext 0,0000 0,0000
krypton 4,6052 0,0032
meet 0,9163 0,0006
partner 1,7720 0,0012
stage 1,2040 0,0008
wgaction 0,0000 0,0000
paul 0,7765 0,0005
under 0,0101 0,0000
essential 1,1087 0,0008
font 0,0000 0,0000
represent 0,5978 0,0008
scalable 1,5141 0,0010
ryan 1,6094 0,0011
jsconf 3,5066 0,0024
language 0,0000 0,0000
do 0,1625 0,0001
navbox 0,0943 0,0001
autocapitalize 0,0000 0,0000
hold 0,7985 0,0005
listitem 0,0408 0,0000
div 0,0000 0,0000
later 0,4005 0,0003
contact 0,0000 0,0000
bracket 0,0619 0,0000
wgpagename 0,0000 0,0000
talk 0,0000 0,0000
signal 1,2730 0,0009
programming 0,2744 0,0002
richard 0,9676 0,0007
image 0,0202 0,0000
chrome 2,2073 0,0015
joyeecheung 4,6052 0,0032
typically 0,3857 0,0003
count 0,0513 0,0000
hatnote 0,2107 0,0001
internals 2,9957 0,0021
wiley 1,1712 0,0008
pinnable 0,0000 0,0000
take 0,2877 0,0002
usurp 3,2189 0,0022
month 0,7133 0,0005
wgrevisionid 0,0000 0,0000
relatively 1,0498 0,0007
party 0,6539 0,0009
cursor 0,0619 0,0000
however 0,3011 0,0002
some 0,1744 0,0001
additional 0,0000 0,0000
origin 0,0000 0,0000
capable 1,6094 0,0011
title 0,0000 0,0000
walltime 0,0000 0,0000
interlanguage 0,0000 0,0000
patroltoken 0,0000 0,0000
content 0,0000 0,0000
primarily 0,9943 0,0007
states 0,4943 0,0003
intranet 3,9120 0,0027
random 0,0000 0,0000
wikibooks 0,8210 0,0006
desktop 1,0788 0,0007
load 0,0202 0,0000
related 0,9676 0,0007
zdnet 1,4697 0,0010
alpha 0,0101 0,0000
podcast 3,5066 0,0024
skill 1,7720 0,0012
client 0,0000 0,0000
json 1,2379 0,0008
class 0,0000 0,0000
posix 2,3026 0,0016
gehomepagesuggestededitsenabletopic 0,0000 0,0000
six 1,4271 0,0010
custom 0,0000 0,0000
false 0,0000 0,0000
steering 2,4079 0,0016
nodej 3,9120 0,0027
weasel 2,8134 0,0019
counter 0,0408 0,0000
parse 0,0619 0,0001
michael 0,7133 0,0005
fork 1,1394 0,0008
print 0,0000 0,0000
form 0,3011 0,0004
management 0,2231 0,0002
inherit 0,0101 0,0000
publish 0,4463 0,0003
iron 2,4079 0,0016
developer 0,1744 0,0002
avoid 0,0101 0,0000
comprehensive 1,3863 0,0009
merger 2,5257 0,0017
lodash 2,9957 0,0021
yagiz 4,6052 0,0032
output 0,0000 0,0000
dmy 0,0000 0,0000
navigation 0,0000 0,0000
orion 2,3026 0,0016
sons 1,5606 0,0011
ruben 3,9120 0,0027
context 0,5978 0,0004
action 0,0000 0,0000
lock 0,0101 0,0000
model 0,0000 0,0000
text 0,0000 0,0000
portal 0,0000 0,0000
validation 1,3093 0,0009
reduce 0,0101 0,0000
sentence 0,0000 0,0000
likely 1,3471 0,0009
oct 1,9661 0,0013
python 0,6539 0,0004
ppvisitednode 0,0000 0,0000
cookie 0,0000 0,0000
issue 0,3425 0,0002
kern 0,0101 0,0000
surface 2,1203 0,0015
dns 2,0402 0,0014
hood 2,5257 0,0017
loading 0,0000 0,0000
announce 0,6733 0,0009
odd 0,0943 0,0001
brackets 3,9120 0,0027
operate 0,3567 0,0005
schwartz 3,9120 0,0027
contents 0,0000 0,0000
contrast 0,9416 0,0006
doc 1,8326 0,0013
john 0,5276 0,0004
hello 1,6607 0,0011
begin 0,5108 0,0003
wgvisualeditor 0,0000 0,0000
status 0,0000 0,0000
template 0,0000 0,0000
server 0,4005 0,0005
croucher 4,6052 0,0032
enwiki 0,0619 0,0000
dot 0,8210 0,0006
skin 0,0000 0,0000
subscription 0,0101 0,0000
cycle 1,3093 0,0009
mac 1,3471 0,0009
notify 2,4079 0,0016
delegate 2,0402 0,0014
robert 0,9676 0,0007
file 0,0000 0,0000
library 0,3857 0,0005
navbar 0,0202 0,0000
stream 1,0788 0,0007
subbox 0,6931 0,0005
member 0,9163 0,0006
december 0,0000 0,0000
ability 0,7340 0,0005
wgnoticeproject 0,0000 0,0000
macos 1,6607 0,0011
rafael 2,9957 0,0021
table 0,0000 0,0000
creator 1,2730 0,0009
side 0,3425 0,0002
may 0,0000 0,0000
break 0,0101 0,0000
max 0,0513 0,0000
within 0,3011 0,0002
could 0,4780 0,0003
forward 1,2730 0,0009
change 0,0000 0,0000
trigger 0,0513 0,0001
menu 0,0000 0,0000
printable 0,0000 0,0000
url 0,0000 0,0000
computation 1,3863 0,0009
generally 0,5447 0,0004
hide 0,0000 0,0000
clang 2,8134 0,0019
traditionally 1,8971 0,0013
machine 0,2744 0,0002
report 0,0202 0,0000
complete 0,4780 0,0003
patton 3,9120 0,0027
joyee 4,6052 0,0032
return 0,0000 0,0000
auto 0,0726 0,0000
opera 2,5257 0,0017
subject 1,1087 0,0008
use 0,0000 0,0000
main 0,0000 0,0000
networking 1,5606 0,0011
receptive 4,6052 0,0032
wgcanonicalspecialpagename 0,0000 0,0000
while 0,2614 0,0002
second 0,0408 0,0000
download 0,0000 0,0000
edge 1,2379 0,0008
high 0,0101 0,0000
split 0,0000 0,0000
solution 0,5621 0,0004
diverge 3,5066 0,0024
host 0,6539 0,0009
limit 0,0000 0,0000
accelerate 1,8326 0,0013
logo 0,0000 0,0000
widespread 1,3093 0,0009
communication 0,6162 0,0004
different 0,0513 0,0000
directly 0,5108 0,0003
international 0,3011 0,0002
combine 0,7340 0,0015
officially 1,8971 0,0013
incoming 2,5257 0,0017
contest 3,2189 0,0022
turtle 3,2189 0,0022
level 0,0000 0,0000
utc 0,0000 0,0000
author 0,0000 0,0000
occur 0,7765 0,0005
canonical 0,0408 0,0000
sistersitebox 0,6539 0,0004
expansion 0,0619 0,0000
license 0,0000 0,0000
expand 0,0101 0,0000
wgcurrevisionid 0,0000 0,0000
task 0,5108 0,0007
null 0,0000 0,0000
background 0,0101 0,0000
true 0,0000 0,0000
webauthn 2,2073 0,0015
wgmfdisplaywikibasedescription 0,0000 0,0000
header 0,0000 0,0000
retrieve 0,0000 0,0000
watchtoken 0,0000 0,0000
angularjs 2,5257 0,0017
since 0,3425 0,0002
datum 0,0408 0,0000
code 0,0000 0,0000
libuv 4,6052 0,0032
paradigm 1,1394 0,0008
wgdefaultdateformat 0,0000 0,0000
recipe 2,6593 0,0018
box 0,0408 0,0000
switch 0,9163 0,0006
foreach 0,0000 0,0000
total 0,0000 0,0000
hour 1,4697 0,0010
competitor 1,9661 0,0013
deutsch 0,0943 0,0001
repeat 0,0101 0,0000
evangelism 4,6052 0,0032
heap 2,4079 0,0016
make 0,1165 0,0001
fight 2,4079 0,0016
wggestructuredtaskrejectionreasontextinputenable 0,0000 0,0000
highly 1,1712 0,0008
execution 0,7340 0,0005
kasiuk 4,6052 0,0032
initiative 1,0217 0,0007
downside 3,2189 0,0022
nature 1,0498 0,0007
src 0,6349 0,0004
control 0,1625 0,0001
thread 1,2379 0,0034
structure 0,4155 0,0003
master 1,0498 0,0007
due 0,5108 0,0003
zack 3,5066 0,0024
attribution 0,0000 0,0000
callback 2,8134 0,0039
online 0,7340 0,0005
simplify 1,1394 0,0008
socket 2,4079 0,0016
azat 4,6052 0,0032
inform 1,6607 0,0011
webassembly 1,7720 0,0012
sized 2,8134 0,0019
vary 0,0619 0,0000
rocket 2,6593 0,0018
upper 0,0101 0,0000
episode 3,2189 0,0022
ssl 2,4079 0,0016
observer 2,1203 0,0015
transpilers 3,9120 0,0027
contribution 0,0000 0,0000
freeze 3,2189 0,0022
engines 1,3471 0,0009
strongloop 4,6052 0,0032
above 1,0788 0,0007
concurrently 2,8134 0,0019
band 2,5257 0,0017
expiry 0,0619 0,0000
minerva 0,0101 0,0000
brand 0,0000 0,0000
publishing 0,7550 0,0005
recent 0,0000 0,0000
recursion 0,0513 0,0000
they 0,0619 0,0001
czech 0,9163 0,0006
height 0,0101 0,0000
based 2,8134 0,0019
github 0,7340 0,0005
august 0,0000 0,0000
edit 0,0000 0,0000
old 0,8675 0,0006
module 0,0000 0,0000
numbered 4,6052 0,0032
wikibase 0,0619 0,0000
interpreter 1,4697 0,0010
then 0,3567 0,0002
deno 3,2189 0,0022
execute 0,6733 0,0014
esbuild 3,5066 0,0024
ryandahl 4,6052 0,0032
datemodify 0,0619 0,0000
quality 0,8916 0,0006
node 0,0305 0,0000
bsd 1,8326 0,0013
concepts 1,1394 0,0008
bundler 3,9120 0,0027
expire 2,6593 0,0018
jetbrains 3,5066 0,0024
processing 0,6162 0,0004
oppose 1,6094 0,0011
bridge 1,8971 0,0013
notheme 0,3711 0,0003
conference 0,3425 0,0002
safari 2,1203 0,0015
fundamental 1,4271 0,0010
shogunpanda 4,6052 0,0032
industry 0,7550 0,0005
long 0,4005 0,0003
into 0,1985 0,0001
selflink 0,0101 0,0000
current 0,0000 0,0000
min 0,1165 0,0001
george 1,6607 0,0011
mit 1,2040 0,0008
vector 0,0000 0,0000
netbeans 2,6593 0,0018
operating 0,9416 0,0006
free 0,0000 0,0000
key 0,0305 0,0000
cachereport 0,0000 0,0000
manager 0,8440 0,0012
necessary 0,8440 0,0006
though 0,8440 0,0006
svg 1,0788 0,0007
one 0,0943 0,0001
beanstalk 3,5066 0,0024
codeanywhere 4,6052 0,0032
intl 4,6052 0,0032
many 0,2357 0,0002
people 0,9943 0,0007
dahl 3,2189 0,0022
releases 1,7720 0,0012
single 0,3147 0,0002
entityaccesscount 0,0000 0,0000
pull 1,5606 0,0011
ibm 0,5621 0,0004
ons 2,9957 0,0021
collaboration 1,1394 0,0008
babel 3,9120 0,0027
elastic 2,3026 0,0016
bun 3,2189 0,0022
supersets 3,5066 0,0024
operation 0,5108 0,0003
open 0,1625 0,0003
partially 1,8971 0,0013
separate 0,6162 0,0004
tbody 0,6931 0,0005
invest 1,7720 0,0012
available 0,0000 0,0000
project 0,0000 0,0000
express 1,0788 0,0007
hexagon 3,9120 0,0027
enhancement 0,0101 0,0000
inside 0,0101 0,0000
presentation 1,5141 0,0010
apache 1,0788 0,0007
loop 1,7148 0,0012
cheung 3,9120 0,0027
variant 0,0619 0,0000
dynamic 0,7133 0,0005
ippolito 4,6052 0,0032
generate 0,8210 0,0006
opa 3,9120 0,0027
newcomb 4,6052 0,0032
this 0,1278 0,0001
collection 0,6733 0,0005
ide 1,4697 0,0010
norsk 0,3285 0,0002
modules 2,5257 0,0017
memusage 0,0000 0,0000
failure 1,1087 0,0008
know 0,2231 0,0002
demonstrate 1,3471 0,0009
support 0,1393 0,0004
allow 0,1863 0,0004
preview 1,6607 0,0011
heavyweight 3,5066 0,0024
swatch 2,8134 0,0019
sequential 2,1203 0,0015
wgpopupsflag 0,0000 0,0000
isbn 0,1054 0,0001
polski 0,1165 0,0001
privacy 0,0000 0,0000
update 0,4463 0,0006
vertical 0,7985 0,0005
life 0,9416 0,0006
docker 2,8134 0,0019
nodeconf 4,6052 0,0032
gap 1,2040 0,0008
linux 0,8916 0,0006
definition 0,4943 0,0007
placeholder 0,0000 0,0000
every 0,6162 0,0004
normal 0,0202 0,0000
registry 2,2073 0,0015
allocation 1,8326 0,0013
snell 3,5066 0,0024
previous 1,1712 0,0008
apply 0,0000 0,0000
org 1,5141 0,0010
again 1,2379 0,0008
teach 2,4079 0,0016
technology 0,1863 0,0001
fastify 2,8134 0,0019
antoine 3,9120 0,0027
jasnell 4,6052 0,0032
wgarticleid 0,0000 0,0000
pagelanguagedir 0,0000 0,0000
wgcitereferencepreviewsactive 0,0000 0,0000
base 0,0305 0,0000
mardan 4,6052 0,0032
ecosystem 1,2040 0,0008
software 0,0000 0,0000
frameworks 2,0402 0,0014
gcc 2,6593 0,0018
binding 1,7720 0,0012
none 0,0101 0,0000
repository 0,5276 0,0004
type 0,0000 0,0000
april 0,0000 0,0000
oss 2,9957 0,0021
problem 0,3285 0,0005
relate 0,0000 0,0000
mcollina 4,6052 0,0032
enable 0,0000 0,0000
sidebar 0,0000 0,0000
limitreport 0,0000 0,0000
connection 0,9676 0,0013
qunit 3,9120 0,0027
openbsd 2,3026 0,0016
decoration 0,0619 0,0000
dependent 1,6094 0,0011
between 0,2107 0,0001
guide 0,3711 0,0003
reflist 0,0101 0,0000
azure 1,2730 0,0009
phase 1,2379 0,0008
still 0,5447 0,0004
goal 0,8440 0,0006
isaac 2,9957 0,0021
collaborative 1,8971 0,0013
var 0,0000 0,0000
work 0,2231 0,0005
streams 2,5257 0,0017
agree 0,0101 0,0000
packt 1,8326 0,0013
push 0,0000 0,0000
exist 0,4155 0,0003
wgulsislanguageselectorempty 0,0000 0,0000
itself 0,6539 0,0004
techrepublic 2,5257 0,0017
among 0,5276 0,0004
codemirror 3,9120 0,0027
ides 2,4079 0,0016
srpski 0,3711 0,0003
argon 4,6052 0,0032
registration 0,0101 0,0000
word 0,0101 0,0000
stated 4,6052 0,0032
internal 0,8210 0,0006
uninstallation 4,6052 0,0032
james 0,9676 0,0007
foundation 0,0000 0,0000
substitute 2,1203 0,0015
foreign 1,7720 0,0012
out 0,0000 0,0000
across 0,5798 0,0004
dart 2,6593 0,0018
eslint 3,9120 0,0027
feature 0,0000 0,0000
cached 0,4463 0,0003
get 0,0000 0,0000
installation 1,6094 0,0011
dark 0,0101 0,0000
power 0,6733 0,0005
event 0,0000 0,0000
undergo 2,4079 0,0016
dispute 1,6607 0,0011
include 0,0000 0,0000
toggle 0,0000 0,0000
zasso 4,6052 0,0032
lead 0,2231 0,0003
help 0,0000 0,0000
site 0,0000 0,0000
appearance 0,0000 0,0000
depth 0,0000 0,0000
classname 0,0000 0,0000
unified 1,8971 0,0013
wggetopicsmatchmodeenable 0,0000 0,0000
first 0,0408 0,0000
queue 1,1394 0,0008
sharealike 0,0000 0,0000
date 0,3011 0,0004
argument 0,0513 0,0000
nowrap 0,0408 0,0000
data 0,0000 0,0000
prefer 0,0101 0,0000
anonrig 4,6052 0,0032
dzmitry 4,6052 0,0032
firefox 2,2073 0,0015
own 0,4780 0,0003
roman 0,0101 0,0000
tobias 2,5257 0,0017
wgpageviewlanguage 0,0000 0,0000
wgrelevantpageisprobablyeditable 0,0000 0,0000
blog 0,6349 0,0004
float 0,0101 0,0000
transclusion 0,0619 0,0000
space 0,0408 0,0000
translate 1,3863 0,0009
reference 0,0101 0,0000
accesskey 0,0000 0,0000
smartos 4,6052 0,0032
brendan 2,8134 0,0019
gonzaga 4,6052 0,0032
only 0,2107 0,0001
should 0,3711 0,0003
create 0,0000 0,0000
html 0,4463 0,0003
tag 0,0000 0,0000
cory 2,6593 0,0018
backport 3,2189 0,0022
joyent 2,4079 0,0016
development 0,1278 0,0001
bottom 0,0000 0,0000
cascade 2,5257 0,0017
revision 0,0000 0,0000
magyar 0,3425 0,0002
core 0,5621 0,0008
publisher 0,0000 0,0000
soywiz 4,6052 0,0032
legendeca 4,6052 0,0032
send 0,7550 0,0005
here 0,0000 0,0000
img 0,0408 0,0000
week 1,2379 0,0008
phpstorm 3,5066 0,0024
addon 3,9120 0,0054
o'reilly 0,6733 0,0005
purpose 0,5108 0,0003
line 0,0101 0,0000
link 0,0000 0,0000
rlstate 0,0000 0,0000
error 0,0101 0,0000
platform 0,0000 0,0000
network 0,3285 0,0002
devtool 3,5066 0,0024
gatekeeper 3,5066 0,0024
can 0,0408 0,0000
rust 1,6094 0,0011
cap 0,0619 0,0000
contributor 0,0000 0,0000
wgcanonicalnamespace 0,0000 0,0000
arkts 3,5066 0,0024
organize 1,1712 0,0008
asynchronous 1,8326 0,0013
flex 0,5276 0,0004
ready 0,0000 0,0000
clojurescript 3,9120 0,0027
rafaelgss 4,6052 0,0032
hamel 4,6052 0,0032
value 0,0000 0,0000
tcp 2,3026 0,0016
livewire 4,6052 0,0032
cost 0,6733 0,0005
wgisredirect 0,0000 0,0000
limited 0,8916 0,0006
teixeira 4,6052 0,0032
february 0,0000 0,0000
implementation 0,3147 0,0002
match 0,5276 0,0004
groups 2,9957 0,0021
follow 0,2744 0,0002
instead 0,4463 0,0003
ruyadorno 4,6052 0,0032
command 0,7133 0,0010
expensive 0,0408 0,0000
performance 0,3425 0,0002
compliance 1,4271 0,0010
maint 0,0101 0,0000
responsive 0,0202 0,0000
wiktionary 0,5798 0,0004
schlueter 4,6052 0,0032
category 0,0000 0,0000
platformversion 0,0000 0,0000
intend 0,6162 0,0004
wikidata 0,0000 0,0000
wild 3,2189 0,0022
