cancel 3,9120 0,0016
functions 0,5978 0,0002
pastie 4,6052 0,0019
upload 0,0000 0,0000
ccf 4,6052 0,0019
undergoing 3,5066 0,0014
wggelevelingupenabledforuser 0,0000 0,0000
wgrestrictionmove 0,0000 0,0000
your 0,6931 0,0003
remote 0,9163 0,0004
without 0,2744 0,0001
begins 1,8326 0,0007
these 0,1278 0,0001
introduced 0,5447 0,0002
contributions 0,0000 0,0000
emma 2,9957 0,0012
would 0,3425 0,0001
appnexus 3,5066 0,0014
xml 1,1394 0,0005
customs 3,9120 0,0016
essentials 2,6593 0,0011
investing 2,6593 0,0011
ten 1,9661 0,0008
energy 1,4697 0,0006
monodevelop 3,5066 0,0014
solid 0,0202 0,0000
devices 0,8916 0,0004
neutral 0,5447 0,0002
circular 2,8134 0,0011
optional 1,3093 0,0005
require 0,0000 0,0000
scratch 2,1203 0,0009
analysis 0,5108 0,0002
volunteers 2,8134 0,0011
rewrite 1,7720 0,0007
scribunto 0,0000 0,0000
apparent 2,9957 0,0012
moore 1,9661 0,0008
size 0,0000 0,0000
left 0,0101 0,0000
cdx 0,0000 0,0000
previewed 4,6052 0,0019
much 0,6931 0,0003
takelessons 3,5066 0,0014
accessible 1,1712 0,0005
registrar 3,9120 0,0016
hosting 1,6607 0,0007
alleged 2,8134 0,0011
ceo 1,6094 0,0007
weis 3,9120 0,0016
result 0,4620 0,0002
opposition 3,5066 0,0014
skype 2,9957 0,0012
gehomepagesuggestededitsenabletopics 0,0000 0,0000
same 0,2357 0,0001
postings 4,6052 0,0019
commission 1,5141 0,0006
after 0,0305 0,0000
winobjc 4,6052 0,0019
headline 0,0000 0,0000
policy 0,0000 0,0000
resigned 2,9957 0,0012
committed 1,8326 0,0007
kernel 1,2379 0,0005
simplygon 3,5066 0,0014
aaaa 4,6052 0,0019
cfo 2,5257 0,0010
pagelanguagecode 0,0000 0,0000
gnu 1,1087 0,0005
rubyfringe 4,6052 0,0019
transientcontent 0,0000 0,0000
consisting 1,5141 0,0006
subtle 0,3285 0,0001
licenses 1,7148 0,0007
sale 2,9957 0,0012
police 2,9957 0,0012
blue 1,8326 0,0007
deploying 1,7720 0,0007
idhash 0,0619 0,0000
norway 2,5257 0,0010
days 1,1087 0,0005
thank 3,9120 0,0016
timeline 1,1394 0,0005
illustration 2,5257 0,0010
information 0,0000 0,0000
subsidiaries 2,6593 0,0011
god 3,9120 0,0016
wikis 3,2189 0,0013
wrap 0,0101 0,0000
accumulated 3,2189 0,0013
standard 0,3567 0,0001
november 0,0000 0,0000
reports 1,2379 0,0005
reopened 3,9120 0,0016
powered 1,5141 0,0006
blogs 2,1203 0,0009
sharply 3,5066 0,0014
good 1,0217 0,0004
empty 0,0305 0,0000
analytics 1,1712 0,0005
belonging 2,6593 0,0011
sawant 4,6052 0,0019
replit 4,6052 0,0019
fullversionlist 0,0000 0,0000
serious 1,9661 0,0008
tim 1,0498 0,0004
're 2,0402 0,0008
implement 0,7133 0,0003
namecheap 4,6052 0,0019
svnbridge 4,6052 0,0019
export 0,0000 0,0000
others 0,4463 0,0002
area 1,2040 0,0005
inquirer 3,9120 0,0016
making 0,5108 0,0002
pay 1,5141 0,0006
list 0,0000 0,0000
onto 1,8971 0,0008
rivals 3,2189 0,0013
wgusergroups 0,0000 0,0000
external 0,1863 0,0001
labs 1,0788 0,0004
claims 1,8971 0,0008
forethought 3,5066 0,0014
child 0,0202 0,0000
manuals 3,9120 0,0016
formats 1,4697 0,0006
neural 2,4079 0,0010
mainentity 0,0000 0,0000
provided 0,7765 0,0003
rashid 3,5066 0,0014
medium 1,4271 0,0006
interface 0,3425 0,0001
bloodhound 3,5066 0,0014
disclaimers 0,0000 0,0000
expanded 0,2231 0,0001
vallywag 4,6052 0,0019
xsp 4,6052 0,0019
provider 1,7148 0,0007
provides 0,3711 0,0002
root 0,4943 0,0002
wgisprobablyeditable 0,0000 0,0000
lardinois 2,4079 0,0010
live 1,3093 0,0005
responded 2,4079 0,0010
floyd 3,5066 0,0014
citation 0,0101 0,0000
blocks 1,2379 0,0005
mobile 0,0000 0,0000
multiple 0,2485 0,0001
tla 4,6052 0,0019
xchange 3,9120 0,0016
pastes 4,6052 0,0019
peak 3,5066 0,0014
leonardo 3,9120 0,0016
pdc 3,5066 0,0014
better 0,6162 0,0003
occurring 2,2073 0,0009
plainlist 0,4463 0,0002
pdf 0,0000 0,0000
china 1,6094 0,0007
vimeo 4,6052 0,0019
allegations 3,9120 0,0016
service 0,2231 0,0001
there 0,2614 0,0001
translation 1,8326 0,0007
bitnami 3,5066 0,0014
well 0,3011 0,0001
handling 1,0217 0,0004
tls 2,3026 0,0009
magazine 0,9943 0,0004
illustrator 4,6052 0,0019
taking 1,5141 0,0006
verona 4,6052 0,0019
bitness 0,0000 0,0000
rgba 0,0101 0,0000
illustrates 3,9120 0,0016
named 0,8916 0,0004
channel 1,5606 0,0006
focus 1,1087 0,0005
american 0,8675 0,0004
utilities 1,7720 0,0007
experiment 2,1203 0,0009
russia 2,6593 0,0011
've 2,3026 0,0009
williams 2,2073 0,0009
ppvisitednodes 0,0000 0,0000
block 0,0408 0,0000
per 0,8440 0,0003
write 0,6931 0,0003
flow 0,3857 0,0002
promotional 2,8134 0,0011
hololens 3,5066 0,0014
ntfs 3,2189 0,0013
period 1,6094 0,0007
canales 3,9120 0,0016
aria 0,0000 0,0000
boxtext 0,0619 0,0000
clo 3,5066 0,0014
corporation 1,1712 0,0005
clr 3,5066 0,0014
wgmfdisplaywikibasedescriptions 0,0000 0,0000
indonesia 0,3567 0,0001
propose 2,6593 0,0011
intelligence 0,8916 0,0004
ever 1,3863 0,0006
andreessen 3,2189 0,0013
million 1,0498 0,0004
even 0,0513 0,0000
schools 3,2189 0,0013
prohibited 2,6593 0,0011
transparency 1,8326 0,0007
daigle 4,6052 0,0019
integration 0,4620 0,0002
toolbox 2,9957 0,0012
esperanto 0,7133 0,0003
tagline 0,0000 0,0000
waitlist 4,6052 0,0019
wgpopupsflags 0,0000 0,0000
razor 3,2189 0,0013
bulk 2,5257 0,0010
lightgbm 3,9120 0,0016
assumed 2,4079 0,0010
managers 1,6094 0,0007
truong 4,6052 0,0019
engaged 3,5066 0,0014
larger 0,8440 0,0003
regexp 0,0000 0,0000
subsection 0,1508 0,0001
wikibhasha 4,6052 0,0019
cmo 3,5066 0,0014
wgeditsubmitbuttonlabelpublish 0,0000 0,0000
toc 0,0000 0,0000
kinds 1,4271 0,0006
leaked 3,5066 0,0014
protection 0,4620 0,0002
functionality 0,6931 0,0003
digitalocean 2,1203 0,0009
matter 1,5606 0,0006
wgpagecontentmodel 0,0000 0,0000
vcpkg 4,6052 0,0019
tom 1,3863 0,0006
top 0,0000 0,0000
acquiring 2,5257 0,0010
native 0,8916 0,0004
rails 2,1203 0,0009
technica 1,3093 0,0005
peer 2,1203 0,0009
osdn 3,9120 0,0016
neutrality 3,5066 0,0014
gaming 1,8971 0,0008
product 0,6539 0,0003
famous 2,9957 0,0012
lgbtqia 3,2189 0,0013
tashia 4,6052 0,0019
bought 2,3026 0,0009
verge 1,8326 0,0007
tpm 4,6052 0,0019
wgnamespacenumber 0,0000 0,0000
blacklisted 4,6052 0,0019
framework 0,4155 0,0002
cpan 4,6052 0,0019
wgwmepagelength 0,0000 0,0000
rose 2,8134 0,0011
hacked 2,4079 0,0010
readwriteweb 3,9120 0,0016
entity 1,5141 0,0006
communities 1,7148 0,0007
com 0,8210 0,0003
capital 1,8326 0,0007
coo 2,6593 0,0011
covid 1,8326 0,0007
authoring 3,9120 0,0016
expensivefunctioncount 0,0000 0,0000
employee 2,3026 0,0009
nested 2,1203 0,0009
terabits 4,6052 0,0019
platforms 0,6931 0,0003
timeusage 0,0000 0,0000
biggest 1,9661 0,0008
judgment 2,9957 0,0012
semmle 4,6052 0,0019
function 0,0000 0,0000
members 1,1394 0,0005
raise 2,6593 0,0011
stock 1,8971 0,0008
traffic 1,5606 0,0006
counting 2,1203 0,0009
matthew 1,9661 0,0008
comparison 0,4155 0,0002
cpo 3,2189 0,0013
including 0,1985 0,0001
law 1,2379 0,0005
everyone 1,9661 0,0008
introducing 0,8916 0,0004
snapped 4,6052 0,0019
cpu 0,0408 0,0000
infobox 0,6931 0,0003
gitlocalize 4,6052 0,0019
less 0,6162 0,0003
pcache 0,0619 0,0000
saeedi 4,6052 0,0019
arms 2,5257 0,0010
october 0,0000 0,0000
dickey 4,6052 0,0019
basic 0,6539 0,0003
mcmillan 2,8134 0,0011
became 0,7133 0,0003
nuance 3,5066 0,0014
university 0,5621 0,0002
accidentally 2,6593 0,0011
jquery 0,0000 0,0000
times 0,5447 0,0002
crc 2,4079 0,0010
intended 0,5978 0,0002
design 0,1985 0,0001
extra 1,7720 0,0007
friday 3,5066 0,0014
working 0,5276 0,0002
victim 3,2189 0,0013
says 1,3863 0,0006
timeless 0,0101 0,0000
tied 2,5257 0,0010
comments 1,6607 0,0007
detours 4,6052 0,0019
chief 1,6607 0,0007
automatic 1,2379 0,0005
wgwmeschemaeditattemptstepoversample 0,0000 0,0000
readme 3,2189 0,0013
despite 1,3093 0,0005
ttl 0,0000 0,0000
probe 2,9957 0,0012
deployments 1,9661 0,0008
investor 3,5066 0,0014
encyclopedia 0,0000 0,0000
conduct 0,0000 0,0000
stable 0,7133 0,0003
d'innocenzio 4,6052 0,0019
interested 1,7720 0,0007
formerly 1,2040 0,0005
renamed 1,6607 0,0007
wall 1,8326 0,0007
slashdot 3,2189 0,0013
abovebelow 0,0943 0,0000
japan 1,2730 0,0005
led 0,5978 0,0002
discussion 1,6094 0,0007
ajax 1,7148 0,0007
concern 1,4697 0,0006
figurine 4,6052 0,0019
mountain 2,9957 0,0012
pita 4,6052 0,0019
docs 1,6094 0,0007
acompli 3,5066 0,0014
sponsors 3,5066 0,0014
pref 0,0000 0,0000
weinhoffer 4,6052 0,0019
n't 0,7765 0,0003
state 0,4620 0,0002
csrftoken 0,0000 0,0000
press 0,5798 0,0002
events 0,0000 0,0000
cto 2,8134 0,0011
element 0,0000 0,0000
began 0,7985 0,0003
edited 0,0000 0,0000
night 0,0000 0,0000
want 1,5606 0,0006
qaraqalpaqsha 1,1712 0,0005
ivan 3,2189 0,0013
pack 2,5257 0,0010
each 0,1393 0,0001
javascript 0,9416 0,0004
labels 2,6593 0,0011
mediawiki 1,0788 0,0004
input 0,0000 0,0000
theorem 2,0402 0,0008
rendered 2,4079 0,0010
toolkit 1,5141 0,0006
offering 1,1087 0,0005
creating 0,6539 0,0003
engadget 2,9957 0,0012
pulses 4,6052 0,0019
difference 1,2379 0,0005
reality 1,5606 0,0006
must 0,4620 0,0002
styles 0,0834 0,0000
finley 2,9957 0,0012
actions 0,0000 0,0000
items 0,5108 0,0002
resign 3,9120 0,0016
thirty 4,6052 0,0019
unpinned 0,0000 0,0000
sunrise 3,5066 0,0014
entertainment 2,2073 0,0009
warrior 3,2189 0,0013
document 0,6539 0,0003
reside 3,9120 0,0016
clippy 3,2189 0,0013
giving 1,8971 0,0008
networks 0,8210 0,0003
two 0,2744 0,0001
found 0,6162 0,0003
sanctioned 2,9957 0,0012
attack 1,4697 0,0006
markdown 3,5066 0,0014
reported 1,3471 0,0005
graphic 2,5257 0,0010
creation 0,8210 0,0003
datepublished 0,0000 0,0000
latest 0,9676 0,0004
receive 1,2730 0,0005
think 1,5141 0,0006
portalleft 1,3093 0,0005
languages 0,0000 0,0000
refused 2,8134 0,0011
forbidden 2,8134 0,0011
accused 3,5066 0,0014
replaced 1,1712 0,0005
webtv 3,5066 0,0014
services 0,3425 0,0001
team 0,5978 0,0002
rusli 4,6052 0,0019
automated 0,8916 0,0004
wgusername 0,0000 0,0000
watch 1,7148 0,0007
detained 4,6052 0,0019
feelings 2,9957 0,0012
thing 1,8971 0,0008
smith 1,7148 0,0007
spencer 2,3026 0,0009
anne 3,2189 0,0013
had 0,4943 0,0002
source 0,2107 0,0001
align 0,0101 0,0000
acquires 2,3026 0,0009
kevin 1,5606 0,0006
hak 2,3026 0,0009
school 1,5606 0,0006
things 1,1087 0,0005
starts 1,7720 0,0007
acquired 1,4271 0,0006
previewing 4,6052 0,0019
offers 0,8210 0,0003
tech 1,2040 0,0005
given 0,6931 0,0003
glass 2,6593 0,0011
last 0,0000 0,0000
activision 3,5066 0,0014
campus 2,4079 0,0010
crimes 2,8134 0,0011
imageright 0,2614 0,0001
adapt 2,3026 0,0009
eric 1,1394 0,0005
bolstered 4,6052 0,0019
tiku 4,6052 0,0019
weight 0,0101 0,0000
savannah 3,9120 0,0016
develop 0,9163 0,0004
pro 1,6607 0,0007
harassment 4,6052 0,0019
patreon 3,9120 0,0016
hunts 4,6052 0,0019
technologies 0,5978 0,0002
institutional 2,9957 0,0012
district 2,5257 0,0010
citing 2,9957 0,0012
page 0,0000 0,0000
employees 1,7720 0,0007
tellme 3,5066 0,0014
updated 0,8440 0,0003
full 0,0202 0,0000
psd 4,6052 0,0019
memory 0,0408 0,0000
asking 2,8134 0,0011
hackhands 4,6052 0,0019
concept 0,5978 0,0002
aspects 0,8916 0,0004
crimea 4,6052 0,0019
erlang 1,7720 0,0007
nadella 3,5066 0,0014
jewish 4,6052 0,0019
video 0,8440 0,0003
vott 4,6052 0,0019
denying 4,6052 0,0019
jacob 2,3026 0,0009
early 0,5276 0,0002
sameas 0,0000 0,0000
overview 0,5447 0,0002
llc 1,7720 0,0007
appropriately 2,5257 0,0010
center 0,0000 0,0000
purchase 1,7720 0,0007
start 0,7985 0,0003
yet 1,1087 0,0005
stars 3,5066 0,0014
windows 0,7340 0,0003
manage 0,8675 0,0004
wauters 3,5066 0,0014
bhuiyan 4,6052 0,0019
thenextweb 4,6052 0,0019
infrastructure 0,6931 0,0003
wikimedia 0,0000 0,0000
paid 1,8326 0,0007
initially 1,0788 0,0004
short 0,0000 0,0000
readwrite 3,9120 0,0016
time 0,0000 0,0000
finance 1,8326 0,0007
applications 0,2231 0,0001
studio 1,3471 0,0005
hyett 4,6052 0,0019
enwikimwclientpreferences 0,0000 0,0000
interactive 0,4463 0,0002
gawker 4,6052 0,0019
program 0,4155 0,0002
three 0,3711 0,0002
put 1,1712 0,0005
required 0,5108 0,0002
devsummit 4,6052 0,0019
gollum 4,6052 0,0019
twitter 1,7720 0,0007
her 2,2073 0,0009
universities 2,5257 0,0010
trac 3,9120 0,0016
payment 2,2073 0,0009
attain 3,2189 0,0013
noquestion 4,6052 0,0019
hardware 0,5798 0,0002
having 0,6733 0,0003
laws 2,3026 0,0009
cameron 2,5257 0,0010
iran 2,9957 0,0012
dates 0,5798 0,0002
happe 3,5066 0,0014
flexwiki 4,6052 0,0019
extensibility 2,6593 0,0011
creative 0,0000 0,0000
nederlands 0,1985 0,0001
uday 4,6052 0,0019
chris 1,2040 0,0005
permafrost 4,6052 0,0019
provide 0,3857 0,0002
wayback 0,7985 0,0003
xandr 3,5066 0,0014
primary 0,7765 0,0003
doubled 3,2189 0,0013
log 0,0000 0,0000
enterprise 0,4463 0,0002
methods 0,6162 0,0003
translator 2,8134 0,0011
wgcheckuserclienthintsheadersjsapi 0,0000 0,0000
bugzilla 3,5066 0,0014
euskara 0,5108 0,0002
confirmed 2,2073 0,0009
layer 0,8916 0,0004
los 2,5257 0,0010
computer 0,2231 0,0001
ways 0,8210 0,0003
gadgeteer 3,9120 0,0016
timingprofile 0,0000 0,0000
uploaded 3,5066 0,0014
theme 0,0000 0,0000
grown 2,8134 0,0011
freespeechenthusiast 4,6052 0,0019
postexpandincludesize 0,0000 0,0000
funding 1,6094 0,0007
werner 2,9957 0,0012
doll 3,9120 0,0016
unstrip 0,0000 0,0000
blown 4,6052 0,0019
dascalescu 4,6052 0,0019
templateargumentsize 0,0000 0,0000
unsourced 0,5621 0,0002
january 0,0000 0,0000
permanent 0,0000 0,0000
mikerowesoft 3,5066 0,0014
chan 2,6593 0,0011
choice 1,2730 0,0005
travel 2,1203 0,0009
clip 3,2189 0,0013
small 0,0305 0,0000
beam 2,2073 0,0009
before 0,0305 0,0000
speedy 0,7133 0,0003
tell 1,9661 0,0008
replace 1,4697 0,0006
experience 0,8675 0,0004
italic 0,1278 0,0001
launched 1,3863 0,0006
dan 0,9943 0,0004
hit 2,4079 0,0010
his 0,7550 0,0003
major 0,5621 0,0002
playwright 4,6052 0,0019
controversies 2,6593 0,0011
worldwide 1,4271 0,0006
funds 2,6593 0,0011
consider 1,5141 0,0006
linkexchange 3,5066 0,0014
day 0,0000 0,0000
group 0,0408 0,0000
partnered 2,9957 0,0012
wabbit 4,6052 0,0019
created 0,4155 0,0002
format 0,0101 0,0000
runtime 1,2040 0,0005
archive 1,4697 0,0006
inappropriately 3,9120 0,0016
greenbutton 2,3026 0,0009
history 0,0000 0,0000
done 0,7765 0,0003
twice 1,9661 0,0008
launches 1,5606 0,0006
request 1,1712 0,0005
mike 1,2040 0,0005
wgrestrictionedit 0,0000 0,0000
part 0,2231 0,0001
wgpageparsereport 0,0000 0,0000
their 0,1165 0,0000
point 0,7550 0,0003
general 0,0000 0,0000
september 0,0000 0,0000
datemodified 0,0619 0,0000
dated 1,1087 0,0005
editors 0,0000 0,0000
chen 1,7148 0,0007
padding 0,0000 0,0000
built 0,5108 0,0002
subscribe 2,4079 0,0010
clear 0,0101 0,0000
crowdflower 4,6052 0,0019
ltr 0,0000 0,0000
seeking 2,4079 0,0010
capitol 4,6052 0,0019
someone 2,0402 0,0008
third 0,5621 0,0002
build 0,4943 0,0002
approve 2,9957 0,0012
valued 2,8134 0,0011
lua 0,0513 0,0000
travis 3,5066 0,0014
account 0,0000 0,0000
been 0,2231 0,0001
stack 0,7765 0,0003
keynoting 4,6052 0,0019
plugins 2,3026 0,0009
outlets 3,5066 0,0014
uyghurche 1,9661 0,0008
viewing 2,1203 0,0009
portalborder 1,3093 0,0005
abbr 0,0619 0,0000
beer 2,9957 0,0012
you 0,0101 0,0000
cuba 3,9120 0,0016
jump 0,0000 0,0000
sequoia 3,5066 0,0014
impact 0,9676 0,0004
active 0,8210 0,0003
bill 1,5606 0,0006
july 0,0000 0,0000
court 2,0402 0,0008
easy 1,1087 0,0005
subsidiary 3,2189 0,0013
venture 1,9661 0,0008
warren 2,3026 0,0009
population 2,2073 0,0009
tags 0,0000 0,0000
senior 2,0402 0,0008
takedown 4,6052 0,0019
valuation 2,8134 0,0011
domain 0,6931 0,0003
dealt 3,9120 0,0016
theresa 3,9120 0,0016
treatment 2,9957 0,0012
depict 3,9120 0,0016
subgroup 0,0513 0,0000
negotiated 4,6052 0,0019
horvath 4,6052 0,0019
mascot 2,9957 0,0012
comes 1,1394 0,0005
avalonia 4,6052 0,0019
abuses 3,9120 0,0016
transparent 0,0619 0,0000
how 0,0834 0,0000
journal 0,4780 0,0002
peter 0,8210 0,0003
spark 2,4079 0,0010
blocking 2,0402 0,0008
term 0,5798 0,0002
acquisition 1,3863 0,0006
lucent 3,5066 0,0014
brad 2,3026 0,0009
mine 2,9957 0,0012
business 0,3567 0,0001
mini 0,0619 0,0000
committing 2,8134 0,0011
sandcastle 4,6052 0,0019
right 0,0101 0,0000
bing 2,8134 0,0011
march 0,0000 0,0000
assembla 3,9120 0,0016
june 0,0000 0,0000
wikitext 0,0000 0,0000
meet 1,2379 0,0005
wggestructuredtaskrejectionreasontextinputenabled 0,0000 0,0000
calls 0,0408 0,0000
headquartered 2,8134 0,0011
series 0,5798 0,0002
thrive 3,9120 0,0016
paul 0,7765 0,0003
under 0,0101 0,0000
ryan 1,6094 0,0007
dig 3,9120 0,0016
putting 2,6593 0,0011
added 0,4308 0,0002
bookdown 4,6052 0,0019
promise 2,0402 0,0008
retrieved 0,0000 0,0000
autocapitalize 0,0000 0,0000
down 0,8440 0,0003
divisions 2,8134 0,0011
div 0,0000 0,0000
chinese 1,5141 0,0006
correctly 1,5606 0,0006
later 0,3857 0,0002
adding 0,6733 0,0003
teleo 3,5066 0,0014
legal 1,1712 0,0005
wgpagename 0,0000 0,0000
talk 0,0000 0,0000
winjs 4,6052 0,0019
barcode 3,9120 0,0016
vault 2,6593 0,0011
train 2,8134 0,0011
richard 0,9676 0,0004
chronozoom 4,6052 0,0019
angeles 2,5257 0,0010
static 1,0217 0,0004
commonly 0,6931 0,0003
journey 2,4079 0,0010
test 0,6349 0,0003
count 0,0513 0,0000
enforcement 2,0402 0,0008
internationalisation 4,6052 0,0019
hatnote 0,2107 0,0001
publicly 1,6094 0,0007
graph 1,5141 0,0006
pinnable 0,0000 0,0000
take 0,6733 0,0003
vision 1,1712 0,0005
month 1,6094 0,0007
wgrevisionid 0,0000 0,0000
forked 2,6593 0,0011
some 0,1744 0,0001
virtual 0,4620 0,0002
embraces 3,2189 0,0013
additional 0,0000 0,0000
wgmonthnames 0,0000 0,0000
training 1,4697 0,0006
title 0,0000 0,0000
patroltoken 0,0000 0,0000
primarily 0,9943 0,0004
states 0,4463 0,0002
incentives 2,6593 0,0011
zdnet 1,4697 0,0006
goldman 2,8134 0,0011
alpha 0,0101 0,0000
proclarity 3,5066 0,0014
company 0,5621 0,0002
passed 1,4697 0,0006
thomas 0,8675 0,0004
nuclear 2,5257 0,0010
reception 2,6593 0,0011
human 0,9416 0,0004
just 0,4943 0,0002
pixel 2,6593 0,0011
notice 2,3026 0,0009
custom 0,0000 0,0000
und 3,2189 0,0013
expands 2,4079 0,0010
lifts 3,9120 0,0016
concerns 1,1087 0,0005
michael 0,7133 0,0003
print 0,0000 0,0000
approximately 1,8971 0,0008
hub 1,9661 0,0008
material 0,9676 0,0004
owned 1,8971 0,0008
inherit 0,0101 0,0000
klint 2,9957 0,0012
vivaty 3,5066 0,0014
articles 0,0000 0,0000
showing 1,7720 0,0007
upcoming 2,2073 0,0009
president 1,9661 0,0008
copilot 3,2189 0,0013
royalty 3,5066 0,0014
attempt 1,2379 0,0005
tracking 1,3863 0,0006
soon 1,5606 0,0006
dmy 0,0000 0,0000
executive 1,7148 0,0007
navigation 0,0000 0,0000
hostfinger 4,6052 0,0019
fuming 4,6052 0,0019
revealed 2,4079 0,0010
action 1,2040 0,0005
lock 0,0101 0,0000
surpassed 3,5066 0,0014
text 0,0000 0,0000
usually 0,4780 0,0002
fired 3,5066 0,0014
takeshi 3,5066 0,0014
python 0,6539 0,0003
cookie 0,0000 0,0000
made 0,3857 0,0002
bits 2,1203 0,0009
signed 1,7720 0,0007
sense 1,3093 0,0005
being 0,3147 0,0001
protest 3,2189 0,0013
hood 2,5257 0,0010
loading 0,0000 0,0000
umdf 4,6052 0,0019
bell 1,9661 0,0008
removing 1,4271 0,0006
brackets 0,0619 0,0000
broadcasting 3,2189 0,0013
zenimax 3,5066 0,0014
contents 0,0000 0,0000
reached 2,0402 0,0008
served 2,2073 0,0009
explorer 1,7148 0,0007
warned 2,9957 0,0012
baseball 3,5066 0,0014
status 0,0000 0,0000
aquantive 3,5066 0,0014
server 0,4463 0,0002
clients 1,0788 0,0004
operates 1,6607 0,0007
serves 2,0402 0,0008
skin 0,0000 0,0000
clipchamp 3,5066 0,0014
dos 1,7720 0,0007
lifecam 3,5066 0,0014
pours 4,6052 0,0019
exodus 4,6052 0,0019
mention 2,6593 0,0011
products 0,4943 0,0002
robert 0,9676 0,0004
file 0,0000 0,0000
government 1,2730 0,0005
known 0,3147 0,0001
mvpl 3,5066 0,0014
map 1,2040 0,0005
wgnoticeproject 0,0000 0,0000
together 0,5978 0,0002
may 0,0000 0,0000
max 0,0513 0,0000
within 0,3011 0,0001
could 0,4780 0,0002
resigns 4,6052 0,0019
menu 0,0000 0,0000
url 0,0000 0,0000
bootstrapped 3,5066 0,0014
entities 0,0305 0,0000
machine 0,3425 0,0001
websites 1,2379 0,0005
wgulsiscompactlinksenabled 0,0000 0,0000
workplace 2,9957 0,0012
cloning 3,2189 0,0013
return 0,0000 0,0000
hogan 3,5066 0,0014
fees 2,3026 0,0009
instance 0,8675 0,0004
backlash 3,2189 0,0013
spamming 2,9957 0,0012
webgl 2,3026 0,0009
subject 1,1087 0,0005
use 0,0000 0,0000
gnats 3,9120 0,0016
feel 2,2073 0,0009
jekyll 4,6052 0,0019
main 0,0000 0,0000
networking 1,0498 0,0004
wright 2,0402 0,0008
confused 1,2730 0,0005
lolapps 4,6052 0,0019
revenue 1,9661 0,0008
reviews 1,6094 0,0007
fine 1,6607 0,0007
continuous 1,1087 0,0005
host 1,2040 0,0005
logo 0,0000 0,0000
mojang 3,5066 0,0014
regardless 1,7720 0,0007
winrt 3,9120 0,0016
citizen 2,9957 0,0012
carolina 2,9957 0,0012
vbscript 3,2189 0,0013
accepts 2,5257 0,0010
utc 0,0000 0,0000
spurred 3,5066 0,0014
includes 0,5276 0,0002
canonical 0,0408 0,0000
film 1,8971 0,0008
seriously 2,9957 0,0012
sort 1,8326 0,0007
picking 3,5066 0,0014
sistersitebox 0,6539 0,0003
steps 1,5606 0,0006
chacon 3,5066 0,0014
originate 3,9120 0,0016
wgcurrevisionid 0,0000 0,0000
forges 3,5066 0,0014
task 0,7550 0,0003
null 0,0000 0,0000
background 0,0101 0,0000
lists 0,8916 0,0004
true 0,0000 0,0000
header 0,0000 0,0000
position 1,6094 0,0007
watchtoken 0,0000 0,0000
oriented 0,5447 0,0002
present 0,9676 0,0004
adopters 2,5257 0,0010
harvard 1,7148 0,0007
since 0,3425 0,0001
mdy 1,6094 0,0007
groove 3,5066 0,0014
vpns 3,9120 0,0016
scroogled 3,5066 0,0014
best 0,7985 0,0003
shirin 4,6052 0,0019
commended 4,6052 0,0019
delete 0,5447 0,0002
mei 3,9120 0,0016
foreach 0,0000 0,0000
leadership 2,4079 0,0010
repeat 0,0101 0,0000
mounds 4,6052 0,0019
make 0,3857 0,0002
beta 1,3863 0,0006
mesh 2,5257 0,0010
designers 1,6607 0,0007
opposed 1,7148 0,0007
blacklists 3,9120 0,0016
exactly 1,5606 0,0006
compound 2,5257 0,0010
structure 0,7765 0,0003
master 1,3471 0,0005
ruby 1,0217 0,0004
due 0,5108 0,0002
bytes 0,0408 0,0000
online 0,7340 0,0003
writer 2,4079 0,0010
properties 0,8210 0,0003
duo 3,2189 0,0013
commit 2,0402 0,0008
danger 2,6593 0,0011
quotes 0,0101 0,0000
cover 1,6607 0,0007
kastrenakes 3,5066 0,0014
accessing 1,5141 0,0006
firm 1,8326 0,0007
character 1,4697 0,0006
competitors 2,2073 0,0009
mehta 3,5066 0,0014
starred 4,6052 0,0019
devops 1,3863 0,0006
edits 3,2189 0,0013
drawing 2,6593 0,0011
fire 1,8326 0,0007
recursion 0,0513 0,0000
released 0,5447 0,0002
temporal 2,1203 0,0009
height 0,0101 0,0000
based 0,0834 0,0000
august 0,0000 0,0000
module 0,0000 0,0000
wikibase 0,0619 0,0000
fluent 3,5066 0,0014
yupi 3,5066 0,0014
something 1,4271 0,0006
miller 1,7720 0,0007
highest 0,0513 0,0000
unique 1,2379 0,0005
processing 0,5978 0,0002
boost 2,3026 0,0009
except 1,5141 0,0006
allies 2,9957 0,0012
roundup 2,9957 0,0012
invested 2,3026 0,0009
switching 2,0402 0,0008
shared 0,8440 0,0003
notheme 0,3711 0,0002
salter 4,6052 0,0019
examine 2,6593 0,0011
mic 3,9120 0,0016
fundamental 1,5141 0,0006
global 0,7985 0,0003
industry 0,8440 0,0003
long 0,5621 0,0002
fell 3,2189 0,0013
remember 2,9957 0,0012
into 0,1985 0,0001
outline 0,9676 0,0004
min 0,1165 0,0000
supports 0,6931 0,0003
examined 2,5257 0,0010
operating 0,4308 0,0002
free 0,0000 0,0000
procdump 4,6052 0,0019
mix 2,1203 0,0009
workers 2,0402 0,0008
impacted 3,5066 0,0014
middle 0,7765 0,0003
blizzard 3,5066 0,0014
sticker 4,6052 0,0019
blacklist 4,6052 0,0019
bundling 3,2189 0,0013
appeal 2,5257 0,0010
many 0,2357 0,0001
people 0,5276 0,0002
face 1,6607 0,0007
simon 2,0402 0,0008
abandon 3,5066 0,0014
collaboration 1,1394 0,0005
inspire 3,5066 0,0014
friedman 2,8134 0,0011
household 2,5257 0,0010
procmon 4,6052 0,0019
experts 1,8326 0,0007
open 0,1625 0,0001
azyxxi 3,5066 0,0014
mojave 2,9957 0,0012
tbody 0,6931 0,0003
numbers 0,9416 0,0004
project 0,3011 0,0001
ice 2,8134 0,0011
atelier 3,5066 0,0014
inside 0,0101 0,0000
verbatim 3,9120 0,0016
presentation 1,6094 0,0007
techcrunch 1,3093 0,0005
funded 2,6593 0,0011
california 1,2379 0,0005
vermeer 3,5066 0,0014
five 0,9943 0,0004
commands 1,4271 0,0006
obsidian 3,5066 0,0014
uneasiness 4,6052 0,0019
complaints 3,9120 0,0016
please 0,8210 0,0003
ide 1,4697 0,0006
deprecation 2,8134 0,0011
sections 1,8326 0,0007
announced 0,7985 0,0003
korea 2,1203 0,0009
dropbox 2,3026 0,0009
bosque 4,6052 0,0019
bungie 3,5066 0,0014
dryad 3,9120 0,0016
commits 1,8326 0,0007
ids 2,5257 0,0010
dafny 4,6052 0,0019
internet 0,5447 0,0002
piqlfilm 4,6052 0,0019
allow 0,4155 0,0002
wired 1,1712 0,0005
pinned 0,0000 0,0000
reasons 1,1394 0,0005
needed 0,3285 0,0001
isbn 0,1054 0,0000
mass 1,9661 0,0008
sponsorship 3,9120 0,0016
proper 1,5606 0,0006
update 0,6733 0,0003
linus 2,4079 0,0010
apple 1,1712 0,0005
horwitz 4,6052 0,0019
common 0,3711 0,0002
cimpanu 2,8134 0,0011
interest 1,1394 0,0005
linux 0,8916 0,0004
themselves 1,1394 0,0005
activists 2,8134 0,0011
definition 0,5621 0,0002
placeholder 0,0000 0,0000
every 0,6162 0,0003
apply 0,0000 0,0000
inferior 3,9120 0,0016
again 1,2379 0,0005
sandi 3,5066 0,0014
lionhead 3,5066 0,0014
layout 2,2073 0,0009
renewed 4,6052 0,0019
money 1,6094 0,0007
removal 1,7148 0,0007
mark 0,8210 0,0003
base 0,0513 0,0000
runa 0,9416 0,0004
estates 3,5066 0,0014
colloquis 3,5066 0,0014
arctic 4,6052 0,0019
claimed 1,7720 0,0007
discussions 2,1203 0,0009
jaramillo 4,6052 0,0019
during 0,5447 0,0002
revolution 1,7148 0,0007
loss 1,5141 0,0006
sidebar 0,0000 0,0000
limitreport 0,0000 0,0000
games 1,1394 0,0005
slavery 3,9120 0,0016
maui 4,6052 0,0019
decoration 0,0619 0,0000
reflist 0,0101 0,0000
azure 1,2730 0,0005
calculator 2,8134 0,0011
still 0,5447 0,0002
collaborative 1,8971 0,0008
var 0,0000 0,0000
work 0,3285 0,0001
codespaces 4,6052 0,0019
trainings 4,6052 0,0019
reduced 0,0305 0,0000
agree 0,0101 0,0000
packt 1,8326 0,0007
wgulsislanguageselectorempty 0,0000 0,0000
filing 2,6593 0,0011
carney 4,6052 0,0019
itself 0,6539 0,0003
books 0,9163 0,0004
deamicis 4,6052 0,0019
vba 3,5066 0,0014
versions 0,5798 0,0002
among 0,5276 0,0002
anyone 1,7148 0,0007
srpski 0,3711 0,0002
registration 0,0101 0,0000
word 0,0101 0,0000
stated 1,2730 0,0005
theory 1,0217 0,0004
extension 0,7133 0,0003
internal 0,8210 0,0003
regions 2,2073 0,0009
donations 3,2189 0,0013
gender 2,9957 0,0012
esri 3,9120 0,0016
foundation 0,0000 0,0000
requests 0,9676 0,0004
codeplex 3,9120 0,0016
punch 3,2189 0,0013
slave 3,5066 0,0014
across 0,5798 0,0002
partnerships 2,6593 0,0011
kyle 2,4079 0,0010
writing 0,8210 0,0003
tracker 2,9957 0,0012
hopes 2,9957 0,0012
collective 2,2073 0,0009
explains 2,3026 0,0009
established 1,1712 0,0005
include 0,0202 0,0000
alongside 1,6607 0,0007
siege 4,6052 0,0019
torvalds 2,4079 0,0010
chakra 2,8134 0,0011
toggle 0,0000 0,0000
nice 3,5066 0,0014
appearance 0,0000 0,0000
alexander 1,5606 0,0006
classname 0,0000 0,0000
sourceforge 2,9957 0,0012
anonymous 2,1203 0,0009
ebpf 3,5066 0,0014
first 0,0408 0,0000
indian 2,2073 0,0009
nowrap 0,0408 0,0000
allen 2,0402 0,0008
roman 0,0101 0,0000
allura 3,5066 0,0014
msn 2,3026 0,0009
threshold 3,2189 0,0013
wgrelevantpageisprobablyeditable 0,0000 0,0000
float 0,0101 0,0000
transclusion 0,0619 0,0000
space 0,0408 0,0000
reference 0,7340 0,0003
chamber 3,5066 0,0014
circumventing 4,6052 0,0019
ambox 0,7133 0,0003
html 0,4463 0,0002
uploading 2,9957 0,0012
depart 3,9120 0,0016
jira 3,9120 0,0016
ubuntu 2,2073 0,0009
bottom 0,0000 0,0000
dnsimple 4,6052 0,0019
orchestrate 3,5066 0,0014
published 0,5798 0,0002
fossil 2,8134 0,0011
barrelfish 3,9120 0,0016
revision 0,0000 0,0000
magyar 0,3425 0,0001
visitors 2,9957 0,0012
publisher 0,0000 0,0000
img 0,0408 0,0000
o'reilly 0,6733 0,0003
scientific 1,1712 0,0005
according 0,5108 0,0002
statements 0,4308 0,0002
linkedin 2,5257 0,0010
rlstate 0,0000 0,0000
error 0,0101 0,0000
platform 0,0000 0,0000
network 0,3711 0,0002
rust 1,6094 0,0007
operations 0,6162 0,0003
public 0,4155 0,0002
mathews 4,6052 0,0019
debbugs 3,9120 0,0016
mvc 2,5257 0,0010
value 0,0000 0,0000
fortune 2,3026 0,0009
isis 3,9120 0,0016
notified 2,9957 0,0012
resources 0,5447 0,0002
instead 0,4463 0,0002
controversy 1,9661 0,0008
command 0,8675 0,0004
expensive 0,0408 0,0000
biddle 3,9120 0,0016
trade 1,5606 0,0006
round 1,3471 0,0005
creeping 4,6052 0,0019
maint 0,0101 0,0000
wiktionary 0,5798 0,0002
platformversion 0,0000 0,0000
providers 1,5141 0,0006
exception 1,5141 0,0006
fard 4,6052 0,0019
references 0,0101 0,0000
tomayko 4,6052 0,0019
saved 0,0619 0,0000
year 0,7550 0,0003
laptop 2,5257 0,0010
branch 1,6607 0,0007
building 0,4943 0,0002
spouse 3,9120 0,0016
setting 1,3863 0,0006
via 0,3011 0,0001
visual 0,9416 0,0004
because 0,0000 0,0000
invented 1,9661 0,0008
johana 4,6052 0,0019
agreement 1,3471 0,0005
excellent 3,5066 0,0014
google 0,4005 0,0002
community 0,0000 0,0000
packages 1,4271 0,0006
version 0,0000 0,0000
mantisbt 3,9120 0,0016
wgcategories 0,0000 0,0000
mcefee 4,6052 0,0019
eesti 0,3285 0,0001
cyberattack 2,8134 0,0011
vista 2,4079 0,0010
providing 0,8440 0,0003
least 0,9676 0,0004
matrix 2,3026 0,0009
subsequently 1,6094 0,0007
censors 4,6052 0,0019
founding 2,6593 0,0011
posted 2,8134 0,0011
variations 2,1203 0,0009
targeted 1,6607 0,0007
wikipedia 0,0000 0,0000
scott 1,0217 0,0004
perceptive 3,5066 0,0014
supporters 3,5066 0,0014
website 0,3857 0,0002
abc 2,4079 0,0010
brands 0,0000 0,0000
mitigate 1,9661 0,0008
learn 0,0000 0,0000
bookmarked 3,9120 0,0016
fasa 3,5066 0,0014
pulled 2,4079 0,0010
unlimited 2,3026 0,0009
photo 2,4079 0,0010
intending 3,9120 0,0016
logical 1,6607 0,0007
descent 2,9957 0,0012
fast 0,6733 0,0003
horowitz 2,9957 0,0012
calling 1,5606 0,0006
jeremy 2,2073 0,0009
register 1,3863 0,0006
controls 1,0788 0,0004
official 0,6162 0,0003
pushes 2,6593 0,0011
post 0,0202 0,0000
generated 1,2379 0,0005
duck 3,2189 0,0013
incorporated 1,7148 0,0007
invertocat 4,6052 0,0019
merriman 4,6052 0,0019
add 0,0000 0,0000
winhec 3,5066 0,0014
minister 2,9957 0,0012
sonic 3,2189 0,0013
abandons 4,6052 0,0019
quentin 3,9120 0,0016
wrote 1,3093 0,0005
its 0,0726 0,0000
originally 0,8675 0,0004
elt 0,6931 0,0003
catone 4,6052 0,0019
article 0,0000 0,0000
users 0,3567 0,0001
riskiq 3,5066 0,0014
energies 4,6052 0,0019
transact 2,9957 0,0012
parser 0,0000 0,0000
materials 1,7148 0,0007
ninja 2,9957 0,0012
http 0,0000 0,0000
exchange 1,1712 0,0005
parsed 0,0619 0,0000
decimal 0,0101 0,0000
washington 1,5141 0,0006
sanctions 2,6593 0,0011
smashing 2,9957 0,0012
joining 2,4079 0,0010
private 0,8210 0,0003
wggetopicsmatchmodeenabled 0,0000 0,0000
technical 0,6349 0,0003
production 0,9943 0,0004
united 0,4780 0,0002
directors 2,3026 0,0009
choose 1,4697 0,0006
directory 1,6094 0,0007
wghostname 0,0000 0,0000
prevent 1,0498 0,0004
gates 2,6593 0,0011
urls 2,4079 0,0010
laser 3,9120 0,0016
previously 1,1712 0,0005
wgtitle 0,0000 0,0000
engine 0,6539 0,0003
suhauna 4,6052 0,0019
scope 1,3093 0,0005
end 0,3425 0,0001
molecular 2,9957 0,0012
havok 3,5066 0,0014
vox 2,6593 0,0011
ivp 4,6052 0,0019
identify 1,2730 0,0005
wgdigittransformtable 0,0000 0,0000
pandodaily 4,6052 0,0019
hlist 0,0408 0,0000
label 0,0000 0,0000
recorded 1,6607 0,0007
special 0,0000 0,0000
environment 0,5978 0,0002
micro 2,5257 0,0010
rlconf 0,0000 0,0000
visited 0,0619 0,0000
vps 3,2189 0,0013
contributors 0,0000 0,0000
pushed 2,8134 0,0011
username 2,8134 0,0011
copyright 1,8326 0,0007
education 1,0788 0,0004
bahasa 0,3285 0,0001
called 0,2744 0,0001
movie 2,9957 0,0012
release 0,4005 0,0002
ago 0,7765 0,0003
caption 0,3711 0,0002
hardy 3,9120 0,0016
shah 2,3026 0,0009
accessed 1,1087 0,0005
investors 2,4079 0,0010
years 0,3425 0,0001
turns 2,5257 0,0010
number 0,0101 0,0000
wgbackendresponsetime 0,0000 0,0000
property 1,3471 0,0005
pastebin 4,6052 0,0019
nat 3,9120 0,0016
similar 0,4780 0,0002
programmer 1,4697 0,0006
testing 0,5798 0,0002
atlassian 2,9957 0,0012
distributed 0,3857 0,0002
allegiance 4,6052 0,0019
evelyn 2,8134 0,0011
urged 3,2189 0,0013
alerts 2,8134 0,0011
octodex 4,6052 0,0019
holman 4,6052 0,0019
system 0,0305 0,0000
driver 1,7720 0,0007
issn 0,7765 0,0003
avalos 4,6052 0,0019
weapons 2,8134 0,0011
swiftkey 3,5066 0,0014
other 0,0000 0,0000
indicated 2,1203 0,0009
against 0,6931 0,0003
cell 0,4308 0,0002
retail 2,0402 0,0008
yammer 3,5066 0,0014
asked 1,5606 0,0006
encourage 2,1203 0,0009
cookbook 2,9957 0,0012
kmdf 4,6052 0,0019
rights 1,4271 0,0006
share 0,7765 0,0003
hobbyists 2,9957 0,0012
deployment 0,8675 0,0004
thoroughly 3,5066 0,0014
stores 1,2730 0,0005
chairman 2,4079 0,0010
octoverse 3,9120 0,0016
codeberg 3,9120 0,0016
belfiore 3,5066 0,0014
removed 0,7985 0,0003
curated 3,9120 0,0016
rlq 0,0000 0,0000
anthropomorphized 4,6052 0,0019
stored 0,8916 0,0004
firing 3,5066 0,0014
cite 0,0000 0,0000
atom 2,4079 0,0010
movement 1,5606 0,0006
francisco 1,6607 0,0007
precision 2,2073 0,0009
screen 0,0101 0,0000
body 0,0000 0,0000
reactivex 4,6052 0,0019
rioters 4,6052 0,0019
mode 0,0000 0,0000
pages 0,0000 0,0000
enhancements 0,0101 0,0000
neo 2,6593 0,0011
links 0,0000 0,0000
net 0,9416 0,0004
newpp 0,0619 0,0000
all 0,0408 0,0000
border 0,0000 0,0000
new 0,0000 0,0000
took 1,3863 0,0006
alm 3,9120 0,0016
read 0,0000 0,0000
already 1,1087 0,0005
performative 4,6052 0,0019
als 3,9120 0,0016
applicable 2,1203 0,0009
domains 1,7148 0,0007
real 0,0408 0,0000
clientpref 0,0000 0,0000
zhou 2,9957 0,0012
tool 0,6931 0,0003
tony 1,8326 0,0007
unit 0,7550 0,0003
followers 3,9120 0,0016
svenska 0,3857 0,0002
monthly 2,6593 0,0011
leakage 3,2189 0,0013
shading 4,6052 0,0019
facilitate 1,3093 0,0005
cnbc 2,1203 0,0009
oxley 4,6052 0,0019
wgpagecontentlanguage 0,0000 0,0000
dreams 3,5066 0,0014
reaching 2,2073 0,0009
respective 2,0402 0,0008
media 0,2485 0,0001
amy 2,4079 0,0010
contracts 2,1203 0,0009
around 0,6931 0,0003
wgisarticle 0,0000 0,0000
today 1,0788 0,0004
chose 2,5257 0,0010
row 0,5276 0,0002
saying 1,9661 0,0008
commented 2,5257 0,0010
render 2,3026 0,0009
ann 2,1203 0,0009
quartz 2,5257 0,0010
specific 0,2877 0,0001
suggested 1,5141 0,0006
risks 1,5141 0,0006
wgflaggedrevsparams 0,0000 0,0000
istock 4,6052 0,0019
until 0,7765 0,0003
strategy 0,9676 0,0004
tuleap 3,9120 0,0016
collapse 0,0408 0,0000
forms 1,0217 0,0004
hotmail 3,5066 0,0014
octopus 3,9120 0,0016
wgrelevantarticleid 0,0000 0,0000
preprocessor 0,0513 0,0000
trademarked 3,5066 0,0014
navision 3,5066 0,0014
mbox 0,7133 0,0003
decided 1,5141 0,0006
skills 1,9661 0,0008
powerset 3,5066 0,0014
companies 0,8210 0,0003
builds 1,6607 0,0007
english 0,0000 0,0000
exclusive 2,4079 0,0010
initiatives 1,9661 0,0008
hired 3,5066 0,0014
proxies 2,5257 0,0010
api 0,4155 0,0002
app 1,2379 0,0005
cache 0,0305 0,0000
margin 0,0000 0,0000
merging 2,6593 0,0011
suomi 0,2107 0,0001
using 0,0000 0,0000
wgrequestid 0,0000 0,0000
wgbreakframes 0,0000 0,0000
xamarin 3,2189 0,0013
containing 0,6931 0,0003
hosts 1,9661 0,0008
expected 0,8440 0,0003
patches 1,8326 0,0007
wikinews 2,6593 0,0011
countries 1,7720 0,0007
rlpagemodules 0,0000 0,0000
cain 3,2189 0,0013
demand 1,2730 0,0005
eye 2,5257 0,0010
roslyn 4,6052 0,0019
gitea 3,5066 0,0014
alex 1,3863 0,0006
wanted 1,6094 0,0007
turkey 3,2189 0,0013
letter 1,7720 0,0007
alternatives 2,2073 0,0009
completes 2,5257 0,0010
telescope 3,5066 0,0014
dunn 4,6052 0,0019
annually 2,6593 0,0011
wgwikibaseitemid 0,0000 0,0000
hussain 3,2189 0,0013
sizing 0,0408 0,0000
argued 1,8971 0,0008
another 0,3567 0,0001
automatically 0,7765 0,0003
montini 4,6052 0,0019
students 1,8326 0,0007
ddos 2,8134 0,0011
acquire 2,0402 0,0008
journalists 2,8134 0,0011
quarrels 4,6052 0,0019
dailymotion 4,6052 0,0019
webarchive 0,7985 0,0003
diversity 2,5257 0,0010
releasing 1,8326 0,0007
encryption 1,1712 0,0005
vendor 1,4697 0,0006
kinect 3,5066 0,0014
taken 1,3471 0,0005
came 1,4697 0,0006
catherine 2,6593 0,0011
disabled 0,0000 0,0000
where 0,2744 0,0001
popular 0,6539 0,0003
timestamp 0,0000 0,0000
arr 4,6052 0,0019
emojis 4,6052 0,0019
art 1,3093 0,0005
vice 2,2073 0,0009
ars 1,3471 0,0005
complications 0,0513 0,0000
black 1,5141 0,0006
riot 3,5066 0,0014
xbox 3,2189 0,0013
such 0,0943 0,0000
cnet 1,7720 0,0007
maniphest 3,9120 0,0016
partners 1,7148 0,0007
confrontational 4,6052 0,0019
describe 1,0498 0,0004
blazor 3,2189 0,0013
asn 3,2189 0,0013
through 0,2107 0,0001
charts 2,3026 0,0009
documents 1,1087 0,0005
administration 1,2730 0,0005
disregard 3,9120 0,0016
officer 2,1203 0,0009
reportedly 2,8134 0,0011
dmca 3,2189 0,0013
developing 0,8675 0,0004
run 0,5447 0,0002
bitbucket 3,2189 0,0013
microsoft 0,4005 0,0002
research 0,5621 0,0002
features 0,3857 0,0002
either 0,5621 0,0002
protests 2,9957 0,0012
view 0,0000 0,0000
pipelines 2,3026 0,0009
svalbard 4,6052 0,0019
white 0,0305 0,0000
padmasree 3,5066 0,0014
stripe 3,5066 0,0014
donate 0,0000 0,0000
newest 2,6593 0,0011
results 0,7985 0,0003
underpins 3,5066 0,0014
those 0,5108 0,0002
winternals 3,5066 0,0014
lifted 3,2189 0,0013
bold 0,0408 0,0000
engineering 0,3711 0,0002
significant 0,6931 0,0003
sharing 1,0217 0,0004
altspacevr 3,5066 0,0014
signalr 4,6052 0,0019
colleagues 3,2189 0,0013
name 0,0000 0,0000
cputime 0,0000 0,0000
reid 3,5066 0,0014
leaving 1,8971 0,0008
parker 3,5066 0,0014
watchlist 0,0000 0,0000
involving 1,7148 0,0007
migrate 2,8134 0,0011
next 0,5798 0,0002
color 0,0101 0,0000
hidden 0,0000 0,0000
submit 3,2189 0,0013
show 0,0834 0,0000
description 0,0000 0,0000
summit 2,0402 0,0008
caps 0,0619 0,0000
mono 2,5257 0,0010
negative 1,5606 0,0006
not 0,0101 0,0000
street 1,5606 0,0006
now 0,4308 0,0002
plains 3,5066 0,0014
statement 0,0000 0,0000
debugging 1,5141 0,0006
trademark 0,0101 0,0000
supporting 0,7765 0,0003
greek 0,0101 0,0000
news 0,4620 0,0002
infringed 3,9120 0,0016
placeware 3,5066 0,0014
estimated 1,6607 0,0007
npm 2,4079 0,0010
rodriguez 2,9957 0,0012
sculpture 4,6052 0,0019
way 0,3285 0,0001
editing 2,0402 0,0008
target 0,0101 0,0000
gist 2,9957 0,0012
what 0,0000 0,0000
furthermore 1,6607 0,0007
refer 1,3471 0,0005
restricted 1,5606 0,0006
vulnerabilities 1,5606 0,0006
aws 1,3471 0,0005
milestones 2,5257 0,0010
penny 3,5066 0,0014
container 0,0000 0,0000
play 1,4697 0,0006
leader 2,1203 0,0009
developers 0,0000 0,0000
usage 0,0000 0,0000
cernuda 3,5066 0,0014
pledged 3,5066 0,0014
charles 1,2730 0,0005
wgmediaviewerenabledbydefault 0,0000 0,0000
nearby 0,0000 0,0000
when 0,0834 0,0000
jim 1,5141 0,0006
denouncing 4,6052 0,0019
kathleen 2,6593 0,0011
logged 0,0000 0,0000
far 1,3093 0,0005
faq 1,6094 0,0007
powershell 2,6593 0,0011
electron 3,9120 0,0016
pledges 3,9120 0,0016
financially 3,5066 0,0014
generation 1,2379 0,0005
nokia 2,0402 0,0008
regenerates 4,6052 0,0019
give 1,5606 0,0006
canvas 2,3026 0,0009
counsel 3,2189 0,0013
images 1,3093 0,0005
item 0,0000 0,0000
wgmediavieweronclick 0,0000 0,0000
lives 2,3026 0,0009
double 1,1087 0,0005
wgulsposition 0,0000 0,0000
suicide 3,9120 0,0016
rendering 0,0513 0,0000
melayu 0,6349 0,0003
survived 4,6052 0,0019
ironruby 3,5066 0,0014
rosalie 4,6052 0,0019
guthrie 3,2189 0,0013
powertoys 3,9120 0,0016
italiano 0,1278 0,0001
sticky 0,0000 0,0000
style 0,0000 0,0000
card 1,7148 0,0007
browse 3,5066 0,0014
denial 2,3026 0,0009
doerrfeld 4,6052 0,0019
neath 4,6052 0,0019
enormously 3,9120 0,0016
searchinput 0,0000 0,0000
sentences 0,0000 0,0000
harry 2,5257 0,0010
australian 3,2189 0,0013
pattern 1,0498 0,0004
commons 0,0000 0,0000
enabled 0,0000 0,0000
gain 1,5606 0,0006
julie 2,6593 0,0011
leaks 1,7720 0,0007
web 0,1165 0,0000
farecast 3,5066 0,0014
nate 3,2189 0,0013
feeds 3,5066 0,0014
older 1,1712 0,0005
wei 2,5257 0,0010
categories 0,0000 0,0000
criticized 1,6094 0,0007
mimalloc 4,6052 0,0019
architecture 0,0000 0,0000
enables 0,7133 0,0003
insider 1,5606 0,0006
more 0,0000 0,0000
display 0,0000 0,0000
julio 4,6052 0,0019
great 1,3863 0,0006
organization 0,0000 0,0000
width 0,0000 0,0000
accounts 1,5606 0,0006
certain 0,6162 0,0003
board 1,0217 0,0004
levels 0,0000 0,0000
statistics 0,0000 0,0000
ironpython 3,9120 0,0016
applicants 3,9120 0,0016
section 0,7985 0,0003
simple 0,2357 0,0001
used 0,0619 0,0000
cloud 0,6349 0,0003
overflow 0,3857 0,0002
nsakey 3,5066 0,0014
shum 3,5066 0,0014
few 0,8916 0,0004
undead 3,5066 0,0014
totally 2,6593 0,0011
configured 1,8326 0,0007
package 1,2379 0,0005
visible 0,0101 0,0000
marketplace 2,3026 0,0009
recurring 2,9957 0,0012
opened 2,2073 0,0009
solely 2,6593 0,0011
both 0,0305 0,0000
important 0,0101 0,0000
market 1,0217 0,0004
most 0,2107 0,0001
transfer 0,9943 0,0004
spikes 3,9120 0,0016
outside 1,1087 0,0005
overhaul 3,2189 0,0013
heise 4,6052 0,0019
keep 1,0217 0,0004
topic 0,0000 0,0000
job 1,3471 0,0005
option 1,3093 0,0005
who 0,5621 0,0002
joe 1,7720 0,0007
largest 1,4697 0,0006
nonprofit 3,5066 0,0014
popping 3,9120 0,0016
game 1,0498 0,0004
launchpad 3,5066 0,0014
hughes 2,2073 0,0009
silica 4,6052 0,0019
contribute 0,0000 0,0000
jon 1,6607 0,0007
generator 1,8971 0,0008
why 0,6733 0,0003
founders 1,9661 0,0008
gists 4,6052 0,0019
denies 2,9957 0,0012
integrated 0,6733 0,0003
highlight 2,8134 0,0011
database 0,4943 0,0002
along 0,7340 0,0003
coders 2,5257 0,0010
geospatial 2,6593 0,0011
billion 1,3863 0,0006
david 0,5798 0,0002
sam 1,9661 0,0008
wgseparatortransformtable 0,0000 0,0000
rest 1,1087 0,0005
san 1,2379 0,0005
move 0,0000 0,0000
original 0,0943 0,0000
assignment 2,3026 0,0009
wix 4,6052 0,0019
also 0,0202 0,0000
designer 1,8326 0,0007
discontinued 1,3471 0,0005
enough 0,9676 0,0004
terminal 1,8326 0,0007
insensitivity 3,9120 0,0016
recommended 1,8326 0,0007
onfolio 3,5066 0,0014
contained 1,3471 0,0005
inline 0,0408 0,0000
administrative 2,8134 0,0011
various 0,3857 0,0002
visio 3,5066 0,0014
organizations 0,8440 0,0003
investigation 2,5257 0,0010
uses 0,2485 0,0001
carmel 4,6052 0,0019
user 0,0000 0,0000
parent 1,8971 0,0008
projects 0,0000 0,0000
spokesperson 3,5066 0,0014
hausa 1,8971 0,0008
offer 0,8916 0,0004
subdomains 4,6052 0,0019
megan 2,9957 0,0012
campaigns 2,8134 0,0011
giant 2,2073 0,0009
fluid 2,3026 0,0009
addition 0,6931 0,0003
bbc 1,9661 0,0008
grow 2,0402 0,0008
sure 2,1203 0,0009
preston 3,5066 0,0014
documentation 0,6349 0,0003
league 3,5066 0,0014
engineers 1,3863 0,0006
diff 3,2189 0,0013
personal 0,0000 0,0000
former 1,3093 0,0005
lindows 3,5066 0,0014
submitted 1,7720 0,0007
imageobject 0,0000 0,0000
sdk 2,5257 0,0010
formed 1,5141 0,0006
higgins 3,5066 0,0014
deal 1,4697 0,0006
tiers 2,9957 0,0012
scheme 0,0101 0,0000
icon 0,0101 0,0000
expansiondepth 0,0000 0,0000
facing 2,0402 0,0008
altamira 3,5066 0,0014
prover 4,6052 0,0019
coding 1,5606 0,0006
communications 0,9943 0,0004
search 0,0000 0,0000
see 0,0408 0,0000
spacing 0,0619 0,0000
responsibility 1,5606 0,0006
systems 0,1054 0,0000
snippets 3,5066 0,0014
wgrelevantpagename 0,0000 0,0000
popularity 1,3093 0,0005
indicate 1,5141 0,0006
customers 1,0788 0,0004
typescript 1,8971 0,0008
innovation 1,3093 0,0005
kristina 2,9957 0,0012
rollbar 4,6052 0,0019
contain 0,0101 0,0000
set 0,2485 0,0001
keeping 1,5141 0,0006
founder 1,8326 0,0007
joined 1,9661 0,0008
shqip 0,6931 0,0003
column 0,0101 0,0000
founded 1,2379 0,0005
procedure 1,3863 0,0006
lasted 3,5066 0,0014
msquic 4,6052 0,0019
integrate 1,3471 0,0005
byrne 4,6052 0,0019
kits 2,9957 0,0012
awesome 3,9120 0,0016
withdrew 3,9120 0,0016
wgaction 0,0000 0,0000
unfit 1,8326 0,0007
acquisitions 1,8326 0,0007
interview 1,6094 0,0007
forking 2,6593 0,0011
font 0,0000 0,0000
carlos 2,5257 0,0010
visualization 1,6094 0,0007
terabytes 3,5066 0,0014
language 0,0000 0,0000
sites 1,6094 0,0007
navbox 0,0943 0,0000
developed 0,2357 0,0001
listitem 0,0408 0,0000
repositories 1,6094 0,0007
startup 1,3093 0,0005
contact 0,0000 0,0000
rare 1,8971 0,0008
useless 2,6593 0,0011
alcatel 3,5066 0,0014
criticism 1,2379 0,0005
programming 0,2614 0,0001
image 0,0202 0,0000
ribbon 3,5066 0,0014
garbage 2,3026 0,0009
sendgrid 3,9120 0,0016
mergers 2,5257 0,0010
pulls 3,5066 0,0014
noauthority 4,6052 0,0019
simpson 4,6052 0,0019
parts 0,6349 0,0003
party 0,7550 0,0003
cursor 0,0619 0,0000
however 0,3011 0,0001
deep 1,4697 0,0006
visiting 2,6593 0,0011
sources 0,5447 0,0002
origin 0,0000 0,0000
india 1,4271 0,0006
sic 3,5066 0,0014
walltime 0,0000 0,0000
interlanguage 0,0000 0,0000
airsim 4,6052 0,0019
content 0,0000 0,0000
getting 1,3471 0,0005
random 0,0000 0,0000
wikibooks 0,8210 0,0003
desktop 1,0788 0,0004
salaries 3,9120 0,0016
related 0,0000 0,0000
terminology 1,7148 0,0007
trainer 3,9120 0,0016
confirms 2,5257 0,0010
client 0,0000 0,0000
foss 1,8971 0,0008
trouble 2,9957 0,0012
dohmke 4,6052 0,0019
class 0,0000 0,0000
reporting 1,6094 0,0007
volometrix 3,5066 0,0014
digital 0,6162 0,0003
over 0,3285 0,0001
false 0,0000 0,0000
merged 2,1203 0,0009
specification 0,8210 0,0003
packaging 2,1203 0,0009
counter 0,0408 0,0000
parse 1,3863 0,0006
kept 1,8971 0,0008
perpetuity 4,6052 0,0019
redmine 3,2189 0,0013
fork 1,4697 0,0006
form 0,3711 0,0002
management 0,2231 0,0001
developer 0,4005 0,0002
avoid 0,0101 0,0000
merges 3,9120 0,0016
big 0,8916 0,0004
expert 1,6094 0,0007
triggered 0,0513 0,0000
provoking 3,9120 0,0016
marrian 4,6052 0,0019
output 0,0000 0,0000
appeared 1,7148 0,0007
axosoft 3,9120 0,0016
four 0,9676 0,0004
peterson 2,8134 0,0011
technet 3,2189 0,0013
neumann 2,5257 0,0010
collaborators 3,2189 0,0013
pritzker 3,5066 0,0014
model 0,0000 0,0000
octopuss 4,6052 0,0019
https 0,0000 0,0000
perks 4,6052 0,0019
portal 0,0000 0,0000
issue 0,8675 0,0004
kern 0,0101 0,0000
large 0,3425 0,0001
surface 2,4079 0,0010
stylecop 4,6052 0,0019
lower 0,0101 0,0000
disputes 2,5257 0,0010
odd 0,0943 0,0000
phil 2,3026 0,0009
traditional 0,7985 0,0003
operate 1,4271 0,0006
acted 2,9957 0,0012
testtrack 3,9120 0,0016
yihui 4,6052 0,0019
john 0,5276 0,0002
wgvisualeditor 0,0000 0,0000
become 0,6931 0,0003
template 0,0000 0,0000
viewer 2,9957 0,0012
jennifer 2,4079 0,0010
works 0,9416 0,0004
proportion 3,2189 0,0013
enwiki 0,0619 0,0000
payments 2,5257 0,0010
diskspd 4,6052 0,0019
subscription 0,0101 0,0000
nerdy 4,6052 0,0019
screenhero 4,6052 0,0019
vowpal 4,6052 0,0019
library 0,5621 0,0002
navbar 0,0202 0,0000
world 0,3857 0,0002
freaks 4,6052 0,0019
ftc 2,6593 0,0011
russell 2,1203 0,0009
subbox 0,6931 0,0003
viewed 1,6607 0,0007
december 0,0000 0,0000
immigrant 4,6052 0,0019
everything 1,2730 0,0005
bundle 2,2073 0,0009
rafael 2,9957 0,0012
table 0,0000 0,0000
creator 1,5606 0,0006
immigration 3,9120 0,0016
prefers 0,0101 0,0000
side 0,3567 0,0001
gaeilge 1,2040 0,0005
break 0,0101 0,0000
katie 2,5257 0,0010
printable 0,0000 0,0000
off 0,9943 0,0004
exposures 3,9120 0,0016
hide 0,0000 0,0000
corporate 1,4697 0,0006
disallows 3,5066 0,0014
report 0,0305 0,0000
terminus 4,6052 0,0019
outercurve 3,5066 0,0014
complete 0,6931 0,0003
facilities 1,2040 0,0005
married 4,6052 0,0019
octocat 4,6052 0,0019
maluuba 3,5066 0,0014
auto 0,0726 0,0000
notepad 3,9120 0,0016
office 1,0788 0,0004
northern 3,2189 0,0013
wgcanonicalspecialpagename 0,0000 0,0000
while 0,2614 0,0001
second 0,7550 0,0003
bitfunnel 4,6052 0,0019
download 0,0000 0,0000
high 0,3425 0,0001
split 0,0000 0,0000
epling 4,6052 0,0019
helix 2,9957 0,0012
than 0,2357 0,0001
limit 0,0000 0,0000
champagne 3,5066 0,0014
expressed 1,6607 0,0007
noah 3,2189 0,0013
venturebeat 2,1203 0,0009
brian 1,2730 0,0005
communication 0,6931 0,0003
different 0,0513 0,0000
porter 3,2189 0,0013
officially 1,8971 0,0008
incoming 2,5257 0,0010
months 0,8210 0,0003
level 0,0000 0,0000
author 0,0000 0,0000
restrictions 1,5606 0,0006
photoshop 3,9120 0,0016
undisclosed 3,9120 0,0016
chosen 1,7148 0,0007
expansion 0,0619 0,0000
entry 0,9163 0,0004
license 0,0000 0,0000
expand 0,0513 0,0000
headquarters 2,4079 0,0010
bob 1,8326 0,0007
orleans 3,9120 0,0016
coal 3,5066 0,0014
gitlab 3,2189 0,0013
integrations 2,5257 0,0010
errors 0,8916 0,0004
heat 2,8134 0,0011
behind 1,2730 0,0005
importer 4,6052 0,0019
code 0,0000 0,0000
student 1,8971 0,0008
wgdefaultdateformat 0,0000 0,0000
seal 4,6052 0,0019
box 0,0408 0,0000
mixed 1,5141 0,0006
storage 0,3711 0,0002
sql 1,0788 0,0004
head 1,3471 0,0005
total 0,0000 0,0000
deepspeed 3,9120 0,0016
cnnmoney 3,2189 0,0013
deutsch 0,0943 0,0000
playground 2,9957 0,0012
consumers 1,7148 0,0007
fourq 4,6052 0,0019
revisions 2,1203 0,0009
hexadecimal 2,6593 0,0011
highly 1,1712 0,0005
allows 0,3425 0,0001
console 1,8326 0,0007
initiative 1,1087 0,0005
social 0,8210 0,0003
src 0,6349 0,0003
anderson 1,9661 0,0008
raised 1,8971 0,0008
relying 2,0402 0,0008
control 0,1744 0,0001
demanding 3,5066 0,0014
dormant 3,9120 0,0016
zach 3,5066 0,0014
attribution 0,0000 0,0000
pulse 2,8134 0,0011
backs 2,8134 0,0011
vary 0,0619 0,0000
upper 0,0101 0,0000
buried 2,9957 0,0012
registered 0,0101 0,0000
dynamics 1,8326 0,0007
scandal 2,9957 0,0012
raises 2,2073 0,0009
hemispheres 4,6052 0,0019
expiry 0,0619 0,0000
hundreds 1,6094 0,0007
minerva 0,0101 0,0000
publishing 0,6931 0,0003
recent 0,0000 0,0000
they 0,1508 0,0001
trends 1,4271 0,0006
forks 1,6607 0,0007
renaming 2,8134 0,0011
github 0,7340 0,0003
registrations 3,9120 0,0016
edit 0,0000 0,0000
old 1,2040 0,0005
stl 3,9120 0,0016
them 0,3285 0,0001
then 0,3567 0,0001
node 0,0513 0,0000
requested 2,3026 0,0009
cognitive 1,8326 0,0007
bundles 3,5066 0,0014
tlaps 4,6052 0,0019
archives 2,4079 0,0010
access 0,3011 0,0001
conference 0,3567 0,0001
seed 2,4079 0,0010
simi 0,9416 0,0004
sum 2,2073 0,0009
voldemort 3,9120 0,0016
wilhelm 2,8134 0,0011
seen 1,2040 0,0005
archived 0,0943 0,0000
selflink 0,0101 0,0000
current 0,0000 0,0000
variety 1,0217 0,0004
managed 1,0498 0,0004
george 1,6607 0,0007
thompson 1,8326 0,0007
vector 0,0000 0,0000
liam 2,8134 0,0011
unreal 4,6052 0,0019
conferences 1,6607 0,0007
email 1,4697 0,0006
key 0,0305 0,0000
silk 2,2073 0,0009
cachereport 0,0000 0,0000
unions 2,3026 0,0009
decision 0,9676 0,0004
manager 1,0498 0,0004
svg 1,0788 0,0004
one 0,0943 0,0000
garage 3,2189 0,0013
makes 0,5108 0,0002
maker 2,1203 0,0009
syria 3,9120 0,0016
launch 1,5606 0,0006
started 0,8440 0,0003
josh 2,8134 0,0011
nuget 4,6052 0,0019
store 0,8210 0,0003
svp 3,5066 0,0014
connected 1,4271 0,0006
single 0,3147 0,0001
entityaccesscount 0,0000 0,0000
pull 2,0402 0,0008
walmsley 3,5066 0,0014
iloo 3,5066 0,0014
bug 1,3093 0,0005
weebly 4,6052 0,0019
buying 2,5257 0,0010
catalin 2,8134 0,0011
closed 1,2040 0,0005
censorship 2,6593 0,0011
ghaffary 4,6052 0,0019
story 1,5606 0,0006
country 1,7148 0,0007
ignite 2,9957 0,0012
vxtreme 3,5066 0,0014
willing 2,9957 0,0012
buy 1,8971 0,0008
available 0,0000 0,0000
express 1,5141 0,0006
frequency 1,6607 0,0007
interviews 4,6052 0,0019
loaded 0,0305 0,0000
zero 1,1087 0,0005
apache 1,0788 0,0004
chakracore 3,2189 0,0013
variant 0,0619 0,0000
dynamic 0,7133 0,0003
written 0,3147 0,0001
generate 1,2730 0,0005
praised 3,9120 0,0016
shortened 0,0000 0,0000
studios 2,5257 0,0010
theinquirer 4,6052 0,0019
norsk 0,3285 0,0001
stanton 3,5066 0,0014
nazis 4,6052 0,0019
modules 1,0788 0,0004
memusage 0,0000 0,0000
ocean 2,9957 0,0012
once 0,7985 0,0003
failure 1,2040 0,0005
know 0,7340 0,0003
support 0,2107 0,0001
drop 1,8326 0,0007
changes 0,0000 0,0000
polski 0,1165 0,0000
privacy 0,0000 0,0000
learning 0,7550 0,0003
reciprocal 4,6052 0,0019
vertical 0,7985 0,0003
pure 1,9661 0,0008
graphs 2,6593 0,0011
proprietary 0,9676 0,0004
conflicts 2,8134 0,0011
unregistered 3,2189 0,0013
scharf 3,5066 0,0014
archival 3,5066 0,0014
extensible 1,8326 0,0007
compulsion 3,5066 0,0014
connectix 3,5066 0,0014
normal 0,0202 0,0000
allocation 1,8971 0,0008
previous 1,1712 0,0005
securing 2,5257 0,0010
mandates 2,4079 0,0010
technology 0,2357 0,0001
nitasha 4,6052 0,0019
damn 2,8134 0,0011
litigation 2,4079 0,0010
wgarticleid 0,0000 0,0000
pagelanguagedir 0,0000 0,0000
wgcitereferencepreviewsactive 0,0000 0,0000
location 1,2730 0,0005
steroids 4,6052 0,0019
onefuzz 4,6052 0,0019
compromise 2,1203 0,0009
brent 3,5066 0,0014
software 0,0000 0,0000
frameworks 0,9163 0,0004
xdp 4,6052 0,0019
none 0,0101 0,0000
displays 2,4079 0,0010
repository 0,5978 0,0002
type 0,0000 0,0000
youtrack 3,9120 0,0016
april 0,0000 0,0000
beyond 1,0217 0,0004
dapr 4,6052 0,0019
restricts 2,8134 0,0011
seconds 0,0619 0,0000
problem 0,6349 0,0003
terms 0,0000 0,0000
review 0,7340 0,0003
abandoned 2,2073 0,0009
presence 1,3471 0,0005
between 0,2107 0,0001
guide 0,3711 0,0002
pagevariantfallbacks 0,0000 0,0000
surrounding 2,6593 0,0011
firefly 2,9957 0,0012
teams 1,3471 0,0005
wife 3,5066 0,0014
contract 1,6094 0,0007
come 0,9676 0,0004
push 0,0000 0,0000
techrepublic 2,5257 0,0010
saas 2,8134 0,0011
soundworks 3,5066 0,0014
following 0,3857 0,0002
frederic 2,3026 0,0009
gizmodo 2,9957 0,0012
notifications 1,8971 0,0008
flag 3,5066 0,0014
columns 0,0101 0,0000
north 1,7148 0,0007
recursiveextractor 4,6052 0,0019
portalbox 1,3093 0,0005
claire 2,6593 0,0011
hoffman 2,9957 0,0012
wanstrath 3,9120 0,0016
our 1,3093 0,0005
tools 0,0000 0,0000
capacity 1,7148 0,0007
out 0,0000 0,0000
leak 2,2073 0,0009
announcing 1,6607 0,0007
blocked 2,9957 0,0012
feature 0,0000 0,0000
lean 1,8971 0,0008
flat 2,6593 0,0011
cached 0,0513 0,0000
get 0,0000 0,0000
portalright 1,3093 0,0005
dark 0,0101 0,0000
course 1,3863 0,0006
power 0,7985 0,0003
dispute 2,1203 0,0009
sell 1,9661 0,0008
twisted 2,9957 0,0012
msbuild 4,6052 0,0019
codebeat 4,6052 0,0019
continued 1,5141 0,0006
transformation 1,6607 0,0007
mentioning 4,6052 0,0019
lead 0,9943 0,0004
hits 2,4079 0,0010
help 0,0000 0,0000
site 0,0000 0,0000
depth 0,0000 0,0000
massive 1,8326 0,0007
unified 1,7148 0,0007
located 1,7148 0,0007
self 0,7133 0,0003
dybeck 3,5066 0,0014
sharealike 0,0000 0,0000
date 0,7985 0,0003
addresses 1,3863 0,0006
argument 0,0513 0,0000
data 0,0000 0,0000
own 0,5276 0,0002
wiki 1,2730 0,0005
wgpageviewlanguage 0,0000 0,0000
blog 0,7133 0,0003
dozen 2,9957 0,0012
hosted 1,3093 0,0005
pipinellis 4,6052 0,0019
accesskey 0,0000 0,0000
xie 2,9957 0,0012
describing 1,2730 0,0005
only 0,2107 0,0001
should 0,3711 0,0002
create 0,0000 0,0000
development 0,1393 0,0001
taylor 2,2073 0,0009
like 0,2231 0,0001
profiler 2,1203 0,0009
sent 1,2040 0,0005
tay 2,9957 0,0012
activism 3,9120 0,0016
pando 3,5066 0,0014
core 0,5978 0,0002
proposed 1,1712 0,0005
quadrillion 4,6052 0,0019
purposes 1,2730 0,0005
boxing 3,9120 0,0016
enforce 2,4079 0,0010
files 0,8440 0,0003
inxile 3,5066 0,0014
numoto 3,5066 0,0014
potentially 0,7765 0,0003
here 0,0000 0,0000
youtube 1,5141 0,0006
laguna 4,6052 0,0019
execs 3,5066 0,0014
purpose 0,6733 0,0003
line 0,0101 0,0000
link 0,0000 0,0000
macgregor 3,5066 0,0014
scale 0,6349 0,0003
cai 3,9120 0,0016
tung 2,8134 0,0011
achilleas 4,6052 0,0019
robin 1,7720 0,0007
can 0,0408 0,0000
computing 0,4005 0,0002
security 0,3285 0,0001
git 1,8971 0,0008
servers 0,7985 0,0003
hamed 3,9120 0,0016
wgcanonicalnamespace 0,0000 0,0000
flex 0,5276 0,0002
ready 0,0000 0,0000
said 1,0788 0,0004
costs 1,4271 0,0006
platters 4,6052 0,0019
stating 2,3026 0,0009
aims 1,2379 0,0005
cost 0,7550 0,0003
stories 1,8326 0,0007
wgisredirect 0,0000 0,0000
limited 0,0000 0,0000
will 0,2485 0,0001
'll 2,8134 0,0011
february 0,0000 0,0000
implementation 0,3425 0,0001
match 1,3093 0,0005
groups 0,7985 0,0003
follow 1,3863 0,0006
reels 3,9120 0,0016
satya 3,5066 0,0014
intent 1,9661 0,0008
really 1,5606 0,0006
petahertz 4,6052 0,0019
detractors 4,6052 0,0019
compliance 1,4271 0,0006
response 0,8675 0,0004
responsive 0,0202 0,0000
york 0,8440 0,0003
independently 1,3863 0,0006
category 0,3147 0,0001
metaswitch 3,5066 0,0014
wikidata 0,0000 0,0000
