gke 3,9120 0,0020
cce 4,6052 0,0023
upload 0,0000 0,0000
wggelevelingupenabledforuser 0,0000 0,0000
wgrestrictionmove 0,0000 0,0000
remote 0,9163 0,0005
without 0,2744 0,0001
would 0,3425 0,0002
xml 1,1394 0,0006
mesosphere 4,6052 0,0023
persistent 1,5141 0,0008
authorize 1,8326 0,0009
stargazer 4,6052 0,0023
organizational 1,8971 0,0010
whatsoever 3,9120 0,0020
audience 2,6593 0,0013
solid 0,0202 0,0000
thus 0,7550 0,0004
janakiram 3,9120 0,0020
neutral 0,5447 0,0003
require 0,0000 0,0000
scribunto 0,0000 0,0000
cooperative 1,7720 0,0009
size 0,0000 0,0000
left 0,0408 0,0000
cdx 0,0000 0,0000
eurosys 4,6052 0,0023
historically 2,0402 0,0010
dawn 3,2189 0,0016
object 0,3711 0,0004
wind 2,8134 0,0014
accessible 1,1712 0,0006
chapter 1,1712 0,0006
authenticate 2,5257 0,0013
lombard 1,1712 0,0006
role 0,8916 0,0009
independent 0,8440 0,0004
roll 1,9661 0,0020
notable 1,1394 0,0006
example 0,2485 0,0003
result 0,2231 0,0002
balancer 2,9957 0,0015
same 0,2357 0,0001
openebs 4,6052 0,0023
after 0,0305 0,0000
headline 0,0000 0,0000
solaris 1,7148 0,0009
policy 0,0000 0,0000
rebuild 3,5066 0,0018
address 0,5621 0,0003
kvm 3,5066 0,0018
sets 3,5066 0,0018
kernel 1,2379 0,0006
combiner 4,6052 0,0023
pagelanguagecode 0,0000 0,0000
transientcontent 0,0000 0,0000
wipe 2,9957 0,0015
component 0,3147 0,0003
blue 1,8326 0,0009
idhash 0,0619 0,0000
persistence 2,4079 0,0012
timeline 1,0788 0,0005
information 0,0000 0,0000
wrap 0,0101 0,0000
discuss 1,0217 0,0005
prominence 3,5066 0,0018
standard 0,2357 0,0001
november 0,0000 0,0000
resolve 1,6607 0,0008
snia 4,6052 0,0023
chill 3,9120 0,0020
good 0,4155 0,0002
deploy 1,0217 0,0016
empty 0,0305 0,0000
compute 0,6733 0,0007
wish 1,8971 0,0010
fullversionlist 0,0000 0,0000
tim 1,0498 0,0005
implement 0,3285 0,0005
export 0,0000 0,0000
european 1,3471 0,0007
paw 4,6052 0,0023
list 0,0000 0,0000
onto 1,8971 0,0010
lack 0,5447 0,0003
divergence 4,6052 0,0023
external 0,1863 0,0001
labs 1,2730 0,0006
authority 0,4780 0,0002
child 0,0202 0,0000
mainentity 0,0000 0,0000
germany 0,5798 0,0003
medium 1,4271 0,0007
interface 0,2485 0,0005
embody 2,9957 0,0015
remove 0,3711 0,0006
disclaimers 0,0000 0,0000
expanded 3,5066 0,0018
verifiable 2,8134 0,0014
unsupported 2,3026 0,0012
provider 1,2730 0,0006
containerized 3,5066 0,0018
root 0,4780 0,0002
bochs 3,9120 0,0020
wgisprobablyeditable 0,0000 0,0000
lardinois 2,4079 0,0012
standardized 1,8971 0,0010
hard 1,1394 0,0006
datacore 4,6052 0,0023
pilot 2,8134 0,0014
citation 0,0101 0,0000
mobile 0,0000 0,0000
multiple 0,2485 0,0001
perform 0,4463 0,0002
rook 4,6052 0,0023
expose 1,4271 0,0014
madhukar 3,9120 0,0020
plainlist 0,4463 0,0002
pdf 0,0000 0,0000
argo 2,9957 0,0015
service 0,1393 0,0001
there 0,2614 0,0001
automate 0,7340 0,0004
gemma 3,9120 0,0020
priyanka 4,6052 0,0023
bitnami 3,5066 0,0018
well 0,2744 0,0001
suitable 1,3471 0,0007
tls 2,3026 0,0012
dataore 4,6052 0,0023
bitness 0,0000 0,0000
rgba 0,0101 0,0000
inception 2,8134 0,0014
entire 0,8675 0,0004
approach 0,3711 0,0004
collapsible 2,4079 0,0012
coreo 4,6052 0,0023
block 0,0408 0,0000
write 0,1508 0,0001
promotional 2,8134 0,0014
order 0,4155 0,0004
period 1,4697 0,0007
aria 0,0000 0,0000
boxtext 0,0619 0,0000
byte 0,0408 0,0000
indonesia 0,3567 0,0002
angular 2,5257 0,0013
million 0,9416 0,0005
even 0,0513 0,0000
install 1,3093 0,0007
kafka 3,5066 0,0018
tagline 0,0000 0,0000
autoscaling 4,6052 0,0023
apiserver 4,6052 0,0023
regexp 0,0000 0,0000
subsection 0,1508 0,0001
wgeditsubmitbuttonlabelpublish 0,0000 0,0000
cms 3,5066 0,0018
save 1,3863 0,0007
toc 0,0000 0,0000
protection 0,4463 0,0002
functionality 0,6539 0,0003
digitalocean 2,1203 0,0011
matter 1,2379 0,0006
wgpagecontentmodel 0,0000 0,0000
conjunction 2,0402 0,0010
top 0,0000 0,0000
native 0,8916 0,0005
too 0,8916 0,0005
have 0,2744 0,0003
declarative 1,8326 0,0009
documentary 3,2189 0,0016
particularly 0,9943 0,0005
livewyer 4,6052 0,0023
daemonset 4,6052 0,0047
wgnamespacenumber 0,0000 0,0000
tutum 3,9120 0,0020
framework 0,2877 0,0001
pivotal 2,8134 0,0014
wgwmepagelength 0,0000 0,0000
constraint 1,5141 0,0008
entity 0,0101 0,0000
xenserver 3,9120 0,0020
com 0,8210 0,0004
expensivefunctioncount 0,0000 0,0000
minor 1,7148 0,0009
replica 2,8134 0,0028
manner 1,6607 0,0008
employee 1,6094 0,0008
associate 0,6931 0,0004
identical 2,0402 0,0010
timeusage 0,0000 0,0000
automation 0,7550 0,0004
pin 0,0000 0,0000
whether 0,7765 0,0004
function 0,0000 0,0000
lan 3,2189 0,0016
quite 2,2073 0,0011
powerupcloud 4,6052 0,0023
traffic 1,5606 0,0008
comparison 0,4005 0,0002
virtualization 1,5606 0,0008
introducing 2,4079 0,0012
cpu 0,0408 0,0000
infobox 0,6931 0,0004
pcache 0,0619 0,0000
reconcile 3,2189 0,0033
lynxsecure 3,9120 0,0020
improve 0,2485 0,0003
kubevirt 3,9120 0,0020
october 0,0000 0,0000
governor 3,9120 0,0020
basic 0,6539 0,0003
specialized 1,3471 0,0007
complication 0,0513 0,0000
spoked 4,6052 0,0023
cause 0,6162 0,0003
jquery 0,0000 0,0000
crd 4,6052 0,0023
tier 1,7720 0,0009
similarly 1,4697 0,0007
design 0,1393 0,0001
extra 1,7720 0,0009
paas 2,1203 0,0011
pks 4,6052 0,0023
cri 4,6052 0,0023
department 1,3863 0,0007
timeless 0,0101 0,0000
direction 1,2379 0,0006
openrefine 3,5066 0,0018
accord 0,5108 0,0003
luasandboxcallback 1,4271 0,0007
sawzall 3,5066 0,0018
automatic 1,2379 0,0006
wgwmeschemaeditattemptstepoversample 0,0000 0,0000
ttl 0,0000 0,0000
encyclopedic 2,5257 0,0013
deployments 4,6052 0,0023
encyclopedia 0,0000 0,0000
conduct 0,0000 0,0000
penelope 4,6052 0,0023
stable 0,7133 0,0004
csi 3,9120 0,0020
harness 2,8134 0,0014
respond 1,3471 0,0007
formerly 1,2040 0,0006
maintenance 0,6733 0,0003
cluster 1,2379 0,0013
abovebelow 0,0943 0,0000
supply 1,4697 0,0007
concern 0,8210 0,0004
password 1,7720 0,0009
pref 0,0000 0,0000
libvpx 3,5066 0,0018
let 0,9943 0,0010
state 0,3425 0,0002
csrftoken 0,0000 0,0000
worker 1,6607 0,0008
confidential 2,8134 0,0014
element 0,0000 0,0000
separately 1,5606 0,0008
night 0,0000 0,0000
vmware 2,5257 0,0013
each 0,1393 0,0001
javascript 0,9416 0,0005
labels 4,6052 0,0023
mediawiki 1,0788 0,0005
input 0,0000 0,0000
theorem 2,0402 0,0010
offering 1,6607 0,0008
difference 0,8916 0,0005
must 0,4620 0,0002
datawrapper 1,6094 0,0008
evpn 3,9120 0,0020
unpinned 0,0000 0,0000
pod 3,2189 0,0033
document 0,4463 0,0002
reside 2,4079 0,0012
vkernel 2,3026 0,0012
availability 1,1394 0,0006
two 0,2744 0,0001
defense 2,0402 0,0010
scenario 1,4271 0,0007
encrypt 1,5141 0,0008
attach 1,8326 0,0019
distribute 0,3857 0,0004
creation 0,7985 0,0004
datepublished 0,0000 0,0000
validate 1,4697 0,0007
receive 0,7340 0,0004
think 0,9676 0,0005
workloads 4,6052 0,0023
services 1,1087 0,0006
team 0,4943 0,0003
declaration 1,8326 0,0009
entirely 1,5141 0,0008
diagram 1,6094 0,0008
wgusername 0,0000 0,0000
watch 1,6607 0,0008
marhubi 4,6052 0,0023
chart 1,7148 0,0009
fashion 2,0402 0,0010
kubernetes 1,9661 0,0010
principle 0,7985 0,0004
smith 1,7148 0,0009
source 0,1393 0,0001
align 0,0101 0,0000
secure 1,0217 0,0005
late 0,4155 0,0002
separation 1,9661 0,0010
scheduling 1,5606 0,0008
snyk 4,6052 0,0023
hat 1,4697 0,0007
acquired 4,6052 0,0023
inherent 2,4079 0,0012
stability 1,9661 0,0010
realize 1,9661 0,0010
tech 1,2040 0,0006
actual 1,1394 0,0006
cpplint 3,5066 0,0018
last 0,0000 0,0000
marathon 4,6052 0,0023
imageright 0,2614 0,0001
widely 0,7985 0,0004
batch 1,7148 0,0009
eric 1,1394 0,0006
weight 0,0101 0,0000
develop 0,1863 0,0001
secrets 4,6052 0,0023
overall 1,1394 0,0006
page 0,0000 0,0000
full 0,0202 0,0000
polymer 2,8134 0,0014
memory 0,0408 0,0000
concept 0,3711 0,0004
effort 0,8916 0,0005
updates 3,9120 0,0020
anything 2,1203 0,0011
weapon 2,4079 0,0012
sheepshaver 3,5066 0,0018
configmap 4,6052 0,0047
programmatic 3,5066 0,0018
cascading 3,9120 0,0020
perl 1,3093 0,0007
early 0,4308 0,0002
convention 1,8971 0,0010
overview 0,5447 0,0003
llc 1,7720 0,0009
center 0,0000 0,0000
start 0,3011 0,0003
configure 1,3093 0,0007
windows 0,7985 0,0004
engineer 0,7765 0,0004
generic 1,4697 0,0007
manage 0,3567 0,0007
infrastructure 0,6733 0,0003
wikimedia 0,0000 0,0000
initially 1,0788 0,0005
short 0,0000 0,0000
time 0,0000 0,0000
studio 1,3471 0,0007
program 0,2614 0,0003
consistency 1,6094 0,0008
three 0,3711 0,0002
twitter 1,7720 0,0009
deletion 2,5257 0,0013
carbon 1,8971 0,0010
vserver 3,9120 0,0020
specifically 0,8916 0,0005
hardware 0,5798 0,0003
getentitystatement 2,5257 0,0013
leveldb 3,5066 0,0018
dynamically 1,8326 0,0009
extensibility 2,6593 0,0013
grouping 2,3026 0,0012
creative 0,0000 0,0000
omega 3,9120 0,0020
nederlands 0,1985 0,0001
pikeos 3,5066 0,0018
provide 0,1625 0,0002
runtimeclass 4,6052 0,0023
primary 0,7765 0,0004
redistribute 3,5066 0,0018
log 0,0000 0,0000
enterprise 0,4463 0,0002
wgcheckuserclienthintsheadersjsapi 0,0000 0,0000
consume 1,3471 0,0007
layer 0,7340 0,0004
uwubernetes 4,6052 0,0023
computer 0,1863 0,0002
tensorflow 2,5257 0,0013
low 0,0101 0,0000
timingprofile 0,0000 0,0000
mayadata 4,6052 0,0023
theme 0,0000 0,0000
wgcategory 0,0000 0,0000
editor 0,0000 0,0000
postexpandincludesize 0,0000 0,0000
desire 1,1087 0,0006
initial 0,3857 0,0002
unstrip 0,0000 0,0000
templateargumentsize 0,0000 0,0000
dosbox 3,9120 0,0020
january 0,0000 0,0000
incubation 3,9120 0,0020
permanent 0,0000 0,0000
iaas 3,5066 0,0018
citrix 2,3026 0,0012
small 0,0305 0,0000
beam 2,2073 0,0011
adeos 3,9120 0,0020
compact 1,7720 0,0009
before 0,0305 0,0000
speedy 0,7133 0,0004
friendly 1,9661 0,0010
replace 0,7340 0,0004
listen 2,2073 0,0022
gvisor 3,2189 0,0016
dan 0,9943 0,0005
hit 2,0402 0,0010
trek 3,2189 0,0016
major 0,5621 0,0003
das 2,9957 0,0015
intro 3,2189 0,0016
inappropriate 2,2073 0,0011
worldwide 1,4271 0,0007
day 0,0000 0,0000
combination 1,0788 0,0005
group 0,0408 0,0000
ucp 3,9120 0,0020
suitability 2,8134 0,0014
format 0,0101 0,0000
tree 1,1394 0,0006
runtime 1,2040 0,0012
archive 0,0943 0,0000
particular 0,5978 0,0003
history 0,0000 0,0000
replicationcontrollers 4,6052 0,0023
request 0,6733 0,0007
critical 0,8916 0,0005
credentials 2,2073 0,0011
wgrestrictionedit 0,0000 0,0000
part 0,1985 0,0002
wgpageparsereport 0,0000 0,0000
point 0,5447 0,0006
principal 2,2073 0,0011
correspondingly 4,6052 0,0023
general 0,0000 0,0000
september 0,0000 0,0000
introduction 0,5621 0,0003
chen 1,7148 0,0009
padding 0,0000 0,0000
process 0,1625 0,0002
restore 1,9661 0,0020
clear 0,0101 0,0000
ltr 0,0000 0,0000
build 0,2357 0,0001
mean 0,4463 0,0005
lua 0,0513 0,0000
further 0,3711 0,0002
account 0,0000 0,0000
stack 0,7340 0,0004
advance 1,0788 0,0005
evaluation 1,3093 0,0007
pedrosa 3,9120 0,0020
bind 1,3863 0,0007
bitrock 4,6052 0,0023
record 0,7765 0,0008
abbr 0,0619 0,0000
rally 2,9957 0,0015
you 0,0000 0,0000
announcement 1,9661 0,0010
jump 0,0000 0,0000
knowledge 0,7340 0,0004
happen 1,3471 0,0007
profile 1,0788 0,0005
july 0,0000 0,0000
easy 0,6733 0,0007
whose 1,3471 0,0007
abac 4,6052 0,0023
beda 4,6052 0,0023
route 1,6094 0,0016
relative 1,6607 0,0008
compare 0,9416 0,0005
subgroup 0,0513 0,0000
transparent 0,0619 0,0000
how 0,0834 0,0000
uid 3,5066 0,0018
capability 0,7765 0,0008
adoption 0,8675 0,0004
dove 3,5066 0,0018
unlike 1,2040 0,0006
term 0,0000 0,0000
sparc 2,4079 0,0012
mini 0,0619 0,0000
right 0,0101 0,0000
assemble 2,5257 0,0013
march 0,0000 0,0000
june 0,0000 0,0000
wikitext 0,0000 0,0000
meet 0,9163 0,0005
stage 1,2040 0,0006
under 0,0101 0,0000
represent 0,5978 0,0006
promise 1,5141 0,0008
replicaset 4,6052 0,0047
autocapitalize 0,0000 0,0000
down 0,8440 0,0004
hold 0,7985 0,0008
div 0,0000 0,0000
correctly 1,5606 0,0008
later 0,4005 0,0002
bracket 0,0619 0,0000
wgpagename 0,0000 0,0000
talk 0,0000 0,0000
commonly 0,6931 0,0004
test 0,4463 0,0002
count 0,0513 0,0001
ethernet 3,5066 0,0018
pinnable 0,0000 0,0000
take 0,2877 0,0003
month 0,7133 0,0004
unscheduled 3,9120 0,0020
wgrevisionid 0,0000 0,0000
relatively 1,0498 0,0005
some 0,1744 0,0001
virtual 0,4620 0,0002
rather 0,5978 0,0003
additional 0,0000 0,0000
back 0,6349 0,0006
training 1,4697 0,0007
title 0,0000 0,0000
patroltoken 0,0000 0,0000
primarily 0,9943 0,0005
states 0,4943 0,0003
load 0,0202 0,0000
alpha 0,0101 0,0000
company 0,4308 0,0002
selector 3,5066 0,0036
symantec 2,9957 0,0015
human 0,9416 0,0005
just 0,4943 0,0003
retry 3,9120 0,0020
grants 4,6052 0,0023
owner 1,3863 0,0014
custom 0,0000 0,0000
relay 2,5257 0,0013
getentity 2,6593 0,0013
monitor 1,2040 0,0018
kubeconfig 4,6052 0,0023
schedule 1,1087 0,0017
print 0,0000 0,0000
nodes 3,9120 0,0020
although 0,6162 0,0003
relocate 2,8134 0,0014
inherit 0,0101 0,0000
iron 2,4079 0,0012
grant 1,6094 0,0024
daemonsets 4,6052 0,0023
devop 2,1203 0,0011
collaborate 1,8971 0,0010
soon 1,5606 0,0008
america 1,7720 0,0009
dmy 0,0000 0,0000
navigation 0,0000 0,0000
balance 1,7148 0,0017
action 0,0000 0,0000
lock 0,0101 0,0000
text 0,0000 0,0000
vxlan 3,9120 0,0020
python 0,6539 0,0003
ppvisitednode 0,0000 0,0000
cookie 0,0000 0,0000
dns 2,0402 0,0010
sensitive 1,2730 0,0006
cgroup 3,5066 0,0018
loading 0,0000 0,0000
distributions 3,9120 0,0020
flatbuffers 2,9957 0,0015
field 0,7550 0,0008
contents 0,0000 0,0000
statefulsets 4,6052 0,0023
aikas 4,6052 0,0023
doi 0,4155 0,0002
skew 3,2189 0,0016
status 0,0000 0,0000
server 0,4005 0,0002
skin 0,0000 0,0000
deliver 1,1394 0,0012
dos 1,7720 0,0009
disseminate 3,9120 0,0020
sanders 3,2189 0,0016
mac 1,3471 0,0007
summer 1,6607 0,0008
eight 1,8326 0,0009
mention 1,7148 0,0009
file 0,0000 0,0000
wgnoticeproject 0,0000 0,0000
together 0,5978 0,0003
may 0,0000 0,0000
max 0,0513 0,0000
within 0,3011 0,0002
kelseyhightower 4,6052 0,0023
health 1,5606 0,0008
trigger 0,0513 0,0000
menu 0,0000 0,0000
segregate 3,9120 0,0020
url 0,0000 0,0000
machine 0,2744 0,0003
able 0,9943 0,0005
return 0,0000 0,0000
instance 0,7765 0,0008
subject 1,1087 0,0006
use 0,0000 0,0000
main 0,0000 0,0000
networking 1,5606 0,0008
serve 1,0217 0,0010
ellingwood 4,6052 0,0023
solution 0,5621 0,0003
fine 1,5606 0,0008
find 0,3425 0,0003
continuous 1,1087 0,0006
host 0,6539 0,0007
logo 0,0000 0,0000
combine 0,7340 0,0004
podman 3,9120 0,0020
replicasets 4,6052 0,0023
utc 0,0000 0,0000
canonical 0,0408 0,0000
nomad 3,5066 0,0018
clayton 3,9120 0,0020
originate 1,6094 0,0008
wgcurrevisionid 0,0000 0,0000
null 0,0000 0,0000
background 0,0101 0,0000
glop 3,5066 0,0018
opscare 4,6052 0,0023
codename 2,8134 0,0014
true 0,0000 0,0000
header 0,0000 0,0000
watchtoken 0,0000 0,0000
present 0,5621 0,0003
since 0,3425 0,0002
coredns 4,6052 0,0023
certificate 2,2073 0,0011
reloading 4,6052 0,0023
conceive 2,5257 0,0013
delete 0,4155 0,0004
foreach 0,0000 0,0000
competitor 1,9661 0,0010
repeat 0,0101 0,0000
make 0,1165 0,0002
categorize 2,4079 0,0012
mesh 2,5257 0,0013
wggestructuredtaskrejectionreasontextinputenable 0,0000 0,0000
ville 4,6052 0,0023
exactly 1,5606 0,0008
master 1,0498 0,0011
ruby 1,0217 0,0005
underlie 0,9416 0,0005
conform 1,7148 0,0009
qnx 2,5257 0,0013
simplify 1,1394 0,0012
writer 2,0402 0,0010
depend 0,7340 0,0011
dalvik 2,9957 0,0015
commit 1,2730 0,0006
langemak 4,6052 0,0023
patch 1,5141 0,0008
character 1,1394 0,0006
contribution 0,0000 0,0000
above 1,0788 0,0005
stateless 2,9957 0,0015
recursion 0,0513 0,0000
height 0,0101 0,0000
alibaba 1,8326 0,0009
august 0,0000 0,0000
distinguish 1,3471 0,0007
module 0,0000 0,0000
wikibase 0,0619 0,0000
metz 2,9957 0,0015
datemodify 0,0619 0,0000
quality 0,8916 0,0005
guetzli 3,5066 0,0018
thereby 1,6607 0,0008
meta 1,4271 0,0007
unique 1,2379 0,0006
boost 1,9661 0,0010
notheme 0,3711 0,0002
fact 1,0217 0,0005
declaratively 3,5066 0,0018
numeronym 4,6052 0,0023
long 0,4005 0,0002
into 0,1985 0,0001
kamal 3,5066 0,0018
min 0,1165 0,0001
partition 1,3471 0,0014
excess 3,5066 0,0018
operating 0,9416 0,0005
free 0,0000 0,0000
ought 2,9957 0,0015
controller 1,5141 0,0015
star 2,0402 0,0010
checklist 3,5066 0,0018
many 0,2357 0,0001
releases 1,7720 0,0009
controllee 4,6052 0,0023
ibm 0,5621 0,0003
inspire 1,6094 0,0008
associated 1,8326 0,0009
operation 0,5108 0,0005
icore 3,9120 0,0020
open 0,1625 0,0001
agent 1,3863 0,0007
treat 1,3863 0,0007
rancheros 3,9120 0,0020
tbody 0,6931 0,0004
qemu 3,5066 0,0018
project 0,0000 0,0000
seven 1,8326 0,0009
enhancement 0,0101 0,0000
inside 0,0101 0,0000
techcrunch 1,3093 0,0007
tesseract 3,5066 0,0018
loop 1,7148 0,0009
bare 2,9957 0,0015
vanilla 3,9120 0,0020
solutions 1,8971 0,0010
please 0,8210 0,0004
collection 0,6733 0,0007
zerovm 3,9120 0,0020
look 0,7765 0,0004
ingress 3,9120 0,0020
turnkey 4,6052 0,0023
kubectl 4,6052 0,0023
kubelet 4,6052 0,0047
charmed 4,6052 0,0023
conflict 1,6094 0,0016
allow 0,1863 0,0004
wired 1,2040 0,0006
mandala 4,6052 0,0023
isbn 0,1054 0,0001
detect 1,0788 0,0005
update 0,4463 0,0007
nomulus 3,5066 0,0018
scheduler 1,6607 0,0017
apple 1,1712 0,0006
admit 2,8134 0,0028
common 0,3711 0,0002
interest 0,9943 0,0005
hockin 4,6052 0,0023
linux 0,8916 0,0005
themselves 1,1394 0,0006
definition 0,4943 0,0005
placeholder 0,0000 0,0000
every 0,6162 0,0003
registry 2,2073 0,0022
canary 3,9120 0,0020
apply 0,0000 0,0000
healthy 3,2189 0,0016
removal 1,6607 0,0008
base 0,0305 0,0000
monroy 4,6052 0,0023
encapsulation 2,9957 0,0015
reliably 2,8134 0,0014
consist 0,6539 0,0003
loss 1,5141 0,0008
reliable 0,7765 0,0004
compatible 1,2040 0,0006
relate 0,0000 0,0000
rump 2,3026 0,0012
enable 0,0000 0,0000
sidebar 0,0000 0,0000
limitreport 0,0000 0,0000
controlling 3,2189 0,0016
decoration 0,0619 0,0000
dependent 1,6094 0,0016
reflist 0,0101 0,0000
azure 1,2730 0,0006
kube 4,6052 0,0023
still 0,5447 0,0003
var 0,0000 0,0000
work 0,2231 0,0003
constitute 2,1203 0,0011
agree 0,0101 0,0000
thinapp 3,9120 0,0020
wgulsislanguageselectorempty 0,0000 0,0000
fail 0,9676 0,0005
itself 0,6539 0,0003
toward 1,5606 0,0008
among 0,5276 0,0003
registration 0,0101 0,0000
word 0,0101 0,0000
theory 0,9416 0,0005
parallels 3,9120 0,0020
extension 0,6349 0,0006
internal 0,8210 0,0004
deprecate 1,6607 0,0017
virtuozzo 3,9120 0,0020
bootstrap 2,9957 0,0015
foundation 0,0000 0,0000
secret 1,6607 0,0017
bluestacks 3,5066 0,0018
across 0,5798 0,0003
fall 1,2379 0,0006
installation 1,6094 0,0008
event 0,0000 0,0000
replication 1,9661 0,0010
include 0,0000 0,0000
alongside 1,6607 0,0008
toggle 0,0000 0,0000
uniquely 2,8134 0,0014
appearance 0,0000 0,0000
classname 0,0000 0,0000
wggetopicsmatchmodeenable 0,0000 0,0000
electrifying 4,6052 0,0023
ebpf 3,5066 0,0018
first 0,0408 0,0000
sharma 2,8134 0,0014
span 1,2730 0,0006
nowrap 0,0408 0,0000
prefer 0,0101 0,0000
roman 0,0101 0,0000
wgrelevantpageisprobablyeditable 0,0000 0,0000
float 0,0101 0,0000
minion 4,6052 0,0023
transclusion 0,0619 0,0000
space 0,0408 0,0000
spec 1,7720 0,0009
reference 0,0101 0,0000
msv 3,9120 0,0020
ecs 2,6593 0,0013
brendan 2,8134 0,0014
ambox 0,7133 0,0004
coarse 3,9120 0,0020
html 0,4463 0,0002
heptio 4,6052 0,0023
bottom 0,0000 0,0000
capture 1,4697 0,0007
excite 4,6052 0,0023
workstation 2,0402 0,0010
revision 0,0000 0,0000
magyar 0,3425 0,0002
publisher 0,0000 0,0000
replacement 1,7148 0,0009
img 0,0408 0,0000
configuration 0,7550 0,0004
brotli 3,9120 0,0020
interact 1,1712 0,0018
rlstate 0,0000 0,0000
error 0,0101 0,0000
platform 0,0000 0,0000
network 0,3285 0,0003
fuchsia 2,9957 0,0015
public 0,4155 0,0002
craig 2,0402 0,0010
track 0,9676 0,0005
value 0,0000 0,0000
resources 1,3471 0,0007
instead 0,4463 0,0002
command 0,7133 0,0007
expensive 0,0408 0,0000
performance 0,3425 0,0002
currently 1,0788 0,0005
round 1,3093 0,0007
swarm 2,5257 0,0013
maint 0,0101 0,0000
variable 0,9676 0,0005
platformversion 0,0000 0,0000
landscape 2,2073 0,0011
references 0,0513 0,0000
saved 0,0619 0,0000
year 0,2614 0,0003
ephemeral 3,2189 0,0016
building 0,7985 0,0004
setting 1,4697 0,0007
via 0,3011 0,0002
properly 1,3471 0,0007
quote 0,0101 0,0000
graduate 2,0402 0,0010
because 0,0000 0,0000
definitions 3,2189 0,0016
agreement 1,3093 0,0007
upgrade 1,5141 0,0008
google 0,4005 0,0002
community 0,0000 0,0000
version 0,0000 0,0000
esxi 3,9120 0,0020
selection 1,5141 0,0008
stop 1,1394 0,0006
eesti 0,3285 0,0002
detail 0,7133 0,0011
metrics 2,5257 0,0013
appropriate 1,1394 0,0006
primer 2,3026 0,0012
wgusergroup 0,0000 0,0000
proponent 2,2073 0,0011
xtratum 3,9120 0,0020
nvgre 3,9120 0,0020
wikipedia 0,0000 0,0000
behavior 0,8210 0,0004
cisco 2,6593 0,0013
haskell 1,9661 0,0010
website 0,3711 0,0002
learn 0,0000 0,0000
goobuntu 3,5066 0,0018
logical 1,6607 0,0008
reconciliation 3,5066 0,0018
fast 0,4943 0,0003
loosely 2,1203 0,0011
spin 2,2073 0,0011
emerge 1,2730 0,0006
brandz 3,9120 0,0020
vcloud 2,3026 0,0012
lmctfy 3,5066 0,0018
register 0,0000 0,0000
nine 2,1203 0,0011
couple 1,8971 0,0010
communicate 1,1394 0,0006
notes 0,9943 0,0005
lpar 3,9120 0,0020
turbo 3,2189 0,0016
ack 3,9120 0,0020
official 0,6162 0,0003
acm 0,8675 0,0004
eks 3,9120 0,0020
isv 3,9120 0,0020
kelsey 3,9120 0,0020
red 1,2730 0,0006
act 0,9416 0,0005
post 0,0202 0,0000
leave 0,0101 0,0000
insecure 2,2073 0,0011
finish 1,8971 0,0010
add 0,0000 0,0000
need 0,1393 0,0002
its 0,0726 0,0000
originally 0,8675 0,0004
often 0,2877 0,0001
jail 3,5066 0,0018
elt 0,6931 0,0004
article 0,0000 0,0000
fusion 1,9661 0,0010
volume 1,1712 0,0012
parser 0,0000 0,0000
port 1,8326 0,0019
loose 2,5257 0,0013
http 0,0000 0,0000
therefore 0,7985 0,0004
decimal 0,0101 0,0000
coleman 3,9120 0,0020
production 0,9943 0,0005
united 0,4780 0,0002
breakdown 2,5257 0,0013
wghostname 0,0000 0,0000
prevent 0,7340 0,0007
behave 1,5606 0,0016
previously 1,1712 0,0006
wgtitle 0,0000 0,0000
engine 0,4780 0,0005
responsible 1,2040 0,0006
end 0,3011 0,0002
jake 2,9957 0,0015
identify 0,6733 0,0007
wgdigittransformtable 0,0000 0,0000
hlist 0,0408 0,0000
label 0,0000 0,0000
improvement 0,9163 0,0009
message 0,3857 0,0004
filesystem 2,5257 0,0013
special 0,0000 0,0000
horizon 2,5257 0,0013
modify 0,7765 0,0004
environment 0,4308 0,0004
uniqueness 3,5066 0,0018
vpn 2,6593 0,0013
rlconf 0,0000 0,0000
collectively 2,0402 0,0010
backup 2,1203 0,0011
bahasa 0,3285 0,0002
release 0,2744 0,0003
ago 0,7765 0,0004
caption 0,3567 0,0002
newly 2,3026 0,0012
number 0,0000 0,0000
wgbackendresponsetime 0,0000 0,0000
shorten 0,0000 0,0000
property 0,6539 0,0003
proceedings 0,7550 0,0004
troubleshoot 3,5066 0,0018
similar 0,4780 0,0002
testing 0,6733 0,0003
specify 0,6349 0,0006
handle 0,6539 0,0007
system 0,0101 0,0000
configmaps 4,6052 0,0023
other 0,0000 0,0000
aim 0,8210 0,0004
tone 3,2189 0,0016
against 0,6931 0,0004
openshift 2,2073 0,0011
cell 0,4308 0,0002
installfree 3,9120 0,0020
openvz 3,9120 0,0020
rke 4,6052 0,0023
local 0,7985 0,0004
rkt 3,9120 0,0020
share 0,4620 0,0002
deployment 0,7985 0,0008
workload 1,4697 0,0015
nacl 2,6593 0,0013
cade 3,2189 0,0016
future 0,5978 0,0003
rlq 0,0000 0,0000
cite 0,0000 0,0000
logic 0,9676 0,0005
hightower 4,6052 0,0023
etcd 4,6052 0,0023
pearpc 3,9120 0,0020
orchestration 2,3026 0,0012
aks 3,9120 0,0020
sarah 3,2189 0,0016
screen 0,0101 0,0000
body 0,0000 0,0000
mode 0,0000 0,0000
amongst 2,1203 0,0011
pages 0,0000 0,0000
enhancements 2,9957 0,0015
visualize 2,6593 0,0013
controllers 4,6052 0,0023
buffer 1,8326 0,0009
net 0,9416 0,0005
closure 1,8971 0,0010
newpp 0,0619 0,0000
all 0,0408 0,0000
always 0,9416 0,0005
border 0,0000 0,0000
new 0,0000 0,0000
read 0,0000 0,0000
already 1,1087 0,0006
below 0,7550 0,0004
shall 2,9957 0,0015
real 0,0408 0,0000
clientpref 0,0000 0,0000
tool 0,0000 0,0000
unit 0,6539 0,0007
collect 1,2730 0,0013
amp 2,8134 0,0014
wgpagecontentlanguage 0,0000 0,0000
media 0,2485 0,0001
around 0,6931 0,0004
lightweight 1,6094 0,0008
wgisarticle 0,0000 0,0000
define 0,2744 0,0006
dockershim 4,6052 0,0023
row 0,4943 0,0003
render 0,0513 0,0000
frontier 1,9661 0,0010
categorization 2,9957 0,0015
abstraction 1,2040 0,0012
requirement 0,5798 0,0003
transport 1,6094 0,0008
specific 0,2877 0,0001
any 0,2107 0,0001
pcem 3,9120 0,0020
huawei 2,2073 0,0011
application 0,0943 0,0001
wgflaggedrevsparams 0,0000 0,0000
ninth 3,5066 0,0018
until 0,7765 0,0004
strategy 0,7340 0,0004
collapse 0,0408 0,0000
legend 2,2073 0,0011
maintain 0,3567 0,0005
wgrelevantarticleid 0,0000 0,0000
preprocessor 0,0513 0,0000
ship 1,6094 0,0008
natively 2,4079 0,0012
anywhere 2,0402 0,0010
shim 3,9120 0,0020
mbox 0,7133 0,0004
stackengine 3,9120 0,0020
java 0,6162 0,0003
annual 1,0788 0,0005
english 0,0000 0,0000
api 0,3425 0,0002
fully 0,8210 0,0004
app 0,9943 0,0010
cncf 3,9120 0,0020
cache 0,0305 0,0000
margin 0,0000 0,0000
suomi 0,2107 0,0001
wgrequestid 0,0000 0,0000
enwikimwclientpreference 0,0000 0,0000
rlpagemodules 0,0000 0,0000
monitoring 1,6094 0,0008
demand 1,1712 0,0006
mount 2,4079 0,0024
vswitch 3,9120 0,0020
letter 1,5606 0,0008
samea 0,0000 0,0000
wgwikibaseitemid 0,0000 0,0000
wgulsiscompactlinksenable 0,0000 0,0000
accentuate 4,6052 0,0023
marinescu 4,6052 0,0023
another 0,3567 0,0002
automatically 0,7765 0,0004
pagevariantfallback 0,0000 0,0000
guarantee 1,3093 0,0013
predecessor 2,8134 0,0014
vibes 4,6052 0,0023
default 0,6931 0,0004
endpoint 2,5257 0,0013
notion 1,8326 0,0009
encryption 1,1712 0,0006
vendor 1,1087 0,0006
wgmonthname 0,0000 0,0000
disabled 0,0000 0,0000
where 0,2744 0,0001
attribute 0,7765 0,0008
mechanism 0,7550 0,0008
popular 0,6539 0,0003
proxmox 3,9120 0,0020
timestamp 0,0000 0,0000
scaling 2,0402 0,0010
nest 1,7720 0,0009
broker 1,8971 0,0019
call 0,0101 0,0000
such 0,0943 0,0000
plugin 1,9661 0,0010
metric 1,8326 0,0009
describe 0,2485 0,0003
foundry 2,3026 0,0012
through 0,2107 0,0001
lifetime 2,3026 0,0012
run 0,3011 0,0005
microsoft 0,4005 0,0002
operator 1,1712 0,0012
lifecycle 1,8971 0,0010
either 0,5621 0,0003
view 0,0000 0,0000
white 0,0305 0,0000
donate 0,0000 0,0000
helpful 2,4079 0,0012
termination 3,2189 0,0016
overlay 2,8134 0,0014
replicationcontroller 4,6052 0,0023
might 0,7340 0,0004
bold 0,0408 0,0000
gabe 4,6052 0,0023
galego 0,7550 0,0004
name 0,0000 0,0000
cputime 0,0000 0,0000
watchlist 0,0000 0,0000
next 0,5798 0,0003
color 0,0101 0,0000
string 1,2040 0,0006
android 1,4697 0,0007
book 0,4308 0,0002
show 0,0513 0,0001
description 0,0000 0,0000
edition 0,7985 0,0004
summit 2,0402 0,0010
not 0,0101 0,0000
central 0,9416 0,0005
now 0,4308 0,0002
statement 0,0000 0,0000
hence 1,7720 0,0009
trademark 0,0101 0,0000
greek 0,0101 0,0000
abbreviate 2,3026 0,0012
green 1,3863 0,0007
introduce 0,3285 0,0003
grained 2,3026 0,0012
kaufmann 2,0402 0,0010
way 0,2485 0,0003
target 0,0101 0,0000
korupolu 3,9120 0,0020
what 0,0000 0,0000
detailed 1,6094 0,0008
refer 0,4155 0,0002
risk 0,8916 0,0005
window 1,5606 0,0016
aws 1,3471 0,0007
guava 3,2189 0,0016
container 0,0000 0,0000
developers 0,0000 0,0000
heartbeat 3,9120 0,0020
usage 0,0000 0,0000
decide 0,9943 0,0005
experimental 1,4697 0,0007
wgmediaviewerenabledbydefault 0,0000 0,0000
nearby 0,0000 0,0000
when 0,0834 0,0000
faq 1,6094 0,0008
case 0,3285 0,0003
give 0,4780 0,0005
item 0,0000 0,0000
wgmediavieweronclick 0,0000 0,0000
wgulsposition 0,0000 0,0000
melayu 0,6349 0,0003
wgbreakframe 0,0000 0,0000
rely 0,6931 0,0007
utilize 1,7148 0,0017
italiano 0,1278 0,0001
sticky 0,0000 0,0000
excessive 2,2073 0,0011
style 0,0000 0,0000
care 1,9661 0,0010
tooling 2,9957 0,0015
searchinput 0,0000 0,0000
microservice 2,6593 0,0013
direct 0,8440 0,0009
pattern 0,5978 0,0006
commons 0,0000 0,0000
gain 0,8916 0,0005
web 0,1165 0,0001
nvidia 2,6593 0,0013
architecture 0,0000 0,0000
vmss 4,6052 0,0023
more 0,0000 0,0000
display 0,0000 0,0000
blinken 4,6052 0,0023
borg 3,9120 0,0020
kill 2,1203 0,0011
mcluckie 4,6052 0,0023
vsphere 3,2189 0,0016
organization 0,0000 0,0000
ovirt 2,3026 0,0012
forbes 1,5141 0,0008
width 0,0000 0,0000
accounts 2,8134 0,0014
organizing 2,5257 0,0013
certain 0,6162 0,0003
statistics 0,0000 0,0000
shut 2,6593 0,0013
persistently 3,9120 0,0020
simple 0,2231 0,0001
bazel 3,5066 0,0018
cloud 0,6349 0,0006
containerization 3,2189 0,0016
protocol 0,5621 0,0003
overflow 0,3567 0,0002
few 0,7133 0,0004
hyper 2,4079 0,0012
otherwise 1,3863 0,0007
package 0,9943 0,0005
visible 0,0101 0,0000
kind 0,8675 0,0004
survival 2,8134 0,0014
both 0,0305 0,0000
important 0,0101 0,0000
most 0,2107 0,0001
outside 1,1087 0,0006
overhaul 2,8134 0,0014
kubernete 4,6052 0,0023
conventions 3,5066 0,0018
topic 0,0000 0,0000
job 1,3093 0,0007
who 0,5621 0,0003
joe 1,7720 0,0009
lighthouse 2,9957 0,0015
crucial 2,1203 0,0011
contribute 0,0000 0,0000
jon 1,6607 0,0008
why 0,6539 0,0003
administrator 1,6094 0,0008
database 0,2485 0,0003
along 0,7340 0,0004
parallel 1,1087 0,0006
david 0,5798 0,0003
oppenheimer 3,2189 0,0016
authentication 1,3863 0,0007
wgseparatortransformtable 0,0000 0,0000
rest 1,0788 0,0005
amount 0,9416 0,0005
chromium 2,3026 0,0012
move 0,0000 0,0000
original 0,0943 0,0000
also 0,0202 0,0000
say 0,6733 0,0003
increase 0,4620 0,0002
spread 1,6607 0,0008
inline 0,0408 0,0000
favor 1,5141 0,0015
various 0,3857 0,0002
front 1,1394 0,0006
visit 0,0408 0,0000
user 0,0000 0,0000
frontend 2,4079 0,0012
simply 0,9676 0,0005
customer 0,7550 0,0004
plane 2,9957 0,0015
suse 2,6593 0,0013
virt 3,9120 0,0020
bring 0,9676 0,0005
tanzu 3,9120 0,0020
fit 1,6607 0,0008
offer 0,4155 0,0006
fix 0,5108 0,0005
complex 0,5621 0,0003
chroot 3,5066 0,0018
addition 0,6733 0,0003
grow 0,8675 0,0004
sure 2,1203 0,0011
documentation 0,6349 0,0003
locality 4,6052 0,0023
personal 0,0000 0,0000
grpc 3,2189 0,0016
panic 2,8134 0,0014
extend 0,6162 0,0006
proxy 1,7148 0,0009
imageobject 0,0000 0,0000
drive 0,4780 0,0002
schema 1,6094 0,0008
luis 2,6593 0,0013
deal 1,1712 0,0006
strong 0,9943 0,0005
be 0,1508 0,0002
scheme 0,0101 0,0000
freebsd 1,7720 0,0009
ordering 2,6593 0,0013
icon 0,0101 0,0000
expansiondepth 0,0000 0,0000
elli 4,6052 0,0023
search 0,0000 0,0000
see 0,0408 0,0000
spacing 0,0619 0,0000
responsibility 1,3863 0,0007
systems 0,4780 0,0002
wgrelevantpagename 0,0000 0,0000
popularity 1,3093 0,0007
national 0,4463 0,0002
indicate 1,0217 0,0005
completion 1,9661 0,0010
blockly 3,5066 0,0018
contain 0,0101 0,0000
set 0,2107 0,0001
shqip 0,6931 0,0004
column 0,0101 0,0000
integrate 0,5798 0,0006
practices 1,5606 0,0008
river 1,8326 0,0009
wgaction 0,0000 0,0000
font 0,0000 0,0000
pillars 3,9120 0,0020
language 0,0000 0,0000
do 0,1625 0,0001
navbox 0,0943 0,0000
excessively 2,0402 0,0010
observe 1,5141 0,0008
listitem 0,0408 0,0000
helmsman 4,6052 0,0023
startup 1,2040 0,0006
contact 0,0000 0,0000
justin 2,3026 0,0012
criticism 1,1394 0,0006
programming 0,2744 0,0001
planternetes 4,6052 0,0023
image 0,0202 0,0000
typically 0,3857 0,0002
garbage 2,3026 0,0012
containerd 4,6052 0,0023
emulator 3,2189 0,0016
piece 1,4271 0,0007
containers 2,9957 0,0015
cursor 0,0619 0,0000
however 0,3011 0,0002
deep 1,3863 0,0007
origin 0,0000 0,0000
walltime 0,0000 0,0000
interlanguage 0,0000 0,0000
content 0,0000 0,0000
gerrit 3,2189 0,0016
random 0,0000 0,0000
desktop 1,0788 0,0011
related 0,9676 0,0005
client 0,0000 0,0000
json 1,2379 0,0006
divide 1,4271 0,0007
class 0,0000 0,0000
gehomepagesuggestededitsenabletopic 0,0000 0,0000
over 0,3285 0,0002
false 0,0000 0,0000
counter 0,0408 0,0000
parse 0,0619 0,0000
simmon 3,9120 0,0020
form 0,3011 0,0003
management 0,2231 0,0001
publish 0,4463 0,0002
setup 1,9661 0,0010
developer 0,1744 0,0001
avoid 0,0101 0,0000
subset 1,1394 0,0006
assign 1,2730 0,0013
big 0,7550 0,0004
geneve 3,9120 0,0020
sitive 4,6052 0,0023
select 0,9676 0,0015
invoke 1,5141 0,0008
glinux 3,5066 0,0018
authorization 2,1203 0,0011
output 0,0000 0,0000
intricate 3,9120 0,0020
conway 3,9120 0,0020
model 0,0000 0,0000
https 2,3026 0,0012
join 1,1087 0,0006
portal 0,0000 0,0000
gears 2,5257 0,0013
burns 4,6052 0,0023
reduce 0,0101 0,0000
sentence 0,0000 0,0000
likely 1,3471 0,0007
issue 0,3425 0,0003
kern 0,0101 0,0000
large 0,2485 0,0001
dependency 1,2730 0,0013
in 2,9957 0,0015
metal 2,4079 0,0012
peaks 4,6052 0,0023
announce 0,6733 0,0007
odd 0,0943 0,0000
operate 0,3567 0,0002
wilkes 3,2189 0,0016
exclusively 1,6607 0,0008
john 0,5276 0,0003
wgvisualeditor 0,0000 0,0000
affinity 3,9120 0,0020
template 0,0000 0,0000
enwiki 0,0619 0,0000
eventually 1,1394 0,0006
subscription 0,0101 0,0000
basilisk 2,4079 0,0012
filesystems 3,9120 0,0020
library 0,3857 0,0002
navbar 0,0202 0,0000
world 0,3857 0,0002
subbox 0,6931 0,0004
december 0,0000 0,0000
table 0,0000 0,0000
ldom 3,9120 0,0020
break 0,0101 0,0000
change 0,0000 0,0000
printable 0,0000 0,0000
off 0,8916 0,0005
generally 0,5447 0,0003
hide 0,0000 0,0000
discovery 1,3863 0,0007
report 0,0202 0,0000
stabilize 3,2189 0,0016
auto 0,0726 0,0000
autopilot 3,2189 0,0016
several 0,4155 0,0002
raddest 4,6052 0,0023
decouple 2,5257 0,0013
wgcanonicalspecialpagename 0,0000 0,0000
while 0,2614 0,0001
second 0,0408 0,0000
coupling 2,5257 0,0013
that 0,5108 0,0003
download 0,0000 0,0000
high 0,0101 0,0000
split 0,0000 0,0000
morgan 1,7720 0,0009
than 0,2357 0,0001
limit 0,0000 0,0000
widespread 1,3093 0,0007
brian 1,2730 0,0006
communication 0,6162 0,0003
different 0,0513 0,0000
directly 0,5108 0,0003
incoming 2,5257 0,0013
level 0,0000 0,0000
author 0,0000 0,0000
preserve 1,8326 0,0009
ceedo 3,9120 0,0020
plus 1,6607 0,0008
expansion 0,0619 0,0000
amazon 1,0498 0,0005
daniel 1,2040 0,0006
relevant 1,2040 0,0006
license 0,0000 0,0000
disk 1,3471 0,0007
expand 0,0101 0,0000
wgmfdisplaywikibasedescription 0,0000 0,0000
retrieve 0,0000 0,0000
survey 0,9416 0,0005
disc 2,0402 0,0010
plug 2,2073 0,0011
angularjs 2,5257 0,0013
datum 0,0408 0,0000
behind 1,2730 0,0006
code 0,0000 0,0000
wgdefaultdateformat 0,0000 0,0000
box 0,0408 0,0000
storage 0,3711 0,0002
switch 0,9163 0,0005
total 0,0000 0,0000
deutsch 0,0943 0,0000
backend 1,7720 0,0009
mirantis 2,4079 0,0012
stateful 3,2189 0,0016
determine 0,7985 0,0004
nature 1,0498 0,0005
anderson 1,9661 0,0010
wheel 3,2189 0,0016
control 0,1625 0,0002
getallexpandedargument 2,6593 0,0013
attribution 0,0000 0,0000
compliant 2,2073 0,0011
metadata 1,5606 0,0008
vary 0,0619 0,0000
upper 0,0101 0,0000
ssh 2,3026 0,0012
luasandbox 1,4271 0,0007
exert 4,6052 0,0023
extremely 1,7720 0,0009
engines 1,3471 0,0007
reddit 2,5257 0,0013
expiry 0,0619 0,0000
minerva 0,0101 0,0000
brand 0,0000 0,0000
recent 0,0000 0,0000
they 0,0619 0,0001
trends 1,5141 0,0008
browsing 1,8326 0,0009
github 0,7340 0,0004
closely 1,6094 0,0008
edit 0,0000 0,0000
old 0,8675 0,0009
recreation 3,2189 0,0016
portable 1,8971 0,0010
then 0,3567 0,0002
secondary 1,5606 0,0008
node 0,0305 0,0000
concepts 1,1394 0,0006
rancher 3,9120 0,0020
bridge 1,8971 0,0019
access 0,2877 0,0001
conference 0,3425 0,0002
primitive 1,8326 0,0009
seed 2,2073 0,0011
simh 3,9120 0,0020
selflink 0,0101 0,0000
current 0,0000 0,0000
actively 2,6593 0,0013
vector 0,0000 0,0000
key 0,0305 0,0000
cachereport 0,0000 0,0000
manager 0,8440 0,0009
necessary 0,8440 0,0004
one 0,0943 0,0000
rbac 3,9120 0,0020
launch 0,9943 0,0015
store 0,5447 0,0008
bosanski 0,8916 0,0005
single 0,3147 0,0002
entityaccesscount 0,0000 0,0000
dosemu 3,9120 0,0020
bug 0,8675 0,0004
ons 2,9957 0,0015
abhishek 3,9120 0,0020
elastic 2,3026 0,0012
commercial 0,8440 0,0004
coreos 3,9120 0,0020
workspace 2,2073 0,0011
webhook 2,6593 0,0013
declare 1,6094 0,0016
separate 0,6162 0,0009
available 0,0000 0,0000
apache 1,0788 0,0005
trivial 2,9957 0,0015
variant 0,0619 0,0000
extreme 1,8971 0,0010
ensure 0,7985 0,0008
oracle 0,8916 0,0005
query 1,1394 0,0006
this 0,1278 0,0001
norsk 0,3285 0,0002
memusage 0,0000 0,0000
once 0,7985 0,0004
failure 1,1087 0,0011
solve 0,9416 0,0005
know 0,2231 0,0002
support 0,1393 0,0003
drop 1,1394 0,0006
preview 1,6607 0,0008
swatch 2,8134 0,0014
wgpopupsflag 0,0000 0,0000
polski 0,1165 0,0001
privacy 0,0000 0,0000
vertical 0,7985 0,0004
inventory 2,6593 0,0013
istio 4,6052 0,0023
life 0,9416 0,0005
docker 2,8134 0,0014
mesos 3,9120 0,0020
gap 1,2040 0,0006
verma 3,2189 0,0016
unregistered 3,2189 0,0016
extensible 1,8326 0,0009
normal 0,0202 0,0000
allocation 1,8326 0,0009
xcp 3,9120 0,0020
technology 0,1863 0,0001
directive 1,8971 0,0010
wgarticleid 0,0000 0,0000
pagelanguagedir 0,0000 0,0000
wgcitereferencepreviewsactive 0,0000 0,0000
flutt 3,5066 0,0018
ecosystem 1,2040 0,0006
software 0,0000 0,0000
frameworks 2,0402 0,0010
reach 1,2040 0,0018
react 2,2073 0,0011
ganeti 3,2189 0,0016
none 0,0101 0,0000
repository 0,5276 0,0003
type 0,0000 0,0000
april 0,0000 0,0000
easytimeline 2,9957 0,0015
problem 0,3285 0,0002
connection 0,9676 0,0005
between 0,2107 0,0001
guide 0,3711 0,0002
xen 3,5066 0,0018
method 0,3147 0,0002
come 0,4155 0,0002
kubeadm 4,6052 0,0023
namebench 3,5066 0,0018
push 0,0000 0,0000
exist 0,4155 0,0004
frederic 2,3026 0,0012
guice 3,5066 0,0018
distribution 0,8916 0,0009
tools 1,4697 0,0007
out 0,0000 0,0000
dart 2,6593 0,0013
feature 0,0000 0,0000
virtualbox 3,2189 0,0016
cached 0,4463 0,0002
get 0,0000 0,0000
dark 0,0101 0,0000
copy 1,1712 0,0012
place 0,5447 0,0003
power 0,6733 0,0007
restart 3,2189 0,0049
lead 0,2231 0,0002
token 1,7148 0,0009
expect 0,8440 0,0004
help 0,0000 0,0000
site 0,0000 0,0000
depth 0,0000 0,0000
bhyve 3,9120 0,0020
pinter 3,9120 0,0020
queue 1,1394 0,0006
sharealike 0,0000 0,0000
date 0,3011 0,0002
argument 0,0513 0,0000
hardening 3,9120 0,0020
data 0,0000 0,0000
own 0,4780 0,0002
seccomp 3,9120 0,0020
wgpageviewlanguage 0,0000 0,0000
blog 0,6349 0,0003
router 1,8326 0,0009
accesskey 0,0000 0,0000
only 0,2107 0,0001
bearer 3,9120 0,0020
create 0,0000 0,0000
tag 0,0000 0,0000
development 0,1278 0,0001
individual 0,7985 0,0004
like 0,2231 0,0001
resource 0,4620 0,0005
blueprint 2,9957 0,0015
core 0,5621 0,0003
chromiumos 2,9957 0,0015
enforce 1,4271 0,0007
ground 1,9661 0,0010
send 0,7550 0,0004
namespaces 3,9120 0,0020
potentially 0,7765 0,0004
here 0,0000 0,0000
purpose 0,5108 0,0003
line 0,0101 0,0000
link 0,0000 0,0000
distinct 1,3471 0,0007
scale 0,4943 0,0008
lichten 4,6052 0,0023
tune 2,3026 0,0012
robin 1,7720 0,0009
can 0,0408 0,0000
inclusion 2,3026 0,0012
computing 0,4155 0,0002
security 0,3285 0,0002
cap 0,0619 0,0001
contributor 0,0000 0,0000
subdivide 3,9120 0,0020
wgcanonicalnamespace 0,0000 0,0000
organize 1,1712 0,0006
flex 0,5276 0,0003
ready 0,0000 0,0000
hypervisor 2,5257 0,0013
player 1,8326 0,0009
tcp 2,3026 0,0012
aims 2,8134 0,0014
cost 0,6733 0,0007
wgisredirect 0,0000 0,0000
will 0,2485 0,0001
february 0,0000 0,0000
implementation 0,3147 0,0002
match 0,5276 0,0005
follow 0,2744 0,0006
intent 1,8971 0,0010
balancing 2,4079 0,0012
recursiveclone 1,6607 0,0008
response 0,7340 0,0004
responsive 0,0202 0,0000
namespace 1,5141 0,0015
challenge 0,6162 0,0006
gson 3,5066 0,0018
category 0,0000 0,0000
intend 0,6162 0,0003
wikidata 0,0000 0,0000
callparserfunction 1,4271 0,0007
