reuse 1,8971 0,0008
upload 0,0000 0,0000
wggelevelingupenabledforuser 0,0000 0,0000
stylus 3,5066 0,0015
wgrestrictionmove 0,0000 0,0000
without 0,2744 0,0001
would 0,3425 0,0002
xml 1,1394 0,0005
persistent 1,5141 0,0007
sister 1,6094 0,0007
nova 2,2073 0,0010
successfully 1,5141 0,0007
pica 4,6052 0,0020
solid 0,0202 0,0000
cdf 3,2189 0,0014
thus 0,7550 0,0003
meanwhile 2,8134 0,0012
eich 2,9957 0,0013
neutral 0,5447 0,0002
optional 1,3093 0,0006
require 0,0000 0,0000
netcaptor 2,8134 0,0012
scribunto 0,0000 0,0000
apparent 2,9957 0,0013
standards 1,1087 0,0005
size 0,0000 0,0000
left 0,0408 0,0000
cdx 0,0000 0,0000
much 0,6931 0,0003
object 0,3711 0,0003
qtweb 2,8134 0,0012
poorly 3,2189 0,0014
chapter 1,1712 0,0005
combinator 3,2189 0,0014
hang 1,3863 0,0006
furman 4,6052 0,0020
lombard 1,1712 0,0005
netpositive 2,8134 0,0012
achieve 0,7985 0,0007
ahead 1,7148 0,0008
yellow 2,9957 0,0013
elect 2,8134 0,0012
wesley 0,8675 0,0004
example 0,2485 0,0002
result 0,2231 0,0003
same 0,2357 0,0001
checkbox 3,9120 0,0017
xop 3,2189 0,0014
after 0,0305 0,0000
headline 0,0000 0,0000
hand 1,0217 0,0004
policy 0,0000 0,0000
editorial 2,6593 0,0012
address 0,5621 0,0002
committee 1,6607 0,0007
xquery 2,4079 0,0011
abbreviation 2,5257 0,0011
pagelanguagecode 0,0000 0,0000
queries 3,2189 0,0014
printing 2,5257 0,0011
gnu 1,1087 0,0005
transientcontent 0,0000 0,0000
subtle 0,3285 0,0001
component 0,3147 0,0001
suite 1,2040 0,0005
blue 1,8326 0,0008
idhash 0,0619 0,0000
unprecedented 3,2189 0,0014
fifth 2,0402 0,0009
information 0,0000 0,0000
wrap 0,0101 0,0000
discuss 1,0217 0,0009
standard 0,2357 0,0002
november 0,0000 0,0000
correct 1,2730 0,0006
resolve 1,6607 0,0007
kidzui 2,8134 0,0012
reader 1,5606 0,0014
winwap 2,8134 0,0012
xombrero 2,8134 0,0012
good 0,4155 0,0004
deploy 1,0217 0,0004
empty 0,0305 0,0000
hacks 3,2189 0,0014
htmlgoody 4,6052 0,0020
besides 2,5257 0,0011
fullversionlist 0,0000 0,0000
serious 1,9661 0,0009
tim 1,0498 0,0005
implement 0,3285 0,0006
lite 2,4079 0,0011
export 0,0000 0,0000
area 0,7985 0,0004
visibility 2,0402 0,0009
sans 4,6052 0,0020
check 0,7985 0,0004
list 0,0000 0,0000
onto 1,8971 0,0008
lack 0,5447 0,0002
external 0,1863 0,0001
revise 1,8326 0,0008
authority 0,4780 0,0002
elika 4,6052 0,0020
child 0,0202 0,0000
manning 1,6607 0,0007
mainentity 0,0000 0,0000
germany 0,5798 0,0003
obsolete 1,7720 0,0016
medium 1,4271 0,0006
interface 0,2485 0,0002
greenbrowser 2,8134 0,0012
remove 0,3711 0,0007
xsl 3,2189 0,0014
disclaimers 0,0000 0,0000
samsung 2,2073 0,0010
society 1,5141 0,0007
root 0,4780 0,0002
disambiguation 1,5606 0,0007
wgisprobablyeditable 0,0000 0,0000
standardized 1,8971 0,0008
hard 1,1394 0,0005
tutorial 1,5141 0,0007
wium 3,9120 0,0017
citation 0,0101 0,0000
mobile 0,0000 0,0000
multiple 0,2485 0,0001
maxthon 2,8134 0,0012
evolution 1,3471 0,0006
room 1,7720 0,0008
plainlist 0,4463 0,0002
pdf 0,0000 0,0000
argo 2,9957 0,0013
service 0,1393 0,0001
there 0,2614 0,0001
permit 1,3093 0,0006
syntax 1,1394 0,0005
well 0,2744 0,0002
suitable 1,3471 0,0006
magazine 0,9943 0,0004
bitness 0,0000 0,0000
micropub 3,2189 0,0014
rgba 0,0101 0,0000
xproc 3,2189 0,0014
focus 0,6733 0,0003
approach 0,3711 0,0003
xul 4,6052 0,0020
xup 3,2189 0,0014
tmp 3,5066 0,0015
block 0,0408 0,0000
sass 4,6052 0,0020
write 0,1508 0,0001
flow 0,3425 0,0003
gtk 2,9957 0,0013
order 0,4155 0,0002
aria 0,0000 0,0000
boxtext 0,0619 0,0000
byte 0,0408 0,0000
corporation 1,0498 0,0005
understand 0,6162 0,0003
macintosh 2,2073 0,0010
indonesia 0,3567 0,0002
propose 1,0788 0,0005
even 0,0513 0,0000
timesheets 3,2189 0,0014
smacss 4,6052 0,0020
transparency 1,8326 0,0008
esperanto 0,7133 0,0003
tagline 0,0000 0,0000
hash 1,7720 0,0008
regexp 0,0000 0,0000
pink 4,6052 0,0020
subsection 0,1508 0,0001
wgeditsubmitbuttonlabelpublish 0,0000 0,0000
riders 3,9120 0,0017
boarisch 1,9661 0,0009
toc 0,0000 0,0000
protection 0,4463 0,0002
functionality 0,6539 0,0003
wgpagecontentmodel 0,0000 0,0000
top 0,0000 0,0000
technica 1,3093 0,0006
tor 2,5257 0,0011
have 0,2744 0,0002
costly 2,5257 0,0011
declarative 1,8326 0,0008
product 0,4005 0,0002
dooble 2,8134 0,0012
linear 1,6607 0,0007
heading 3,9120 0,0034
hyphen 3,5066 0,0031
offload 4,6052 0,0020
produce 0,6931 0,0003
xframe 3,2189 0,0014
wgnamespacenumber 0,0000 0,0000
framework 0,2877 0,0003
coc 2,8134 0,0012
disable 2,2073 0,0010
regard 1,1087 0,0005
wgwmepagelength 0,0000 0,0000
entity 0,0101 0,0000
maintainability 2,8134 0,0012
expensivefunctioncount 0,0000 0,0000
prefixed 3,9120 0,0017
descendant 2,8134 0,0025
upon 0,8916 0,0004
associate 0,6931 0,0003
timeusage 0,0000 0,0000
pin 0,0000 0,0000
function 0,0000 0,0000
xyz 4,6052 0,0020
quite 2,2073 0,0010
comparison 0,4005 0,0004
icecat 2,6593 0,0012
lay 2,4079 0,0032
cpu 0,0408 0,0000
infobox 0,6931 0,0003
revert 2,6593 0,0012
less 0,6162 0,0003
pcache 0,0619 0,0000
conflicting 3,2189 0,0014
improve 0,2485 0,0003
october 0,0000 0,0000
basic 0,6539 0,0003
functionally 3,9120 0,0017
structurally 3,9120 0,0017
complication 0,0513 0,0000
university 0,5621 0,0002
cause 0,6162 0,0003
technique 0,7550 0,0003
selectors 4,6052 0,0020
shorthand 3,5066 0,0015
jquery 0,0000 0,0000
substring 3,9120 0,0017
quirk 3,5066 0,0015
scripting 1,2040 0,0005
design 0,1393 0,0002
working 1,3471 0,0006
lang 2,8134 0,0012
semicolon 2,8134 0,0012
timeless 0,0101 0,0000
gnome 2,4079 0,0011
chief 1,6607 0,0007
wgwmeschemaeditattemptstepoversample 0,0000 0,0000
ttl 0,0000 0,0000
encyclopedia 0,0000 0,0000
conduct 0,0000 0,0000
pls 3,2189 0,0014
stable 0,7133 0,0003
maintenance 0,6733 0,0003
inkml 3,2189 0,0014
tenfourfox 2,8134 0,0012
moderately 4,6052 0,0020
abovebelow 0,0943 0,0000
css 1,8971 0,0008
accessibility 1,4697 0,0006
advertising 1,7720 0,0008
discussion 1,3093 0,0006
lee 1,3471 0,0006
concern 0,8210 0,0004
radial 4,6052 0,0020
generalized 3,5066 0,0015
styling 3,9120 0,0017
ccxml 3,2189 0,0014
hackers 2,9957 0,0013
notation 1,4271 0,0006
pref 0,0000 0,0000
let 0,9943 0,0009
state 0,3425 0,0002
csrftoken 0,0000 0,0000
element 0,0000 0,0000
stackoverflow 4,6052 0,0020
night 0,0000 0,0000
want 0,8675 0,0004
qaraqalpaqsha 1,1712 0,0005
each 0,1393 0,0001
javascript 0,9416 0,0004
mediawiki 1,0788 0,0005
input 0,0000 0,0000
swiftweasel 2,8134 0,0012
toolkit 1,5141 0,0007
must 0,4620 0,0002
unpinned 0,0000 0,0000
sophisticated 1,8326 0,0008
cut 1,7720 0,0008
perfectly 3,2189 0,0014
document 0,4463 0,0006
onmouseover 3,9120 0,0017
two 0,2744 0,0001
incompatible 1,9661 0,0009
promote 1,3093 0,0006
oslo 3,5066 0,0015
weyl 3,9120 0,0017
cornerstone 3,5066 0,0015
creation 0,7985 0,0004
datepublished 0,0000 0,0000
situation 1,2379 0,0005
fraught 4,6052 0,0020
participate 1,8326 0,0008
gradient 3,2189 0,0014
team 0,4943 0,0002
declaration 1,8326 0,0016
entirely 1,5141 0,0007
wgusername 0,0000 0,0000
speech 2,0402 0,0009
thing 1,0788 0,0005
goody 4,6052 0,0020
consortium 1,8326 0,0008
anne 3,2189 0,0014
lie 2,1203 0,0009
source 0,1393 0,0001
align 0,0101 0,0000
compile 1,1712 0,0005
late 0,4155 0,0002
separation 1,9661 0,0009
keyword 2,2073 0,0010
stability 1,9661 0,0009
actual 1,1394 0,0005
websub 3,2189 0,0014
last 0,0000 0,0000
imageright 0,2614 0,0001
adapt 1,4271 0,0006
widely 0,7985 0,0004
eric 1,1394 0,0005
mozilla 1,8326 0,0008
weight 0,0101 0,0000
develop 0,1863 0,0002
warn 2,2073 0,0010
measure 0,9416 0,0004
proximity 3,2189 0,0014
overall 1,1394 0,0005
page 0,0000 0,0000
compatibility 0,9416 0,0004
full 0,0202 0,0000
xlink 3,2189 0,0014
memory 0,0408 0,0000
seamonkey 2,8134 0,0012
concept 0,3711 0,0002
impossible 1,8971 0,0008
indexeddb 2,3026 0,0010
beijing 3,5066 0,0015
video 0,8210 0,0004
mshtml 2,8134 0,0012
cascading 3,9120 0,0017
early 0,4308 0,0006
enclose 2,6593 0,0012
enhance 0,8916 0,0004
appropriately 2,5257 0,0011
yes 1,9661 0,0009
center 0,0000 0,0000
start 0,3011 0,0004
yet 1,1087 0,0005
netsurf 2,8134 0,0012
windows 0,7985 0,0004
generic 1,4697 0,0006
pair 1,3863 0,0006
equal 1,9661 0,0009
stylish 4,6052 0,0020
wikimedia 0,0000 0,0000
origyn 2,8134 0,0012
short 0,0000 0,0000
time 0,0000 0,0000
shadow 2,1203 0,0009
interactive 0,4463 0,0002
program 0,2614 0,0002
consistency 1,6094 0,0007
three 0,3711 0,0002
multi 2,2073 0,0010
keith 2,5257 0,0011
supermium 2,8134 0,0012
pale 2,8134 0,0012
identifier 1,4697 0,0013
philosophy 1,1712 0,0005
priority 1,4697 0,0013
dynamically 1,8326 0,0008
creative 0,0000 0,0000
nederlands 0,1985 0,0001
coast 2,5257 0,0011
chris 1,2040 0,0005
provide 0,1625 0,0003
wayback 0,7985 0,0004
undesired 3,2189 0,0014
addison 0,9163 0,0004
xpoint 3,2189 0,0014
primary 0,7765 0,0003
log 0,0000 0,0000
wgcheckuserclienthintsheadersjsapi 0,0000 0,0000
bright 2,6593 0,0012
consume 1,3471 0,0006
euskara 0,5108 0,0002
mailing 1,8971 0,0008
unknown 1,4271 0,0006
computer 0,1863 0,0001
lou 3,9120 0,0017
low 0,0101 0,0000
timingprofile 0,0000 0,0000
theme 0,0000 0,0000
smash 2,9957 0,0013
braille 3,5066 0,0015
multicol 4,6052 0,0020
wgcategory 0,0000 0,0000
editor 0,0000 0,0000
postexpandincludesize 0,0000 0,0000
desire 1,1087 0,0005
efficient 1,0217 0,0004
initial 0,3857 0,0002
chair 2,5257 0,0011
unstrip 0,0000 0,0000
citrio 2,8134 0,0012
consistent 1,1712 0,0005
vivaldi 2,8134 0,0012
templateargumentsize 0,0000 0,0000
january 0,0000 0,0000
permanent 0,0000 0,0000
controllable 4,6052 0,0020
athml 3,2189 0,0014
skweezer 2,8134 0,0012
garden 3,2189 0,0014
summarize 2,4079 0,0011
choice 1,0498 0,0005
sparql 2,4079 0,0011
small 0,0305 0,0000
nitot 4,6052 0,0020
compact 1,7720 0,0008
before 0,0305 0,0000
speedy 0,7133 0,0003
replace 0,7340 0,0003
experience 0,7985 0,0004
italic 0,1278 0,0001
dan 0,9943 0,0004
indentation 3,5066 0,0015
denote 2,1203 0,0009
major 0,5621 0,0002
emphasis 2,3026 0,0010
feasible 2,9957 0,0013
consider 0,4005 0,0004
day 0,0000 0,0000
potential 1,0788 0,0005
combination 1,0788 0,0005
group 0,0408 0,0000
repeatedly 2,4079 0,0011
avast 2,6593 0,0012
minutes 4,6052 0,0020
workshop 1,5606 0,0007
format 0,0101 0,0000
tree 1,1394 0,0005
archive 0,0943 0,0001
particular 0,5978 0,0003
history 0,0000 0,0000
twice 1,9661 0,0009
absolutely 2,6593 0,0012
soap 2,4079 0,0011
classify 1,4271 0,0006
ease 1,7720 0,0008
vertically 4,6052 0,0020
wgrestrictionedit 0,0000 0,0000
part 0,1985 0,0002
wgpageparsereport 0,0000 0,0000
numeric 1,8326 0,0008
ssml 2,9957 0,0013
voicexml 3,2189 0,0014
webkit 2,5257 0,0011
percent 1,7720 0,0008
textbooks 1,7720 0,0008
point 0,5447 0,0005
general 0,0000 0,0000
september 0,0000 0,0000
browser 0,9943 0,0009
dimension 2,2073 0,0010
introduction 0,5621 0,0002
padding 0,0000 0,0000
process 0,1625 0,0001
srware 2,8134 0,0012
alternative 0,6931 0,0003
clear 0,0101 0,0000
gcpm 4,6052 0,0020
ltr 0,0000 0,0000
cymraeg 1,4697 0,0006
hsla 4,6052 0,0020
webxr 2,4079 0,0011
someone 2,0402 0,0009
third 0,5447 0,0002
build 0,2357 0,0003
mean 0,4463 0,0004
netfront 2,8134 0,0012
interaction 0,8210 0,0004
lua 0,0513 0,0000
mediaquery 4,6052 0,0020
further 0,3711 0,0002
interfere 3,2189 0,0014
account 0,0000 0,0000
methodology 1,2040 0,0011
snippet 2,8134 0,0012
webcl 2,6593 0,0012
electronics 1,5141 0,0007
mostly 1,2730 0,0006
stack 0,7340 0,0003
dec 2,0402 0,0009
dansk 0,5798 0,0003
mime 2,8134 0,0012
elinks 2,8134 0,0012
uyghurche 1,9661 0,0009
advance 1,0788 0,0005
ibrowse 2,8134 0,0012
path 1,0498 0,0005
predictable 2,8134 0,0012
webgpu 2,3026 0,0010
abbr 0,0619 0,0000
chicago 2,4079 0,0011
pseudo 3,9120 0,0017
you 0,0000 0,0000
jump 0,0000 0,0000
limitations 2,0402 0,0009
xforms 3,2189 0,0014
happen 1,3471 0,0006
iris 2,5257 0,0011
classilla 2,8134 0,0012
pass 0,8675 0,0004
preference 2,0402 0,0009
profile 1,0788 0,0009
active 0,7985 0,0004
july 0,0000 0,0000
easy 0,6733 0,0003
misuse 2,3026 0,0010
whose 1,3471 0,0006
mediabrowser 2,8134 0,0012
flexible 1,6094 0,0007
unicode 2,1203 0,0009
montulli 4,6052 0,0020
relative 1,6607 0,0007
compare 0,9416 0,0004
netscape 2,3026 0,0010
subgroup 0,0513 0,0000
influential 2,5257 0,0011
prototyping 3,9120 0,0017
characteristic 1,2379 0,0005
transparent 0,0619 0,0000
thunderhawk 2,8134 0,0012
adaptive 2,1203 0,0009
how 0,0834 0,0000
capability 0,7765 0,0007
adoption 0,8675 0,0004
wsdl 3,2189 0,0014
distinctive 3,2189 0,0014
unlike 1,2040 0,0005
term 0,0000 0,0000
override 2,6593 0,0023
flanagan 3,9120 0,0017
business 0,3425 0,0002
mini 0,0619 0,0000
arachne 2,8134 0,0012
staff 1,7720 0,0008
possible 0,5276 0,0002
right 0,0101 0,0000
march 0,0000 0,0000
advantages 3,5066 0,0015
june 0,0000 0,0000
wikitext 0,0000 0,0000
meet 0,9163 0,0004
stage 1,2040 0,0005
underscore 2,9957 0,0013
inch 3,2189 0,0014
under 0,0101 0,0000
publications 2,2073 0,0010
represent 0,5978 0,0003
dialect 3,2189 0,0014
sometimes 0,6931 0,0003
deliverable 2,9957 0,0013
autocapitalize 0,0000 0,0000
recommendations 2,8134 0,0012
hold 0,7985 0,0004
div 0,0000 0,0000
correctly 1,5606 0,0007
later 0,4005 0,0002
bracket 0,0619 0,0000
wgpagename 0,0000 0,0000
talk 0,0000 0,0000
impair 2,9957 0,0013
dedicated 1,6094 0,0007
dolphin 2,5257 0,0011
hyperlink 2,4079 0,0011
qutebrows 2,8134 0,0012
static 1,0217 0,0004
commonly 0,6931 0,0003
test 0,4463 0,0002
finally 1,4271 0,0006
count 0,0513 0,0000
hatnote 0,2107 0,0001
thereafter 2,8134 0,0012
grape 4,6052 0,0020
brown 1,8971 0,0008
pinnable 0,0000 0,0000
take 0,2877 0,0004
vision 1,1394 0,0005
month 0,7133 0,0003
thereof 3,2189 0,0014
final 1,0788 0,0005
wgrevisionid 0,0000 0,0000
tackle 2,2073 0,0010
hsl 4,6052 0,0020
some 0,1744 0,0001
beginning 1,8326 0,0008
rather 0,5978 0,0003
importance 2,0402 0,0009
tactile 2,9957 0,0013
additional 0,0000 0,0000
indieauth 3,2189 0,0014
back 0,6349 0,0003
title 0,0000 0,0000
patroltoken 0,0000 0,0000
primarily 0,9943 0,0004
states 0,4943 0,0002
sheets 4,6052 0,0020
load 0,0202 0,0000
alpha 0,0101 0,0000
ignore 1,4697 0,0006
company 0,4308 0,0004
selector 3,5066 0,0031
thomas 0,8675 0,0004
just 0,4943 0,0002
pixel 2,5257 0,0022
troy 3,9120 0,0017
holy 3,9120 0,0017
custom 0,0000 0,0000
length 1,6094 0,0007
strictly 2,0402 0,0009
home 0,8675 0,0004
print 0,0000 0,0000
although 0,6162 0,0003
inherit 0,0101 0,0000
interpret 1,7148 0,0008
grant 1,6094 0,0007
append 2,3026 0,0010
dolnoserbski 3,5066 0,0015
convert 1,6607 0,0007
shiira 2,8134 0,0012
soon 1,5606 0,0007
dmy 0,0000 0,0000
tablet 2,0402 0,0009
navigation 0,0000 0,0000
alphabetic 4,6052 0,0020
balance 1,7148 0,0008
action 0,0000 0,0000
guidelines 1,8326 0,0008
lock 0,0101 0,0000
text 0,0000 0,0000
usually 0,4780 0,0002
whereas 1,4271 0,0006
validation 1,3093 0,0006
ppvisitednode 0,0000 0,0000
cookie 0,0000 0,0000
printer 2,2073 0,0010
electrical 1,4271 0,0006
sensitive 1,2730 0,0006
classification 1,5606 0,0007
loading 0,0000 0,0000
contents 0,0000 0,0000
sisterlinks 4,6052 0,0020
explorer 1,7148 0,0008
doc 1,8326 0,0008
snapshot 2,5257 0,0022
status 0,0000 0,0000
server 0,4005 0,0002
don 1,9661 0,0009
dom 1,6094 0,0007
farnham 4,6052 0,0020
dot 0,8210 0,0007
skin 0,0000 0,0000
tailor 2,2073 0,0010
mac 1,3471 0,0006
eight 1,8326 0,0008
products 1,4271 0,0006
robert 0,9676 0,0004
file 0,0000 0,0000
stream 1,0788 0,0005
member 0,9163 0,0004
sxbl 3,2189 0,0014
wgnoticeproject 0,0000 0,0000
together 0,5978 0,0003
mar 2,5257 0,0011
may 0,0000 0,0000
max 0,0513 0,0000
within 0,3011 0,0001
could 0,4780 0,0002
strike 2,8134 0,0012
torch 2,5257 0,0011
trigger 0,0513 0,0000
menu 0,0000 0,0000
uri 2,3026 0,0010
url 0,0000 0,0000
doctype 3,5066 0,0015
machine 0,2744 0,0001
able 0,9943 0,0004
return 0,0000 0,0000
bidirectional 2,8134 0,0012
instance 0,7765 0,0007
opera 2,5257 0,0011
webgl 2,3026 0,0010
use 0,0000 0,0000
inheritance 2,2073 0,0010
main 0,0000 0,0000
serve 1,0217 0,0004
radio 1,6607 0,0007
geographic 1,7148 0,0008
solution 0,5621 0,0002
fine 1,5606 0,0007
holzschlag 4,6052 0,0020
find 0,3425 0,0002
uzbl 2,8134 0,0012
backward 1,6607 0,0007
grail 3,9120 0,0017
logo 0,0000 0,0000
modularization 2,9957 0,0013
credit 1,6094 0,0007
international 0,3011 0,0001
alter 1,5141 0,0007
bulletproof 4,6052 0,0020
edgehtml 4,6052 0,0020
utc 0,0000 0,0000
illustrate 2,4079 0,0011
utf 2,5257 0,0011
difficult 0,9163 0,0004
definitive 2,6593 0,0012
canonical 0,0408 0,0000
sort 1,5606 0,0007
uti 3,2189 0,0014
sistersitebox 0,6539 0,0003
woff 3,2189 0,0014
berners 2,9957 0,0013
millimetre 4,6052 0,0020
originate 1,6094 0,0007
wgcurrevisionid 0,0000 0,0000
null 0,0000 0,0000
background 0,0101 0,0000
mdn 3,2189 0,0014
true 0,0000 0,0000
webauthn 2,2073 0,0010
header 0,0000 0,0000
position 1,5141 0,0013
watchtoken 0,0000 0,0000
present 0,5621 0,0005
galeon 2,6593 0,0012
since 0,3425 0,0002
borders 4,6052 0,0020
lazaris 4,6052 0,0020
delete 0,4155 0,0002
foreach 0,0000 0,0000
transform 1,4697 0,0006
advise 2,6593 0,0012
positioning 3,5066 0,0015
repeat 0,0101 0,0000
louis 2,5257 0,0011
make 0,1165 0,0002
wggestructuredtaskrejectionreasontextinputenable 0,0000 0,0000
microb 2,8134 0,0012
bert 2,5257 0,0011
exactly 1,5606 0,0007
beaker 2,8134 0,0012
webmention 3,2189 0,0014
structure 0,4155 0,0002
due 0,5108 0,0002
simplify 1,1394 0,0005
properties 2,5257 0,0011
webassembly 1,7720 0,0008
depend 0,7340 0,0006
patch 1,5141 0,0007
character 1,1394 0,0010
reflect 1,1712 0,0005
contribution 0,0000 0,0000
hakon 4,6052 0,0020
above 1,0788 0,0005
zac 2,6593 0,0012
recursion 0,0513 0,0000
czech 0,9163 0,0004
height 0,0101 0,0000
august 0,0000 0,0000
module 0,0000 0,0000
wikibase 0,0619 0,0000
outer 1,2040 0,0005
laboriously 4,6052 0,0020
datemodify 0,0619 0,0000
filename 2,1203 0,0009
polyfill 3,9120 0,0017
restyle 4,6052 0,0020
meta 1,4271 0,0006
unique 1,2379 0,0005
consistently 2,0402 0,0009
hrvatski 0,7550 0,0003
xades 3,2189 0,0014
nordfriisk 2,4079 0,0011
notheme 0,3711 0,0002
ethan 2,9957 0,0013
safari 2,1203 0,0009
illinois 3,5066 0,0015
global 0,7985 0,0004
bullete 4,6052 0,0020
fragmentation 2,6593 0,0012
long 0,4005 0,0004
into 0,1985 0,0001
outline 0,8440 0,0004
min 0,1165 0,0001
nominal 3,5066 0,0015
unless 1,5606 0,0007
rdfa 2,8134 0,0012
operating 0,9416 0,0004
free 0,0000 0,0000
relationship 1,0788 0,0005
redirect 1,1087 0,0005
middle 0,7765 0,0003
thorough 2,8134 0,0012
many 0,2357 0,0001
appear 0,8210 0,0011
face 1,1712 0,0005
abandon 2,0402 0,0009
ibm 0,5621 0,0002
collaboration 1,1394 0,0005
oclc 1,2040 0,0005
open 0,1625 0,0001
agent 1,3863 0,0006
conditional 2,0402 0,0009
tbody 0,6931 0,0003
afterward 3,9120 0,0017
prepend 3,5066 0,0015
rapid 1,3093 0,0006
validator 2,8134 0,0012
project 0,0000 0,0000
reputation 2,6593 0,0012
seven 1,8326 0,0008
arena 2,0402 0,0009
enhancement 0,0101 0,0000
inside 0,0101 0,0000
presentation 1,5141 0,0013
reformat 3,9120 0,0017
wikiversity 0,9676 0,0004
wood 3,5066 0,0015
emotionml 3,2189 0,0014
five 0,9943 0,0004
zen 2,6593 0,0012
monospace 2,0402 0,0009
dsssl 4,6052 0,0020
please 0,8210 0,0004
collection 0,6733 0,0003
look 0,7765 0,0007
modification 1,4271 0,0006
forces 3,5066 0,0015
converse 3,5066 0,0015
cederholm 4,6052 0,0020
internet 0,5447 0,0002
conflict 1,6094 0,0007
allow 0,1863 0,0002
xhdmh 3,9120 0,0017
sgml 3,5066 0,0015
isbn 0,1054 0,0000
mmi 2,9957 0,0013
rule 0,5978 0,0005
update 0,4463 0,0006
speed 0,9416 0,0004
apple 1,1712 0,0005
common 0,3711 0,0002
interest 0,9943 0,0004
definition 0,4943 0,0004
placeholder 0,0000 0,0000
organic 3,5066 0,0015
summary 1,6607 0,0007
slimbrowser 2,8134 0,0012
apply 0,0000 0,0000
again 1,2379 0,0005
layout 2,1203 0,0019
popup 4,6052 0,0020
formula 2,4079 0,0011
whitespace 2,5257 0,0011
base 0,0305 0,0000
webplatform 3,2189 0,0014
quirks 3,9120 0,0017
ocsp 2,8134 0,0012
runa 0,9416 0,0004
prefix 2,5257 0,0033
whole 1,2040 0,0005
during 0,5447 0,0002
consist 0,6539 0,0006
relation 1,6094 0,0007
compatible 1,2040 0,0005
pogo 2,8134 0,0012
relate 0,0000 0,0000
enable 0,0000 0,0000
sidebar 0,0000 0,0000
limitreport 0,0000 0,0000
moz 4,6052 0,0020
decoration 0,0619 0,0000
reflist 0,0101 0,0000
still 0,5447 0,0002
van 1,3093 0,0006
arise 1,8326 0,0008
var 0,0000 0,0000
work 0,2231 0,0003
agree 0,0101 0,0000
underneath 3,9120 0,0017
wgulsislanguageselectorempty 0,0000 0,0000
itself 0,6539 0,0003
toward 1,5606 0,0007
among 0,5276 0,0002
srpski 0,3711 0,0002
registration 0,0101 0,0000
word 0,0101 0,0000
redcore 2,8134 0,0012
webpositive 2,8134 0,0012
flock 2,5257 0,0011
spain 1,4271 0,0006
steel 2,8134 0,0012
extension 0,6349 0,0006
internal 0,8210 0,0004
deprecate 1,6607 0,0007
kylo 2,8134 0,0012
lingua 2,4079 0,0011
signature 1,8971 0,0008
refbegin 1,4697 0,0006
reusability 2,9957 0,0013
bootstrap 2,9957 0,0013
foundation 0,0000 0,0000
across 0,5798 0,0003
discontinue 1,3863 0,0006
uniform 1,7148 0,0008
flexibility 1,7148 0,0008
henrik 2,8134 0,0012
event 0,0000 0,0000
include 0,0000 0,0000
alongside 1,6607 0,0007
toggle 0,0000 0,0000
tetun 2,9957 0,0013
comma 2,9957 0,0013
appearance 0,0000 0,0000
classname 0,0000 0,0000
wggetopicsmatchmodeenable 0,0000 0,0000
first 0,0408 0,0000
mse 2,3026 0,0010
span 1,2730 0,0006
voice 1,6094 0,0007
nowrap 0,0408 0,0000
prefer 0,0101 0,0000
htmx 2,9957 0,0013
prepared 3,2189 0,0014
roman 0,0101 0,0000
lotus 2,5257 0,0011
msn 2,3026 0,0010
wgrelevantpageisprobablyeditable 0,0000 0,0000
float 0,0101 0,0000
transclusion 0,0619 0,0000
space 0,0408 0,0000
spec 1,7720 0,0008
reference 0,0101 0,0000
brendan 2,8134 0,0012
ambox 0,7133 0,0003
html 0,4463 0,0002
offset 2,6593 0,0023
bottom 0,0000 0,0000
cascade 2,5257 0,0022
typesetting 4,6052 0,0020
revision 0,0000 0,0000
magyar 0,3425 0,0002
publisher 0,0000 0,0000
replacement 1,7148 0,0008
weblog 3,2189 0,0014
img 0,0408 0,0000
minimo 2,8134 0,0012
o'reilly 0,6733 0,0003
mercury 2,6593 0,0012
microformat 2,8134 0,0012
rlstate 0,0000 0,0000
error 0,0101 0,0000
platform 0,0000 0,0000
xfdl 3,2189 0,0014
network 0,3285 0,0001
zazaki 2,2073 0,0010
public 0,4155 0,0002
animations 3,2189 0,0014
parameter 1,3093 0,0006
value 0,0000 0,0000
degrade 3,9120 0,0017
spacetime 2,5257 0,0011
advantage 0,9676 0,0004
resources 1,3471 0,0006
instead 0,4463 0,0002
expensive 0,0408 0,0000
performance 0,3425 0,0002
currently 1,0788 0,0005
lunascape 2,8134 0,0012
maint 0,0101 0,0000
variable 0,9676 0,0004
wiktionary 0,5798 0,0003
comic 4,6052 0,0020
platformversion 0,0000 0,0000
normally 1,6094 0,0007
exception 1,3471 0,0006
references 0,0513 0,0000
scop 2,6593 0,0012
saved 0,0619 0,0000
year 0,2614 0,0002
annotate 2,8134 0,0012
resolution 1,8326 0,0008
via 0,3011 0,0001
hornjoserbsce 2,6593 0,0012
quote 0,0101 0,0000
poor 2,0402 0,0009
because 0,0000 0,0000
near 1,2730 0,0017
alphanumeric 3,9120 0,0017
fairly 2,8134 0,0012
google 0,4005 0,0002
community 0,0000 0,0000
version 0,0000 0,0000
brezhoneg 1,7148 0,0008
selection 1,5141 0,0007
eesti 0,3285 0,0001
deepfish 2,8134 0,0012
institute 1,0498 0,0005
unused 2,5257 0,0011
detail 0,7133 0,0003
appropriate 1,1394 0,0005
conkeror 2,8134 0,0012
immediately 1,5141 0,0007
wgusergroup 0,0000 0,0000
measurement 2,3026 0,0010
vocabulary 2,2073 0,0010
aspect 0,7765 0,0007
wikipedia 0,0000 0,0000
behavior 0,8210 0,0007
scott 1,0217 0,0004
close 0,8210 0,0007
afrikaans 0,9416 0,0004
linked 2,6593 0,0012
annotation 2,0402 0,0009
chemistry 1,8326 0,0008
ghostzilla 2,8134 0,0012
meyer 2,9957 0,0013
website 0,3711 0,0003
learn 0,0000 0,0000
xinclude 3,2189 0,0014
strata 2,8134 0,0012
whatwg 2,3026 0,0010
fast 0,4943 0,0002
rdf 2,2073 0,0010
sleipnir 2,8134 0,0012
register 0,0000 0,0000
caniuse 4,6052 0,0020
nine 2,1203 0,0009
notes 0,9943 0,0004
typographic 3,9120 0,0017
republic 0,8916 0,0004
official 0,6162 0,0003
repetition 3,2189 0,0014
bookmarks 2,6593 0,0012
red 1,2730 0,0006
shacl 2,8134 0,0012
spring 1,8971 0,0008
rec 3,9120 0,0017
post 0,0202 0,0000
vml 3,2189 0,0014
leave 0,0101 0,0000
rel 3,5066 0,0015
finish 1,8971 0,0008
rem 3,5066 0,0015
protocols 2,0402 0,0009
add 0,0000 0,0000
need 0,1393 0,0002
its 0,0726 0,0000
blazer 2,8134 0,0012
often 0,2877 0,0001
elt 0,6931 0,0003
encoding 2,4079 0,0011
article 0,0000 0,0000
rfc 1,9661 0,0009
yves 3,5066 0,0015
parser 0,0000 0,0000
guideline 1,3471 0,0006
http 0,0000 0,0000
therefore 0,7985 0,0004
alignment 2,8134 0,0025
decimal 0,0101 0,0000
eme 2,4079 0,0011
lifewire 3,9120 0,0017
technical 0,6349 0,0003
united 0,4780 0,0002
standardization 1,6094 0,0007
choose 0,8440 0,0004
rgb 4,6052 0,0020
wghostname 0,0000 0,0000
prevent 0,7340 0,0010
behave 1,5606 0,0007
wgtitle 0,0000 0,0000
engine 0,4780 0,0004
intentionally 2,3026 0,0010
puffin 2,8134 0,0012
scope 1,2730 0,0006
end 0,3011 0,0003
activitypub 3,2189 0,0014
identify 0,6733 0,0003
wgdigittransformtable 0,0000 0,0000
combinators 4,6052 0,0020
hlist 0,0408 0,0000
label 0,0000 0,0000
special 0,0000 0,0000
environment 0,4308 0,0002
simmons 4,6052 0,0020
rlconf 0,0000 0,0000
progressive 1,0788 0,0005
timberwolf 2,8134 0,0012
inconsistency 3,2189 0,0014
family 1,0217 0,0009
slightly 1,8326 0,0008
education 1,0788 0,0005
bahasa 0,3285 0,0001
release 0,2744 0,0002
ago 0,7765 0,0003
caption 0,3567 0,0002
rif 3,2189 0,0014
variation 1,9661 0,0017
newly 2,3026 0,0010
etemad 4,6052 0,0020
number 0,0000 0,0000
webexplorer 2,8134 0,0012
wgbackendresponsetime 0,0000 0,0000
shorten 0,0000 0,0000
property 0,6539 0,0006
vmax 4,6052 0,0020
brave 2,8134 0,0012
harlow 3,9120 0,0017
usefully 3,9120 0,0017
similar 0,4780 0,0002
testing 0,6733 0,0003
specify 0,6349 0,0011
forth 1,8971 0,0008
script 1,2379 0,0005
animation 1,5141 0,0007
lafon 4,6052 0,0020
system 0,0101 0,0000
flawed 2,9957 0,0013
deepnet 2,8134 0,0012
partial 1,6607 0,0007
other 0,0000 0,0000
scxml 3,2189 0,0014
abaco 2,8134 0,0012
retain 2,1203 0,0009
cell 0,4308 0,0002
erb 3,9120 0,0017
share 0,4620 0,0004
television 2,3026 0,0010
reardon 3,5066 0,0015
future 0,5978 0,0003
rlq 0,0000 0,0000
anchor 1,9661 0,0009
cite 0,0000 0,0000
materialize 3,2189 0,0014
modifier 3,9120 0,0017
screen 0,0101 0,0000
body 0,0000 0,0000
mode 0,0000 0,0000
stylistic 3,9120 0,0017
pages 0,0000 0,0000
etc 2,9957 0,0013
triad 3,5066 0,0015
websocket 2,2073 0,0010
longman 2,9957 0,0013
newpp 0,0619 0,0000
all 0,0408 0,0000
border 0,0000 0,0000
new 0,0000 0,0000
read 0,0000 0,0000
markup 2,5257 0,0011
already 1,1087 0,0005
below 0,7550 0,0003
alt 2,6593 0,0012
real 0,0408 0,0000
clientpref 0,0000 0,0000
tool 0,0000 0,0000
pemberton 4,6052 0,0020
unit 0,6539 0,0006
svenska 0,3857 0,0002
facilitate 0,8440 0,0007
indent 1,3863 0,0018
wgpagecontentlanguage 0,0000 0,0000
media 0,2485 0,0001
around 0,6931 0,0003
floorp 2,8134 0,0012
wgisarticle 0,0000 0,0000
reload 2,8134 0,0012
define 0,2744 0,0005
row 0,4943 0,0002
render 0,0513 0,0001
interlingua 1,3093 0,0006
fifteen 3,5066 0,0015
paged 4,6052 0,0020
pgml 3,2189 0,0014
requirement 0,5798 0,0005
specific 0,2877 0,0001
any 0,2107 0,0001
browserstack 4,6052 0,0020
huawei 2,2073 0,0010
application 0,0943 0,0000
wgflaggedrevsparams 0,0000 0,0000
dillo 2,8134 0,0012
until 0,7765 0,0003
xslt 2,9957 0,0013
collapse 0,0408 0,0000
aol 2,2073 0,0010
eww 2,8134 0,0012
maintain 0,3567 0,0006
wgrelevantarticleid 0,0000 0,0000
preprocessor 0,0513 0,0000
shift 1,4697 0,0006
ship 1,6094 0,0007
skyfire 2,8134 0,0012
mbox 0,7133 0,0003
identification 2,1203 0,0009
cake 2,8134 0,0012
jan 1,6094 0,0007
exi 3,2189 0,0014
english 0,0000 0,0000
api 0,3425 0,0003
fully 0,8210 0,0004
app 0,9943 0,0004
encompass 1,8971 0,0008
apr 2,8134 0,0012
cache 0,0305 0,0000
margin 0,0000 0,0000
suomi 0,2107 0,0001
wgrequestid 0,0000 0,0000
enwikimwclientpreference 0,0000 0,0000
marquee 3,9120 0,0017
multimodal 2,6593 0,0012
rlpagemodules 0,0000 0,0000
vmin 4,6052 0,0020
demand 1,1712 0,0010
acss 4,6052 0,0020
cern 2,5257 0,0011
slow 1,1087 0,0010
atomic 2,0402 0,0009
letter 1,5606 0,0014
centimetre 4,6052 0,0020
samea 0,0000 0,0000
flash 2,1203 0,0009
wgwikibaseitemid 0,0000 0,0000
xmlhttprequ 2,4079 0,0011
complexity 0,9163 0,0004
wgulsiscompactlinksenable 0,0000 0,0000
frequently 1,0788 0,0005
another 0,3567 0,0002
automatically 0,7765 0,0003
pagevariantfallback 0,0000 0,0000
atkins 3,9120 0,0017
webarchive 0,7985 0,0004
default 0,6931 0,0006
arc 2,6593 0,0012
encryption 1,1712 0,0005
vendor 1,1087 0,0010
wgmonthname 0,0000 0,0000
disabled 0,0000 0,0000
where 0,2744 0,0001
attribute 0,7765 0,0007
mechanism 0,7550 0,0003
popular 0,6539 0,0003
timestamp 0,0000 0,0000
bandwidth 2,3026 0,0010
nest 1,7720 0,0008
call 0,0101 0,0000
such 0,0943 0,0000
absolute 2,0402 0,0009
describe 0,2485 0,0002
through 0,2107 0,0001
officer 2,0402 0,0009
icab 2,8134 0,0012
run 0,3011 0,0001
incorporate 1,1712 0,0005
microsoft 0,4005 0,0002
boast 3,5066 0,0015
debate 1,7720 0,0008
mouse 2,1203 0,0009
either 0,5621 0,0002
incomplete 2,4079 0,0011
jen 3,5066 0,0015
view 0,0000 0,0000
white 0,0305 0,0000
counterpart 2,6593 0,0012
donate 0,0000 0,0000
tristan 4,6052 0,0020
might 0,7340 0,0003
nielsen 2,8134 0,0012
bold 0,0408 0,0000
duplicate 1,8971 0,0008
difficulty 1,6607 0,0007
aug 2,5257 0,0011
gecko 2,8134 0,0012
galego 0,7550 0,0003
name 0,0000 0,0000
bolt 2,4079 0,0011
cputime 0,0000 0,0000
watchlist 0,0000 0,0000
migrate 2,0402 0,0009
next 0,5798 0,0003
frystyk 3,9120 0,0017
color 0,0101 0,0000
distance 2,3026 0,0010
hidden 1,6094 0,0007
import 1,5606 0,0007
occupy 2,6593 0,0012
string 1,2040 0,0005
nearly 1,4697 0,0006
show 0,0513 0,0000
description 0,0000 0,0000
edition 0,7985 0,0004
blink 2,5257 0,0011
button 1,7720 0,0008
usable 2,1203 0,0009
not 0,0101 0,0000
nov 2,3026 0,0010
now 0,4308 0,0002
statement 0,0000 0,0000
hence 1,7720 0,0008
trademark 0,0101 0,0000
factor 1,1712 0,0005
greek 0,0101 0,0000
konqueror 2,8134 0,0012
news 0,4620 0,0002
abbreviate 2,3026 0,0010
green 1,3863 0,0006
aural 3,9120 0,0017
effectively 1,3093 0,0006
introduce 0,3285 0,0001
clarification 1,7148 0,0015
way 0,2485 0,0001
target 0,0101 0,0000
xhtml 2,8134 0,0012
sibling 3,9120 0,0017
what 0,0000 0,0000
amaya 2,6593 0,0012
curie 3,2189 0,0014
furthermore 1,6607 0,0007
refer 0,4155 0,0007
israel 0,7550 0,0003
colon 3,5066 0,0031
container 0,0000 0,0000
contextual 3,5066 0,0015
leader 1,6607 0,0007
developers 0,0000 0,0000
quickly 1,1087 0,0005
usage 0,0000 0,0000
charles 1,2730 0,0006
decide 0,9943 0,0009
wgmediaviewerenabledbydefault 0,0000 0,0000
nearby 0,0000 0,0000
when 0,0834 0,0000
far 1,2730 0,0006
broad 1,1394 0,0005
plan 0,7985 0,0004
case 0,3285 0,0003
designate 1,9661 0,0009
nokia 2,0402 0,0009
give 0,4780 0,0006
canvas 2,3026 0,0010
item 0,0000 0,0000
wgmediavieweronclick 0,0000 0,0000
rockmelt 2,8134 0,0012
double 1,0498 0,0005
wgulsposition 0,0000 0,0000
epic 2,0402 0,0009
rendering 2,4079 0,0011
melayu 0,6349 0,0003
matches 4,6052 0,0020
explicit 1,4697 0,0006
moon 2,6593 0,0012
wgbreakframe 0,0000 0,0000
rely 0,6931 0,0003
determined 3,2189 0,0014
slide 2,3026 0,0010
utilize 1,7148 0,0008
italiano 0,1278 0,0001
sticky 0,0000 0,0000
style 0,0000 0,0000
participation 2,2073 0,0010
damage 2,6593 0,0012
estelle 4,6052 0,0020
explicitly 1,2040 0,0005
widget 2,4079 0,0011
searchinput 0,0000 0,0000
superset 2,5257 0,0011
pattern 0,5978 0,0003
commons 0,0000 0,0000
gain 0,8916 0,0004
misnomer 3,5066 0,0015
confuse 1,2040 0,0005
web 0,1165 0,0001
occasionally 3,2189 0,0014
architecture 0,0000 0,0000
nth 4,6052 0,0020
more 0,0000 0,0000
display 0,0000 0,0000
petrie 4,6052 0,0020
great 0,8675 0,0004
grid 1,4697 0,0006
organization 0,0000 0,0000
width 0,0000 0,0000
certain 0,6162 0,0003
board 1,0217 0,0004
ddwg 3,2189 0,0014
statistics 0,0000 0,0000
feb 2,0402 0,0009
donna 3,5066 0,0015
distinction 2,0402 0,0009
disability 2,8134 0,0012
simple 0,2231 0,0002
influence 1,3471 0,0006
protocol 0,5621 0,0002
overflow 0,3567 0,0002
whale 2,5257 0,0011
percentage 2,2073 0,0010
few 0,7133 0,0003
england 2,3026 0,0010
visible 0,0101 0,0000
orient 0,5447 0,0002
kind 0,8675 0,0004
hdml 3,2189 0,0014
both 0,0305 0,0000
important 0,0101 0,0000
most 0,2107 0,0001
effects 2,3026 0,0010
transfer 0,7985 0,0004
phrase 1,6094 0,0007
marker 3,2189 0,0014
effect 0,8440 0,0007
keep 0,6733 0,0003
topic 0,0000 0,0000
fallback 2,5257 0,0011
option 0,9416 0,0004
who 0,5621 0,0002
limitation 1,0498 0,0005
contribute 0,0000 0,0000
why 0,6539 0,0003
integrated 1,2379 0,0005
candidate 1,6094 0,0007
database 0,2485 0,0002
structural 1,7720 0,0008
visually 2,3026 0,0010
sheet 2,1203 0,0019
david 0,5798 0,0003
wgseparatortransformtable 0,0000 0,0000
rest 1,0788 0,0005
chromium 2,3026 0,0010
move 0,0000 0,0000
comply 2,2073 0,0010
original 0,0943 0,0000
also 0,0202 0,0000
say 0,6733 0,0003
designer 1,2730 0,0011
enough 0,9676 0,0004
increase 0,4620 0,0004
surpass 2,3026 0,0010
swiftfox 2,8134 0,0012
inline 0,0408 0,0000
yandex 2,1203 0,0009
various 0,3857 0,0002
organizations 1,5606 0,0007
visit 0,0408 0,0000
user 0,0000 0,0000
simply 0,9676 0,0004
equivalent 1,5141 0,0007
parent 1,8326 0,0008
bring 0,9676 0,0004
tooltip 0,8675 0,0004
offer 0,4155 0,0004
bar 1,3863 0,0006
fix 0,5108 0,0004
mcbride 3,9120 0,0017
complex 0,5621 0,0002
draft 1,6607 0,0015
elmcip 2,3026 0,0010
fluid 2,3026 0,0010
piratebrowser 2,8134 0,0012
overwrite 2,8134 0,0012
addition 0,6733 0,0003
surf 2,6593 0,0012
grow 0,8675 0,0008
molly 4,6052 0,0020
lynx 2,6593 0,0012
ancestor 2,9957 0,0013
documentation 0,6349 0,0003
hierarchy 1,6607 0,0007
engineers 2,5257 0,0011
personal 0,0000 0,0000
extend 0,6162 0,0003
ar 1,5141 0,0007
steven 1,4697 0,0006
imageobject 0,0000 0,0000
interpretation 2,2073 0,0010
consideration 1,5606 0,0007
schema 1,6094 0,0007
be 0,1508 0,0001
scheme 0,0101 0,0000
affect 1,0217 0,0009
handcraft 4,6052 0,0041
icon 0,0101 0,0000
consequently 2,1203 0,0009
expansiondepth 0,0000 0,0000
icedragon 2,8134 0,0012
bo 3,9120 0,0017
customize 1,5141 0,0007
coding 2,4079 0,0011
search 0,0000 0,0000
see 0,0408 0,0000
spacing 0,0619 0,0000
wgrelevantpagename 0,0000 0,0000
national 0,4463 0,0002
subsequent 1,6094 0,0007
indicate 1,0217 0,0009
unbordered 2,5257 0,0011
sep 2,4079 0,0011
completion 1,9661 0,0009
contain 0,0101 0,0000
set 0,2107 0,0002
incorrect 2,8134 0,0012
shqip 0,6931 0,0003
column 0,0101 0,0000
midori 2,4079 0,0011
integrate 0,5798 0,0003
pearson 1,7720 0,0008
wgaction 0,0000 0,0000
interview 1,5606 0,0007
font 0,0000 0,0000
scalable 1,5141 0,0007
arora 2,5257 0,0011
jun 2,8134 0,0012
precede 2,4079 0,0011
omniweb 2,8134 0,0012
connolly 2,9957 0,0013
language 0,0000 0,0000
bem 4,6052 0,0020
do 0,1625 0,0002
navbox 0,0943 0,0000
listitem 0,0408 0,0000
franca 2,4079 0,0011
contact 0,0000 0,0000
france 0,8675 0,0004
wot 3,2189 0,0014
powerpoint 4,6052 0,0020
programming 0,2744 0,0001
digit 2,0402 0,0009
image 0,0202 0,0000
chrome 2,2073 0,0010
typically 0,3857 0,0002
browsers 3,2189 0,0014
never 1,1712 0,0005
piece 1,4271 0,0006
adjust 1,8971 0,0025
carry 1,4271 0,0006
party 0,6539 0,0003
frame 1,6094 0,0007
cursor 0,0619 0,0000
however 0,3011 0,0001
foo 2,9957 0,0013
origin 0,0000 0,0000
waterfox 2,8134 0,0012
smil 3,2189 0,0014
walltime 0,0000 0,0000
interlanguage 0,0000 0,0000
content 0,0000 0,0000
duckduckgo 2,6593 0,0012
hover 3,9120 0,0017
random 0,0000 0,0000
wikibooks 0,8210 0,0004
desktop 1,0788 0,0005
related 0,9676 0,0004
mosaic 2,6593 0,0012
client 0,0000 0,0000
foss 1,8971 0,0008
json 1,2379 0,0005
divide 1,4271 0,0006
class 0,0000 0,0000
gehomepagesuggestededitsenabletopic 0,0000 0,0000
over 0,3285 0,0001
false 0,0000 0,0000
go 0,9943 0,0009
specification 0,7133 0,0006
steering 2,4079 0,0011
counter 0,0408 0,0000
parse 0,0619 0,0001
fosi 4,6052 0,0020
srpskohrvatski 0,9163 0,0004
fork 1,1394 0,0005
clark 2,0402 0,0009
form 0,3011 0,0001
management 0,2231 0,0001
publish 0,4463 0,0004
developer 0,1744 0,0002
avoid 0,0101 0,0000
he 0,6733 0,0003
subset 1,1394 0,0005
assign 1,2730 0,0017
very 0,5978 0,0003
practice 0,6349 0,0003
modes 3,5066 0,0015
select 0,9676 0,0004
recommendation 1,6094 0,0007
output 0,0000 0,0000
kesteren 4,6052 0,0020
orion 2,3026 0,0010
sko 2,8134 0,0012
marcotte 4,6052 0,0020
model 0,0000 0,0000
id 2,8134 0,0012
join 1,1087 0,0005
portal 0,0000 0,0000
reduce 0,0101 0,0000
sentence 0,0000 0,0000
oct 1,9661 0,0009
advisory 2,8134 0,0012
issue 0,3425 0,0002
kern 0,0101 0,0000
large 0,2485 0,0002
index 1,0498 0,0005
mathml 3,2189 0,0014
httpd 3,2189 0,0014
odd 0,0943 0,0000
operate 0,3567 0,0003
begin 0,5108 0,0009
wgvisualeditor 0,0000 0,0000
become 0,2877 0,0004
template 0,0000 0,0000
charset 3,5066 0,0015
paragraph 2,8134 0,0025
jennifer 2,4079 0,0011
enwiki 0,0619 0,0000
occurrence 2,6593 0,0012
subscription 0,0101 0,0000
basilisk 2,4079 0,0011
falkon 2,8134 0,0012
library 0,3857 0,0002
navbar 0,0202 0,0000
world 0,3857 0,0002
subbox 0,6931 0,0003
jsss 2,6593 0,0012
december 0,0000 0,0000
ability 0,7340 0,0003
table 0,0000 0,0000
taqbaylit 2,4079 0,0011
charon 2,8134 0,0012
side 0,3425 0,0003
gaeilge 1,2040 0,0005
break 0,0101 0,0000
librewolf 2,8134 0,0012
change 0,0000 0,0000
beonex 2,8134 0,0012
myclass 4,6052 0,0020
webvtt 3,2189 0,0014
printable 0,0000 0,0000
off 0,8916 0,0004
snapshots 4,6052 0,0020
likewise 2,8134 0,0012
hide 0,0000 0,0000
meleon 2,8134 0,0012
report 0,0202 0,0000
complete 0,4780 0,0002
agora 3,2189 0,0014
elementid 4,6052 0,0020
hutchinson 3,5066 0,0015
auto 0,0726 0,0000
several 0,4155 0,0002
sign 1,2379 0,0005
decouple 2,5257 0,0011
wgcanonicalspecialpagename 0,0000 0,0000
second 0,0408 0,0000
coupling 2,5257 0,0011
that 0,5108 0,0002
download 0,0000 0,0000
edge 1,2379 0,0005
high 0,0101 0,0000
split 0,0000 0,0000
www 1,7720 0,0008
publication 1,5141 0,0007
than 0,2357 0,0001
limit 0,0000 0,0000
testbed 4,6052 0,0020
patchy 4,6052 0,0020
bnf 0,9163 0,0004
communication 0,6162 0,0003
different 0,0513 0,0000
directly 0,5108 0,0002
level 0,0000 0,0000
author 0,0000 0,0000
interoperability 1,8326 0,0008
preserve 1,8326 0,0008
establish 0,8916 0,0004
expansion 0,0619 0,0000
relevant 1,2040 0,0005
license 0,0000 0,0000
expand 0,0101 0,0000
salamweb 2,8134 0,0012
wgmfdisplaywikibasedescription 0,0000 0,0000
retrieve 0,0000 0,0000
datum 0,0408 0,0000
code 0,0000 0,0000
legacy 1,5141 0,0007
predominant 3,2189 0,0014
wgdefaultdateformat 0,0000 0,0000
bos 3,9120 0,0017
box 0,0408 0,0000
storage 0,3711 0,0002
postcss 4,6052 0,0020
switch 0,9163 0,0008
head 0,7765 0,0007
total 0,0000 0,0000
deutsch 0,0943 0,0000
nochange 4,6052 0,0020
hexadecimal 2,6593 0,0012
initiative 1,0217 0,0004
determine 0,7985 0,0011
nature 1,0498 0,0005
src 0,6349 0,0003
considerably 3,5066 0,0015
control 0,1625 0,0001
sri 2,4079 0,0011
symbian 2,2073 0,0010
attribution 0,0000 0,0000
compliant 2,2073 0,0010
geolocation 2,3026 0,0010
increasingly 1,4271 0,0006
presentational 3,5066 0,0015
concatenate 3,5066 0,0015
vary 0,0619 0,0000
coherent 2,8134 0,0012
upper 0,0101 0,0000
ssp 4,6052 0,0020
hinder 2,6593 0,0023
expiry 0,0619 0,0000
minerva 0,0101 0,0000
brand 0,0000 0,0000
publishing 0,7550 0,0003
recent 0,0000 0,0000
raggett 3,2189 0,0014
they 0,0619 0,0001
proposal 1,6094 0,0014
browsing 1,8326 0,0008
github 0,7340 0,0003
modular 1,5141 0,0007
edit 0,0000 0,0000
old 0,8675 0,0004
then 0,3567 0,0002
node 0,0305 0,0000
concepts 1,1394 0,0005
adopt 0,9163 0,0008
oppose 1,6094 0,0007
device 0,7550 0,0007
access 0,2877 0,0004
conference 0,3425 0,0002
webrtc 2,3026 0,0010
activity 0,9943 0,0004
skeletal 4,6052 0,0020
simi 0,9416 0,0004
gazelle 2,8134 0,0012
workaround 2,8134 0,0012
selflink 0,0101 0,0000
current 0,0000 0,0000
xpath 2,5257 0,0011
defunct 1,9661 0,0009
nynorsk 1,2379 0,0005
variety 0,9943 0,0004
specificity 3,9120 0,0017
vector 0,0000 0,0000
audio 1,2379 0,0005
conferences 2,2073 0,0010
key 0,0305 0,0000
silk 2,2073 0,0010
cachereport 0,0000 0,0000
pretitle 1,3471 0,0006
necessary 0,8440 0,0004
svg 1,0788 0,0005
one 0,0943 0,0000
hotjava 2,8134 0,0012
store 0,5447 0,0002
tagalog 1,2040 0,0005
bosanski 0,8916 0,0004
single 0,3147 0,0001
entityaccesscount 0,0000 0,0000
pull 1,5606 0,0007
oocss 4,6052 0,0020
bug 0,8675 0,0004
symbol 1,8326 0,0008
declare 1,6094 0,0014
separate 0,6162 0,0005
available 0,0000 0,0000
variant 0,0619 0,0000
dynamic 0,7133 0,0003
generate 0,8210 0,0004
ensure 0,7985 0,0011
violawww 4,6052 0,0020
query 1,1394 0,0005
degree 1,7720 0,0008
this 0,1278 0,0001
norsk 0,3285 0,0001
suppose 3,2189 0,0014
modules 2,5257 0,0011
memusage 0,0000 0,0000
libwww 3,2189 0,0014
especially 0,8210 0,0004
once 0,7985 0,0004
solve 0,9416 0,0004
know 0,2231 0,0001
demonstrate 1,3471 0,0006
support 0,1393 0,0001
drop 1,1394 0,0010
xbl 3,2189 0,0014
wgpopupsflag 0,0000 0,0000
polski 0,1165 0,0001
privacy 0,0000 0,0000
vertical 0,7985 0,0004
pure 1,9661 0,0009
softquad 4,6052 0,0020
interoperable 3,2189 0,0014
proprietary 0,9676 0,0004
gap 1,2040 0,0005
monospaced 2,0402 0,0009
emphasize 1,6094 0,0014
extensible 1,8326 0,0008
normal 0,0202 0,0000
previous 1,1712 0,0005
wide 0,6539 0,0006
org 1,5141 0,0007
reading 2,1203 0,0009
technology 0,1863 0,0002
universalization 4,6052 0,0020
directive 1,8971 0,0008
ungoogled 2,8134 0,0012
wgarticleid 0,0000 0,0000
pagelanguagedir 0,0000 0,0000
wgcitereferencepreviewsactive 0,0000 0,0000
location 0,9943 0,0004
flexbox 3,2189 0,0014
compromise 1,8326 0,0008
sisr 3,2189 0,0014
unstyled 4,6052 0,0020
software 0,0000 0,0000
frameworks 2,0402 0,0009
reach 1,2040 0,0005
none 0,0101 0,0000
type 0,0000 0,0000
april 0,0000 0,0000
feedback 1,3471 0,0006
hack 1,3471 0,0006
problem 0,3285 0,0001
antti 3,9120 0,0017
justify 1,8326 0,0008
review 0,6162 0,0005
href 3,5066 0,0015
between 0,2107 0,0001
chevalier 4,6052 0,0020
guide 0,3711 0,0002
stylesheet 2,9957 0,0026
efficiency 0,8916 0,0004
erratum 3,5066 0,0015
lauren 2,9957 0,0013
goal 0,8440 0,0004
kazehakase 2,8134 0,0012
method 0,3147 0,0001
comodo 2,8134 0,0012
overhead 1,2040 0,0005
streams 2,5257 0,0011
scroll 2,8134 0,0012
come 0,4155 0,0005
baseline 1,7720 0,0008
ott 2,5257 0,0011
push 0,0000 0,0000
typeface 3,5066 0,0015
exist 0,4155 0,0004
ladybird 2,8134 0,0012
following 2,1203 0,0009
force 1,0217 0,0004
notifications 2,8134 0,0012
range 0,8675 0,0008
out 0,0000 0,0000
cailliau 3,5066 0,0015
pseudoelement 4,6052 0,0020
feature 0,0000 0,0000
telecon 4,6052 0,0020
get 0,0000 0,0000
dark 0,0101 0,0000
place 0,5447 0,0007
power 0,6733 0,0003
regular 1,2379 0,0005
neoplanet 2,8134 0,0012
lead 0,2231 0,0001
filter 1,4697 0,0013
help 0,0000 0,0000
site 0,0000 0,0000
depth 0,0000 0,0000
lilley 3,9120 0,0017
additionally 1,0498 0,0005
prone 1,9661 0,0009
sharealike 0,0000 0,0000
date 0,3011 0,0003
argument 0,0513 0,0000
data 0,0000 0,0000
owl 2,8134 0,0012
firefox 2,2073 0,0010
own 0,4780 0,0002
wiki 1,2730 0,0006
subsystem 2,0402 0,0009
wgpageviewlanguage 0,0000 0,0000
blog 0,6349 0,0003
accesskey 0,0000 0,0000
tab 2,4079 0,0011
plain 1,5141 0,0007
only 0,2107 0,0001
should 0,3711 0,0002
create 0,0000 0,0000
tag 0,0000 0,0000
development 0,1278 0,0001
individual 0,7985 0,0004
like 0,2231 0,0001
resource 0,4620 0,0004
brace 2,9957 0,0013
blueprint 2,9957 0,0013
enforce 1,4271 0,0006
kyrnin 4,6052 0,0020
srgs 3,2189 0,0014
potentially 0,7765 0,0003
here 0,0000 0,0000
note 0,4155 0,0005
camino 2,8134 0,0012
dave 1,5141 0,0007
line 0,0101 0,0000
link 0,0000 0,0000
distinct 1,3471 0,0006
scale 0,4943 0,0002
tune 2,3026 0,0010
can 0,0408 0,0000
numerical 1,8971 0,0008
cap 0,0619 0,0000
contributor 0,0000 0,0000
wgcanonicalnamespace 0,0000 0,0000
organize 1,1712 0,0005
flex 0,5276 0,0002
ready 0,0000 0,0000
orientation 2,3026 0,0010
cost 0,6733 0,0003
tableless 3,9120 0,0017
wgisredirect 0,0000 0,0000
limited 0,8916 0,0004
will 0,2485 0,0001
sputnik 2,4079 0,0011
worldwideweb 2,8134 0,0012
february 0,0000 0,0000
implementation 0,3147 0,0003
match 0,5276 0,0005
standardize 1,7148 0,0008
follow 0,2744 0,0002
intent 1,8971 0,0008
really 1,5606 0,0007
fragment 2,5257 0,0011
readability 2,5257 0,0011
myid 4,6052 0,0020
viewport 4,6052 0,0020
compliance 1,4271 0,0006
responsive 0,0202 0,0000
namespace 1,5141 0,0007
independently 1,3863 0,0006
category 0,0000 0,0000
intend 0,6162 0,0003
wikidata 0,0000 0,0000
