cancel 2,4079 0,0008
german 1,6607 0,0005
carplay 3,5066 0,0011
latina 1,4697 0,0005
numerous 1,3863 0,0004
unavailable 2,3026 0,0007
upload 0,0000 0,0000
multitasking 2,2073 0,0007
tiling 3,9120 0,0012
hall 1,3471 0,0004
resemble 2,3026 0,0007
wggelevelingupenabledforuser 0,0000 0,0000
wgrestrictionmove 0,0000 0,0000
remote 0,9163 0,0003
without 0,2744 0,0001
ted 2,2073 0,0007
would 0,3425 0,0001
pick 1,9661 0,0006
ten 1,6607 0,0005
daring 3,9120 0,0012
tep 4,6052 0,0014
userland 2,8134 0,0009
eweek 2,6593 0,0008
solid 0,0202 0,0000
conde 4,6052 0,0014
hackintoshes 4,6052 0,0014
notably 1,8326 0,0006
coincide 3,9120 0,0012
neutral 0,5447 0,0002
optional 1,3093 0,0004
require 0,0000 0,0000
analysis 0,5108 0,0002
rothenbourg 4,6052 0,0014
click 1,7148 0,0005
backwards 2,5257 0,0008
lion 3,2189 0,0010
rewrite 1,2040 0,0008
scribunto 0,0000 0,0000
bonjour 4,6052 0,0014
cdo 3,9120 0,0012
cooperative 1,7720 0,0006
journalist 2,8134 0,0009
size 0,0000 0,0000
left 0,0408 0,0000
cdx 0,0000 0,0000
rounded 3,9120 0,0012
avie 3,9120 0,0012
much 0,6931 0,0002
xnu 3,5066 0,0011
object 0,3711 0,0001
walkie 3,9120 0,0012
airy 4,6052 0,0014
cygwin 3,2189 0,0010
lombard 1,1712 0,0004
independent 0,8440 0,0003
ahead 1,7148 0,0005
glossy 4,6052 0,0014
conneally 4,6052 0,0014
gsub 1,7148 0,0005
alleged 3,2189 0,0010
turn 1,0498 0,0003
ceo 1,5606 0,0005
weekly 2,4079 0,0008
example 0,2485 0,0001
result 0,2231 0,0001
same 0,2357 0,0001
transitional 3,5066 0,0011
hevc 4,6052 0,0014
xor 3,9120 0,0012
after 0,0305 0,0000
headline 0,0000 0,0000
solaris 1,7148 0,0005
connect 0,8675 0,0005
o'malley 4,6052 0,0014
policy 0,0000 0,0000
resume 3,5066 0,0011
address 0,5621 0,0002
kernel 1,2379 0,0004
namely 2,6593 0,0008
union 1,3093 0,0004
cfo 2,5257 0,0008
pagelanguagecode 0,0000 0,0000
gnv 3,5066 0,0011
gnu 1,1087 0,0003
transientcontent 0,0000 0,0000
subtle 0,3285 0,0001
component 0,3147 0,0002
sale 1,6607 0,0005
suite 1,2040 0,0004
xprotect 4,6052 0,0014
idhash 0,0619 0,0000
imac 3,9120 0,0024
norway 2,5257 0,0008
fifth 2,0402 0,0006
timeline 1,0788 0,0003
illustration 2,5257 0,0008
information 0,0000 0,0000
quarantine 4,6052 0,0014
subsidiaries 3,2189 0,0010
arch 2,3026 0,0007
combined 3,2189 0,0010
ternus 3,9120 0,0012
wrap 0,0101 0,0000
standard 0,2357 0,0001
acceptable 2,6593 0,0008
november 0,0000 0,0000
textedit 4,6052 0,0014
good 0,4155 0,0004
empty 0,0305 0,0000
browett 3,9120 0,0012
wise 3,5066 0,0011
andrea 2,0402 0,0006
beddit 3,9120 0,0012
fullversionlist 0,0000 0,0000
tim 1,0498 0,0003
implement 0,3285 0,0001
export 0,0000 0,0000
area 0,7985 0,0005
murder 3,9120 0,0012
fantasy 3,9120 0,0012
pay 1,1712 0,0004
gpt 3,2189 0,0010
list 0,0000 0,0000
campbell 2,9957 0,0009
gpu 2,8134 0,0009
andrew 1,0498 0,0003
onto 1,8971 0,0006
strange 3,5066 0,0011
lack 0,5447 0,0002
external 0,1863 0,0001
spending 2,5257 0,0008
labs 1,2730 0,0004
success 1,2379 0,0004
authority 0,4780 0,0001
lisa 2,4079 0,0008
onwards 2,8134 0,0009
child 0,0202 0,0000
manning 1,6607 0,0005
mainentity 0,0000 0,0000
germany 0,5798 0,0002
cio 2,9957 0,0009
interface 0,2485 0,0002
technopedia 4,6052 0,0014
remove 0,3711 0,0003
disclaimers 0,0000 0,0000
unsupported 2,3026 0,0007
root 0,4780 0,0001
disambiguation 1,5606 0,0005
wgisprobablyeditable 0,0000 0,0000
standardized 1,8971 0,0006
treasure 3,9120 0,0012
compiler 1,3093 0,0004
bruce 1,8326 0,0006
ligure 2,5257 0,0008
live 1,1712 0,0004
citation 0,0101 0,0000
approval 2,1203 0,0013
mobile 0,0000 0,0000
multiple 0,2485 0,0001
perform 0,4463 0,0001
forstall 3,9120 0,0012
evolution 1,3471 0,0004
concentrate 3,2189 0,0010
room 1,7720 0,0006
plainlist 0,4463 0,0001
pdf 0,0000 0,0000
china 1,6094 0,0005
computerworld 1,7148 0,0005
service 0,1393 0,0001
there 0,2614 0,0001
permit 1,3093 0,0004
translation 1,8326 0,0006
analyst 2,0402 0,0006
well 0,2744 0,0002
suitable 1,3471 0,0004
magazine 0,9943 0,0003
pagetype 1,0788 0,0003
bitness 0,0000 0,0000
rgba 0,0101 0,0000
imovie 3,9120 0,0012
focus 0,6733 0,0006
overused 4,6052 0,0014
entire 0,8675 0,0003
utilities 3,2189 0,0010
pill 3,9120 0,0012
schmidt 1,9661 0,0006
myth 2,6593 0,0017
williams 2,2073 0,0007
block 0,0408 0,0001
foresman 3,9120 0,0012
write 0,1508 0,0001
flow 0,3425 0,0002
cli 1,5141 0,0005
africa 2,5257 0,0008
opensolaris 2,6593 0,0008
aria 0,0000 0,0000
boxtext 0,0619 0,0000
byte 0,0408 0,0000
dismiss 2,9957 0,0009
classroom 3,2189 0,0010
gore 3,5066 0,0011
macintosh 2,2073 0,0007
pinstripe 4,6052 0,0014
indonesia 0,3567 0,0001
intel 1,6094 0,0005
heaven 3,9120 0,0012
intelligence 0,8916 0,0003
minix 2,8134 0,0009
ever 1,3863 0,0004
even 0,0513 0,0000
install 1,3093 0,0016
automator 4,6052 0,0014
binary 0,9943 0,0006
transparency 1,8326 0,0006
idvd 4,6052 0,0014
integration 0,4620 0,0001
restriction 1,4271 0,0004
crazy 3,9120 0,0012
esperanto 0,7133 0,0002
tagline 0,0000 0,0000
gui 1,3471 0,0004
spolsky 4,6052 0,0014
compressor 3,5066 0,0011
regexp 0,0000 0,0000
subsection 0,1508 0,0000
successor 1,5606 0,0005
wgeditsubmitbuttonlabelpublish 0,0000 0,0000
taligent 3,5066 0,0011
illumos 3,5066 0,0011
save 1,3863 0,0004
magnificent 3,9120 0,0012
toc 0,0000 0,0000
protection 0,4463 0,0003
functionality 0,6539 0,0002
aero 3,9120 0,0012
matter 1,2379 0,0004
restrict 1,5141 0,0005
wgpagecontentmodel 0,0000 0,0000
mickey 3,9120 0,0012
instant 2,5257 0,0008
keystroke 2,9957 0,0009
ton 2,9957 0,0009
tom 1,3863 0,0004
top 0,0000 0,0000
native 0,8916 0,0003
technica 1,3093 0,0004
too 0,8916 0,0003
have 0,2744 0,0002
powerpc 2,8134 0,0009
costly 2,5257 0,0008
hobbyist 2,3026 0,0007
cnn 2,1203 0,0007
gaming 1,8971 0,0006
product 0,4005 0,0002
particularly 0,9943 0,0003
stupidity 3,9120 0,0012
question 0,9416 0,0003
serenityos 3,5066 0,0011
walter 2,5257 0,0008
homebrew 2,8134 0,0009
cheap 1,8971 0,0006
produce 0,6931 0,0006
picture 2,1203 0,0013
peek 3,5066 0,0011
verge 1,8326 0,0006
wgnamespacenumber 0,0000 0,0000
framework 0,2877 0,0002
guerrino 3,9120 0,0012
itunes 3,9120 0,0012
disable 2,2073 0,0007
wgwmepagelength 0,0000 0,0000
rose 2,9957 0,0009
entity 0,0101 0,0000
infect 3,2189 0,0010
capitan 3,9120 0,0012
com 0,8210 0,0003
col 0,9943 0,0003
tonight 4,6052 0,0014
capital 1,8326 0,0006
coo 2,6593 0,0008
expensivefunctioncount 0,0000 0,0000
almost 1,1087 0,0003
hattersley 4,6052 0,0014
inkwell 4,6052 0,0014
descendant 2,8134 0,0009
upon 0,8916 0,0003
demerjian 4,6052 0,0014
platforms 1,4697 0,0005
timeusage 0,0000 0,0000
airtag 3,9120 0,0012
automation 0,7550 0,0002
pin 0,0000 0,0000
passwords 3,5066 0,0011
macbook 3,9120 0,0012
function 0,0000 0,0000
lala 3,9120 0,0012
west 2,2073 0,0007
quite 2,2073 0,0007
sneak 3,5066 0,0011
matthew 1,9661 0,0006
comparison 0,4005 0,0001
lay 2,4079 0,0008
surge 2,3026 0,0007
cpu 0,0408 0,0000
infobox 0,6931 0,0002
italics 2,4079 0,0008
less 0,6162 0,0002
tick 3,5066 0,0011
basis 1,1087 0,0003
pcache 0,0619 0,0000
improve 0,2485 0,0002
snow 2,9957 0,0009
previews 4,6052 0,0014
october 0,0000 0,0000
try 0,9676 0,0006
braeburn 3,9120 0,0012
visionos 3,9120 0,0012
specialized 1,3471 0,0004
tevanian 3,9120 0,0012
woolard 3,9120 0,0012
complication 0,0513 0,0000
footer 2,9957 0,0009
university 0,5621 0,0002
cause 0,6162 0,0002
technique 0,7550 0,0002
units 4,6052 0,0014
jquery 0,0000 0,0000
scripting 1,2040 0,0004
bento 4,6052 0,0014
times 1,3093 0,0004
similarly 1,4697 0,0005
busy 3,5066 0,0011
design 0,1393 0,0001
extra 1,7720 0,0006
friday 3,5066 0,0011
land 2,4079 0,0008
timeless 0,0101 0,0000
direction 1,2379 0,0004
accord 0,5108 0,0002
luasandboxcallback 1,4271 0,0004
sandbox 2,3026 0,0007
automatic 1,2379 0,0004
chooser 4,6052 0,0014
italian 3,2189 0,0010
wgwmeschemaeditattemptstepoversample 0,0000 0,0000
ttl 0,0000 0,0000
encyclopedia 0,0000 0,0000
conduct 0,0000 0,0000
masrk 4,6052 0,0014
tognazzini 3,9120 0,0012
stable 0,7133 0,0002
productions 4,6052 0,0014
formerly 1,2040 0,0004
maintenance 0,6733 0,0002
wall 1,7148 0,0005
psystar 4,6052 0,0014
slashdot 3,2189 0,0010
mastroianni 4,6052 0,0014
abovebelow 0,0943 0,0000
prototypes 3,9120 0,0012
accessibility 1,4697 0,0005
japan 1,2730 0,0004
bhartiya 4,6052 0,0014
unidentified 3,9120 0,0012
advertising 1,7720 0,0006
iokit 4,6052 0,0014
netbsd 2,5257 0,0008
lee 1,3471 0,0004
supply 1,4697 0,0005
circulate 2,9957 0,0009
filemaker 3,9120 0,0012
revamp 3,5066 0,0011
beautiful 3,5066 0,0011
integrity 1,3863 0,0004
mountain 2,9957 0,0009
password 1,7720 0,0011
translucency 4,6052 0,0014
stats 2,4079 0,0008
granneman 4,6052 0,0014
merge 1,6607 0,0005
pref 0,0000 0,0000
wordless 4,6052 0,0014
rendezvous 4,6052 0,0014
state 0,3425 0,0002
csrftoken 0,0000 0,0000
dock 3,5066 0,0011
press 0,5621 0,0002
lightroom 4,6052 0,0014
element 0,0000 0,0000
chaos 2,5257 0,0008
separately 1,5606 0,0005
night 0,0000 0,0000
want 0,8675 0,0003
breathtaking 4,6052 0,0014
vulnerability 1,3863 0,0009
recognize 1,3471 0,0004
processor 1,1394 0,0007
each 0,1393 0,0000
javascript 0,9416 0,0003
kong 2,8134 0,0009
mediawiki 1,0788 0,0003
input 0,0000 0,0000
cue 2,9957 0,0009
toolkit 1,5141 0,0005
engadget 2,9957 0,0009
difference 0,8916 0,0003
vaporware 4,6052 0,0014
infringe 2,9957 0,0009
asahi 3,2189 0,0010
macdraw 4,6052 0,0014
datawrapper 1,6094 0,0005
cup 3,5066 0,0011
unpinned 0,0000 0,0000
sophisticated 1,8326 0,0006
cut 1,7720 0,0006
entertainment 2,2073 0,0007
neatly 3,9120 0,0012
probably 2,3026 0,0007
document 0,4463 0,0003
vkernel 2,3026 0,0007
aluminum 4,6052 0,0014
availability 1,1394 0,0004
screenshot 2,5257 0,0008
two 0,2744 0,0001
moment 2,6593 0,0008
writable 3,2189 0,0010
aasp 3,9120 0,0012
pop 1,6607 0,0005
incompatible 1,9661 0,0006
promote 1,3093 0,0008
cve 2,8134 0,0009
found 1,2379 0,0004
primesense 3,9120 0,0012
attack 1,1712 0,0004
builder 1,7148 0,0005
attach 1,8326 0,0006
distribute 0,3857 0,0004
graphic 1,6094 0,0010
datepublished 0,0000 0,0000
applecare 3,9120 0,0012
receive 0,7340 0,0007
think 0,9676 0,0003
gradient 3,2189 0,0010
reporter 3,9120 0,0012
services 1,1087 0,0003
marketing 1,2730 0,0004
wgusername 0,0000 0,0000
speech 2,0402 0,0006
watch 1,6607 0,0005
polish 3,9120 0,0012
thing 1,0788 0,0003
fashion 2,0402 0,0006
spencer 2,3026 0,0007
webos 3,5066 0,0011
clips 3,5066 0,0011
consortium 1,8326 0,0006
drexler 3,5066 0,0011
landau 3,5066 0,0011
source 0,1393 0,0000
ultrix 3,2189 0,0010
align 0,0101 0,0000
lynch 3,9120 0,0012
unable 2,2073 0,0007
hackintosh 4,6052 0,0014
hal 1,9661 0,0006
kevin 1,5606 0,0005
compile 1,1712 0,0004
late 0,4155 0,0004
school 1,5141 0,0005
continue 0,6931 0,0004
lit 4,6052 0,0014
avenue 3,5066 0,0011
hat 1,4697 0,0005
immense 3,2189 0,0010
stability 1,9661 0,0006
brush 3,9120 0,0012
tech 1,2040 0,0004
actual 1,1394 0,0004
tension 3,5066 0,0011
chess 2,8134 0,0009
kanga 4,6052 0,0014
unlock 2,4079 0,0015
last 0,0000 0,0000
campus 2,3026 0,0007
imageright 0,2614 0,0001
ultimate 1,8971 0,0006
widely 0,7985 0,0002
eric 1,1394 0,0004
weight 0,0101 0,0000
develop 0,1863 0,0002
pro 1,6094 0,0005
technologies 1,0788 0,0003
warm 3,9120 0,0024
procare 3,9120 0,0012
roberts 2,3026 0,0007
district 2,5257 0,0008
ichat 3,9120 0,0012
page 0,0000 0,0000
compatibility 0,9416 0,0003
larabel 3,9120 0,0012
full 0,0202 0,0000
psa 3,9120 0,0012
away 1,4271 0,0004
memory 0,0408 0,0000
scientist 1,3863 0,0004
concept 0,3711 0,0001
johny 3,9120 0,0012
skeuomorphism 4,6052 0,0014
video 0,8210 0,0005
gupta 2,5257 0,0008
house 1,4271 0,0004
grapher 4,6052 0,0014
anything 2,1203 0,0007
newton 2,8134 0,0009
minimal 1,2730 0,0004
sheepshaver 3,5066 0,0011
ends 4,6052 0,0014
numeral 3,9120 0,0024
steady 3,9120 0,0012
early 0,4308 0,0003
enhance 0,8916 0,0006
convention 1,8971 0,0006
overview 0,5447 0,0002
prodos 3,9120 0,0012
junio 3,9120 0,0012
yes 1,9661 0,0006
center 0,0000 0,0000
purchase 1,5141 0,0014
start 0,3011 0,0003
yet 1,1087 0,0003
windows 0,7985 0,0002
engineer 0,7765 0,0002
emagic 3,9120 0,0012
endorse 2,9957 0,0009
lifestyle 3,9120 0,0012
manage 0,3567 0,0002
genius 2,9957 0,0009
silicon 2,4079 0,0008
disney 3,9120 0,0012
infrastructure 0,6733 0,0002
wikimedia 0,0000 0,0000
initially 1,0788 0,0003
short 0,0000 0,0000
time 0,0000 0,0000
buzz 3,9120 0,0012
studio 1,3471 0,0004
shadow 2,1203 0,0007
happy 2,8134 0,0009
interactive 0,4463 0,0001
program 0,2614 0,0002
diskimagemounter 4,6052 0,0014
consistency 1,6094 0,0005
three 0,3711 0,0001
put 0,9416 0,0003
midi 3,9120 0,0012
twitter 1,7720 0,0006
youku 4,6052 0,0014
carbon 1,8971 0,0006
season 3,2189 0,0010
specifically 0,8916 0,0003
enter 1,2040 0,0008
hey 3,2189 0,0010
struggle 2,5257 0,0008
hardware 0,5798 0,0002
identifier 1,4697 0,0005
deputy 3,5066 0,0011
ibooks 4,6052 0,0014
russian 1,8971 0,0006
heritage 4,6052 0,0014
paging 2,5257 0,0008
philosophy 1,1712 0,0004
priority 1,4697 0,0005
creative 0,0000 0,0000
nederlands 0,1985 0,0001
lapse 3,5066 0,0011
chris 1,2040 0,0004
allocate 1,5606 0,0005
hfs 3,9120 0,0012
provide 0,1625 0,0002
wayback 0,7985 0,0002
light 1,3093 0,0004
mellon 2,5257 0,0008
webcam 4,6052 0,0014
imessage 3,9120 0,0012
primary 0,7765 0,0002
adams 2,9957 0,0009
supercomputer 2,0402 0,0006
infection 3,2189 0,0010
xpostfacto 4,6052 0,0014
angela 3,2189 0,0010
log 0,0000 0,0000
wgcheckuserclienthintsheadersjsapi 0,0000 0,0000
roadmap 2,4079 0,0008
euskara 0,5108 0,0002
mailing 1,8971 0,0006
pws 2,9957 0,0009
shelve 4,6052 0,0014
layer 0,7340 0,0007
smart 1,2379 0,0004
unknown 1,4271 0,0004
lot 1,5606 0,0005
tourist 4,6052 0,0014
desist 4,6052 0,0014
computer 0,1863 0,0001
low 0,0101 0,0000
timingprofile 0,0000 0,0000
ifund 3,9120 0,0012
theme 0,0000 0,0000
pane 4,6052 0,0014
pxe 2,5257 0,0008
wgcategory 0,0000 0,0000
editor 0,0000 0,0000
postexpandincludesize 0,0000 0,0000
chain 1,3471 0,0004
chaim 3,9120 0,0012
edwin 2,9957 0,0009
wallet 2,5257 0,0008
initial 0,3857 0,0001
unstrip 0,0000 0,0000
apress 1,7148 0,0005
unify 2,4079 0,0008
wwdc 3,5066 0,0011
consistent 1,1712 0,0004
templateargumentsize 0,0000 0,0000
unsourced 0,5621 0,0002
january 0,0000 0,0000
permanent 0,0000 0,0000
tweak 4,6052 0,0014
asturianu 1,2730 0,0004
astrophysicist 4,6052 0,0014
chan 2,6593 0,0008
choice 1,0498 0,0003
facility 1,0498 0,0003
small 0,0305 0,0000
quick 1,3863 0,0004
alliance 1,8971 0,0006
before 0,0305 0,0000
friendly 1,9661 0,0006
tell 1,5606 0,0010
replace 0,7340 0,0007
experience 0,7985 0,0005
italic 0,1278 0,0000
dan 0,9943 0,0003
hit 2,0402 0,0006
trek 3,2189 0,0010
denote 2,1203 0,0007
major 0,5621 0,0002
beat 1,9661 0,0006
interrupt 2,2073 0,0014
worldwide 1,4271 0,0004
consider 0,4005 0,0002
day 0,0000 0,0000
potential 1,0788 0,0003
group 0,0408 0,0000
intrinsity 3,9120 0,0012
clover 3,9120 0,0012
format 0,0101 0,0000
tree 1,1394 0,0004
runtime 1,2040 0,0004
archive 0,0943 0,0001
artwork 3,5066 0,0011
history 0,0000 0,0000
water 2,6593 0,0008
countless 3,9120 0,0012
yosemite 3,9120 0,0012
correlate 2,6593 0,0008
serlet 3,9120 0,0012
interference 2,8134 0,0009
launches 2,9957 0,0009
ease 1,7720 0,0006
critical 0,8916 0,0003
mike 1,2040 0,0004
wgrestrictionedit 0,0000 0,0000
part 0,1985 0,0001
howard 2,8134 0,0009
wgpageparsereport 0,0000 0,0000
outcry 4,6052 0,0014
shepherd 4,6052 0,0014
webkit 2,5257 0,0008
percent 1,7720 0,0006
debut 2,5257 0,0024
tvos 3,5066 0,0011
general 0,0000 0,0000
september 0,0000 0,0000
browser 0,9943 0,0003
portuguese 3,2189 0,0010
introduction 0,5621 0,0004
park 2,1203 0,0007
shazam 3,5066 0,0011
padding 0,0000 0,0000
process 0,1625 0,0001
recommendable 4,6052 0,0014
restore 1,9661 0,0006
cpus 2,1203 0,0007
alternative 0,6931 0,0002
clear 0,0101 0,0000
ltr 0,0000 0,0000
clean 1,6094 0,0005
cymraeg 1,4697 0,0005
third 0,5447 0,0002
build 0,2357 0,0003
approve 1,7148 0,0005
mean 0,4463 0,0004
lua 0,0513 0,0000
cheng 2,3026 0,0007
further 0,3711 0,0001
account 0,0000 0,0000
developmental 2,5257 0,0008
mostly 1,2730 0,0004
dansk 0,5798 0,0002
viewing 3,5066 0,0011
advance 1,0788 0,0003
inode 2,4079 0,0008
darwin 2,6593 0,0008
davidson 3,5066 0,0011
abbr 0,0619 0,0000
you 0,0000 0,0000
announcement 1,9661 0,0012
jump 0,0000 0,0000
knowledge 0,7340 0,0002
soft 2,1203 0,0007
anobit 3,9120 0,0012
sequoia 3,5066 0,0011
pass 0,8675 0,0003
festival 3,9120 0,0012
past 1,8326 0,0006
stacks 3,9120 0,0012
impact 0,9163 0,0003
preference 2,0402 0,0013
profile 1,0788 0,0003
mainstream 1,9661 0,0006
bill 1,5606 0,0005
irix 3,2189 0,0010
july 0,0000 0,0000
opportunity 1,8326 0,0006
court 1,9661 0,0012
easy 0,6733 0,0002
whose 1,3471 0,0004
venture 1,8971 0,0006
steamos 3,2189 0,0010
ventura 3,9120 0,0012
route 1,6094 0,0005
domain 0,6931 0,0002
pase 3,5066 0,0011
softwareupdate 4,6052 0,0014
juli 3,9120 0,0012
statcounter 2,8134 0,0009
unicode 2,1203 0,0007
macproject 4,6052 0,0014
hog 4,6052 0,0014
compare 0,9416 0,0006
mirror 2,1203 0,0007
riccio 3,9120 0,0012
subgroup 0,0513 0,0000
transparent 0,0619 0,0000
how 0,0834 0,0000
capability 0,7765 0,0002
adoption 0,8675 0,0003
journal 0,4780 0,0001
peter 0,8210 0,0003
unlike 1,2040 0,0004
phoronix 3,9120 0,0012
term 0,0000 0,0000
acquisition 1,2040 0,0004
chip 1,5141 0,0005
business 0,3425 0,0002
mini 0,0619 0,0000
retailer 3,5066 0,0011
marco 2,6593 0,0008
ahrendts 3,9120 0,0012
microkernel 2,3026 0,0007
staff 1,7720 0,0006
possible 0,5276 0,0002
right 0,0101 0,0000
vietnamese 3,9120 0,0012
noticeable 4,6052 0,0014
executable 1,3093 0,0004
idref 2,0402 0,0006
march 0,0000 0,0000
transition 1,5606 0,0005
bootcamp 3,9120 0,0012
katherine 2,5257 0,0008
june 0,0000 0,0000
wikitext 0,0000 0,0000
answer 1,5606 0,0005
stage 1,2040 0,0004
jung 3,5066 0,0011
series 0,5798 0,0002
showcase 2,9957 0,0009
freckle 4,6052 0,0014
paul 0,7765 0,0002
under 0,0101 0,0000
spotlight 2,9957 0,0009
represent 0,5978 0,0002
archaeologist 4,6052 0,0014
dispatch 2,9957 0,0009
london 1,3863 0,0004
navboxes 3,5066 0,0011
branding 2,9957 0,0009
sometimes 0,6931 0,0002
brasil 3,9120 0,0012
autocapitalize 0,0000 0,0000
down 0,8440 0,0003
hold 0,7985 0,0002
div 0,0000 0,0000
acceleration 2,0402 0,0006
chinese 1,5141 0,0005
nukernel 3,9120 0,0012
later 0,4005 0,0001
prior 1,3093 0,0004
bracket 0,0619 0,0000
legal 1,1712 0,0004
wgpagename 0,0000 0,0000
talk 0,0000 0,0000
signal 1,2730 0,0004
info 2,4079 0,0008
richard 0,9676 0,0003
dedicated 1,6094 0,0005
hancock 3,9120 0,0012
commonly 0,6931 0,0002
count 0,0513 0,0000
hatnote 0,2107 0,0001
thereafter 2,8134 0,0009
audioos 3,5066 0,0011
xcode 3,5066 0,0011
pinnable 0,0000 0,0000
take 0,2877 0,0001
vision 1,1394 0,0004
month 0,7133 0,0004
nudd 4,6052 0,0014
resale 3,9120 0,0012
final 1,0788 0,0003
wgrevisionid 0,0000 0,0000
atsui 4,6052 0,0014
autoconfirm 1,9661 0,0006
applicationkit 4,6052 0,0014
radeon 4,6052 0,0014
some 0,1744 0,0001
virtual 0,4620 0,0001
rather 0,5978 0,0002
importance 2,0402 0,0006
additional 0,0000 0,0000
back 0,6349 0,0002
mach 2,8134 0,0009
nextstep 3,2189 0,0010
title 0,0000 0,0000
patroltoken 0,0000 0,0000
states 0,4943 0,0002
load 0,0202 0,0000
zdnet 1,4697 0,0005
alpha 0,0101 0,0000
mklinux 3,9120 0,0012
podcast 3,5066 0,0011
ignore 1,4697 0,0005
company 0,4308 0,0003
unfinished 4,6052 0,0014
thomas 0,8675 0,0003
reception 2,6593 0,0008
human 0,9416 0,0003
just 0,4943 0,0002
pixel 2,5257 0,0008
notice 1,6094 0,0005
sole 2,6593 0,0008
seltzer 3,9120 0,0012
darling 3,2189 0,0010
defragmentation 2,4079 0,0008
spelling 3,9120 0,0012
interconnection 3,2189 0,0010
custom 0,0000 0,0000
kiswahili 1,2730 0,0004
tommy 3,9120 0,0012
skeuomorphic 3,9120 0,0012
monitor 1,2040 0,0004
permission 1,6607 0,0010
appleworks 4,6052 0,0014
grand 3,2189 0,0010
home 0,8675 0,0003
hole 2,5257 0,0008
michael 0,7133 0,0002
schedule 1,1087 0,0007
print 0,0000 0,0000
geekbench 4,6052 0,0014
although 0,6162 0,0002
approximately 1,8971 0,0006
blackberry 2,9957 0,0009
inherit 0,0101 0,0000
upcoming 2,2073 0,0007
explain 1,1712 0,0004
envy 3,9120 0,0012
wagner 2,8134 0,0009
variants 2,3026 0,0007
attempt 0,8440 0,0005
norwegian 2,9957 0,0009
soon 1,5606 0,0005
america 1,7720 0,0006
dmy 0,0000 0,0000
executive 1,5606 0,0005
navigation 0,0000 0,0000
tape 1,8971 0,0006
kaleida 3,5066 0,0011
action 0,0000 0,0000
guidelines 1,8326 0,0006
lock 0,0101 0,0000
mimic 2,8134 0,0009
latin 2,6593 0,0008
text 0,0000 0,0000
isabel 3,5066 0,0011
spatial 2,4079 0,0008
soundtrack 4,6052 0,0014
flyover 3,9120 0,0012
ppvisitednode 0,0000 0,0000
cookie 0,0000 0,0000
portmanteau 3,2189 0,0010
sense 1,3093 0,0004
hood 2,5257 0,0008
loading 0,0000 0,0000
bell 1,9661 0,0006
heavy 2,1203 0,0013
hong 2,8134 0,0009
maco 4,6052 0,0014
contents 0,0000 0,0000
macs 3,9120 0,0012
hindi 2,6593 0,0008
dog 2,9957 0,0009
jaguar 3,9120 0,0012
status 0,0000 0,0000
server 0,4005 0,0002
don 1,9661 0,0006
authentec 3,9120 0,0012
portugal 2,9957 0,0009
dot 0,8210 0,0003
skin 0,0000 0,0000
deliver 1,1394 0,0007
dos 1,7720 0,0006
mossberg 4,6052 0,0014
skim 4,6052 0,0014
dow 3,2189 0,0010
mac 1,3471 0,0004
mention 1,7148 0,0016
products 1,4271 0,0004
mae 3,9120 0,0012
robert 0,9676 0,0003
mag 3,9120 0,0012
file 0,0000 0,0000
austin 2,1203 0,0007
steve 1,1394 0,0004
dpi 3,9120 0,0012
stand 1,1712 0,0007
map 0,8210 0,0008
surround 2,2073 0,0007
wgnoticeproject 0,0000 0,0000
together 0,5978 0,0002
may 0,0000 0,0000
max 0,0513 0,0000
within 0,3011 0,0001
could 0,4780 0,0001
torch 2,5257 0,0008
trigger 0,0513 0,0000
menu 0,0000 0,0000
url 0,0000 0,0000
testflight 3,9120 0,0012
sabih 3,9120 0,0012
singapore 2,5257 0,0008
ebook 2,9957 0,0009
machine 0,2744 0,0002
able 0,9943 0,0003
return 0,0000 0,0000
gentoo 2,9957 0,0009
instance 0,7765 0,0002
dimensional 2,4079 0,0008
emoji 3,9120 0,0012
mail 2,2073 0,0007
markoff 3,9120 0,0012
usb 2,0402 0,0006
use 0,0000 0,0000
cheetah 3,9120 0,0012
feel 1,8326 0,0006
main 0,0000 0,0000
serve 1,0217 0,0003
selectively 3,2189 0,0010
taub 4,6052 0,0014
radio 1,6607 0,0005
smile 3,9120 0,0012
delano 3,9120 0,0012
strip 2,9957 0,0009
fine 1,5606 0,0005
find 0,3425 0,0004
accelerate 1,8326 0,0011
backward 1,6607 0,0005
logo 0,0000 0,0000
kevan 3,9120 0,0012
international 0,3011 0,0001
alter 1,5141 0,0005
macrumors 3,9120 0,0012
citizen 2,0402 0,0006
romain 3,5066 0,0011
approximation 2,5257 0,0008
mahe 3,9120 0,0012
workflow 1,7720 0,0006
utc 0,0000 0,0000
occur 0,7765 0,0002
difficult 0,9163 0,0003
mailboxes 4,6052 0,0014
canonical 0,0408 0,0000
streak 3,9120 0,0012
sistersitebox 0,6539 0,0002
forget 2,6593 0,0008
originate 1,6094 0,0005
wgcurrevisionid 0,0000 0,0000
task 0,5108 0,0003
null 0,0000 0,0000
background 0,0101 0,0000
codename 2,8134 0,0018
true 0,0000 0,0000
header 0,0000 0,0000
watchtoken 0,0000 0,0000
present 0,5621 0,0004
since 0,3425 0,0001
ubiquitous 1,7720 0,0006
mdy 1,6094 0,0005
ellen 2,9957 0,0009
firewire 4,6052 0,0014
foreach 0,0000 0,0000
keychain 4,6052 0,0014
hour 1,4697 0,0005
repeat 0,0101 0,0000
stratechery 3,9120 0,0012
make 0,1165 0,0001
beta 1,3863 0,0004
wggestructuredtaskrejectionreasontextinputenable 0,0000 0,0000
rhapsody 3,9120 0,0012
immune 3,5066 0,0011
thread 1,2379 0,0008
exactly 1,5606 0,0005
rapidly 2,1203 0,0007
shocked 4,6052 0,0014
fink 3,9120 0,0012
gershwin 4,6052 0,0014
macprotector 4,6052 0,0014
underlie 0,9416 0,0003
monterey 3,5066 0,0011
conventional 1,6607 0,0005
intensely 4,6052 0,0014
due 0,5108 0,0002
conform 1,7148 0,0005
online 0,7340 0,0002
qnx 2,5257 0,0008
simplify 1,1394 0,0007
threat 1,7148 0,0005
sonoma 3,9120 0,0012
inform 1,6607 0,0005
kasper 4,6052 0,0014
depend 0,7340 0,0002
grimes 3,9120 0,0012
commit 1,2730 0,0004
crash 1,6094 0,0005
cover 1,2040 0,0004
patch 1,5141 0,0019
observer 2,1203 0,0007
character 1,1394 0,0004
reflect 1,1712 0,0004
contribution 0,0000 0,0000
dvd 2,8134 0,0009
above 1,0788 0,0003
drawing 3,5066 0,0011
fire 1,7148 0,0005
palette 4,6052 0,0014
playback 3,2189 0,0010
refinement 2,6593 0,0017
stick 2,8134 0,0009
zac 2,6593 0,0008
recursion 0,0513 0,0000
temporal 2,1203 0,0007
czech 0,9163 0,0003
height 0,0101 0,0000
itune 3,9120 0,0012
setback 3,9120 0,0012
based 2,8134 0,0009
august 0,0000 0,0000
dissatisfied 4,6052 0,0014
module 0,0000 0,0000
wikibase 0,0619 0,0000
allyson 3,9120 0,0012
minimally 4,6052 0,0014
outer 1,2040 0,0004
tiger 3,9120 0,0012
execute 0,6733 0,0002
something 1,4271 0,0004
booth 4,6052 0,0014
datemodify 0,0619 0,0000
vastly 3,2189 0,0010
installer 2,8134 0,0009
except 1,5141 0,0005
hrvatski 0,7550 0,0002
spindler 3,9120 0,0012
mhz 3,5066 0,0011
functional 0,9943 0,0003
notheme 0,3711 0,0001
fact 1,0217 0,0006
prominent 2,3026 0,0007
safari 2,1203 0,0007
customization 2,5257 0,0008
betanews 3,9120 0,0012
mid 3,5066 0,0011
voiceover 3,5066 0,0011
global 0,7985 0,0002
industry 0,7550 0,0002
iad 3,9120 0,0012
long 0,4005 0,0001
xquartz 4,6052 0,0014
into 0,1985 0,0001
outline 0,8440 0,0003
evans 2,5257 0,0008
fade 3,9120 0,0012
min 0,1165 0,0000
partition 1,3471 0,0004
greece 2,8134 0,0009
unless 1,5606 0,0005
recompile 3,5066 0,0011
macguard 4,6052 0,0014
fred 2,3026 0,0007
operating 0,9416 0,0003
free 0,0000 0,0000
schiller 3,9120 0,0012
colorsync 4,6052 0,0014
bootx 4,6052 0,0014
redirect 1,1087 0,0003
striped 4,6052 0,0014
honour 4,6052 0,0014
star 2,0402 0,0006
though 0,8440 0,0003
many 0,2357 0,0001
people 0,9943 0,0003
everyday 2,9957 0,0009
releases 1,7720 0,0006
actually 1,3093 0,0004
appear 0,8210 0,0005
evolve 1,0498 0,0003
extensive 1,5141 0,0005
face 1,1712 0,0004
abandon 2,0402 0,0013
ibm 0,5621 0,0002
collaboration 1,1394 0,0004
inspire 1,6094 0,0005
foundationdb 3,9120 0,0012
khan 2,1203 0,0007
progress 1,4271 0,0004
iweb 4,6052 0,0014
open 0,1625 0,0002
nagel 3,5066 0,0011
ukrainian 2,8134 0,0009
folders 4,6052 0,0014
xdarwin 4,6052 0,0014
mojave 2,9957 0,0009
tbody 0,6931 0,0002
cheeseman 4,6052 0,0014
invest 1,7720 0,0006
rapid 1,3093 0,0004
project 0,0000 0,0000
seven 1,8326 0,0006
eclectic 4,6052 0,0014
enhancement 0,0101 0,0000
nicole 2,9957 0,0009
inside 0,0101 0,0000
techcrunch 1,3093 0,0004
mks 3,5066 0,0011
icn 4,6052 0,0014
wikiversity 0,9676 0,0003
california 1,2379 0,0004
five 0,9943 0,0003
romanian 3,9120 0,0012
poweropen 3,9120 0,0012
maps 2,6593 0,0008
seeds 3,5066 0,0011
arnold 2,9957 0,0009
idg 2,1203 0,0007
look 0,7765 0,0005
modification 1,4271 0,0004
mls 3,9120 0,0012
campaign 2,2073 0,0014
internet 0,5447 0,0002
conflict 1,6094 0,0005
allow 0,1863 0,0002
isbn 0,1054 0,0000
rule 0,5978 0,0006
update 0,4463 0,0006
derivative 1,9661 0,0006
linus 2,4079 0,0008
gesture 2,9957 0,0009
apple 1,1712 0,0004
fundamentally 2,4079 0,0008
admit 2,8134 0,0009
unixware 3,2189 0,0010
common 0,3711 0,0001
interest 0,9943 0,0003
debian 1,9661 0,0006
linux 0,8916 0,0003
placeholder 0,0000 0,0000
every 0,6162 0,0002
apply 0,0000 0,0000
inferior 3,9120 0,0012
recently 1,5141 0,0005
again 1,2379 0,0004
indeed 2,4079 0,0008
swain 4,6052 0,0014
removal 1,6607 0,0005
step 0,7765 0,0002
mark 0,6733 0,0004
base 0,0305 0,0000
endanger 4,6052 0,0014
ireland 3,9120 0,0012
unsurprisingly 4,6052 0,0014
runa 0,9416 0,0003
trend 1,7148 0,0005
prefix 2,5257 0,0008
jeff 1,6607 0,0005
during 0,5447 0,0002
stickies 4,6052 0,0014
consist 0,6539 0,0002
mos 3,5066 0,0011
reliable 0,7765 0,0002
compatible 1,2040 0,0004
critic 2,6593 0,0008
grammar 2,1203 0,0007
relate 0,0000 0,0000
rump 2,3026 0,0007
enable 0,0000 0,0000
price 1,2730 0,0004
sidebar 0,0000 0,0000
limitreport 0,0000 0,0000
games 1,9661 0,0006
iommus 3,9120 0,0012
decoration 0,0619 0,0000
reflist 0,0101 0,0000
ilife 3,9120 0,0012
calculator 2,6593 0,0008
still 0,5447 0,0002
var 0,0000 0,0000
work 0,2231 0,0002
lose 1,3093 0,0004
orlowski 4,6052 0,0014
agree 0,0101 0,0000
imagination 3,5066 0,0011
wgulsislanguageselectorempty 0,0000 0,0000
itself 0,6539 0,0002
books 1,7148 0,0005
among 0,5276 0,0002
anyone 1,7148 0,0005
srpski 0,3711 0,0001
registration 0,0101 0,0000
word 0,0101 0,0000
spain 1,4271 0,0004
extension 0,6349 0,0004
internal 0,8210 0,0003
deprecate 1,6607 0,0005
signature 1,8971 0,0012
tongue 3,9120 0,0012
iii 2,1203 0,0007
enjoy 3,2189 0,0010
federighi 3,9120 0,0012
foundation 0,0000 0,0000
privilege 1,8971 0,0012
carnegie 2,6593 0,0008
nick 1,8971 0,0006
across 0,5798 0,0002
discontinue 1,3863 0,0009
uniform 1,7148 0,0005
flexibility 1,7148 0,0005
fall 1,2379 0,0004
identity 1,2379 0,0004
moreover 2,1203 0,0007
installation 1,6094 0,0005
writing 1,7720 0,0006
federal 1,7148 0,0005
violate 1,8971 0,0006
event 0,0000 0,0000
firmware 2,3026 0,0007
multilingual 2,9957 0,0009
include 0,0000 0,0000
ebb 4,6052 0,0014
facebook 1,3863 0,0004
fadell 3,5066 0,0011
torvalds 2,4079 0,0008
ipados 2,8134 0,0009
toggle 0,0000 0,0000
sherlock 4,6052 0,0014
altogether 2,8134 0,0009
appearance 0,0000 0,0000
classname 0,0000 0,0000
wggetopicsmatchmodeenable 0,0000 0,0000
slivka 3,9120 0,0012
first 0,0408 0,0000
defender 3,9120 0,0012
voice 1,6094 0,0005
nowrap 0,0408 0,0000
prefer 0,0101 0,0000
roman 0,0101 0,0000
existence 1,9661 0,0006
wgrelevantpageisprobablyeditable 0,0000 0,0000
float 0,0101 0,0000
forensic 2,2073 0,0007
transclusion 0,0619 0,0000
space 0,0408 0,0000
spec 1,7720 0,0006
reference 0,0101 0,0000
mayo 3,9120 0,0012
microprocessors 4,6052 0,0014
swedish 3,2189 0,0010
discover 1,2379 0,0004
viruses 3,2189 0,0010
ubuntu 2,2073 0,0007
bottom 0,0000 0,0000
capture 1,4697 0,0005
workstation 2,0402 0,0006
quicktime 3,9120 0,0012
poke 4,6052 0,0014
revision 0,0000 0,0000
magyar 0,3425 0,0001
sequence 1,2730 0,0004
publisher 0,0000 0,0000
binaries 3,9120 0,0012
imc 3,5066 0,0011
unidos 4,6052 0,0014
weblog 3,2189 0,0010
arthur 2,2073 0,0007
repair 2,9957 0,0019
img 0,0408 0,0000
o'reilly 0,6733 0,0002
scientific 1,1712 0,0004
jade 3,9120 0,0012
resedit 4,6052 0,0014
rlstate 0,0000 0,0000
error 0,0101 0,0000
platform 0,0000 0,0000
network 0,3285 0,0003
gatekeeper 3,5066 0,0011
jackson 2,6593 0,0008
shortcut 2,4079 0,0008
public 0,4155 0,0001
retina 3,5066 0,0011
spend 1,3863 0,0004
craig 2,0402 0,0006
iteration 2,4079 0,0008
value 0,0000 0,0000
inc 1,3093 0,0004
monolithic 2,0402 0,0006
advantage 0,9676 0,0003
airdrop 2,8134 0,0009
assistant 2,4079 0,0008
unchanged 3,5066 0,0011
eisenstat 3,9120 0,0012
instead 0,4463 0,0001
command 0,7133 0,0002
expensive 0,0408 0,0000
newsstand 3,5066 0,0011
performance 0,3425 0,0001
trade 1,3863 0,0004
bluetooth 2,6593 0,0008
currently 1,0788 0,0003
round 1,3093 0,0004
maint 0,0101 0,0000
variable 0,9676 0,0003
wiktionary 0,5798 0,0002
platformversion 0,0000 0,0000
stevens 3,5066 0,0011
exception 1,3471 0,0004
joswiak 3,9120 0,0012
egg 2,8134 0,0009
references 0,0513 0,0000
saved 0,0619 0,0000
year 0,2614 0,0002
ios 1,8971 0,0006
laptop 1,9661 0,0006
resolution 1,8326 0,0006
setting 1,4697 0,0005
via 0,3011 0,0001
dutch 2,6593 0,0008
properly 1,3471 0,0004
score 2,4079 0,0008
music 1,7720 0,0006
quote 0,0101 0,0000
tock 3,5066 0,0011
poor 2,0402 0,0006
visual 0,9416 0,0003
autofilling 4,6052 0,0014
because 0,0000 0,0000
near 1,2730 0,0004
ipc 2,1203 0,0007
ram 2,0402 0,0006
agreement 1,3093 0,0004
internally 1,8326 0,0006
instruct 3,2189 0,0010
upgrade 1,5141 0,0005
virtually 2,3026 0,0007
rav 4,6052 0,0014
raw 2,1203 0,0007
google 0,4005 0,0001
community 0,0000 0,0000
version 0,0000 0,0000
brezhoneg 1,7148 0,0005
cocoa 3,5066 0,0011
airport 3,5066 0,0011
zepko 4,6052 0,0014
folder 2,5257 0,0008
stop 1,1394 0,0004
eesti 0,3285 0,0001
cyberattack 2,8134 0,0018
rubinstein 3,9120 0,0012
endure 4,6052 0,0014
vista 2,4079 0,0008
appropriate 1,1394 0,0004
southern 3,2189 0,0010
rosetta 3,9120 0,0012
customizable 3,2189 0,0010
least 0,9676 0,0003
setttl 3,9120 0,0012
utility 1,2730 0,0004
ambient 2,9957 0,0009
digitalcolor 4,6052 0,0014
uncertainty 2,2073 0,0007
wgusergroup 0,0000 0,0000
xsan 3,9120 0,0012
oakley 4,6052 0,0014
giannandrea 3,9120 0,0012
aspect 0,7765 0,0002
elevated 2,8134 0,0009
certified 2,5257 0,0008
wikipedia 0,0000 0,0000
legibility 3,9120 0,0012
scott 1,0217 0,0003
close 0,8210 0,0003
identically 3,9120 0,0012
afrikaans 0,9416 0,0003
chemistry 1,8326 0,0006
minimize 1,4697 0,0005
preferences 4,6052 0,0014
website 0,3711 0,0002
learn 0,0000 0,0000
michigan 2,5257 0,0008
wingfield 3,9120 0,0012
photo 2,0402 0,0013
unleash 2,5257 0,0016
aperture 3,9120 0,0012
swing 3,9120 0,0012
fast 0,4943 0,0003
emerge 1,2730 0,0004
register 0,0000 0,0000
appleinsider 3,5066 0,0011
fawcett 3,9120 0,0012
notes 0,9943 0,0003
organised 4,6052 0,0014
evidence 1,7720 0,0006
republic 0,8916 0,0003
official 0,6162 0,0002
red 1,2730 0,0004
spring 1,8971 0,0006
post 0,0202 0,0000
fitness 2,4079 0,0008
leave 0,0101 0,0000
swift 1,8326 0,0006
add 0,0000 0,0000
adc 4,6052 0,0014
need 0,1393 0,0001
weill 4,6052 0,0014
its 0,0726 0,0000
originally 0,8675 0,0003
unpopular 4,6052 0,0014
article 0,0000 0,0000
canada 1,6607 0,0005
parser 0,0000 0,0000
catalyst 2,5257 0,0008
port 1,8326 0,0017
shell 1,0788 0,0003
homekit 3,5066 0,0011
guideline 1,3471 0,0004
http 0,0000 0,0000
therefore 0,7985 0,0002
bridgeos 3,2189 0,0010
exchange 1,1087 0,0003
panther 3,9120 0,0012
decimal 0,0101 0,0000
gameplay 3,9120 0,0012
billy 3,2189 0,0010
technical 0,6349 0,0002
united 0,4780 0,0001
choose 0,8440 0,0008
directory 1,5141 0,0005
aes 2,9957 0,0009
wghostname 0,0000 0,0000
prevent 0,7340 0,0007
benjamin 1,7720 0,0006
undo 2,9957 0,0009
previously 1,1712 0,0004
wgtitle 0,0000 0,0000
engine 0,4780 0,0003
responsible 1,2040 0,0004
ive 3,5066 0,0011
end 0,3011 0,0002
laptops 3,9120 0,0012
makerere 4,6052 0,0014
identify 0,6733 0,0002
wgdigittransformtable 0,0000 0,0000
odbc 2,5257 0,0008
codenames 3,9120 0,0012
rich 1,3093 0,0004
hlist 0,0408 0,0000
label 0,0000 0,0000
improvement 0,9163 0,0003
message 0,3857 0,0004
lawler 3,5066 0,0011
topsy 3,9120 0,0012
filesystem 2,5257 0,0016
praise 2,8134 0,0009
filevault 4,6052 0,0014
special 0,0000 0,0000
modify 0,7765 0,0005
environment 0,4308 0,0001
rlconf 0,0000 0,0000
clone 2,3026 0,0007
progressive 1,0788 0,0003
pronounce 2,5257 0,0008
family 1,0217 0,0003
age 1,2730 0,0004
aesthetic 3,5066 0,0011
college 2,1203 0,0007
slightly 1,8326 0,0006
backup 2,1203 0,0013
copyright 1,6607 0,0005
education 1,0788 0,0003
bahasa 0,3285 0,0001
release 0,2744 0,0003
ago 0,7765 0,0002
caption 0,3567 0,0001
agp 4,6052 0,0014
getexpandedargument 2,6593 0,0008
macpaint 4,6052 0,0014
preemptive 2,3026 0,0007
apfs 3,9120 0,0012
eject 4,6052 0,0014
gradually 2,1203 0,0007
number 0,0000 0,0000
wgbackendresponsetime 0,0000 0,0000
shorten 0,0000 0,0000
iphones 3,5066 0,0011
odds 3,9120 0,0012
decline 2,9957 0,0009
property 0,6539 0,0004
jerry 2,8134 0,0009
infoworld 1,6094 0,0005
algorithm 0,8675 0,0003
newsroom 2,9957 0,0009
similar 0,4780 0,0001
partnership 1,9661 0,0006
sculley 3,9120 0,0012
nothing 1,6607 0,0005
programmer 0,9416 0,0003
testing 0,6733 0,0002
neil 2,4079 0,0008
handle 0,6539 0,0004
script 1,2379 0,0008
vmac 4,6052 0,0014
animation 1,5141 0,0009
leopard 3,5066 0,0011
system 0,0101 0,0000
driver 1,3471 0,0004
aid 1,3471 0,0004
fundamentals 1,4697 0,0005
other 0,0000 0,0000
aim 0,8210 0,0003
tone 3,2189 0,0010
against 0,6931 0,0002
loadable 2,3026 0,0007
retain 2,1203 0,0013
macports 4,6052 0,0014
vse 3,2189 0,0010
air 1,8326 0,0006
wallstreet 4,6052 0,0014
kelly 2,3026 0,0007
retail 2,0402 0,0006
aix 2,5257 0,0008
papermaster 3,9120 0,0012
encourage 1,5141 0,0005
accommodate 2,1203 0,0007
steadily 3,9120 0,0012
share 0,4620 0,0004
speak 1,7720 0,0006
mykola 3,9120 0,0012
freeform 3,9120 0,0012
nack 4,6052 0,0014
chairman 2,4079 0,0008
powerful 1,4697 0,0005
species 3,9120 0,0012
xgrid 4,6052 0,0014
aka 2,6593 0,0008
future 0,5978 0,0002
rlq 0,0000 0,0000
cite 0,0000 0,0000
logic 0,9676 0,0003
signing 3,9120 0,0012
francisco 1,6607 0,0005
shake 2,8134 0,0009
screen 0,0101 0,0000
poornima 4,6052 0,0014
amelio 3,9120 0,0012
body 0,0000 0,0000
mode 0,0000 0,0000
saturation 4,6052 0,0014
pages 0,0000 0,0000
updating 3,9120 0,0012
optimize 1,0217 0,0006
newpp 0,0619 0,0000
wozniak 3,9120 0,0012
all 0,0408 0,0000
always 0,9416 0,0003
border 0,0000 0,0000
copland 3,9120 0,0012
keynote 2,5257 0,0008
new 0,0000 0,0000
numbering 3,5066 0,0011
settings 4,6052 0,0014
read 0,0000 0,0000
upgrading 3,9120 0,0012
borden 4,6052 0,0014
below 0,7550 0,0002
frakes 4,6052 0,0014
heater 3,5066 0,0011
adweek 4,6052 0,0014
touch 2,1203 0,0007
clock 2,6593 0,0008
real 0,0408 0,0000
clientpref 0,0000 0,0000
tool 0,0000 0,0000
tony 1,8326 0,0006
hybrid 1,4271 0,0004
contemporary 1,8326 0,0006
marklar 4,6052 0,0014
svenska 0,3857 0,0001
nyhthawk 4,6052 0,0014
cloudkit 4,6052 0,0014
unix 1,3093 0,0004
facilitate 0,8440 0,0003
leverage 1,3863 0,0004
rob 2,3026 0,0007
financial 1,4697 0,0005
wgpagecontentlanguage 0,0000 0,0000
media 0,2485 0,0001
amy 2,4079 0,0008
around 0,6931 0,0002
gibbs 3,5066 0,0011
hamano 3,9120 0,0012
ron 1,8971 0,0006
rom 2,8134 0,0009
wgisarticle 0,0000 0,0000
hardocp 4,6052 0,0014
gartenberg 3,9120 0,0012
gloss 3,9120 0,0012
today 1,0788 0,0003
define 0,2744 0,0001
igbo 2,9957 0,0009
dump 2,9957 0,0019
row 0,4943 0,0002
render 0,0513 0,0000
universal 1,4271 0,0004
interlingua 1,3093 0,0004
categorization 2,9957 0,0009
wallpaper 3,5066 0,0011
drawer 4,6052 0,0014
lewis 2,4079 0,0008
quartz 2,5257 0,0008
requirement 0,5798 0,0004
transport 1,6094 0,0005
korean 2,8134 0,0009
specific 0,2877 0,0001
any 0,2107 0,0001
minute 1,8326 0,0011
openstep 3,9120 0,0012
prioritize 2,1203 0,0007
watchos 3,2189 0,0010
swirl 3,9120 0,0012
application 0,0943 0,0001
compilation 2,1203 0,0007
wgflaggedrevsparams 0,0000 0,0000
sardu 2,8134 0,0009
until 0,7765 0,0002
strategy 0,7340 0,0002
unikernel 2,4079 0,0008
collapse 0,0408 0,0000
aol 2,2073 0,0007
ring 2,2073 0,0007
legend 2,2073 0,0007
maintain 0,3567 0,0001
wgrelevantarticleid 0,0000 0,0000
preprocessor 0,0513 0,0000
shift 1,4697 0,0018
ipodlinux 3,9120 0,0012
ship 1,6094 0,0010
natively 2,4079 0,0008
uneconomic 4,6052 0,0014
anywhere 2,0402 0,0006
johnson 1,8326 0,0006
professional 0,9416 0,0006
java 0,6162 0,0002
rockstar 3,9120 0,0012
multikernel 2,5257 0,0008
annual 1,0788 0,0003
english 0,0000 0,0000
zealand 2,9957 0,0009
api 0,3425 0,0002
resort 2,8134 0,0009
fully 0,8210 0,0003
app 0,9943 0,0006
ext 2,8134 0,0009
cache 0,0305 0,0000
margin 0,0000 0,0000
suomi 0,2107 0,0001
wgrequestid 0,0000 0,0000
remain 0,7550 0,0007
reed 2,9957 0,0009
enwikimwclientpreference 0,0000 0,0000
rlpagemodules 0,0000 0,0000
metaio 3,9120 0,0012
viaf 2,4079 0,0008
eye 2,3026 0,0007
kodiak 4,6052 0,0014
alex 1,3863 0,0004
dictionary 1,2040 0,0004
geek 2,8134 0,0009
slow 1,1087 0,0003
gently 3,9120 0,0012
letter 1,5606 0,0005
samea 0,0000 0,0000
srouji 3,9120 0,0012
bohn 3,9120 0,0012
wgwikibaseitemid 0,0000 0,0000
complexity 0,9163 0,0003
schneier 3,2189 0,0010
increased 3,9120 0,0012
wgulsiscompactlinksenable 0,0000 0,0000
another 0,3567 0,0001
simultaneous 2,5257 0,0008
pagevariantfallback 0,0000 0,0000
predecessor 2,8134 0,0018
opendarwin 3,9120 0,0012
acquire 1,1087 0,0003
nebula 4,6052 0,0014
rsr 4,6052 0,0014
webarchive 0,7985 0,0002
default 0,6931 0,0002
mobileme 3,9120 0,0012
gray 2,5257 0,0008
encryption 1,1712 0,0004
weibo 3,9120 0,0012
wgmonthname 0,0000 0,0000
disabled 0,0000 0,0000
where 0,2744 0,0001
attribute 0,7765 0,0002
mechanism 0,7550 0,0002
arm 1,6607 0,0005
popular 0,6539 0,0002
macworks 3,9120 0,0012
timestamp 0,0000 0,0000
broken 3,9120 0,0012
ars 1,9661 0,0006
malware 2,1203 0,0007
tamaddon 3,9120 0,0012
framemaker 4,6052 0,0014
macworld 3,2189 0,0010
tour 3,5066 0,0011
estados 4,6052 0,0014
beige 4,6052 0,0014
call 0,0101 0,0000
such 0,0943 0,0000
classic 1,3093 0,0004
cnet 1,7720 0,0006
kick 3,5066 0,0011
plugin 1,9661 0,0006
ugandan 4,6052 0,0014
escalation 2,6593 0,0008
asm 4,6052 0,0014
iger 3,9120 0,0012
conferencing 3,5066 0,0011
describe 0,2485 0,0001
pcie 4,6052 0,0014
grab 3,5066 0,0011
fabulous 4,6052 0,0014
through 0,2107 0,0001
castle 3,9120 0,0012
florida 3,2189 0,0010
microsystems 1,8971 0,0006
navigable 4,6052 0,0014
reportedly 2,8134 0,0009
nano 2,4079 0,0008
occasional 2,9957 0,0009
run 0,3011 0,0003
incorporate 1,1712 0,0011
bomb 2,6593 0,0008
charty 3,5066 0,0011
microsoft 0,4005 0,0001
boast 3,5066 0,0011
genmoji 4,6052 0,0014
griffiths 3,9120 0,0012
research 0,5621 0,0002
mouse 2,1203 0,0007
either 0,5621 0,0002
incomplete 2,4079 0,0008
view 0,0000 0,0000
openly 3,2189 0,0010
white 0,0305 0,0000
ati 4,6052 0,0014
huge 1,8326 0,0006
donate 0,0000 0,0000
cater 3,2189 0,0010
pspdfkit 4,6052 0,0014
ecks 4,6052 0,0014
bold 0,0408 0,0000
engineering 0,3857 0,0001
significant 0,6931 0,0002
imaging 2,5257 0,0008
sync 2,9957 0,0019
camp 3,2189 0,0010
longer 2,3026 0,0007
museum 2,6593 0,0008
galego 0,7550 0,0002
name 0,0000 0,0000
spaces 3,9120 0,0012
cputime 0,0000 0,0000
larry 1,9661 0,0006
mourn 4,6052 0,0014
watchlist 0,0000 0,0000
next 0,5798 0,0002
color 0,0101 0,0000
hidden 1,6094 0,0005
imore 3,9120 0,0012
boom 2,5257 0,0008
absence 2,4079 0,0008
mainstage 3,9120 0,0012
android 1,4697 0,0005
book 0,4308 0,0001
gnustep 2,9957 0,0009
multilevel 2,5257 0,0008
show 0,0513 0,0000
description 0,0000 0,0000
button 1,7720 0,0006
not 0,0101 0,0000
central 0,9416 0,0003
street 1,5606 0,0005
now 0,4308 0,0001
statement 0,0000 0,0000
gregg 2,9957 0,0009
trademark 0,0101 0,0000
boot 1,7720 0,0006
greek 0,0101 0,0000
news 0,4620 0,0001
wisconsin 3,9120 0,0012
conquer 3,5066 0,0011
introduce 0,3285 0,0003
continuity 3,5066 0,0011
war 1,8326 0,0006
way 0,2485 0,0001
grey 2,4079 0,0008
target 0,0101 0,0000
arment 4,6052 0,0014
ronald 2,8134 0,0009
antitrust 2,8134 0,0009
finnish 2,9957 0,0009
what 0,0000 0,0000
ical 4,6052 0,0014
fedora 2,2073 0,0007
refer 0,4155 0,0003
israel 0,7550 0,0002
restricted 2,8134 0,0009
risk 0,8916 0,0003
window 1,5606 0,0010
greg 2,0402 0,0006
container 0,0000 0,0000
play 1,1712 0,0004
typography 3,5066 0,0011
developers 0,0000 0,0000
usage 0,0000 0,0000
powerbook 4,6052 0,0014
charles 1,2730 0,0004
wgmediaviewerenabledbydefault 0,0000 0,0000
nearby 0,0000 0,0000
scenekit 3,9120 0,0012
when 0,0834 0,0000
jim 1,5141 0,0005
instruments 2,9957 0,0009
misconfigure 4,6052 0,0014
far 1,2730 0,0004
embed 0,9163 0,0003
plan 0,7985 0,0005
case 0,3285 0,0001
dashboard 2,0402 0,0006
rene 3,9120 0,0012
generation 1,2040 0,0004
give 0,4780 0,0004
counsel 3,2189 0,0010
item 0,0000 0,0000
wgmediavieweronclick 0,0000 0,0000
wgulsposition 0,0000 0,0000
ibook 4,6052 0,0014
epic 2,0402 0,0006
rendering 2,4079 0,0008
melayu 0,6349 0,0002
davis 1,7148 0,0005
fbi 3,2189 0,0010
unification 3,9120 0,0012
semiaccurate 4,6052 0,0014
wgbreakframe 0,0000 0,0000
phone 1,4271 0,0004
slide 2,3026 0,0007
italiano 0,1278 0,0000
sticky 0,0000 0,0000
refined 3,9120 0,0012
reset 2,8134 0,0018
subside 4,6052 0,0014
dieter 3,2189 0,0010
style 0,0000 0,0000
nield 4,6052 0,0014
card 1,3863 0,0004
qmaster 4,6052 0,0014
damage 2,6593 0,0008
bertrand 2,8134 0,0009
explicitly 1,2040 0,0004
intensify 3,9120 0,0012
widget 2,4079 0,0015
searchinput 0,0000 0,0000
direct 0,8440 0,0003
pattern 0,5978 0,0002
increment 2,5257 0,0016
commons 0,0000 0,0000
gain 0,8916 0,0006
vehicle 1,8326 0,0006
modern 0,7340 0,0002
spyware 2,8134 0,0009
web 0,1165 0,0000
arabic 2,6593 0,0008
jacqui 3,2189 0,0010
nvidia 2,6593 0,0008
architecture 0,0000 0,0000
insider 1,5606 0,0005
indonesian 3,9120 0,0012
explore 1,9661 0,0012
more 0,0000 0,0000
display 0,0000 0,0000
nast 3,5066 0,0011
opengl 3,5066 0,0011
great 0,8675 0,0005
mexico 2,9957 0,0009
nasa 2,1203 0,0007
criticize 1,5141 0,0009
organization 0,0000 0,0000
width 0,0000 0,0000
isync 4,6052 0,0014
grothaus 3,9120 0,0012
levinson 3,9120 0,0012
certain 0,6162 0,0002
board 1,0217 0,0003
charlie 2,6593 0,0008
statistics 0,0000 0,0000
speakable 4,6052 0,0014
fee 2,2073 0,0007
baidu 2,4079 0,0008
simple 0,2231 0,0001
used 2,3026 0,0007
lucy 3,9120 0,0012
centralized 1,9661 0,0006
rumor 4,6052 0,0029
notification 1,8971 0,0012
luca 2,5257 0,0008
threaten 2,5257 0,0016
few 0,7133 0,0004
adam 1,5606 0,0005
package 0,9943 0,0006
visible 0,0101 0,0000
crisis 2,0402 0,0006
marketplace 2,3026 0,0007
marshall 3,2189 0,0010
orient 0,5447 0,0002
deirdre 3,9120 0,0012
chromeos 2,9957 0,0009
both 0,0305 0,0000
important 0,0101 0,0000
market 0,9943 0,0009
most 0,2107 0,0001
outside 1,1087 0,0003
overhaul 2,8134 0,0018
turkish 3,9120 0,0012
daily 1,8326 0,0006
effect 0,8440 0,0003
keep 0,6733 0,0004
producer 2,6593 0,0008
topic 0,0000 0,0000
ipad 2,9957 0,0019
job 1,3093 0,0004
sugar 2,6593 0,0008
option 0,9416 0,0006
who 0,5621 0,0002
limitation 1,0498 0,0003
sponsor 2,0402 0,0006
downloadable 3,2189 0,0010
game 0,7765 0,0005
launchpad 3,5066 0,0011
mainzer 4,6052 0,0014
unveil 2,3026 0,0014
contribute 0,0000 0,0000
jon 1,6607 0,0005
shortcuts 3,9120 0,0012
why 0,6539 0,0002
hurd 2,9957 0,0009
administrator 1,6094 0,0005
database 0,2485 0,0002
touchpad 3,2189 0,0010
along 0,7340 0,0002
editgrid 3,9120 0,0012
fonts 3,5066 0,0011
visually 2,3026 0,0007
sheet 2,1203 0,0007
david 0,5798 0,0002
profit 2,5257 0,0008
oppenheimer 3,2189 0,0010
depiction 3,9120 0,0012
vram 4,6052 0,0014
wgseparatortransformtable 0,0000 0,0000
san 1,2379 0,0004
amount 0,9416 0,0003
move 0,0000 0,0000
original 0,0943 0,0001
didi 3,9120 0,0012
also 0,0202 0,0000
ellison 2,9957 0,0009
say 0,6733 0,0008
designer 1,2730 0,0004
enough 0,9676 0,0003
handoff 3,9120 0,0012
terminal 1,7720 0,0006
certifications 3,5066 0,0011
increase 0,4620 0,0004
insensitivity 3,9120 0,0012
cougar 3,9120 0,0012
kingdom 2,2073 0,0007
shine 3,9120 0,0012
spread 1,6607 0,0005
opencl 3,5066 0,0011
inline 0,0408 0,0000
administrative 2,8134 0,0009
various 0,3857 0,0001
attention 1,7148 0,0005
front 1,1394 0,0004
visit 0,0408 0,0000
reduction 2,2073 0,0007
vanguard 3,9120 0,0012
marzipan 4,6052 0,0014
user 0,0000 0,0000
simply 0,9676 0,0003
customer 0,7550 0,0002
gurman 4,6052 0,0014
extent 1,7720 0,0006
suse 2,6593 0,0008
translucent 4,6052 0,0014
bad 1,4271 0,0009
bring 0,9676 0,0006
tooltip 0,8675 0,0003
retrospect 4,6052 0,0014
fit 1,6607 0,0005
offer 0,4155 0,0005
bar 1,3863 0,0009
suffer 1,9661 0,0012
fix 0,5108 0,0006
jagwyre 4,6052 0,0014
giant 2,1203 0,0007
elmcip 2,3026 0,0007
fluid 2,3026 0,0007
cinema 3,5066 0,0011
outlet 3,5066 0,0011
addition 0,6733 0,0004
afterwards 3,9120 0,0012
bbc 1,9661 0,0006
pothole 4,6052 0,0014
sewell 3,9120 0,0012
lynx 2,6593 0,0008
disasters 4,6052 0,0014
ancestor 2,9957 0,0009
homepod 3,5066 0,0011
personal 0,0000 0,0000
former 1,3093 0,0004
finder 3,2189 0,0010
panic 2,8134 0,0009
extend 0,6162 0,0002
ar 1,5141 0,0005
delay 1,8326 0,0017
heinen 3,9120 0,0012
redesign 3,5066 0,0011
steven 1,4697 0,0005
imageobject 0,0000 0,0000
plans 2,8134 0,0009
simultaneously 1,6094 0,0005
drive 0,4780 0,0003
gunnell 4,6052 0,0014
jones 1,8971 0,0006
moscone 4,6052 0,0014
be 0,1508 0,0001
prove 1,3093 0,0004
scheme 0,0101 0,0000
freebsd 1,7720 0,0006
affect 1,0217 0,0003
icon 0,0101 0,0000
expansiondepth 0,0000 0,0000
slovak 3,9120 0,0012
hebrew 3,2189 0,0010
virus 2,4079 0,0008
isolate 2,2073 0,0007
search 0,0000 0,0000
see 0,0408 0,0000
spacing 0,0619 0,0000
systems 0,4780 0,0001
wgrelevantpagename 0,0000 0,0000
popularity 1,3093 0,0004
underway 2,9957 0,0009
nickname 3,9120 0,0012
national 0,4463 0,0001
segmentation 2,3026 0,0007
subsequent 1,6094 0,0005
indicate 1,0217 0,0003
panel 2,5257 0,0008
cd 3,9120 0,0012
contain 0,0101 0,0000
set 0,2107 0,0001
founder 1,4697 0,0005
shqip 0,6931 0,0002
edgar 2,8134 0,0009
jobs 2,3026 0,0007
column 0,0101 0,0000
adobe 2,1203 0,0007
procedure 0,9676 0,0003
integrate 0,5798 0,0002
pearson 1,7720 0,0006
mavericks 3,9120 0,0012
partner 1,7720 0,0006
maestri 3,9120 0,0012
wgaction 0,0000 0,0000
acquisitions 2,4079 0,0008
font 0,0000 0,0000
scalable 1,5141 0,0005
clarify 2,0402 0,0006
openserver 3,2189 0,0010
precede 2,4079 0,0008
scare 3,5066 0,0011
ben 1,3093 0,0004
language 0,0000 0,0000
do 0,1625 0,0002
navbox 0,0943 0,0000
listitem 0,0408 0,0000
japanese 2,0402 0,0006
startup 1,2040 0,0004
contact 0,0000 0,0000
rare 1,8971 0,0006
france 0,8675 0,0003
justin 2,3026 0,0007
warning 1,8326 0,0006
exclude 2,3026 0,0007
criticism 1,1394 0,0004
joel 2,8134 0,0009
programming 0,2744 0,0001
disadvantage 1,8971 0,0006
image 0,0202 0,0000
typically 0,3857 0,0001
blagdon 4,6052 0,0014
dillet 3,5066 0,0011
never 1,1712 0,0004
renovate 4,6052 0,0014
piece 1,4271 0,0004
susan 2,3026 0,0007
party 0,6539 0,0004
frame 1,6094 0,0005
little 1,0788 0,0003
cursor 0,0619 0,0000
however 0,3011 0,0001
deep 1,3863 0,0004
checkers 3,5066 0,0011
sierra 2,8134 0,0009
origin 0,0000 0,0000
capable 1,6094 0,0005
parade 4,6052 0,0014
india 1,4271 0,0004
walltime 0,0000 0,0000
interlanguage 0,0000 0,0000
content 0,0000 0,0000
grymalyuk 4,6052 0,0014
layered 4,6052 0,0014
dynix 3,5066 0,0011
random 0,0000 0,0000
trackpad 3,9120 0,0012
desktop 1,0788 0,0007
perhaps 2,2073 0,0007
related 0,9676 0,0003
alert 1,8326 0,0006
rate 1,2730 0,0008
applescript 4,6052 0,0014
sim 3,2189 0,0010
await 2,9957 0,0009
oak 3,9120 0,0012
client 0,0000 0,0000
class 0,0000 0,0000
posix 2,3026 0,0007
gehomepagesuggestededitsenabletopic 0,0000 0,0000
digital 0,6162 0,0002
over 0,3285 0,0001
dalrymple 3,9120 0,0012
spanish 3,2189 0,0010
six 1,4271 0,0004
false 0,0000 0,0000
go 0,9943 0,0006
specification 0,7133 0,0002
nancy 2,8134 0,0009
parekh 3,9120 0,0012
counter 0,0408 0,0000
parse 0,0619 0,0000
srpskohrvatski 0,9163 0,0003
fork 1,1394 0,0004
clark 2,0402 0,0006
form 0,3011 0,0001
management 0,2231 0,0001
publish 0,4463 0,0003
setup 1,9661 0,0006
applemasters 3,9120 0,0012
developer 0,1744 0,0001
avoid 0,0101 0,0000
frake 3,9120 0,0012
he 0,6733 0,0002
significantly 1,5141 0,0005
subset 1,1394 0,0004
promotion 2,8134 0,0009
big 0,7550 0,0005
very 0,5978 0,0002
worms 3,2189 0,0010
decade 1,7720 0,0006
practice 0,6349 0,0002
select 0,9676 0,0003
advanced 0,7985 0,0002
congress 2,3026 0,0007
counsell 4,6052 0,0014
bit 1,3863 0,0009
bis 2,9957 0,0009
clipboard 3,9120 0,0012
ipod 3,9120 0,0012
improved 2,9957 0,0009
output 0,0000 0,0000
usability 1,8326 0,0006
corner 2,9957 0,0009
four 0,9676 0,0003
imacs 4,6052 0,0014
context 0,5978 0,0002
dhiraj 4,6052 0,0014
easily 1,2040 0,0004
warranty 3,5066 0,0011
avfoundation 4,6052 0,0014
model 0,0000 0,0000
portal 0,0000 0,0000
french 2,3026 0,0007
reduce 0,0101 0,0000
sentence 0,0000 0,0000
issue 0,3425 0,0002
kern 0,0101 0,0000
large 0,2485 0,0002
gruber 3,5066 0,0011
in 2,9957 0,0009
director 1,6607 0,0005
lower 2,2073 0,0007
dashcode 4,6052 0,0014
metal 2,4079 0,0008
index 1,0498 0,0003
webobjects 3,9120 0,0012
announce 0,6733 0,0006
odd 0,0943 0,0000
certification 2,0402 0,0006
messaging 1,4271 0,0004
phil 2,3026 0,0007
traditional 0,7985 0,0002
operate 0,3567 0,0001
steele 3,2189 0,0010
exclusively 1,6607 0,0005
john 0,5276 0,0002
begin 0,5108 0,0005
wgvisualeditor 0,0000 0,0000
become 0,2877 0,0002
template 0,0000 0,0000
unbearably 4,6052 0,0014
viewer 2,8134 0,0009
girard 4,6052 0,0014
works 2,2073 0,0007
thunderbolt 4,6052 0,0014
enwiki 0,0619 0,0000
indefinitely 1,9661 0,0006
eventually 1,1394 0,0004
subscription 0,0101 0,0000
hungarian 3,9120 0,0012
basilisk 2,4079 0,0008
bodge 4,6052 0,0014
ruthless 4,6052 0,0014
library 0,3857 0,0002
navbar 0,0202 0,0000
world 0,3857 0,0001
subbox 0,6931 0,0002
dissolve 4,6052 0,0014
sms 3,2189 0,0010
december 0,0000 0,0000
ability 0,7340 0,0002
eddy 3,5066 0,0011
camera 2,2073 0,0007
everything 1,2730 0,0004
guardian 1,8326 0,0006
bundle 1,6094 0,0010
jonny 3,9120 0,0012
programme 2,9957 0,0009
macos 1,6607 0,0005
table 0,0000 0,0000
columnist 4,6052 0,0014
side 0,3425 0,0002
cunningham 2,0402 0,0006
reisinger 3,9120 0,0012
break 0,0101 0,0000
composer 3,5066 0,0011
change 0,0000 0,0000
programmatically 3,5066 0,0011
draw 1,7148 0,0021
printable 0,0000 0,0000
off 0,8916 0,0003
generally 0,5447 0,0002
hide 0,0000 0,0000
mikey 4,6052 0,0014
multimedia 1,5606 0,0005
turner 2,9957 0,0009
traditionally 1,8971 0,0006
report 0,0202 0,0000
complete 0,4780 0,0003
shuffle 3,9120 0,0012
accomplishment 3,2189 0,0010
hutchinson 3,5066 0,0011
auto 0,0726 0,0000
certify 2,2073 0,0007
several 0,4155 0,0001
sign 1,2379 0,0004
macterminal 4,6052 0,0014
office 1,0498 0,0003
wgcanonicalspecialpagename 0,0000 0,0000
while 0,2614 0,0001
roger 1,9661 0,0006
second 0,0408 0,0000
ported 2,4079 0,0008
that 0,5108 0,0002
download 0,0000 0,0000
edge 1,2379 0,0004
high 0,0101 0,0000
platinum 4,6052 0,0014
reuters 2,2073 0,0007
split 0,0000 0,0000
sos 3,9120 0,0012
than 0,2357 0,0001
limit 0,0000 0,0000
lockdown 3,5066 0,0011
claim 0,9676 0,0003
bnf 0,9163 0,0003
picker 3,5066 0,0011
venturebeat 2,1203 0,0007
brian 1,2730 0,0004
communication 0,6162 0,0002
different 0,0513 0,0000
directly 0,5108 0,0002
officially 1,8971 0,0006
kanellos 4,6052 0,0014
level 0,0000 0,0000
steinberger 4,6052 0,0014
author 0,0000 0,0000
meter 3,2189 0,0010
interoperability 1,8326 0,0006
photoshop 3,9120 0,0012
thai 3,5066 0,0011
pkgsrc 4,6052 0,0014
puredarwin 3,9120 0,0012
expansion 0,0619 0,0000
keizer 3,9120 0,0012
tudou 4,6052 0,0014
license 0,0000 0,0000
disk 1,3471 0,0004
expand 0,0101 0,0000
headquarters 2,4079 0,0008
talkie 3,9120 0,0012
machten 3,5066 0,0011
wgmfdisplaywikibasedescription 0,0000 0,0000
retrieve 0,0000 0,0000
plug 2,2073 0,0007
bunch 3,5066 0,0011
malay 3,9120 0,0012
datum 0,0408 0,0000
behind 1,2730 0,0004
fileware 3,9120 0,0012
code 0,0000 0,0000
wgdefaultdateformat 0,0000 0,0000
recipe 2,6593 0,0008
box 0,0408 0,0000
storage 0,3711 0,0001
switch 0,9163 0,0011
head 0,7765 0,0005
dialog 2,6593 0,0008
total 0,0000 0,0000
productivity 1,8971 0,0006
deplume 4,6052 0,0014
deutsch 0,0943 0,0000
composit 3,9120 0,0012
playground 2,9957 0,0009
brick 3,2189 0,0010
consumer 1,4697 0,0005
highly 1,1712 0,0004
unofficial 2,2073 0,0007
brief 1,5606 0,0005
rizzo 4,6052 0,0014
console 1,7720 0,0006
jony 3,9120 0,0012
keyboard 1,8971 0,0006
exokernel 2,5257 0,0008
os 3,2189 0,0010
social 0,8210 0,0003
src 0,6349 0,0002
anderson 1,9661 0,0006
emulation 3,5066 0,0011
control 0,1625 0,0002
intelligent 1,7720 0,0006
sternbergh 4,6052 0,0014
attribution 0,0000 0,0000
compliant 2,2073 0,0007
duncan 3,2189 0,0010
architectures 1,4697 0,0005
increasingly 1,4271 0,0004
metadata 1,5606 0,0005
nation 2,5257 0,0008
ssd 2,4079 0,0015
vary 0,0619 0,0000
coherent 2,8134 0,0009
upper 0,0101 0,0000
insensitive 3,2189 0,0010
adaptation 2,3026 0,0007
eula 3,9120 0,0012
claris 3,9120 0,0012
luasandbox 1,4271 0,0004
walsh 3,5066 0,0011
objective 1,3471 0,0004
o'brien 2,9957 0,0009
composite 2,3026 0,0007
engines 1,3471 0,0004
markkula 3,9120 0,0012
estimate 1,3863 0,0004
expiry 0,0619 0,0000
minerva 0,0101 0,0000
brand 0,0000 0,0000
recent 0,0000 0,0000
they 0,0619 0,0001
forks 2,8134 0,0009
closely 1,6094 0,0005
edit 0,0000 0,0000
old 0,8675 0,0008
frustration 3,5066 0,0011
australia 1,8971 0,0006
portable 1,8971 0,0006
then 0,3567 0,0001
ancient 2,6593 0,0008
node 0,0305 0,0000
bsd 1,8326 0,0006
mission 1,8971 0,0006
concepts 1,1394 0,0004
xterm 4,6052 0,0014
adopt 0,9163 0,0006
expire 2,6593 0,0017
device 0,7550 0,0005
macwrite 4,6052 0,0014
sue 2,3026 0,0014
access 0,2877 0,0002
conference 0,3425 0,0001
gorsky 3,5066 0,0011
activity 0,9943 0,0003
simi 0,9416 0,0003
sun 1,2730 0,0004
seem 1,8971 0,0006
kazmucha 3,9120 0,0012
selflink 0,0101 0,0000
sur 3,2189 0,0010
current 0,0000 0,0000
defunct 1,9661 0,0006
nynorsk 1,2379 0,0004
variety 0,9943 0,0003
panzarino 4,6052 0,0014
actively 2,6593 0,0008
launchd 4,6052 0,0014
samuel 2,4079 0,0008
thompson 1,8326 0,0006
vector 0,0000 0,0000
audio 1,2379 0,0004
liam 2,8134 0,0009
wayne 2,9957 0,0009
email 1,4271 0,0004
key 0,0305 0,0000
preferred 2,9957 0,0009
calendar 2,9957 0,0009
cachereport 0,0000 0,0000
pretitle 1,3471 0,0004
decision 0,8675 0,0003
manager 0,8440 0,0003
necessary 0,8440 0,0003
itworld 3,5066 0,0011
siracusa 4,6052 0,0014
texture 3,2189 0,0010
one 0,0943 0,0001
maker 1,8971 0,0006
launch 0,9943 0,0009
threatened 4,6052 0,0014
reviewer 2,6593 0,0008
store 0,5447 0,0003
puma 3,9120 0,0012
tagalog 1,2040 0,0004
bosanski 0,8916 0,0003
confirm 1,6094 0,0010
single 0,3147 0,0001
entityaccesscount 0,0000 0,0000
pull 1,5606 0,0005
bug 0,8675 0,0003
filemerge 4,6052 0,0014
assist 1,8971 0,0006
fourth 1,8971 0,0006
bus 1,6607 0,0005
commercial 0,8440 0,0003
joint 1,7148 0,0005
separate 0,6162 0,0002
loader 1,8971 0,0006
available 0,0000 0,0000
express 1,0788 0,0007
aqua 3,9120 0,0012
regularly 1,9661 0,0006
instantly 2,8134 0,0009
variant 0,0619 0,0000
dynamic 0,7133 0,0002
ritchie 2,5257 0,0008
up 2,8134 0,0009
written 4,6052 0,0014
extreme 1,8971 0,0006
rubenstein 4,6052 0,0014
studios 2,6593 0,0008
this 0,1278 0,0000
norsk 0,3285 0,0001
memusage 0,0000 0,0000
taiwan 2,8134 0,0009
especially 0,8210 0,0003
ocean 2,8134 0,0009
once 0,7985 0,0002
powerbooks 4,6052 0,0014
know 0,2231 0,0001
sina 3,9120 0,0012
support 0,1393 0,0002
yearly 2,8134 0,0009
deneve 3,9120 0,0012
drop 1,1394 0,0011
preview 1,6607 0,0010
scrollbar 4,6052 0,0014
brazil 2,5257 0,0008
swatch 2,8134 0,0009
records 3,2189 0,0010
idea 0,9676 0,0003
wgpopupsflag 0,0000 0,0000
polski 0,1165 0,0000
privacy 0,0000 0,0000
vertical 0,7985 0,0002
blues 4,6052 0,0014
kim 2,1203 0,0007
life 0,9416 0,0003
we 1,3093 0,0004
proprietary 0,9676 0,0003
gap 1,2040 0,0004
kit 1,7720 0,0006
missing 2,4079 0,0008
throughout 1,6094 0,0005
xenix 3,2189 0,0010
emphasize 1,6094 0,0010
extensible 1,8326 0,0006
xserve 4,6052 0,0014
successful 1,2379 0,0004
iphoto 3,5066 0,0011
normal 0,0202 0,0000
figure 1,8326 0,0006
corrupt 2,2073 0,0007
slight 4,6052 0,0014
previous 1,1712 0,0004
wide 0,6539 0,0002
argue 1,4271 0,0004
arcade 3,5066 0,0011
technology 0,1863 0,0001
stone 2,9957 0,0009
eunice 3,5066 0,0011
appkit 4,6052 0,0014
configurator 4,6052 0,0014
croatian 3,9120 0,0012
superior 3,5066 0,0011
litigation 2,4079 0,0008
wgarticleid 0,0000 0,0000
succeed 2,1203 0,0020
migration 1,4697 0,0005
pagelanguagedir 0,0000 0,0000
wgcitereferencepreviewsactive 0,0000 0,0000
location 0,9943 0,0006
anthony 2,1203 0,0007
accessory 3,2189 0,0010
welch 3,9120 0,0012
facetime 3,9120 0,0012
osf 3,5066 0,0011
ecosystem 1,2040 0,0004
software 0,0000 0,0000
iwork 3,9120 0,0012
graphical 1,2730 0,0004
none 0,0101 0,0000
repository 0,5276 0,0002
type 0,0000 0,0000
april 0,0000 0,0000
easytimeline 2,9957 0,0009
feedback 1,3471 0,0004
hack 1,3471 0,0004
lynxos 3,5066 0,0011
problem 0,3285 0,0002
osx 4,6052 0,0014
road 1,7148 0,0011
review 0,6162 0,0006
sight 2,8134 0,0009
weather 2,4079 0,0008
connection 0,9676 0,0003
openbsd 2,3026 0,0007
between 0,2107 0,0001
guide 0,3711 0,0001
efficiency 0,8916 0,0003
method 0,3147 0,0002
scroll 2,8134 0,0009
screensaver 4,6052 0,0014
sluggish 3,9120 0,0012
come 0,4155 0,0004
iphone 2,9957 0,0009
push 0,0000 0,0000
exist 0,4155 0,0001
siri 2,8134 0,0009
lift 2,5257 0,0008
force 1,0217 0,0003
gizmodo 2,9957 0,0009
upscaling 4,6052 0,0014
south 1,9661 0,0006
james 0,9676 0,0003
distribution 0,8916 0,0006
tools 1,4697 0,0005
derive 1,1394 0,0004
capacity 1,7148 0,0005
out 0,0000 0,0000
rock 2,6593 0,0008
leak 1,5606 0,0005
flaw 1,9661 0,0006
feature 0,0000 0,0000
saturate 4,6052 0,0014
flat 2,6593 0,0008
cached 0,4463 0,0001
get 0,0000 0,0000
dark 0,0101 0,0000
course 1,3093 0,0004
leap 2,4079 0,0008
place 0,5447 0,0003
power 0,6733 0,0004
semi 2,6593 0,0008
variously 4,6052 0,0014
fireball 3,9120 0,0012
dispute 1,6607 0,0005
danish 3,2189 0,0010
thom 3,5066 0,0011
cook 2,4079 0,0008
prominently 3,2189 0,0010
sell 1,3471 0,0013
byer 4,6052 0,0014
suggest 1,0217 0,0003
transformation 1,5606 0,0005
vulunerability 4,6052 0,0014
lead 0,2231 0,0001
catalan 3,9120 0,0012
expect 0,8440 0,0003
help 0,0000 0,0000
site 0,0000 0,0000
cease 2,8134 0,0018
depth 0,0000 0,0000
podcasts 3,5066 0,0011
rename 1,5141 0,0005
additionally 1,0498 0,0003
catalina 3,5066 0,0011
self 0,7133 0,0002
minimum 2,2073 0,0007
queue 1,1394 0,0004
sharealike 0,0000 0,0000
date 0,3011 0,0004
magic 1,9661 0,0006
reminders 3,9120 0,0012
addresses 3,5066 0,0011
argument 0,0513 0,0000
reveal 1,5606 0,0005
data 0,0000 0,0000
own 0,4780 0,0001
sound 1,3471 0,0004
subsystem 2,0402 0,0006
wgpageviewlanguage 0,0000 0,0000
blog 0,6349 0,0002
dozen 2,4079 0,0008
accesskey 0,0000 0,0000
swapnil 3,9120 0,0012
only 0,2107 0,0001
should 0,3711 0,0001
create 0,0000 0,0000
tag 0,0000 0,0000
activist 2,5257 0,0008
garageband 3,9120 0,0012
development 0,1278 0,0001
thumbnail 3,9120 0,0012
like 0,2231 0,0001
resource 0,4620 0,0001
tax 1,8971 0,0006
towards 1,2040 0,0004
core 0,5621 0,0002
interim 3,5066 0,0011
person 0,6162 0,0004
ground 1,9661 0,0006
departure 3,9120 0,0012
sunos 2,9957 0,0009
send 0,7550 0,0005
icloud 2,9957 0,0009
interix 3,2189 0,0010
hypercard 4,6052 0,0014
potentially 0,7765 0,0002
here 0,0000 0,0000
note 0,4155 0,0003
dave 1,5141 0,0005
ancestry 3,9120 0,0012
week 1,2379 0,0004
purpose 0,5108 0,0002
line 0,0101 0,0000
penalty 2,8134 0,0009
gitster 4,6052 0,0014
link 0,0000 0,0000
trenholm 4,6052 0,0014
distinct 1,3471 0,0004
scale 0,4943 0,0002
gil 2,6593 0,0008
tung 2,8134 0,0009
dragonfly 2,9957 0,0009
robin 1,7720 0,0006
can 0,0408 0,0000
computing 0,4155 0,0001
security 0,3285 0,0001
cap 0,0619 0,0000
contributor 0,0000 0,0000
git 1,8971 0,0006
wgcanonicalnamespace 0,0000 0,0000
car 1,8326 0,0006
organize 1,1712 0,0004
flex 0,5276 0,0002
ready 0,0000 0,0000
cat 2,3026 0,0007
hera 3,9120 0,0012
player 1,8326 0,0011
smooth 2,6593 0,0017
reboot 3,5066 0,0011
cost 0,6733 0,0002
motion 2,5257 0,0008
wgisredirect 0,0000 0,0000
limited 0,8916 0,0003
will 0,2485 0,0002
invisage 3,9120 0,0012
confidence 2,5257 0,0008
february 0,0000 0,0000
fingerworks 3,9120 0,0012
implementation 0,3147 0,0001
match 0,5276 0,0005
akamai 2,8134 0,0009
fault 1,1712 0,0004
holwerda 3,9120 0,0012
follow 0,2744 0,0003
really 1,5606 0,0005
recursiveclone 1,6607 0,0005
cbs 2,4079 0,0008
response 0,7340 0,0002
responsive 0,0202 0,0000
york 0,8440 0,0003
independently 1,3863 0,0004
airpods 3,9120 0,0012
category 0,0000 0,0000
intend 0,6162 0,0002
wikidata 0,0000 0,0000
callparserfunction 1,4271 0,0004
snap 2,9957 0,0019
