latina 1,4697 0,0006
upload 0,0000 0,0000
analyse 2,8134 0,0011
wggelevelingupenabledforuser 0,0000 0,0000
wgrestrictionmove 0,0000 0,0000
pollution 2,8134 0,0011
remote 0,9163 0,0004
without 0,2744 0,0001
would 0,3425 0,0001
xml 1,1394 0,0005
ten 1,6607 0,0007
sister 1,6094 0,0007
nova 2,2073 0,0009
conceal 3,2189 0,0013
solid 0,0202 0,0000
graaljs 4,6052 0,0019
thus 0,7550 0,0003
meanwhile 2,8134 0,0011
eich 2,9957 0,0012
require 0,0000 0,0000
scratch 2,1203 0,0009
baker 3,5066 0,0014
analysis 0,5108 0,0002
click 1,7148 0,0014
devise 2,9957 0,0012
netcaptor 2,8134 0,0011
scribunto 0,0000 0,0000
champeon 4,6052 0,0019
size 0,0000 0,0000
left 0,0408 0,0000
cdx 0,0000 0,0000
historically 2,0402 0,0008
much 0,6931 0,0003
object 0,3711 0,0003
qtweb 2,8134 0,0011
accessible 1,1712 0,0005
chapter 1,1712 0,0005
sams 2,9957 0,0012
combinator 3,2189 0,0013
authenticate 2,5257 0,0010
lombard 1,1712 0,0005
role 0,8916 0,0007
vengeance 4,6052 0,0019
kirda 4,6052 0,0019
netpositive 2,8134 0,0011
achieve 0,7985 0,0003
gsub 1,7148 0,0007
notable 1,1394 0,0005
ceo 1,5606 0,0006
wesley 0,8675 0,0004
example 0,2485 0,0002
result 0,2231 0,0002
same 0,2357 0,0001
after 0,0305 0,0000
headline 0,0000 0,0000
policy 0,0000 0,0000
kernel 1,2379 0,0005
union 1,3093 0,0005
pagelanguagecode 0,0000 0,0000
gnu 1,1087 0,0004
transientcontent 0,0000 0,0000
subtle 0,3285 0,0001
component 0,3147 0,0001
suite 1,2040 0,0005
idhash 0,0619 0,0000
ghandi 4,6052 0,0019
timeline 1,0788 0,0004
information 0,0000 0,0000
wrap 0,0101 0,0000
standard 0,2357 0,0002
november 0,0000 0,0000
correct 1,2730 0,0005
kidzui 2,8134 0,0011
reader 1,5606 0,0006
winwap 2,8134 0,0011
xombrero 2,8134 0,0011
good 0,4155 0,0002
empty 0,0305 0,0000
wish 1,8971 0,0008
changers 4,6052 0,0019
syntactic 2,4079 0,0010
fullversionlist 0,0000 0,0000
tim 1,0498 0,0004
implement 0,3285 0,0004
lite 2,4079 0,0010
export 0,0000 0,0000
stefan 2,4079 0,0010
lisp 1,7720 0,0007
check 0,7985 0,0006
list 0,0000 0,0000
andrew 1,0498 0,0004
lack 0,5447 0,0002
external 0,1863 0,0001
eval 2,9957 0,0012
success 1,2379 0,0005
authority 0,4780 0,0002
child 0,0202 0,0000
mainentity 0,0000 0,0000
germany 0,5798 0,0002
obsolete 1,7720 0,0007
festa 4,6052 0,0019
interface 0,2485 0,0002
representation 1,1394 0,0005
greenbrowser 2,8134 0,0011
remove 0,3711 0,0003
disclaimers 0,0000 0,0000
samsung 2,2073 0,0009
unsupported 2,3026 0,0009
root 0,4780 0,0004
wgisprobablyeditable 0,0000 0,0000
xss 4,6052 0,0019
standardized 1,8971 0,0008
hard 1,1394 0,0005
nestjs 2,8134 0,0011
tutorial 1,5141 0,0012
compiler 1,3093 0,0005
citation 0,0101 0,0000
mobile 0,0000 0,0000
multiple 0,2485 0,0001
perform 0,4463 0,0005
maxthon 2,8134 0,0011
evolution 1,3471 0,0005
prolog 2,3026 0,0009
plainlist 0,4463 0,0002
pdf 0,0000 0,0000
service 0,1393 0,0001
there 0,2614 0,0001
syntax 1,1394 0,0005
well 0,2744 0,0001
magazine 0,9943 0,0004
bitness 0,0000 0,0000
rgba 0,0101 0,0000
terrifying 3,9120 0,0016
american 0,8440 0,0003
approach 0,3711 0,0002
actionscript 2,9957 0,0012
lifehacker 3,9120 0,0016
isaacs 3,5066 0,0014
concise 2,9957 0,0012
automatism 4,6052 0,0019
implication 1,9661 0,0008
transpile 3,9120 0,0016
block 0,0408 0,0000
write 0,1508 0,0002
flow 0,3425 0,0001
cooperation 2,3026 0,0009
order 0,4155 0,0002
lexical 2,4079 0,0010
period 1,4697 0,0006
proceed 2,4079 0,0010
aria 0,0000 0,0000
boxtext 0,0619 0,0000
byte 0,0408 0,0000
corporation 1,0498 0,0004
understand 0,6162 0,0002
underlying 2,4079 0,0010
indonesia 0,3567 0,0001
intel 1,6094 0,0007
spearhead 3,9120 0,0016
jointly 3,2189 0,0013
unwelcome 4,6052 0,0019
innovator 3,9120 0,0016
angular 2,5257 0,0010
ever 1,3863 0,0006
andreessen 3,2189 0,0013
ponge 4,6052 0,0019
million 0,9416 0,0004
even 0,0513 0,0000
binary 0,9943 0,0004
restriction 1,4271 0,0006
esperanto 0,7133 0,0003
tagline 0,0000 0,0000
regexp 0,0000 0,0000
subsection 0,1508 0,0001
sunda 2,5257 0,0010
wait 1,8326 0,0007
successor 1,5606 0,0006
jsdoc 3,2189 0,0013
wgeditsubmitbuttonlabelpublish 0,0000 0,0000
save 1,3863 0,0006
toc 0,0000 0,0000
protection 0,4463 0,0002
respectively 1,3863 0,0006
functionality 0,6539 0,0003
wgpagecontentmodel 0,0000 0,0000
personalization 3,9120 0,0016
conjunction 2,0402 0,0008
top 0,0000 0,0000
native 0,8916 0,0004
technica 1,3093 0,0005
too 0,8916 0,0004
graalvm 3,9120 0,0016
tor 2,5257 0,0010
wakanda 3,5066 0,0014
have 0,2744 0,0002
casting 3,9120 0,0016
imperative 2,0402 0,0008
dooble 2,8134 0,0011
linear 1,6607 0,0007
particularly 0,9943 0,0004
dominant 1,7148 0,0007
question 0,9416 0,0008
produce 0,6931 0,0003
wgnamespacenumber 0,0000 0,0000
framework 0,2877 0,0002
coc 2,8134 0,0011
wgwmepagelength 0,0000 0,0000
php 1,3471 0,0005
entity 0,0101 0,0000
smalltalk 1,6607 0,0007
thousand 1,5141 0,0006
com 0,8210 0,0003
expensivefunctioncount 0,0000 0,0000
arrow 2,9957 0,0012
mocha 3,9120 0,0016
manner 1,6607 0,0007
upon 0,8916 0,0004
associate 0,6931 0,0006
timeusage 0,0000 0,0000
lag 3,9120 0,0016
ambitious 2,8134 0,0011
pin 0,0000 0,0000
haxe 2,9957 0,0012
function 0,0000 0,0000
verification 0,8440 0,0003
comparison 0,4005 0,0003
icecat 2,6593 0,0011
monmouth 4,6052 0,0019
cpu 0,0408 0,0000
infobox 0,6931 0,0003
less 0,6162 0,0002
basis 1,1087 0,0004
pcache 0,0619 0,0000
sanitization 3,9120 0,0016
improve 0,2485 0,0001
naming 2,6593 0,0011
violation 2,0402 0,0008
october 0,0000 0,0000
basic 0,6539 0,0003
complication 0,0513 0,0000
footer 2,9957 0,0012
university 0,5621 0,0002
cause 0,6162 0,0005
reassign 3,9120 0,0032
jquery 0,0000 0,0000
effective 1,0217 0,0004
quirk 3,5066 0,0014
scripting 1,2040 0,0005
times 1,3093 0,0005
hypertalk 4,6052 0,0019
pursue 2,6593 0,0011
similarly 1,4697 0,0006
intended 2,6593 0,0011
design 0,1393 0,0001
bust 3,5066 0,0014
victim 2,8134 0,0011
possibility 1,6094 0,0007
semicolon 2,8134 0,0023
timeless 0,0101 0,0000
gnome 2,4079 0,0010
luasandboxcallback 1,4271 0,0006
sandbox 2,3026 0,0019
automatic 1,2379 0,0005
wgwmeschemaeditattemptstepoversample 0,0000 0,0000
inspector 3,5066 0,0014
pinayuanan 4,6052 0,0019
ttl 0,0000 0,0000
wikifunctions 3,9120 0,0016
encyclopedia 0,0000 0,0000
conduct 0,0000 0,0000
stable 0,7133 0,0003
walk 2,6593 0,0011
tenfourfox 2,8134 0,0011
futhark 3,5066 0,0014
abovebelow 0,0943 0,0000
css 1,8971 0,0008
prototypes 3,9120 0,0016
concert 2,9957 0,0012
advertising 1,7720 0,0007
ajax 1,7148 0,0007
circulate 2,9957 0,0012
concern 0,8210 0,0003
eventual 2,8134 0,0011
password 1,7720 0,0007
docs 2,3026 0,0009
notation 1,4271 0,0006
pref 0,0000 0,0000
let 0,9943 0,0008
state 0,3425 0,0001
csrftoken 0,0000 0,0000
press 0,5621 0,0002
element 0,0000 0,0000
bible 4,6052 0,0019
night 0,0000 0,0000
qaraqalpaqsha 1,1712 0,0005
vulnerability 1,3863 0,0011
recognize 1,3471 0,0005
pack 2,2073 0,0009
processor 1,1394 0,0005
each 0,1393 0,0001
javascript 0,9416 0,0004
mediawiki 1,0788 0,0004
input 0,0000 0,0000
swiftweasel 2,8134 0,0011
toolkit 1,5141 0,0006
difference 0,8916 0,0007
must 0,4620 0,0002
unpinned 0,0000 0,0000
transpiler 3,2189 0,0013
renderer 3,5066 0,0014
sophisticated 1,8326 0,0007
perfectly 3,2189 0,0013
document 0,4463 0,0004
facto 2,5257 0,0010
subtraction 3,5066 0,0014
screenshot 2,5257 0,0010
networks 1,2730 0,0005
two 0,2744 0,0001
pop 1,6607 0,0007
promote 1,3093 0,0005
found 1,2379 0,0005
oslo 3,5066 0,0014
scenario 1,4271 0,0006
attack 1,1712 0,0014
espruino 4,6052 0,0019
graphic 1,6094 0,0007
creation 0,7985 0,0003
datepublished 0,0000 0,0000
validate 1,4697 0,0012
receive 0,7340 0,0006
coffeescript 2,6593 0,0011
participate 1,8326 0,0007
languages 1,3471 0,0005
services 1,1087 0,0004
team 0,4943 0,0002
disclose 3,9120 0,0016
entirely 1,5141 0,0006
disparate 2,8134 0,0011
marketing 1,2730 0,0005
wgusername 0,0000 0,0000
formative 3,9120 0,0016
source 0,1393 0,0001
align 0,0101 0,0000
secure 1,0217 0,0004
emscripten 3,9120 0,0016
initiate 2,1203 0,0009
kevin 1,5606 0,0006
hak 2,3026 0,0009
compile 1,1712 0,0009
han 2,9957 0,0012
late 0,4155 0,0002
continue 0,6931 0,0003
hat 1,4697 0,0006
prototypal 4,6052 0,0019
spidermonkey 3,2189 0,0013
keyword 2,2073 0,0018
last 0,0000 0,0000
reflection 2,1203 0,0009
imageright 0,2614 0,0001
ultimate 1,8971 0,0008
widely 0,7985 0,0003
mozilla 1,8326 0,0007
weight 0,0101 0,0000
trojan 2,8134 0,0011
develop 0,1863 0,0002
median 3,5066 0,0014
page 0,0000 0,0000
assume 1,6094 0,0007
full 0,0202 0,0000
marijn 3,9120 0,0016
memory 0,0408 0,0000
seamonkey 2,8134 0,0011
const 2,5257 0,0010
concept 0,3711 0,0002
croll 4,6052 0,0019
erlang 1,7720 0,0007
effort 0,8916 0,0004
indexeddb 2,3026 0,0009
video 0,8210 0,0003
indefinite 3,9120 0,0016
minimal 1,2730 0,0005
mshtml 2,8134 0,0011
bitflipp 4,6052 0,0019
perl 1,3093 0,0005
steady 3,9120 0,0016
early 0,4308 0,0002
enhance 0,8916 0,0004
convention 1,8971 0,0008
overview 0,5447 0,0002
center 0,0000 0,0000
start 0,3011 0,0002
yet 1,1087 0,0004
starr 3,9120 0,0016
netsurf 2,8134 0,0011
windows 0,7985 0,0003
engineer 0,7765 0,0003
manage 0,3567 0,0001
bypass 2,1203 0,0009
wikimedia 0,0000 0,0000
origyn 2,8134 0,0011
typical 1,1394 0,0005
initially 1,0788 0,0004
short 0,0000 0,0000
time 0,0000 0,0000
studio 1,3471 0,0005
ninety 3,9120 0,0016
interactive 0,4463 0,0002
program 0,2614 0,0003
extant 3,9120 0,0016
jasmine 3,5066 0,0014
put 0,9416 0,0004
multi 2,2073 0,0009
keith 2,5257 0,0010
mutable 3,5066 0,0014
supermium 2,8134 0,0011
pale 2,8134 0,0011
hardware 0,5798 0,0002
standalone 2,0402 0,0008
destroy 2,2073 0,0009
goodman 3,5066 0,0014
dynamically 1,8326 0,0007
creative 0,0000 0,0000
nederlands 0,1985 0,0001
coast 2,5257 0,0010
provide 0,1625 0,0003
wayback 0,7985 0,0003
light 1,3093 0,0005
tiny 2,9957 0,0012
addison 0,9163 0,0004
niche 3,2189 0,0013
dojo 3,2189 0,0013
engin 3,9120 0,0016
computec 4,6052 0,0019
log 0,0000 0,0000
enterprise 0,4463 0,0002
wgcheckuserclienthintsheadersjsapi 0,0000 0,0000
euskara 0,5108 0,0002
undefined 3,2189 0,0013
lot 1,5606 0,0006
computer 0,1863 0,0001
javascriptcore 3,5066 0,0014
openjdk 2,8134 0,0011
low 0,0101 0,0000
timingprofile 0,0000 0,0000
theme 0,0000 0,0000
wgcategory 0,0000 0,0000
editor 0,0000 0,0000
means 1,0217 0,0004
postexpandincludesize 0,0000 0,0000
chain 1,3471 0,0005
desire 1,1087 0,0004
swfobject 3,5066 0,0014
entirety 2,8134 0,0011
initial 0,3857 0,0002
unstrip 0,0000 0,0000
apress 1,7148 0,0007
citrio 2,8134 0,0011
vivaldi 2,8134 0,0011
reverse 1,7720 0,0007
adversary 2,6593 0,0011
templateargumentsize 0,0000 0,0000
unsourced 0,5621 0,0002
january 0,0000 0,0000
permanent 0,0000 0,0000
asturianu 1,2730 0,0005
skweezer 2,8134 0,0011
choice 1,0498 0,0004
facility 1,0498 0,0004
small 0,0305 0,0000
rhino 3,2189 0,0013
websharper 2,9957 0,0012
before 0,0305 0,0000
emulate 2,3026 0,0009
italic 0,1278 0,0001
listen 2,2073 0,0009
dan 0,9943 0,0004
major 0,5621 0,0002
ashkenas 4,6052 0,0019
consider 0,4005 0,0002
day 0,0000 0,0000
potential 1,0788 0,0004
group 0,0408 0,0000
avast 2,6593 0,0011
manually 1,5606 0,0006
mahemoff 4,6052 0,0019
format 0,0101 0,0000
runtime 1,2040 0,0010
archive 0,0943 0,0001
particular 0,5978 0,0002
history 0,0000 0,0000
formal 1,1394 0,0005
dhtml 2,4079 0,0010
request 0,6733 0,0005
overrun 3,5066 0,0014
critical 0,8916 0,0004
credentials 2,2073 0,0009
wgrestrictionedit 0,0000 0,0000
part 0,1985 0,0001
wgpageparsereport 0,0000 0,0000
webkit 2,5257 0,0010
percent 1,7720 0,0007
textbooks 1,7720 0,0007
point 0,5447 0,0002
banking 2,3026 0,0009
debut 2,5257 0,0010
polished 4,6052 0,0019
general 0,0000 0,0000
september 0,0000 0,0000
browser 0,9943 0,0008
induced 4,6052 0,0019
introduction 0,5621 0,0002
padding 0,0000 0,0000
process 0,1625 0,0002
srware 2,8134 0,0011
clear 0,0101 0,0000
ltr 0,0000 0,0000
editsection 2,6593 0,0011
third 0,5447 0,0002
build 0,2357 0,0001
mean 0,4463 0,0005
netfront 2,8134 0,0011
lua 0,0513 0,0000
further 0,3711 0,0002
account 0,0000 0,0000
gpio 3,9120 0,0016
securityfocus 4,6052 0,0019
snippet 2,8134 0,0011
stack 0,7340 0,0003
dansk 0,5798 0,0002
elinks 2,8134 0,0011
evaluation 1,3093 0,0005
ibrowse 2,8134 0,0011
mixins 4,6052 0,0019
bind 1,3863 0,0011
dev 1,7720 0,0007
ugi 2,6593 0,0011
webgpu 2,3026 0,0009
record 0,7765 0,0003
noticeably 4,6052 0,0019
abbr 0,0619 0,0000
auerbach 3,9120 0,0016
strict 1,5606 0,0006
you 0,0000 0,0000
jump 0,0000 0,0000
happen 1,3471 0,0005
iris 2,5257 0,0010
classilla 2,8134 0,0011
pass 0,8675 0,0004
past 1,8326 0,0007
profile 1,0788 0,0004
active 0,7985 0,0003
july 0,0000 0,0000
qtscript 3,5066 0,0014
route 1,6094 0,0007
atscript 3,9120 0,0016
mediabrowser 2,8134 0,0011
profiling 2,9957 0,0012
jshint 3,2189 0,0013
claburn 3,2189 0,0013
relative 1,6607 0,0007
netscape 2,3026 0,0009
subgroup 0,0513 0,0000
debuggers 3,9120 0,0016
spectre 4,6052 0,0019
transparent 0,0619 0,0000
pnpm 3,9120 0,0016
thunderhawk 2,8134 0,0011
how 0,0834 0,0000
capability 0,7765 0,0006
adoption 0,8675 0,0004
journal 0,4780 0,0002
composition 1,9661 0,0008
peter 0,8210 0,0003
spark 1,7720 0,0007
unlike 1,2040 0,0005
assembly 1,3471 0,0005
term 0,0000 0,0000
override 2,6593 0,0011
flanagan 3,9120 0,0016
mind 1,6094 0,0007
mini 0,0619 0,0000
advent 2,4079 0,0010
arachne 2,8134 0,0011
commonjs 2,8134 0,0011
possible 0,5276 0,0002
right 0,0101 0,0000
idref 2,0402 0,0008
march 0,0000 0,0000
meen 2,9957 0,0012
june 0,0000 0,0000
wikitext 0,0000 0,0000
answer 1,5606 0,0006
underscore 2,9957 0,0012
ince 4,6052 0,0019
paul 0,7765 0,0003
under 0,0101 0,0000
analytic 1,4271 0,0006
misplaced 4,6052 0,0019
ryan 1,6094 0,0007
debugger 1,8326 0,0007
jsconf 3,5066 0,0014
promise 1,5141 0,0012
autocapitalize 0,0000 0,0000
jaxer 3,5066 0,0014
div 0,0000 0,0000
later 0,4005 0,0002
outdated 2,8134 0,0011
fruition 3,9120 0,0016
rehorik 4,6052 0,0019
bracket 0,0619 0,0001
legal 1,1712 0,0005
wgpagename 0,0000 0,0000
trait 2,8134 0,0011
talk 0,0000 0,0000
dedicated 1,6094 0,0007
dolphin 2,5257 0,0010
qutebrows 2,8134 0,0011
static 1,0217 0,0004
test 0,4463 0,0004
finally 1,4271 0,0006
count 0,0513 0,0000
hatnote 0,2107 0,0001
brown 1,8971 0,0008
tamarin 3,5066 0,0014
goodin 3,9120 0,0016
pinnable 0,0000 0,0000
take 0,2877 0,0001
vision 1,1394 0,0005
danny 3,5066 0,0014
month 0,7133 0,0003
immediate 2,4079 0,0010
wgrevisionid 0,0000 0,0000
excerpt 2,3026 0,0019
confusion 2,1203 0,0009
autoconfirm 1,9661 0,0008
some 0,1744 0,0001
beginning 1,8326 0,0007
rather 0,5978 0,0002
additional 0,0000 0,0000
back 0,6349 0,0003
looper 4,6052 0,0019
title 0,0000 0,0000
patroltoken 0,0000 0,0000
states 0,4943 0,0002
load 0,0202 0,0000
fortran 1,8326 0,0007
alpha 0,0101 0,0000
symantec 2,9957 0,0012
thomas 0,8675 0,0004
human 0,9416 0,0004
just 0,4943 0,0002
notice 1,6094 0,0007
owner 1,3863 0,0006
custom 0,0000 0,0000
kiswahili 1,2730 0,0005
nodej 3,9120 0,0016
home 0,8675 0,0004
jesse 3,2189 0,0013
michael 0,7133 0,0003
schedule 1,1087 0,0004
print 0,0000 0,0000
although 0,6162 0,0002
inherit 0,0101 0,0000
interpret 1,7148 0,0007
phonos 3,5066 0,0014
resize 3,9120 0,0016
grant 1,6094 0,0013
upcoming 2,2073 0,0009
convert 1,6607 0,0013
shiira 2,8134 0,0011
attempt 0,8440 0,0007
collaborate 1,8971 0,0008
tracking 1,6607 0,0007
soon 1,5606 0,0006
dmy 0,0000 0,0000
navigation 0,0000 0,0000
sons 1,5606 0,0006
aslr 3,9120 0,0016
wmlscript 3,5066 0,0014
action 0,0000 0,0000
lock 0,0101 0,0000
text 0,0000 0,0000
usually 0,4780 0,0002
whereas 1,4271 0,0006
validation 1,3093 0,0005
python 0,6539 0,0003
ppvisitednode 0,0000 0,0000
cookie 0,0000 0,0000
sensitive 1,2730 0,0005
loading 0,0000 0,0000
mangard 4,6052 0,0019
brackets 3,9120 0,0016
heavy 2,1203 0,0009
seibel 3,9120 0,0016
field 0,7550 0,0006
julien 3,2189 0,0013
contents 0,0000 0,0000
explorer 1,7148 0,0007
invalid 2,2073 0,0009
doc 1,8326 0,0015
snapshot 2,5257 0,0010
doi 0,4155 0,0002
status 0,0000 0,0000
server 0,4005 0,0003
dom 1,6094 0,0007
dot 0,8210 0,0007
skin 0,0000 0,0000
deliver 1,1394 0,0005
mac 1,3471 0,0005
eight 1,8326 0,0007
mention 1,7148 0,0007
robert 0,9676 0,0004
streaming 2,1203 0,0009
file 0,0000 0,0000
generalize 2,4079 0,0010
steve 1,1394 0,0005
stand 1,1712 0,0005
surround 2,2073 0,0009
wgnoticeproject 0,0000 0,0000
together 0,5978 0,0002
may 0,0000 0,0000
max 0,0513 0,0000
within 0,3011 0,0001
could 0,4780 0,0002
forward 1,2730 0,0005
torch 2,5257 0,0010
trigger 0,0513 0,0000
menu 0,0000 0,0000
url 0,0000 0,0000
scoped 3,9120 0,0016
machine 0,2744 0,0001
websites 3,2189 0,0013
return 0,0000 0,0000
coder 2,4079 0,0010
instance 0,7765 0,0006
opera 2,5257 0,0010
webgl 2,3026 0,0009
use 0,0000 0,0000
inheritance 2,2073 0,0009
main 0,0000 0,0000
polymorphism 3,2189 0,0013
integer 1,7720 0,0007
serve 1,0217 0,0008
selectively 3,2189 0,0013
solution 0,5621 0,0005
find 0,3425 0,0003
host 0,6539 0,0003
uzbl 2,8134 0,0011
logo 0,0000 0,0000
international 0,3011 0,0001
logs 1,3093 0,0005
combine 0,7340 0,0006
vbscript 3,2189 0,0013
utc 0,0000 0,0000
occur 0,7765 0,0013
difficult 0,9163 0,0004
definitive 2,6593 0,0011
canonical 0,0408 0,0000
sistersitebox 0,6539 0,0003
forget 2,6593 0,0011
originate 1,6094 0,0007
wgcurrevisionid 0,0000 0,0000
task 0,5108 0,0002
null 0,0000 0,0000
background 0,0101 0,0000
mdn 3,2189 0,0013
principles 1,7148 0,0007
true 0,0000 0,0000
webauthn 2,2073 0,0009
header 0,0000 0,0000
position 1,5141 0,0006
watchtoken 0,0000 0,0000
present 0,5621 0,0002
weber 2,8134 0,0011
galeon 2,6593 0,0011
since 0,3425 0,0001
belong 1,6607 0,0007
patent 1,8971 0,0008
paradigm 1,1394 0,0005
delete 0,4155 0,0005
foreach 0,0000 0,0000
predate 2,8134 0,0011
uncommon 3,9120 0,0016
hour 1,4697 0,0006
repeat 0,0101 0,0000
make 0,1165 0,0002
beta 1,3863 0,0006
wggestructuredtaskrejectionreasontextinputenable 0,0000 0,0000
execution 0,7340 0,0003
kotlin 2,4079 0,0010
microb 2,8134 0,0011
thread 1,2379 0,0005
beaker 2,8134 0,0011
structure 0,4155 0,0003
master 1,0498 0,0004
ruby 1,0217 0,0004
algol 2,1203 0,0009
underlie 0,9416 0,0004
conventional 1,6607 0,0007
conform 1,7148 0,0021
mere 3,2189 0,0013
callback 2,8134 0,0011
online 0,7340 0,0003
invention 1,7148 0,0007
properties 2,5257 0,0010
purdy 4,6052 0,0019
rowhammer 4,6052 0,0019
webassembly 1,7720 0,0007
depend 0,7340 0,0006
cover 1,2040 0,0010
transpilers 3,9120 0,0016
bank 1,9661 0,0008
character 1,1394 0,0005
reflect 1,1712 0,0009
contribution 0,0000 0,0000
dvd 2,8134 0,0011
above 1,0788 0,0004
playback 3,2189 0,0013
refinement 2,6593 0,0011
sunspider 3,5066 0,0014
zac 2,6593 0,0011
recursion 0,0513 0,0000
czech 0,9163 0,0004
height 0,0101 0,0000
based 2,8134 0,0011
august 0,0000 0,0000
distinguish 1,3471 0,0005
module 0,0000 0,0000
wikibase 0,0619 0,0000
outer 1,2040 0,0005
hijacking 2,9957 0,0012
execute 0,6733 0,0008
substantial 2,1203 0,0009
datemodify 0,0619 0,0000
filename 2,1203 0,0009
thereby 1,6607 0,0007
hrvatski 0,7550 0,0003
functional 0,9943 0,0004
nordfriisk 2,4079 0,0010
notheme 0,3711 0,0002
fact 1,0217 0,0004
prominent 2,3026 0,0009
safari 2,1203 0,0009
cappuccino 3,5066 0,0014
scan 1,9661 0,0008
global 0,7985 0,0003
augment 1,8326 0,0015
into 0,1985 0,0001
fade 3,9120 0,0016
min 0,1165 0,0000
ieblog 4,6052 0,0019
unless 1,5606 0,0006
quotebox 4,6052 0,0019
operating 0,9416 0,0004
free 0,0000 0,0000
redirect 1,1087 0,0013
expression 1,3471 0,0011
middle 0,7765 0,0003
though 0,8440 0,0003
many 0,2357 0,0001
people 0,9943 0,0004
appear 0,8210 0,0007
evolve 1,0498 0,0004
extensive 1,5141 0,0006
ibm 0,5621 0,0002
mismatch 2,1203 0,0009
babel 3,9120 0,0016
oclc 1,2040 0,0005
supersets 3,5066 0,0014
operation 0,5108 0,0004
open 0,1625 0,0001
tbody 0,6931 0,0003
navigator 2,8134 0,0011
rapid 1,3093 0,0005
project 0,0000 0,0000
arena 2,0402 0,0008
enhancement 0,0101 0,0000
inside 0,0101 0,0000
loop 1,7148 0,0014
wikiversity 0,9676 0,0004
jean 1,8971 0,0008
california 1,2379 0,0005
citerefjean 4,6052 0,0019
vanilla 3,9120 0,0016
zen 2,6593 0,0011
ndss 3,9120 0,0016
constructor 2,6593 0,0022
collection 0,6733 0,0003
ide 1,4697 0,0006
look 0,7765 0,0006
idl 2,8134 0,0011
ido 1,2730 0,0005
internet 0,5447 0,0002
allow 0,1863 0,0002
wired 1,2040 0,0005
isbn 0,1054 0,0000
mass 1,8971 0,0008
rule 0,5978 0,0002
update 0,4463 0,0002
renaissance 3,5066 0,0014
speed 0,9416 0,0004
apple 1,1712 0,0005
common 0,3711 0,0002
definition 0,4943 0,0004
placeholder 0,0000 0,0000
every 0,6162 0,0002
basa 2,0402 0,0008
slimbrowser 2,8134 0,0011
apply 0,0000 0,0000
recently 1,5141 0,0006
again 1,2379 0,0005
mary 2,3026 0,0009
haverbeke 4,6052 0,0019
indeed 2,4079 0,0010
money 1,6094 0,0007
marc 2,3026 0,0009
comment 1,2730 0,0005
base 0,0305 0,0000
ocsp 2,8134 0,0011
runa 0,9416 0,0004
prefix 2,5257 0,0010
binding 1,7720 0,0007
during 0,5447 0,0002
pogo 2,8134 0,0011
relate 0,0000 0,0000
enable 0,0000 0,0000
sidebar 0,0000 0,0000
limitreport 0,0000 0,0000
games 1,9661 0,0008
controlling 3,2189 0,0013
decoration 0,0619 0,0000
reflist 0,0101 0,0000
still 0,5447 0,0002
var 0,0000 0,0000
work 0,2231 0,0002
agree 0,0101 0,0000
wgulsislanguageselectorempty 0,0000 0,0000
fail 0,9676 0,0004
among 0,5276 0,0002
codemirror 3,9120 0,0016
srpski 0,3711 0,0002
registration 0,0101 0,0000
math 2,5257 0,0010
terminate 2,4079 0,0010
word 0,0101 0,0000
redcore 2,8134 0,0011
webpositive 2,8134 0,0011
flock 2,5257 0,0010
spain 1,4271 0,0006
steel 2,8134 0,0011
extension 0,6349 0,0005
internal 0,8210 0,0003
kylo 2,8134 0,0011
lingua 2,4079 0,0010
pascal 2,0402 0,0008
bootstrap 2,9957 0,0012
foundation 0,0000 0,0000
privilege 1,8971 0,0015
secret 1,6607 0,0007
substitute 2,1203 0,0009
discontinue 1,3863 0,0006
eslint 3,9120 0,0016
verify 1,5141 0,0006
event 0,0000 0,0000
include 0,0000 0,0000
alongside 1,6607 0,0007
chakra 2,8134 0,0011
toggle 0,0000 0,0000
abstract 1,3093 0,0005
yehuda 3,9120 0,0016
tetun 2,9957 0,0012
comma 2,9957 0,0012
appearance 0,0000 0,0000
classname 0,0000 0,0000
subclass 2,8134 0,0011
anonymous 2,1203 0,0009
wggetopicsmatchmodeenable 0,0000 0,0000
first 0,0408 0,0000
span 1,2730 0,0005
nowrap 0,0408 0,0000
prefer 0,0101 0,0000
roman 0,0101 0,0000
vusec 4,6052 0,0019
craft 2,9957 0,0012
tobias 2,5257 0,0010
lotus 2,5257 0,0010
maurice 2,8134 0,0011
msn 2,3026 0,0009
wgrelevantpageisprobablyeditable 0,0000 0,0000
float 0,0101 0,0000
abdelberi 4,6052 0,0019
transclusion 0,0619 0,0000
space 0,0408 0,0000
pharuns 4,6052 0,0019
reference 0,0101 0,0000
brendan 2,8134 0,0011
associative 2,5257 0,0010
html 0,4463 0,0002
blockquote 2,8134 0,0011
imply 1,9661 0,0008
vet 3,5066 0,0014
bottom 0,0000 0,0000
cascade 2,5257 0,0010
christo 4,6052 0,0019
revision 0,0000 0,0000
magyar 0,3425 0,0001
publisher 0,0000 0,0000
insertion 2,5257 0,0010
replacement 1,7148 0,0007
img 0,0408 0,0000
minimo 2,8134 0,0011
phpstorm 3,5066 0,0014
o'reilly 0,6733 0,0003
mercury 2,6593 0,0011
interact 1,1712 0,0005
microformat 2,8134 0,0011
rlstate 0,0000 0,0000
error 0,0101 0,0000
platform 0,0000 0,0000
network 0,3285 0,0003
devtool 3,5066 0,0014
rust 1,6094 0,0007
shortcut 2,4079 0,0010
paper 0,9416 0,0004
array 1,4271 0,0012
parameter 1,3093 0,0005
clojurescript 3,9120 0,0016
forerunner 4,6052 0,0019
bigint 3,5066 0,0014
value 0,0000 0,0000
spacetime 2,5257 0,0010
telerik 4,6052 0,0019
resources 1,3471 0,0005
instead 0,4463 0,0002
command 0,7133 0,0003
expensive 0,0408 0,0000
async 3,9120 0,0016
performance 0,3425 0,0001
currently 1,0788 0,0004
lunascape 2,8134 0,0011
serial 2,8134 0,0011
maint 0,0101 0,0000
variable 0,9676 0,0008
serif 4,6052 0,0019
wiktionary 0,5798 0,0002
growth 1,2040 0,0005
slash 2,4079 0,0010
platformversion 0,0000 0,0000
exception 1,3471 0,0005
templatequote 1,9661 0,0008
references 0,0513 0,0000
scop 2,6593 0,0022
saved 0,0619 0,0000
year 0,2614 0,0001
sheon 4,6052 0,0019
urge 2,6593 0,0011
building 0,7985 0,0003
via 0,3011 0,0001
lccn 2,9957 0,0012
properly 1,3471 0,0005
quote 0,0101 0,0000
branscombe 4,6052 0,0019
visual 0,9416 0,0004
because 0,0000 0,0000
vim 3,2189 0,0013
agreement 1,3093 0,0005
raw 2,1203 0,0009
google 0,4005 0,0002
community 0,0000 0,0000
version 0,0000 0,0000
brezhoneg 1,7148 0,0007
talkback 3,9120 0,0016
stop 1,1394 0,0005
eesti 0,3285 0,0001
science 0,5447 0,0002
deepfish 2,8134 0,0011
vista 2,4079 0,0010
least 0,9676 0,0004
conkeror 2,8134 0,0011
immediately 1,5141 0,0006
wgusergroup 0,0000 0,0000
britannica 2,9957 0,0012
eloquent 4,6052 0,0019
nashorn 2,9957 0,0012
devtools 3,5066 0,0014
wikipedia 0,0000 0,0000
behavior 0,8210 0,0003
scott 1,0217 0,0004
scots 1,8971 0,0008
afrikaans 0,9416 0,0004
stagnant 4,6052 0,0019
ghostzilla 2,8134 0,0011
haskell 1,9661 0,0008
minimize 1,4697 0,0006
website 0,3711 0,0003
abc 2,4079 0,0010
learn 0,0000 0,0000
strata 2,8134 0,0011
succinct 3,5066 0,0014
concurrency 1,3471 0,0005
fast 0,4943 0,0004
calling 2,9957 0,0012
sleipnir 2,8134 0,0011
emerge 1,2730 0,0005
exploit 1,6607 0,0020
jeremy 2,2073 0,0009
register 0,0000 0,0000
nine 2,1203 0,0009
ace 3,5066 0,0014
iso 1,1394 0,0005
republic 0,8916 0,0004
official 0,6162 0,0002
jscript 3,2189 0,0013
bookmarks 2,6593 0,0011
act 0,9416 0,0004
post 0,0202 0,0000
duck 3,2189 0,0013
leave 0,0101 0,0000
crockford 2,9957 0,0012
protocols 2,0402 0,0008
enzer 4,6052 0,0019
ada 2,0402 0,0008
swift 1,8326 0,0007
add 0,0000 0,0000
need 0,1393 0,0002
bernhardt 3,9120 0,0016
elm 3,9120 0,0016
its 0,0726 0,0000
originally 0,8675 0,0004
blazer 2,8134 0,0011
often 0,2877 0,0001
parenthesis 3,5066 0,0028
article 0,0000 0,0000
fusion 1,9661 0,0008
parser 0,0000 0,0000
rebind 3,9120 0,0016
shell 1,0788 0,0004
guideline 1,3471 0,0005
http 0,0000 0,0000
decimal 0,0101 0,0000
useful 0,9943 0,0004
trust 1,2730 0,0010
private 0,8210 0,0003
united 0,4780 0,0002
culminate 3,2189 0,0013
standardization 1,6094 0,0007
wghostname 0,0000 0,0000
prevent 0,7340 0,0003
wgtitle 0,0000 0,0000
engine 0,4780 0,0004
puffin 2,8134 0,0011
scope 1,2730 0,0005
end 0,3011 0,0001
enumerate 2,9957 0,0012
obfuscation 2,6593 0,0011
mistake 2,0402 0,0008
wgdigittransformtable 0,0000 0,0000
serviceobjects 4,6052 0,0019
sidekick 4,6052 0,0019
attacker 2,3026 0,0019
hlist 0,0408 0,0000
arshad 3,9120 0,0016
label 0,0000 0,0000
message 0,3857 0,0003
special 0,0000 0,0000
modify 0,7765 0,0009
referrer 4,6052 0,0019
activex 2,5257 0,0010
environment 0,4308 0,0003
rlconf 0,0000 0,0000
unpatched 3,9120 0,0016
timberwolf 2,8134 0,0011
inconsistency 3,2189 0,0013
family 1,0217 0,0004
age 1,2730 0,0005
username 2,6593 0,0011
bahasa 0,3285 0,0001
release 0,2744 0,0003
ago 0,7765 0,0003
caption 0,3567 0,0001
getexpandedargument 2,6593 0,0011
adsafe 4,6052 0,0019
number 0,0000 0,0000
webexplorer 2,8134 0,0011
wgbackendresponsetime 0,0000 0,0000
shorten 0,0000 0,0000
collins 3,9120 0,0016
property 0,6539 0,0005
herman 3,9120 0,0016
brave 2,8134 0,0011
nan 3,2189 0,0013
idiots 4,6052 0,0019
similar 0,4780 0,0002
livescript 3,9120 0,0016
programmer 0,9416 0,0004
testing 0,6733 0,0003
specify 0,6349 0,0008
handle 0,6539 0,0003
isolation 1,6607 0,0007
gruss 4,6052 0,0019
forth 1,8971 0,0008
script 1,2379 0,0015
animation 1,5141 0,0006
system 0,0101 0,0000
aid 1,3471 0,0005
deepnet 2,8134 0,0011
partial 1,6607 0,0007
other 0,0000 0,0000
city 1,4697 0,0006
against 0,6931 0,0003
abaco 2,8134 0,0011
login 2,4079 0,0010
local 0,7985 0,0003
valid 1,4271 0,0006
spry 3,5066 0,0014
share 0,4620 0,0004
speak 1,7720 0,0007
deployment 0,7985 0,0003
prototype 0,9676 0,0008
powerful 1,4697 0,0006
rlq 0,0000 0,0000
anchor 1,9661 0,0008
sajjad 3,9120 0,0016
cite 0,0000 0,0000
atom 2,4079 0,0010
vue 3,9120 0,0016
screen 0,0101 0,0000
implicitly 2,8134 0,0011
body 0,0000 0,0000
maintainer 2,5257 0,0020
mode 0,0000 0,0000
pages 0,0000 0,0000
wakandadb 3,5066 0,0014
websocket 2,2073 0,0009
buffer 1,8326 0,0007
complement 2,8134 0,0011
net 0,9416 0,0004
closure 1,8971 0,0008
newpp 0,0619 0,0000
nasty 4,6052 0,0019
all 0,0408 0,0000
always 0,9416 0,0004
border 0,0000 0,0000
new 0,0000 0,0000
numbering 3,5066 0,0014
alphabetical 2,2073 0,0009
read 0,0000 0,0000
already 1,1087 0,0004
below 0,7550 0,0003
lawton 3,9120 0,0016
real 0,0408 0,0000
clientpref 0,0000 0,0000
tool 0,0000 0,0000
cocktailjs 4,6052 0,0019
shalt 4,6052 0,0019
unit 0,6539 0,0003
svenska 0,3857 0,0002
typing 2,3026 0,0009
individually 2,6593 0,0011
leverage 1,3863 0,0011
wgpagecontentlanguage 0,0000 0,0000
media 0,2485 0,0001
trick 2,6593 0,0011
around 0,6931 0,0003
floorp 2,8134 0,0011
wgisarticle 0,0000 0,0000
reload 2,8134 0,0023
anc 4,6052 0,0019
define 0,2744 0,0003
expr 4,6052 0,0019
douglas 1,7148 0,0007
row 0,4943 0,0002
mongodb 2,0402 0,0008
render 0,0513 0,0000
interlingua 1,3093 0,0005
undermine 2,8134 0,0011
mikhail 3,2189 0,0013
nonprogrammer 4,6052 0,0019
quartz 2,5257 0,0010
specific 0,2877 0,0001
any 0,2107 0,0001
minute 1,8326 0,0007
super 2,8134 0,0011
generational 2,8134 0,0011
huawei 2,2073 0,0009
application 0,0943 0,0001
komodo 2,8134 0,0011
compilation 2,1203 0,0009
wgflaggedrevsparams 0,0000 0,0000
dillo 2,8134 0,0011
until 0,7765 0,0003
collapse 0,0408 0,0000
superuser 3,9120 0,0016
aol 2,2073 0,0009
mynumber 4,6052 0,0019
reason 0,7985 0,0003
qooxdoo 3,5066 0,0014
benchmarking 2,6593 0,0011
eww 2,8134 0,0011
maintain 0,3567 0,0001
synchronous 2,6593 0,0011
wgrelevantarticleid 0,0000 0,0000
preprocessor 0,0513 0,0000
ship 1,6094 0,0007
cert 2,8134 0,0011
echo 2,2073 0,0009
natively 2,4079 0,0010
skyfire 2,8134 0,0011
professional 0,9416 0,0004
java 0,6162 0,0002
nim 2,5257 0,0010
cordova 3,5066 0,0014
cake 2,8134 0,0011
jan 1,6094 0,0007
annual 1,0788 0,0004
english 0,0000 0,0000
api 0,3425 0,0003
apl 2,6593 0,0011
fully 0,8210 0,0003
microcontrollers 2,8134 0,0011
app 0,9943 0,0008
ext 2,8134 0,0011
cache 0,0305 0,0000
margin 0,0000 0,0000
suomi 0,2107 0,0001
wgrequestid 0,0000 0,0000
nicholas 2,6593 0,0011
remain 0,7550 0,0003
assemblyscript 2,9957 0,0012
enwikimwclientpreference 0,0000 0,0000
rlpagemodules 0,0000 0,0000
slow 1,1087 0,0004
letter 1,5606 0,0013
samea 0,0000 0,0000
mozillazine 3,9120 0,0016
caja 3,2189 0,0013
flash 2,1203 0,0009
wgwikibaseitemid 0,0000 0,0000
bytecode 2,2073 0,0009
complexity 0,9163 0,0004
exploitable 3,5066 0,0014
wgulsiscompactlinksenable 0,0000 0,0000
maybe 2,8134 0,0011
frequently 1,0788 0,0004
another 0,3567 0,0001
automatically 0,7765 0,0003
pagevariantfallback 0,0000 0,0000
acquire 1,1087 0,0004
literal 2,4079 0,0019
webarchive 0,7985 0,0003
default 0,6931 0,0003
arc 2,6593 0,0011
caml 2,8134 0,0011
gray 2,5257 0,0010
encryption 1,1712 0,0005
vendor 1,1087 0,0009
wgmonthname 0,0000 0,0000
arg 3,5066 0,0014
advertisement 2,2073 0,0009
structured 1,7148 0,0007
backbone 3,9120 0,0016
disabled 0,0000 0,0000
where 0,2744 0,0001
chaabane 4,6052 0,0019
mechanism 0,7550 0,0003
popular 0,6539 0,0003
timestamp 0,0000 0,0000
citerefcrockford 4,6052 0,0019
vice 2,2073 0,0009
ars 1,9661 0,0008
curly 3,2189 0,0013
obfuscate 3,5066 0,0014
conformance 2,1203 0,0009
garrett 2,9957 0,0012
meteor 2,8134 0,0011
nest 1,7720 0,0007
bower 3,9120 0,0016
call 0,0101 0,0000
jawa 2,0402 0,0008
jdk 3,5066 0,0014
speculative 2,6593 0,0011
such 0,0943 0,0000
classic 1,3093 0,0005
wilson 2,1203 0,0009
cnet 1,7720 0,0007
plugin 1,9661 0,0016
escalation 2,6593 0,0011
ask 1,0498 0,0009
describe 0,2485 0,0002
asp 2,5257 0,0010
through 0,2107 0,0001
microsystems 1,8971 0,0008
icab 2,8134 0,0011
run 0,3011 0,0004
microsoft 0,4005 0,0002
operator 1,1712 0,0009
ecmascript 2,5257 0,0010
mouse 2,1203 0,0009
either 0,5621 0,0002
jen 3,5066 0,0014
view 0,0000 0,0000
vulnerable 1,7720 0,0007
openly 3,2189 0,0013
white 0,0305 0,0000
counterpart 2,6593 0,0011
yourself 3,2189 0,0013
donate 0,0000 0,0000
ecma 2,8134 0,0011
bloomberg 1,7148 0,0007
might 0,7340 0,0003
carakan 3,5066 0,0014
morfik 3,9120 0,0016
bold 0,0408 0,0000
significant 0,6931 0,0003
mixin 3,9120 0,0032
gecko 2,8134 0,0011
mothbal 4,6052 0,0019
alix 3,9120 0,0016
galego 0,7550 0,0003
name 0,0000 0,0000
bolt 2,4079 0,0010
cputime 0,0000 0,0000
larry 1,9661 0,0008
watchlist 0,0000 0,0000
next 0,5798 0,0002
blind 2,4079 0,0010
color 0,0101 0,0000
hidden 1,6094 0,0007
import 1,5606 0,0006
string 1,2040 0,0010
submit 1,6094 0,0007
boom 2,5257 0,0010
valueof 4,6052 0,0019
book 0,4308 0,0002
show 0,0513 0,0000
description 0,0000 0,0000
edition 0,7985 0,0006
generating 3,9120 0,0016
blink 2,5257 0,0010
malicious 2,1203 0,0009
not 0,0101 0,0000
now 0,4308 0,0002
statement 0,0000 0,0000
hence 1,7720 0,0007
trademark 0,0101 0,0000
greek 0,0101 0,0000
konqueror 2,8134 0,0011
news 0,4620 0,0002
abbreviate 2,3026 0,0009
introduce 0,3285 0,0003
war 1,8326 0,0007
npm 2,4079 0,0010
wat 4,6052 0,0019
futures 2,9957 0,0012
way 0,2485 0,0002
target 0,0101 0,0000
what 0,0000 0,0000
amaya 2,6593 0,0011
awk 3,5066 0,0014
refer 0,4155 0,0002
israel 0,7550 0,0003
risk 0,8916 0,0007
rise 1,2379 0,0005
container 0,0000 0,0000
play 1,1712 0,0009
developers 0,0000 0,0000
quickly 1,1087 0,0004
usage 0,0000 0,0000
decide 0,9943 0,0004
experimental 1,4697 0,0006
wgmediaviewerenabledbydefault 0,0000 0,0000
nearby 0,0000 0,0000
when 0,0834 0,0000
cast 2,3026 0,0028
jit 2,5257 0,0010
far 1,2730 0,0005
broad 1,1394 0,0005
electron 3,9120 0,0016
embed 0,9163 0,0007
webpage 2,6593 0,0011
truly 2,2073 0,0009
case 0,3285 0,0001
generation 1,2040 0,0005
nokia 2,0402 0,0008
give 0,4780 0,0004
item 0,0000 0,0000
wgmediavieweronclick 0,0000 0,0000
rockmelt 2,8134 0,0011
double 1,0498 0,0009
wgulsposition 0,0000 0,0000
epic 2,0402 0,0008
melayu 0,6349 0,0003
webviewfoldericon 4,6052 0,0019
explicit 1,4697 0,0006
moon 2,6593 0,0011
wgbreakframe 0,0000 0,0000
rely 0,6931 0,0008
determined 3,2189 0,0013
utilize 1,7148 0,0007
italiano 0,1278 0,0001
sticky 0,0000 0,0000
style 0,0000 0,0000
completely 1,4271 0,0006
appjet 3,2189 0,0013
assault 3,9120 0,0016
implicit 2,0402 0,0008
explicitly 1,2040 0,0005
study 0,9416 0,0004
searchinput 0,0000 0,0000
harry 2,5257 0,0010
portion 1,5141 0,0006
pattern 0,5978 0,0002
commons 0,0000 0,0000
gain 0,8916 0,0011
tessel 4,6052 0,0019
confuse 1,2040 0,0005
modern 0,7340 0,0003
julia 1,9661 0,0008
web 0,1165 0,0000
embedding 2,6593 0,0011
protect 1,1394 0,0005
architecture 0,0000 0,0000
flatlist 4,6052 0,0019
more 0,0000 0,0000
display 0,0000 0,0000
haudio 4,6052 0,0019
continuously 1,8326 0,0007
great 0,8675 0,0004
acrobat 4,6052 0,0019
organization 0,0000 0,0000
width 0,0000 0,0000
inversely 4,6052 0,0019
dominance 2,8134 0,0011
yarn 3,9120 0,0016
certain 0,6162 0,0002
economic 1,6607 0,0007
statistics 0,0000 0,0000
distinction 2,0402 0,0008
kottelin 4,6052 0,0019
section 0,7340 0,0003
simple 0,2231 0,0001
influence 1,3471 0,0005
raju 3,2189 0,0013
protocol 0,5621 0,0002
overflow 0,3567 0,0003
whale 2,5257 0,0010
webpack 3,2189 0,0013
talent 3,2189 0,0013
theoretically 2,9957 0,0012
few 0,7133 0,0003
otherwise 1,3863 0,0006
jsbench 4,6052 0,0019
package 0,9943 0,0004
visible 0,0101 0,0000
jslint 3,2189 0,0013
orient 0,5447 0,0002
pronunciation 2,6593 0,0011
kind 0,8675 0,0004
purescript 3,9120 0,0016
inner 2,4079 0,0010
solely 2,6593 0,0011
both 0,0305 0,0000
important 0,0101 0,0000
market 0,9943 0,0004
most 0,2107 0,0001
transfer 0,7985 0,0006
outside 1,1087 0,0004
overhaul 2,8134 0,0011
effect 0,8440 0,0003
keep 0,6733 0,0003
ipac 2,9957 0,0012
topic 0,0000 0,0000
omit 2,3026 0,0009
sugar 2,6593 0,0011
option 0,9416 0,0008
who 0,5621 0,0002
limitation 1,0498 0,0004
game 0,7765 0,0006
contribute 0,0000 0,0000
resig 3,2189 0,0013
generator 1,7148 0,0014
why 0,6539 0,0003
clinick 4,6052 0,0019
highlight 1,3093 0,0005
alone 1,7148 0,0007
database 0,2485 0,0002
along 0,7340 0,0003
jsgi 2,4079 0,0010
sheet 2,1203 0,0009
david 0,5798 0,0002
sam 1,8326 0,0007
authentication 1,3863 0,0006
wgseparatortransformtable 0,0000 0,0000
breach 1,6094 0,0007
chromium 2,3026 0,0009
move 0,0000 0,0000
original 0,0943 0,0000
also 0,0202 0,0000
say 0,6733 0,0003
increase 0,4620 0,0002
raku 2,6593 0,0011
differ 1,5141 0,0006
swiftfox 2,8134 0,0011
inline 0,0408 0,0000
yandex 2,1203 0,0009
various 0,3857 0,0002
front 1,1394 0,0005
visit 0,0408 0,0000
affiliate 2,6593 0,0011
user 0,0000 0,0000
equivalent 1,5141 0,0006
bad 1,4271 0,0006
switches 4,6052 0,0019
tooltip 0,8675 0,0004
fin 3,9120 0,0016
northeastern 3,5066 0,0014
hausa 1,8971 0,0008
offer 0,4155 0,0003
bar 1,3863 0,0006
fix 0,5108 0,0002
draft 1,6607 0,0007
giant 2,1203 0,0009
elmcip 2,3026 0,0009
fluid 2,3026 0,0009
variadic 3,9120 0,0016
piratebrowser 2,8134 0,0011
overwrite 2,8134 0,0011
addition 0,6733 0,0005
surf 2,6593 0,0011
bbc 1,9661 0,0008
ad 2,8134 0,0011
grow 0,8675 0,0007
lynx 2,6593 0,0011
shrink 3,2189 0,0013
tracemonkey 3,5066 0,0014
ancestor 2,9957 0,0012
documentation 0,6349 0,0003
personal 0,0000 0,0000
extend 0,6162 0,0002
imageobject 0,0000 0,0000
drive 0,4780 0,0004
greatly 1,8971 0,0008
deal 1,1712 0,0005
be 0,1508 0,0001
miscellaneous 2,9957 0,0012
traits 4,6052 0,0019
scheme 0,0101 0,0000
affect 1,0217 0,0004
icon 0,0101 0,0000
expansiondepth 0,0000 0,0000
icedragon 2,8134 0,0011
communications 1,2040 0,0005
search 0,0000 0,0000
see 0,0408 0,0000
spacing 0,0619 0,0000
vite 3,5066 0,0014
systems 0,4780 0,0002
wgrelevantpagename 0,0000 0,0000
popularity 1,3093 0,0005
arxiv 1,3471 0,0005
lightspeed 4,6052 0,0019
national 0,4463 0,0002
subsequent 1,6094 0,0007
mootools 3,2189 0,0013
typescript 1,8971 0,0008
unbordered 2,5257 0,0010
disclaimer 4,6052 0,0019
sep 2,4079 0,0010
innovation 1,2379 0,0005
ses 3,5066 0,0014
completion 1,9661 0,0008
contain 0,0101 0,0000
set 0,2107 0,0003
shqip 0,6931 0,0003
cj 4,6052 0,0019
column 0,0101 0,0000
adobe 2,1203 0,0009
midori 2,4079 0,0010
sample 1,5141 0,0006
angus 3,9120 0,0016
forgery 4,6052 0,0019
cobol 2,2073 0,0009
sfn 1,6607 0,0007
wgaction 0,0000 0,0000
unfit 1,8326 0,0007
operand 2,8134 0,0023
font 0,0000 0,0000
scalable 1,5141 0,0006
arora 2,5257 0,0010
precede 2,4079 0,0010
omniweb 2,8134 0,0011
language 0,0000 0,0000
do 0,1625 0,0002
navbox 0,0943 0,0000
listitem 0,0408 0,0000
gary 2,3026 0,0009
franca 2,4079 0,0010
contact 0,0000 0,0000
rare 1,8971 0,0008
france 0,8675 0,0004
criticism 1,1394 0,0005
programming 0,2744 0,0001
nelaturu 4,6052 0,0019
jvm 2,8134 0,0011
image 0,0202 0,0000
chrome 2,2073 0,0009
typically 0,3857 0,0002
motherboard 2,6593 0,0011
garbage 2,3026 0,0009
ep 4,6052 0,0019
wiley 1,1712 0,0005
never 1,1712 0,0005
piece 1,4271 0,0006
carry 1,4271 0,0006
party 0,6539 0,0005
frame 1,6094 0,0007
cursor 0,0619 0,0000
however 0,3011 0,0001
techvision 4,6052 0,0019
robertson 3,5066 0,0014
foo 2,9957 0,0012
origin 0,0000 0,0000
waterfox 2,8134 0,0011
capable 1,6094 0,0007
mistaken 3,9120 0,0016
walltime 0,0000 0,0000
interlanguage 0,0000 0,0000
content 0,0000 0,0000
duckduckgo 2,6593 0,0011
random 0,0000 0,0000
wikibooks 0,8210 0,0003
ploy 4,6052 0,0019
related 0,9676 0,0004
alert 1,8326 0,0007
await 2,9957 0,0012
mosaic 2,6593 0,0011
client 0,0000 0,0000
foss 1,8971 0,0008
json 1,2379 0,0005
confines 4,6052 0,0019
class 0,0000 0,0000
gehomepagesuggestededitsenabletopic 0,0000 0,0000
conversion 1,9661 0,0008
over 0,3285 0,0001
false 0,0000 0,0000
specification 0,7133 0,0003
counter 0,0408 0,0000
parse 0,0619 0,0000
srpskohrvatski 0,9163 0,0004
sebastopol 1,9661 0,0008
fork 1,1394 0,0005
formalize 2,6593 0,0011
form 0,3011 0,0004
management 0,2231 0,0001
obj 3,9120 0,0016
developer 0,1744 0,0001
starch 3,5066 0,0014
avoid 0,0101 0,0000
fresh 2,2073 0,0009
comprehensive 1,3863 0,0006
he 0,6733 0,0003
subset 1,1394 0,0009
assign 1,2730 0,0015
macromedia 3,9120 0,0016
big 0,7550 0,0003
very 0,5978 0,0002
practice 0,6349 0,0005
lodash 2,9957 0,0012
dialects 2,5257 0,0010
citerefashkenas 4,6052 0,0019
invoke 1,5141 0,0012
authorization 2,1203 0,0009
flourish 3,9120 0,0016
output 0,0000 0,0000
orion 2,3026 0,0009
dram 3,5066 0,0014
william 1,7148 0,0007
technet 3,2189 0,0013
context 0,5978 0,0002
easily 1,2040 0,0005
model 0,0000 0,0000
join 1,1087 0,0004
portal 0,0000 0,0000
manipulation 1,1712 0,0005
reduce 0,0101 0,0000
sentence 0,0000 0,0000
oct 1,9661 0,0008
advisory 2,8134 0,0011
issue 0,3425 0,0001
kern 0,0101 0,0000
large 0,2485 0,0001
dependency 1,2730 0,0005
maturity 2,9957 0,0012
literally 3,2189 0,0013
ocaml 2,6593 0,0011
pyjs 2,9957 0,0012
index 1,0498 0,0004
ordinary 2,1203 0,0009
announce 0,6733 0,0005
odd 0,0943 0,0000
traditional 0,7985 0,0003
lively 3,2189 0,0013
operate 0,3567 0,0001
john 0,5276 0,0002
begin 0,5108 0,0004
annoying 4,6052 0,0019
wgvisualeditor 0,0000 0,0000
become 0,2877 0,0002
jj 4,6052 0,0019
template 0,0000 0,0000
works 2,2073 0,0009
enwiki 0,0619 0,0000
indefinitely 1,9661 0,0008
eventually 1,1394 0,0005
subscription 0,0101 0,0000
basilisk 2,4079 0,0010
falkon 2,8134 0,0011
delegate 2,0402 0,0008
library 0,3857 0,0003
navbar 0,0202 0,0000
world 0,3857 0,0002
strings 2,6593 0,0011
subbox 0,6931 0,0003
jsss 2,6593 0,0011
december 0,0000 0,0000
ability 0,7340 0,0003
table 0,0000 0,0000
taqbaylit 2,4079 0,0010
charon 2,8134 0,0011
creator 1,2730 0,0005
side 0,3425 0,0001
break 0,0101 0,0000
librewolf 2,8134 0,0011
change 0,0000 0,0000
modernizr 4,6052 0,0019
beonex 2,8134 0,0011
printable 0,0000 0,0000
generally 0,5447 0,0002
hide 0,0000 0,0000
meleon 2,8134 0,0011
report 0,0202 0,0000
auto 0,0726 0,0000
constant 2,2073 0,0009
mislead 3,2189 0,0013
several 0,4155 0,0002
sign 1,2379 0,0005
syntactical 3,5066 0,0014
office 1,0498 0,0004
wgcanonicalspecialpagename 0,0000 0,0000
while 0,2614 0,0001
second 0,0408 0,0000
that 0,5108 0,0002
download 0,0000 0,0000
edge 1,2379 0,0005
high 0,0101 0,0000
split 0,0000 0,0000
mynumb 4,6052 0,0019
publication 1,5141 0,0012
than 0,2357 0,0001
limit 0,0000 0,0000
widespread 1,3093 0,0005
bnf 0,9163 0,0004
different 0,0513 0,0000
directly 0,5108 0,0002
mj 4,6052 0,0019
level 0,0000 0,0000
author 0,0000 0,0000
interoperability 1,8326 0,0007
preserve 1,8326 0,0007
serviceobject 4,6052 0,0019
establish 0,8916 0,0004
plus 1,6607 0,0007
expansion 0,0619 0,0000
daniel 1,2040 0,0005
relevant 1,2040 0,0005
license 0,0000 0,0000
expand 0,0101 0,0000
lauinger 4,6052 0,0019
salamweb 2,8134 0,0011
bob 1,8326 0,0007
wgmfdisplaywikibasedescription 0,0000 0,0000
retrieve 0,0000 0,0000
signatory 3,2189 0,0013
angularjs 2,5257 0,0010
datum 0,0408 0,0000
behind 1,2730 0,0005
code 0,0000 0,0000
legacy 1,5141 0,0006
student 1,4271 0,0006
wgdefaultdateformat 0,0000 0,0000
box 0,0408 0,0000
storage 0,3711 0,0002
sql 1,0788 0,0004
switch 0,9163 0,0004
total 0,0000 0,0000
deutsch 0,0943 0,0000
keerthi 4,6052 0,0019
reserve 2,4079 0,0010
playground 2,9957 0,0012
viable 2,8134 0,0011
console 1,7720 0,0007
initiative 1,0217 0,0004
determine 0,7985 0,0003
social 0,8210 0,0003
src 0,6349 0,0003
cross 1,8326 0,0007
control 0,1625 0,0001
symbian 2,2073 0,0009
getallexpandedargument 2,6593 0,0011
pc 2,9957 0,0012
attribution 0,0000 0,0000
handler 2,0402 0,0008
increasingly 1,4271 0,0006
vary 0,0619 0,0000
upper 0,0101 0,0000
convenience 2,5257 0,0010
discipline 1,1712 0,0005
luasandbox 1,4271 0,0006
scene 2,8134 0,0011
engines 1,3471 0,0005
expiry 0,0619 0,0000
minerva 0,0101 0,0000
brand 0,0000 0,0000
foreword 3,2189 0,0013
publishing 0,7550 0,0003
recent 0,0000 0,0000
inscript 3,5066 0,0014
loren 4,6052 0,0019
they 0,0619 0,0001
proposal 1,6094 0,0013
browsing 1,8326 0,0007
github 0,7340 0,0003
edit 0,0000 0,0000
old 0,8675 0,0011
subtract 3,5066 0,0014
interpreter 1,4697 0,0012
then 0,3567 0,0001
deno 3,2189 0,0013
esbuild 3,5066 0,0014
horse 2,6593 0,0022
node 0,0305 0,0000
concepts 1,1394 0,0005
javanese 3,9120 0,0016
bundler 3,9120 0,0016
starting 3,5066 0,0014
device 0,7550 0,0006
sub 1,9661 0,0008
access 0,2877 0,0001
conference 0,3425 0,0001
webrtc 2,3026 0,0009
simi 0,9416 0,0004
simula 2,6593 0,0011
sun 1,2730 0,0005
gazelle 2,8134 0,0011
selflink 0,0101 0,0000
current 0,0000 0,0000
templatequotecite 1,9661 0,0008
variety 0,9943 0,0004
george 1,6607 0,0007
mochikit 3,5066 0,0014
vector 0,0000 0,0000
audio 1,2379 0,0005
key 0,0305 0,0000
silk 2,2073 0,0009
cachereport 0,0000 0,0000
manager 0,8440 0,0007
necessary 0,8440 0,0003
one 0,0943 0,0001
hotjava 2,8134 0,0011
launch 0,9943 0,0004
store 0,5447 0,0002
katz 2,8134 0,0011
dahl 3,2189 0,0013
tagalog 1,2040 0,0005
single 0,3147 0,0001
entityaccesscount 0,0000 0,0000
bug 0,8675 0,0007
bun 3,2189 0,0013
declare 1,6094 0,0013
buy 1,4271 0,0006
available 0,0000 0,0000
csrf 3,9120 0,0016
express 1,0788 0,0004
azer 4,6052 0,0019
zero 1,0217 0,0004
soomaaliga 2,4079 0,0010
chakracore 3,2189 0,0013
variant 0,0619 0,0000
dynamic 0,7133 0,0003
up 2,8134 0,0011
opa 3,9120 0,0016
ensure 0,7985 0,0003
oracle 0,8916 0,0004
query 1,1394 0,0005
this 0,1278 0,0001
norsk 0,3285 0,0001
andersen 3,5066 0,0014
incorrectly 3,5066 0,0014
memusage 0,0000 0,0000
extract 1,7720 0,0007
especially 0,8210 0,0003
once 0,7985 0,0003
theserverside 4,6052 0,0019
know 0,2231 0,0001
demonstrate 1,3471 0,0005
support 0,1393 0,0002
yearly 2,8134 0,0011
coin 1,6094 0,0007
preview 1,6607 0,0007
ingenious 3,9120 0,0016
hire 2,2073 0,0009
wgpopupsflag 0,0000 0,0000
polski 0,1165 0,0000
privacy 0,0000 0,0000
vertical 0,7985 0,0003
misconception 2,4079 0,0010
proprietary 0,9676 0,0004
similarity 2,5257 0,0010
gap 1,2040 0,0005
kit 1,7720 0,0007
normal 0,0202 0,0000
previous 1,1712 0,0005
wide 0,6539 0,0003
org 1,5141 0,0006
teach 2,4079 0,0010
technology 0,1863 0,0002
fastify 2,8134 0,0011
storing 4,6052 0,0019
ungoogled 2,8134 0,0011
wgarticleid 0,0000 0,0000
kjs 3,5066 0,0014
migration 1,4697 0,0006
pagelanguagedir 0,0000 0,0000
wgcitereferencepreviewsactive 0,0000 0,0000
ecosystem 1,2040 0,0005
software 0,0000 0,0000
frameworks 2,0402 0,0008
reach 1,2040 0,0010
graphical 1,2730 0,0005
competition 1,9661 0,0008
react 2,2073 0,0009
none 0,0101 0,0000
repository 0,5276 0,0002
type 0,0000 0,0000
april 0,0000 0,0000
beyond 1,0217 0,0004
hack 1,3471 0,0005
problem 0,3285 0,0001
justify 1,8326 0,0007
qunit 3,9120 0,0016
proof 1,7148 0,0007
simulate 2,0402 0,0008
between 0,2107 0,0001
guide 0,3711 0,0002
raspberry 2,5257 0,0010
goal 0,8440 0,0003
researcher 1,3093 0,0005
kazehakase 2,8134 0,0011
method 0,3147 0,0003
comodo 2,8134 0,0011
overhead 1,2040 0,0005
conclude 2,4079 0,0010
scroll 2,8134 0,0011
treitter 4,6052 0,0019
come 0,4155 0,0002
procedural 2,0402 0,0008
baseline 1,7720 0,0007
delegative 4,6052 0,0019
comprehension 3,9120 0,0016
ott 2,5257 0,0010
push 0,0000 0,0000
invocation 2,8134 0,0011
concatenation 3,5066 0,0014
ladybird 2,8134 0,0011
logging 3,5066 0,0014
tostr 3,2189 0,0013
james 0,9676 0,0004
range 0,8675 0,0004
derive 1,1394 0,0005
out 0,0000 0,0000
weak 2,1203 0,0009
dart 2,6593 0,0011
flaw 1,9661 0,0008
feature 0,0000 0,0000
cached 0,4463 0,0002
get 0,0000 0,0000
dark 0,0101 0,0000
regular 1,2379 0,0005
neoplanet 2,8134 0,0011
thor 3,9120 0,0016
thou 4,6052 0,0019
lead 0,2231 0,0003
token 1,7148 0,0007
filter 1,4697 0,0006
expect 0,8440 0,0007
help 0,0000 0,0000
site 0,0000 0,0000
cease 2,8134 0,0011
depth 0,0000 0,0000
additionally 1,0498 0,0004
self 0,7133 0,0003
queue 1,1394 0,0005
sharealike 0,0000 0,0000
date 0,3011 0,0004
categorical 2,8134 0,0011
argument 0,0513 0,0000
data 0,0000 0,0000
firefox 2,2073 0,0009
own 0,4780 0,0004
wgpageviewlanguage 0,0000 0,0000
alexa 2,6593 0,0011
unary 3,5066 0,0014
blog 0,6349 0,0003
gosling 3,5066 0,0014
accesskey 0,0000 0,0000
only 0,2107 0,0001
should 0,3711 0,0002
create 0,0000 0,0000
tag 0,0000 0,0000
matlab 2,3026 0,0009
readable 1,8971 0,0008
development 0,1278 0,0001
like 0,2231 0,0001
constrain 2,4079 0,0010
profiler 2,0402 0,0008
core 0,5621 0,0002
zakas 4,6052 0,0019
untrusted 3,9120 0,0016
person 0,6162 0,0005
safe 0,8675 0,0004
files 2,9957 0,0012
send 0,7550 0,0009
potentially 0,7765 0,0003
here 0,0000 0,0000
youtube 1,5141 0,0006
note 0,4155 0,0002
camino 2,8134 0,0011
korolev 4,6052 0,0019
mccracken 3,9120 0,0016
purpose 0,5108 0,0002
line 0,0101 0,0000
link 0,0000 0,0000
weakly 3,5066 0,0014
distinct 1,3471 0,0005
can 0,0408 0,0000
security 0,3285 0,0001
cap 0,0619 0,0000
contributor 0,0000 0,0000
wgcanonicalnamespace 0,0000 0,0000
arkts 3,5066 0,0014
asynchronous 1,8326 0,0007
flex 0,5276 0,0002
ready 0,0000 0,0000
sproutcore 2,8134 0,0011
player 1,8326 0,0007
orientation 2,3026 0,0009
wgisredirect 0,0000 0,0000
limited 0,8916 0,0004
will 0,2485 0,0001
sputnik 2,4079 0,0010
worldwideweb 2,8134 0,0011
february 0,0000 0,0000
implementation 0,3147 0,0003
match 0,5276 0,0002
arbitrary 1,3863 0,0006
fault 1,1712 0,0005
standardize 1,7148 0,0014
follow 0,2744 0,0002
recursiveclone 1,6607 0,0007
boolean 2,1203 0,0009
demote 4,6052 0,0019
response 0,7340 0,0003
responsive 0,0202 0,0000
york 0,8440 0,0003
namespace 1,5141 0,0006
category 0,0000 0,0000
delegation 2,8134 0,0011
intend 0,6162 0,0005
wikidata 0,0000 0,0000
wild 3,2189 0,0013
callparserfunction 1,4271 0,0006
