carplay 3,5066 0,0011
latina 1,4697 0,0005
unavailable 2,3026 0,0007
upload 0,0000 0,0000
hall 1,3471 0,0004
wgrestrictionmove 0,0000 0,0000
approved 1,9661 0,0006
ted 2,2073 0,0007
would 0,3425 0,0001
ten 1,9661 0,0006
daring 3,9120 0,0012
tep 4,6052 0,0014
eweek 2,6593 0,0008
solid 0,0202 0,0000
hackintoshes 4,6052 0,0014
notably 1,8326 0,0006
require 0,0000 0,0000
rothenbourg 4,6052 0,0014
click 1,9661 0,0006
backwards 2,5257 0,0008
endorsed 3,2189 0,0010
scribunto 0,0000 0,0000
cdo 3,9120 0,0012
cooperative 1,8971 0,0006
cds 3,9120 0,0012
depictions 3,9120 0,0012
size 0,0000 0,0000
left 0,0101 0,0000
cdx 0,0000 0,0000
rounded 3,9120 0,0012
avie 3,9120 0,0012
object 0,4308 0,0001
walkie 3,9120 0,0012
lombard 1,1712 0,0004
turn 1,3471 0,0004
ceo 1,6094 0,0005
example 0,2744 0,0001
result 0,4620 0,0001
characters 1,5606 0,0005
gehomepagesuggestededitsenabletopics 0,0000 0,0000
same 0,2357 0,0001
transitional 3,5066 0,0011
after 0,0305 0,0000
solaris 1,7148 0,0005
connect 1,4271 0,0004
o'malley 4,6052 0,0014
policy 0,0000 0,0000
resume 3,5066 0,0011
address 0,8210 0,0003
accessories 3,5066 0,0011
cfo 2,5257 0,0008
pagelanguagecode 0,0000 0,0000
consisting 1,5141 0,0005
entering 2,5257 0,0008
xprotect 4,6052 0,0014
imac 3,9120 0,0012
norway 2,5257 0,0008
fifth 2,0402 0,0006
information 0,0000 0,0000
quarantine 4,6052 0,0014
subsidiaries 2,6593 0,0008
ternus 3,9120 0,0012
november 0,0000 0,0000
powered 1,5141 0,0005
good 1,0217 0,0003
empty 0,0305 0,0000
beddit 3,9120 0,0012
tim 1,0498 0,0003
're 2,0402 0,0006
export 0,0000 0,0000
others 0,4463 0,0001
delivering 2,6593 0,0008
making 0,5108 0,0002
onto 1,8971 0,0006
gone 2,8134 0,0009
aligning 3,9120 0,0012
applied 0,7765 0,0002
mainentity 0,0000 0,0000
provided 0,7765 0,0002
cio 2,9957 0,0009
technopedia 4,6052 0,0014
disclaimers 0,0000 0,0000
unsupported 2,3026 0,0007
provides 0,3711 0,0001
root 0,4943 0,0002
ligure 2,5257 0,0008
citation 0,0101 0,0000
approval 2,1203 0,0007
blocks 1,2379 0,0004
multiple 0,2485 0,0001
room 1,8326 0,0006
better 0,6162 0,0002
plainlist 0,4463 0,0001
computerworld 1,7148 0,0005
permit 2,0402 0,0006
translation 1,8326 0,0006
well 0,3011 0,0001
handling 1,0217 0,0003
suitable 1,3471 0,0004
pagetype 1,0788 0,0003
bitness 0,0000 0,0000
rgba 0,0101 0,0000
imovie 3,9120 0,0012
overused 3,9120 0,0012
pill 3,9120 0,0012
schmidt 1,9661 0,0006
signatures 2,5257 0,0008
myth 3,2189 0,0010
gained 1,4697 0,0005
ppvisitednodes 0,0000 0,0000
block 0,0408 0,0000
foresman 3,9120 0,0012
flow 0,3857 0,0001
cli 1,5141 0,0005
opensolaris 2,6593 0,0008
boxtext 0,0619 0,0000
considering 1,8971 0,0006
gore 3,5066 0,0011
macintosh 2,2073 0,0007
indonesia 0,3567 0,0001
intel 1,6094 0,0005
minix 2,8134 0,0009
binary 1,0498 0,0003
transparency 1,8326 0,0006
idvd 4,6052 0,0014
crazy 3,9120 0,0012
wgpopupsflags 0,0000 0,0000
spolsky 4,6052 0,0014
compressor 3,5066 0,0011
subsection 0,1508 0,0000
successor 1,6607 0,0005
dumps 3,9120 0,0012
illumos 3,2189 0,0010
save 1,9661 0,0006
toc 0,0000 0,0000
protection 0,4620 0,0001
aero 3,9120 0,0012
matter 1,5606 0,0005
widgets 2,8134 0,0009
wgpagecontentmodel 0,0000 0,0000
mickey 3,9120 0,0012
ton 2,9957 0,0009
tom 1,3863 0,0004
top 0,0000 0,0000
technica 1,3093 0,0004
too 0,8916 0,0003
powerpc 2,8134 0,0009
hobbyist 2,4079 0,0008
cnn 2,1203 0,0007
gaming 1,8971 0,0006
product 0,6539 0,0002
stupidity 3,9120 0,0012
additions 2,6593 0,0008
serenityos 3,5066 0,0011
walter 2,5257 0,0008
produce 1,2040 0,0004
picture 2,5257 0,0008
warmer 4,6052 0,0014
itunes 3,9120 0,0012
rose 2,8134 0,0009
communities 1,7148 0,0005
infect 3,9120 0,0012
capitan 3,9120 0,0012
com 0,8210 0,0003
col 1,0217 0,0003
capital 1,8326 0,0006
coo 2,6593 0,0008
criticizing 4,6052 0,0014
hattersley 4,6052 0,0014
inkwell 4,6052 0,0014
upon 0,8916 0,0003
demerjian 4,6052 0,0014
platforms 0,6931 0,0002
timeusage 0,0000 0,0000
airtag 3,9120 0,0012
automation 0,7550 0,0002
biggest 1,9661 0,0006
function 0,0000 0,0000
west 2,2073 0,0007
quite 2,2073 0,0007
clones 3,2189 0,0010
comparison 0,4155 0,0001
including 0,1985 0,0001
lay 3,2189 0,0010
introducing 0,8916 0,0003
cpu 0,0408 0,0000
infobox 0,6931 0,0002
less 0,6162 0,0002
conflicting 2,3026 0,0007
markets 1,9661 0,0006
improve 0,3857 0,0001
naming 1,4697 0,0005
mapped 2,8134 0,0009
previews 3,9120 0,0012
braeburn 3,9120 0,0012
specialized 1,1712 0,0004
woolard 3,9120 0,0012
footer 2,9957 0,0009
university 0,5621 0,0002
scripting 1,2040 0,0004
times 0,5447 0,0002
similarly 1,4697 0,0005
says 1,3863 0,0004
timeless 0,0101 0,0000
direction 1,5606 0,0005
luasandboxcallback 1,4271 0,0004
chooser 4,6052 0,0014
wgwmeschemaeditattemptstepoversample 0,0000 0,0000
opening 2,0402 0,0006
ttl 0,0000 0,0000
stable 0,7133 0,0002
productions 4,6052 0,0014
maintenance 0,6733 0,0002
japan 1,2730 0,0004
led 0,5978 0,0002
lee 1,3471 0,0004
supply 1,7148 0,0005
filemaker 3,9120 0,0012
beautiful 3,5066 0,0011
integrity 1,3863 0,0004
mountain 2,9957 0,0009
stats 2,4079 0,0008
granneman 4,6052 0,0014
pref 0,0000 0,0000
n't 0,7765 0,0002
state 0,4620 0,0001
csrftoken 0,0000 0,0000
dock 3,9120 0,0012
press 0,5798 0,0002
defined 0,4780 0,0001
element 0,0000 0,0000
night 0,0000 0,0000
breathtaking 4,6052 0,0014
vulnerability 1,7148 0,0005
each 0,1393 0,0000
cue 3,5066 0,0011
offering 1,1087 0,0003
creating 0,6539 0,0002
infringe 3,5066 0,0011
asahi 3,2189 0,0010
macdraw 4,6052 0,0014
items 0,5108 0,0002
datawrapper 1,6094 0,0005
cut 1,8326 0,0006
entertainment 2,2073 0,0007
probably 2,3026 0,0007
document 0,6539 0,0002
vkernel 2,3026 0,0007
availability 1,1394 0,0004
screenshot 2,6593 0,0008
networks 0,8210 0,0003
fixes 1,7720 0,0006
two 0,2744 0,0001
moment 2,8134 0,0009
writable 3,2189 0,0010
promote 1,9661 0,0006
cve 2,8134 0,0009
does 0,2744 0,0001
builder 1,7148 0,0005
rewritten 2,6593 0,0008
distribute 2,4079 0,0008
graphic 2,5257 0,0008
prevented 2,8134 0,0009
applecare 3,9120 0,0012
think 1,5141 0,0005
languages 0,0000 0,0000
replaces 2,2073 0,0007
replaced 1,1712 0,0004
reporter 3,9120 0,0012
services 0,3425 0,0001
marketing 1,2730 0,0004
overhauls 4,6052 0,0014
wgusername 0,0000 0,0000
speech 2,0402 0,0006
watch 1,7148 0,0005
polish 3,9120 0,0012
fashion 2,0402 0,0006
privileges 2,4079 0,0008
spencer 2,3026 0,0007
clips 2,9957 0,0009
drexler 3,5066 0,0011
reflecting 2,8134 0,0009
source 0,2107 0,0001
unable 2,2073 0,0007
kevin 1,5606 0,0005
lit 3,9120 0,0012
stability 1,9661 0,0006
tech 1,2040 0,0004
actual 1,1394 0,0004
tension 3,9120 0,0012
chess 2,8134 0,0009
campus 2,4079 0,0008
ultimate 1,8971 0,0006
widely 0,7985 0,0002
eric 1,1394 0,0004
develop 0,9163 0,0003
technologies 0,5978 0,0002
procare 3,9120 0,0012
roberts 2,3026 0,0007
district 2,5257 0,0008
fixed 0,9676 0,0003
page 0,0000 0,0000
larabel 3,9120 0,0012
full 0,0202 0,0000
away 1,4271 0,0004
memory 0,0408 0,0000
scientist 1,6094 0,0005
johny 3,9120 0,0012
aspects 0,8916 0,0003
house 1,5141 0,0005
grapher 4,6052 0,0014
sheepshaver 3,5066 0,0011
ssds 3,9120 0,0012
enhance 1,4697 0,0005
sameas 0,0000 0,0000
convention 2,2073 0,0007
hours 1,6094 0,0005
center 0,0000 0,0000
libraries 0,6733 0,0002
purchase 1,7720 0,0006
start 0,7985 0,0002
lifestyle 3,9120 0,0012
silicon 2,4079 0,0008
disney 3,9120 0,0012
short 0,0000 0,0000
studio 1,3471 0,0004
interactive 0,4463 0,0001
consistency 1,6094 0,0005
three 0,3711 0,0001
required 0,5108 0,0002
midi 3,9120 0,0012
twitter 1,7720 0,0006
season 3,2189 0,0010
specifically 0,8916 0,0003
enter 1,8326 0,0006
hardware 0,5798 0,0002
deputy 3,5066 0,0011
ibooks 4,6052 0,0014
players 2,3026 0,0007
roads 3,5066 0,0011
dates 0,5798 0,0002
priority 1,7720 0,0006
creative 0,0000 0,0000
nederlands 0,1985 0,0001
provide 0,3857 0,0001
wayback 0,7985 0,0002
mellon 2,5257 0,0008
primary 0,7765 0,0002
requires 0,5798 0,0002
angela 3,2189 0,0010
log 0,0000 0,0000
roadmap 2,4079 0,0008
euskara 0,5108 0,0002
planned 1,7720 0,0006
unknown 1,4697 0,0005
computer 0,2231 0,0001
low 0,7133 0,0002
ifund 3,9120 0,0012
pane 4,6052 0,0014
meant 1,7148 0,0005
means 0,5621 0,0002
edwin 2,9957 0,0009
wallet 2,5257 0,0008
initial 0,3857 0,0001
unstrip 0,0000 0,0000
wwdc 3,5066 0,0011
performed 1,0788 0,0003
templateargumentsize 0,0000 0,0000
asturianu 1,2730 0,0004
quick 1,6094 0,0005
alliance 1,8971 0,0006
friendly 1,9661 0,0006
tell 1,9661 0,0006
experience 0,8675 0,0003
italic 0,1278 0,0000
launched 1,3863 0,0004
dan 0,9943 0,0003
shows 1,5141 0,0005
denote 2,9957 0,0009
day 0,0000 0,0000
keeps 2,3026 0,0007
fixing 2,3026 0,0007
intrinsity 3,9120 0,0012
created 0,4155 0,0001
minutes 1,9661 0,0006
clover 3,9120 0,0012
format 0,0101 0,0000
artwork 3,5066 0,0011
water 2,6593 0,0008
clarifies 3,9120 0,0012
countless 3,9120 0,0012
repairing 3,9120 0,0012
serlet 3,9120 0,0012
launches 1,5606 0,0005
ease 1,9661 0,0006
critical 0,8916 0,0003
mike 1,2040 0,0004
part 0,2231 0,0001
wgpageparsereport 0,0000 0,0000
outcry 4,6052 0,0014
tvos 3,5066 0,0011
ipads 3,5066 0,0011
browser 1,0217 0,0003
dated 1,1087 0,0003
editors 0,0000 0,0000
introduction 0,5798 0,0002
park 2,3026 0,0007
shazam 3,5066 0,0011
built 0,5108 0,0002
threads 2,3026 0,0007
ltr 0,0000 0,0000
third 0,5621 0,0002
build 0,4943 0,0002
lua 0,0513 0,0000
cheng 2,3026 0,0007
further 0,3567 0,0001
evolved 1,6094 0,0005
outlets 3,5066 0,0011
areas 1,2379 0,0004
viewing 2,1203 0,0007
depending 1,1087 0,0003
davidson 3,5066 0,0011
announcement 2,0402 0,0006
sequoia 3,5066 0,0011
going 1,8326 0,0006
pass 1,7720 0,0006
past 1,8326 0,0006
stacks 2,3026 0,0007
profile 1,1394 0,0004
bill 1,5606 0,0005
easy 1,1087 0,0003
whose 1,3471 0,0004
steamos 3,2189 0,0010
domain 0,6931 0,0002
mentions 3,9120 0,0012
pase 3,5066 0,0011
adopting 2,1203 0,0007
statcounter 2,8134 0,0009
subgroup 0,0513 0,0000
choosing 2,2073 0,0007
transparent 0,0619 0,0000
adoption 0,8675 0,0003
journal 0,4780 0,0001
unlike 1,2040 0,0004
phoronix 3,9120 0,0012
acquisition 1,3863 0,0004
business 0,3567 0,0001
mini 0,0619 0,0000
retailer 4,6052 0,0014
staff 1,7720 0,0006
possible 0,5276 0,0002
right 0,0101 0,0000
executable 1,3471 0,0004
wikitext 0,0000 0,0000
stage 1,4697 0,0005
returning 2,4079 0,0008
showcase 3,9120 0,0012
compositing 3,9120 0,0012
paul 0,7765 0,0002
under 0,0101 0,0000
did 0,8210 0,0003
spotlight 2,9957 0,0009
london 1,3863 0,0004
navboxes 3,5066 0,0011
added 0,4308 0,0001
retrieved 0,0000 0,0000
down 0,8440 0,0003
shifting 2,5257 0,0008
div 0,0000 0,0000
acceleration 2,0402 0,0006
nukernel 3,9120 0,0012
brings 1,8326 0,0006
later 0,3857 0,0001
adding 0,6733 0,0002
forgotten 4,6052 0,0014
legal 1,1712 0,0004
signal 1,5606 0,0005
info 2,4079 0,0008
hancock 3,9120 0,0012
remained 2,5257 0,0008
agreements 2,8134 0,0009
thereafter 2,8134 0,0009
month 1,6094 0,0005
nudd 4,6052 0,0014
final 1,0788 0,0003
wgrevisionid 0,0000 0,0000
atsui 4,6052 0,0014
applicationkit 4,6052 0,0014
virtual 0,4620 0,0001
rather 0,5978 0,0002
importance 2,0402 0,0006
optimized 1,5606 0,0005
back 0,6539 0,0002
mach 2,8134 0,0009
heavier 4,6052 0,0014
title 0,0000 0,0000
states 0,4463 0,0001
sheets 2,5257 0,0008
optimizes 3,5066 0,0011
company 0,5621 0,0002
thomas 0,8675 0,0003
originals 3,9120 0,0012
human 0,9416 0,0003
seltzer 3,9120 0,0012
spelling 3,9120 0,0012
custom 0,0000 0,0000
kiswahili 1,2730 0,0004
tommy 3,9120 0,0012
skeuomorphic 3,9120 0,0012
permission 2,2073 0,0007
appleworks 4,6052 0,0014
grand 3,2189 0,0010
schedule 1,6607 0,0005
geekbench 4,6052 0,0014
blackberry 2,9957 0,0009
inherit 0,0101 0,0000
articles 0,0000 0,0000
showing 1,7720 0,0006
upcoming 2,2073 0,0007
wagner 2,8134 0,0009
dmy 0,0000 0,0000
navigation 0,0000 0,0000
kaleida 3,5066 0,0011
lock 0,0101 0,0000
resorted 3,9120 0,0012
latin 2,6593 0,0008
text 0,0000 0,0000
isabel 3,5066 0,0011
flyover 3,9120 0,0012
cookie 0,0000 0,0000
made 0,3857 0,0001
bits 2,1203 0,0007
sense 1,3093 0,0004
being 0,3147 0,0001
removing 1,4271 0,0004
contents 0,0000 0,0000
macs 3,5066 0,0011
messages 0,8916 0,0003
ups 2,8134 0,0009
dog 2,9957 0,0009
status 0,0000 0,0000
server 0,4463 0,0001
don 1,9661 0,0006
authentec 3,9120 0,0012
portugal 2,9957 0,0009
skin 0,0000 0,0000
dos 1,7720 0,0006
dow 3,2189 0,0010
targets 2,0402 0,0006
mac 1,3471 0,0004
mention 2,6593 0,0008
mae 3,9120 0,0012
mag 3,9120 0,0012
known 0,3147 0,0001
dpi 3,9120 0,0012
map 1,2040 0,0004
may 0,0000 0,0000
max 0,0513 0,0000
myths 3,2189 0,0010
url 0,0000 0,0000
sabih 3,9120 0,0012
singapore 2,5257 0,0008
entities 0,0305 0,0000
websites 1,2379 0,0004
fees 2,3026 0,0007
gentoo 2,9957 0,0009
dimensional 2,4079 0,0008
emoji 3,9120 0,0012
mail 2,3026 0,0007
markoff 3,9120 0,0012
usb 2,0402 0,0006
use 0,0000 0,0000
feel 2,2073 0,0007
main 0,0000 0,0000
networking 1,0498 0,0003
circulating 3,9120 0,0012
delano 3,9120 0,0012
concentrated 3,5066 0,0011
logo 0,0000 0,0000
kevan 3,9120 0,0012
macrumors 3,9120 0,0012
romain 3,5066 0,0011
approximation 2,6593 0,0008
mahe 3,9120 0,0012
utc 0,0000 0,0000
includes 0,5276 0,0002
numerals 4,6052 0,0014
streak 3,9120 0,0012
picking 3,5066 0,0011
sistersitebox 0,6539 0,0002
null 0,0000 0,0000
background 0,0101 0,0000
codename 3,2189 0,0010
watchtoken 0,0000 0,0000
oriented 0,5447 0,0002
ubiquitous 1,7720 0,0006
mdy 1,6094 0,0005
ellen 2,9957 0,0009
firewire 4,6052 0,0014
keychain 4,6052 0,0014
repeat 0,0101 0,0000
threats 2,2073 0,0007
cups 4,6052 0,0014
included 0,6931 0,0002
make 0,3857 0,0001
thread 1,6607 0,0005
exactly 1,5606 0,0005
rapidly 2,1203 0,0007
monterey 3,5066 0,0011
due 0,5108 0,0002
bytes 0,0408 0,0000
sonoma 3,9120 0,0012
properties 0,8210 0,0003
crash 1,6094 0,0005
patch 2,4079 0,0008
hiding 2,0402 0,0006
observer 2,4079 0,0008
dvd 2,9957 0,0009
above 1,0788 0,0003
drawing 2,6593 0,0008
palette 4,6052 0,0014
playback 3,2189 0,0010
recursion 0,0513 0,0000
released 0,5447 0,0002
height 0,0101 0,0000
boxes 2,4079 0,0008
august 0,0000 0,0000
module 0,0000 0,0000
wikibase 0,0619 0,0000
minimally 4,6052 0,0014
outer 1,2040 0,0004
received 1,4271 0,0004
execute 1,2040 0,0004
booth 4,6052 0,0014
vastly 3,2189 0,0010
boxed 3,9120 0,0012
highest 0,0513 0,0000
hrvatski 0,7550 0,0002
receives 1,8326 0,0006
mhz 3,5066 0,0011
switching 2,0402 0,0006
shared 0,8440 0,0003
components 0,5276 0,0002
notheme 0,3711 0,0001
safari 2,1203 0,0007
customization 2,6593 0,0008
betanews 3,9120 0,0012
mid 3,5066 0,0011
industry 0,8440 0,0003
long 0,5621 0,0002
xquartz 4,6052 0,0014
into 0,1985 0,0001
evans 2,5257 0,0008
min 0,1165 0,0000
partition 1,6094 0,0005
greece 2,8134 0,0009
macguard 4,6052 0,0014
supports 0,6931 0,0002
schiller 3,9120 0,0012
holes 2,8134 0,0009
bootx 4,6052 0,0014
redirect 1,7148 0,0005
striped 4,6052 0,0014
star 2,2073 0,0007
though 0,8440 0,0003
many 0,2357 0,0001
everyday 2,9957 0,0009
releases 1,2379 0,0004
controlled 1,6607 0,0005
appear 1,2730 0,0004
debuts 2,9957 0,0009
extensive 1,5141 0,0005
collaboration 1,1394 0,0004
increasing 1,2379 0,0004
holds 2,2073 0,0007
progress 1,4271 0,0004
iweb 4,6052 0,0014
open 0,1625 0,0001
nagel 3,5066 0,0011
ukrainian 2,8134 0,0009
folders 2,9957 0,0009
tbody 0,6931 0,0002
cheeseman 4,6052 0,0014
invest 2,6593 0,0008
numbers 0,9416 0,0003
rapid 1,3093 0,0004
project 0,3011 0,0001
seven 1,8326 0,0006
eclectic 4,6052 0,0014
nicole 2,9957 0,0009
specs 2,8134 0,0009
darker 4,6052 0,0014
techcrunch 1,3093 0,0004
mks 3,5066 0,0011
california 1,2379 0,0004
maps 1,6607 0,0005
redesigned 3,5066 0,0011
seeds 2,9957 0,0009
look 1,1394 0,0004
mls 3,9120 0,0012
commits 1,8326 0,0006
internet 0,5447 0,0002
allow 0,4155 0,0001
needed 0,3285 0,0001
apple 1,1712 0,0004
admit 4,6052 0,0014
unixware 3,2189 0,0010
common 0,3711 0,0001
interest 1,1394 0,0004
activists 2,8134 0,0009
placeholder 0,0000 0,0000
apply 0,0000 0,0000
recently 1,5141 0,0005
beats 2,5257 0,0008
bars 3,2189 0,0010
swain 4,6052 0,0014
step 1,0217 0,0003
mark 0,8210 0,0003
base 0,0513 0,0000
ireland 3,9120 0,0012
trend 1,8971 0,0006
mos 3,5066 0,0011
reliable 0,7765 0,0002
lost 1,6094 0,0005
iommus 3,9120 0,0012
emphasizing 2,9957 0,0009
reflist 0,0101 0,0000
attempts 1,6094 0,0005
still 0,5447 0,0002
var 0,0000 0,0000
work 0,3285 0,0001
nicknamed 3,9120 0,0012
books 0,9163 0,0003
among 0,5276 0,0002
delays 3,5066 0,0011
srpski 0,3711 0,0001
registration 0,0101 0,0000
word 0,0101 0,0000
stated 1,2730 0,0004
extension 0,7133 0,0002
internal 0,8210 0,0003
signature 2,1203 0,0007
tongue 3,9120 0,0012
federighi 3,9120 0,0012
foundation 0,0000 0,0000
across 0,5798 0,0002
flexibility 1,7148 0,0005
partnerships 2,6593 0,0008
identity 1,3863 0,0004
installation 1,6607 0,0005
writing 0,8210 0,0003
federal 1,7148 0,0005
firmware 2,3026 0,0007
multilingual 2,9957 0,0009
include 0,0202 0,0000
facebook 1,3863 0,0004
fadell 3,5066 0,0011
torvalds 2,4079 0,0008
ipados 2,8134 0,0009
sends 1,9661 0,0006
lots 3,5066 0,0011
altogether 2,8134 0,0009
defender 3,9120 0,0012
voice 1,6607 0,0005
existence 1,9661 0,0006
float 0,0101 0,0000
transclusion 0,0619 0,0000
mayo 3,9120 0,0012
microprocessors 2,9957 0,0009
capture 1,8971 0,0006
revision 0,0000 0,0000
sequence 1,4697 0,0005
shipped 2,1203 0,0007
scientific 1,1712 0,0004
jade 3,9120 0,0012
rlstate 0,0000 0,0000
platform 0,0000 0,0000
jackson 2,6593 0,0008
retina 3,5066 0,0011
animations 2,3026 0,0007
talks 2,4079 0,0008
craig 2,0402 0,0006
iteration 2,4079 0,0008
monolithic 2,0402 0,0006
advantage 1,2379 0,0004
assistant 2,4079 0,0008
spent 2,0402 0,0006
instead 0,4463 0,0001
command 0,8675 0,0003
variable 1,2730 0,0004
wiktionary 0,5798 0,0002
exception 1,5141 0,0005
egg 3,2189 0,0010
saved 0,0619 0,0000
year 0,7550 0,0002
allowed 0,9676 0,0003
laptop 2,5257 0,0008
via 0,3011 0,0001
resetting 3,5066 0,0011
music 1,7720 0,0006
tock 3,5066 0,0011
visual 0,9416 0,0003
autofilling 4,6052 0,0014
because 0,0000 0,0000
near 1,4271 0,0004
moving 1,1712 0,0004
shortest 2,3026 0,0007
upgrade 1,7720 0,0006
google 0,4005 0,0001
inspired 1,8326 0,0006
community 0,0000 0,0000
version 0,0000 0,0000
cocoa 3,5066 0,0011
zepko 4,6052 0,0014
folder 2,5257 0,0008
stop 1,5606 0,0005
eesti 0,3285 0,0001
vista 2,4079 0,0008
appropriate 1,1394 0,0004
fantasies 3,9120 0,0012
customizable 3,2189 0,0010
least 0,9676 0,0003
utility 1,7720 0,0006
xsan 3,9120 0,0012
giannandrea 3,9120 0,0012
elevated 2,6593 0,0008
certified 2,1203 0,0007
wikipedia 0,0000 0,0000
identically 3,9120 0,0012
afrikaans 0,9416 0,0003
computers 0,8210 0,0003
preferences 2,3026 0,0007
website 0,3857 0,0001
brands 0,0000 0,0000
learn 0,0000 0,0000
wingfield 3,9120 0,0012
newer 1,3093 0,0004
aperture 3,9120 0,0012
emerge 2,5257 0,0008
incorporates 2,8134 0,0009
notes 0,6349 0,0002
republic 0,8916 0,0003
official 0,6162 0,0002
spring 1,9661 0,0006
fitness 2,4079 0,0008
incorporated 1,7148 0,0005
ebooks 3,5066 0,0011
layers 1,7148 0,0005
need 0,3711 0,0001
weill 4,6052 0,0014
originally 0,8675 0,0003
users 0,3567 0,0001
alters 3,5066 0,0011
canada 1,6607 0,0005
catalyst 2,5257 0,0008
homekit 3,5066 0,0011
http 0,0000 0,0000
decimal 0,0101 0,0000
technical 0,6349 0,0002
engine 0,6539 0,0002
responsible 1,2040 0,0004
dating 3,5066 0,0011
end 0,3425 0,0001
lines 1,7720 0,0006
capabilities 0,9676 0,0003
wgdigittransformtable 0,0000 0,0000
codenames 3,5066 0,0011
rich 1,3863 0,0004
topsy 3,9120 0,0012
praise 3,5066 0,0011
noted 1,8326 0,0006
special 0,0000 0,0000
codenamed 2,9957 0,0009
environment 0,5978 0,0002
visited 0,0619 0,0000
progressive 1,0788 0,0003
contributors 0,0000 0,0000
family 1,0217 0,0003
referred 0,7340 0,0002
slightly 1,8326 0,0006
education 1,0788 0,0003
called 0,2744 0,0001
release 0,4005 0,0001
getexpandedargument 2,6593 0,0008
occurs 1,5141 0,0005
apfs 3,9120 0,0012
gradually 2,1203 0,0007
tried 2,3026 0,0007
iphones 3,2189 0,0010
succeeding 3,5066 0,0011
similar 0,4780 0,0001
sculley 3,9120 0,0012
programmer 1,4697 0,0005
neil 2,4079 0,0008
vmac 4,6052 0,0014
alerts 2,8134 0,0009
leopard 3,5066 0,0011
driver 1,7720 0,0006
drives 2,0402 0,0006
tone 3,2189 0,0010
against 0,6931 0,0002
vse 3,2189 0,0010
wallstreet 4,6052 0,0014
share 0,7765 0,0002
mykola 3,9120 0,0012
freeform 3,9120 0,0012
chairman 2,4079 0,0008
species 3,9120 0,0012
xgrid 4,6052 0,0014
firing 3,5066 0,0011
logic 0,9676 0,0003
francisco 1,6607 0,0005
shake 4,6052 0,0014
screen 0,0101 0,0000
poornima 4,6052 0,0014
amelio 3,9120 0,0012
saturation 4,6052 0,0014
pages 0,0000 0,0000
updating 1,3471 0,0004
enhancements 0,0101 0,0000
links 0,0000 0,0000
ancestors 3,5066 0,0011
newpp 0,0619 0,0000
copland 3,9120 0,0012
keynote 2,6593 0,0008
new 0,0000 0,0000
numbering 3,5066 0,0011
settings 1,6607 0,0005
below 0,7550 0,0002
frakes 3,9120 0,0012
heater 3,5066 0,0011
adweek 4,6052 0,0014
tool 0,6931 0,0002
tony 1,8326 0,0006
apis 0,9676 0,0003
svenska 0,3857 0,0001
typing 1,8326 0,0006
nyhthawk 4,6052 0,0014
backups 2,5257 0,0008
financial 1,4697 0,0005
wgpagecontentlanguage 0,0000 0,0000
media 0,2485 0,0001
around 0,6931 0,0002
gibbs 3,5066 0,0011
running 0,7340 0,0002
hardocp 4,6052 0,0014
gartenberg 3,9120 0,0012
chose 2,5257 0,0008
igbo 2,9957 0,0009
interlingua 1,3093 0,0004
rates 2,0402 0,0006
quartz 2,5257 0,0008
requirement 1,8326 0,0006
transport 1,7148 0,0005
korean 2,8134 0,0009
specific 0,2877 0,0001
inherited 2,4079 0,0008
strategy 0,9676 0,0003
unikernel 2,4079 0,0008
developments 1,8971 0,0006
ring 2,2073 0,0007
preprocessor 0,0513 0,0000
shift 1,9661 0,0006
ipodlinux 3,9120 0,0012
natively 2,4079 0,0008
uneconomic 4,6052 0,0014
johnson 1,8326 0,0006
professional 1,1087 0,0003
companies 0,8210 0,0003
java 0,6162 0,0002
rockstar 3,9120 0,0012
multikernel 2,5257 0,0008
builds 1,6607 0,0005
represented 1,5141 0,0005
zealand 2,9957 0,0009
fully 0,8210 0,0003
ext 2,8134 0,0009
models 0,6733 0,0002
cache 0,0305 0,0000
suomi 0,2107 0,0001
remain 1,4697 0,0005
expected 0,8440 0,0003
patches 1,8326 0,0006
rlpagemodules 0,0000 0,0000
metaio 3,9120 0,0012
argues 2,2073 0,0007
dictionary 1,2379 0,0004
slow 1,3471 0,0004
patched 2,6593 0,0008
srouji 3,9120 0,0012
shines 4,6052 0,0014
sizing 0,0408 0,0000
complexity 0,9416 0,0003
another 0,3567 0,0001
simultaneous 2,5257 0,0008
journalists 2,8134 0,0009
nebula 4,6052 0,0014
webarchive 0,7985 0,0002
default 0,6931 0,0002
mobileme 3,9120 0,0012
gray 2,5257 0,0008
encryption 1,1712 0,0004
weibo 3,9120 0,0012
disabled 0,0000 0,0000
attribute 1,3471 0,0004
mechanism 1,0217 0,0003
apps 1,3093 0,0004
timestamp 0,0000 0,0000
refinements 3,9120 0,0012
such 0,0943 0,0000
classic 1,3093 0,0004
cnet 1,7720 0,0006
ugandan 4,6052 0,0014
iger 3,9120 0,0012
mimicked 4,6052 0,0014
pcie 4,6052 0,0014
grab 3,9120 0,0012
supported 0,7765 0,0002
featured 2,6593 0,0008
documents 1,1087 0,0003
florida 3,2189 0,0010
microsystems 1,8971 0,0006
navigable 4,6052 0,0014
developing 0,8675 0,0003
remains 1,6094 0,0005
microsoft 0,4005 0,0001
griffiths 3,9120 0,0012
research 0,5621 0,0002
features 0,3857 0,0001
incomplete 2,4079 0,0008
openly 3,2189 0,0010
white 0,0305 0,0000
huge 1,8326 0,0006
revamped 3,9120 0,0012
cater 3,5066 0,0011
sues 3,5066 0,0011
pspdfkit 4,6052 0,0014
ecks 4,6052 0,0014
engineering 0,3711 0,0001
sharing 1,0217 0,0003
imaging 2,5257 0,0008
museum 2,6593 0,0008
sued 2,5257 0,0008
designs 1,5141 0,0005
next 0,5798 0,0002
color 0,0101 0,0000
hidden 0,0000 0,0000
multilevel 2,5257 0,0008
drops 2,9957 0,0009
not 0,0101 0,0000
central 0,9416 0,0003
now 0,4308 0,0001
statement 0,0000 0,0000
gregg 2,9957 0,0009
trademark 0,0101 0,0000
supporting 0,7765 0,0002
derived 1,2379 0,0004
incorporating 1,9661 0,0006
greek 0,0101 0,0000
news 0,4620 0,0001
wisconsin 3,9120 0,0012
continuity 3,5066 0,0011
war 1,8971 0,0006
way 0,3285 0,0001
grey 2,4079 0,0008
arment 4,6052 0,0014
ronald 2,8134 0,0009
antitrust 2,8134 0,0009
finnish 2,9957 0,0009
what 0,0000 0,0000
fedora 2,2073 0,0007
israel 0,7550 0,0002
vulnerabilities 1,5606 0,0005
risk 1,0498 0,0003
attempted 2,3026 0,0007
delivers 2,3026 0,0007
window 1,7148 0,0005
greg 2,0402 0,0006
container 0,0000 0,0000
play 1,4697 0,0005
typography 3,5066 0,0011
powerbook 4,6052 0,0014
charles 1,2730 0,0004
lowers 3,5066 0,0011
nearby 0,0000 0,0000
when 0,0834 0,0000
excluded 2,9957 0,0009
instruments 2,2073 0,0007
logged 0,0000 0,0000
far 1,3093 0,0004
struggling 3,5066 0,0011
issued 2,1203 0,0007
plan 1,2379 0,0004
dashboard 2,3026 0,0007
counsel 3,2189 0,0010
wgmediavieweronclick 0,0000 0,0000
wgulsposition 0,0000 0,0000
rendering 0,0513 0,0000
melayu 0,6349 0,0002
davis 1,7148 0,0005
fbi 3,2189 0,0010
limiting 1,9661 0,0006
italiano 0,1278 0,0000
qmaster 4,6052 0,0014
explicitly 1,2040 0,0004
widget 2,8134 0,0009
sentences 0,0000 0,0000
differences 1,3863 0,0004
direct 0,9416 0,0003
commons 0,0000 0,0000
enabled 0,0000 0,0000
gain 1,5606 0,0005
modern 0,7340 0,0002
web 0,1165 0,0000
arabic 2,6593 0,0008
older 1,1712 0,0004
categories 0,0000 0,0000
jacqui 3,2189 0,0010
nvidia 2,6593 0,0008
enables 0,7133 0,0002
indonesian 3,9120 0,0012
porting 2,6593 0,0008
explore 2,8134 0,0009
opengl 3,5066 0,0011
great 1,3863 0,0004
organization 0,0000 0,0000
width 0,0000 0,0000
ebbed 4,6052 0,0014
sides 2,9957 0,0009
levinson 3,9120 0,0012
certain 0,6162 0,0002
board 1,0217 0,0003
levels 0,0000 0,0000
charlie 2,6593 0,0008
statistics 0,0000 0,0000
speakable 4,6052 0,0014
baidu 2,4079 0,0008
used 0,0619 0,0000
compilers 2,2073 0,0007
centralized 1,9661 0,0006
originated 2,2073 0,0007
rumor 4,6052 0,0014
notification 2,4079 0,0008
presented 1,2730 0,0004
few 0,8916 0,0003
marked 1,6607 0,0005
visible 0,0101 0,0000
deirdre 3,9120 0,0012
opened 2,2073 0,0007
market 1,0217 0,0003
effects 1,2040 0,0004
refers 1,0217 0,0003
outside 1,1087 0,0003
overhaul 3,2189 0,0010
turkish 3,9120 0,0012
keep 1,0217 0,0003
produces 2,0402 0,0006
producer 3,2189 0,0010
topic 0,0000 0,0000
ipad 2,9957 0,0009
sugar 2,6593 0,0008
option 1,3093 0,0004
who 0,5621 0,0002
game 1,0498 0,0003
unveil 3,5066 0,0011
contribute 0,0000 0,0000
shortcuts 2,8134 0,0009
why 0,6733 0,0002
founders 1,9661 0,0006
hurd 2,9957 0,0009
integrated 0,6733 0,0002
along 0,7340 0,0002
david 0,5798 0,0002
designed 0,4620 0,0001
didi 3,9120 0,0012
designer 1,8326 0,0006
handoff 3,9120 0,0012
terminal 1,8326 0,0006
critics 2,6593 0,0008
opencl 3,5066 0,0011
contained 1,3471 0,0004
administrative 2,8134 0,0009
various 0,3857 0,0001
attention 1,7148 0,0005
uses 0,2485 0,0001
reduction 2,2073 0,0007
marzipan 4,6052 0,0014
user 0,0000 0,0000
gurman 4,6052 0,0014
extent 1,8326 0,0006
suse 2,6593 0,0008
translucent 4,6052 0,0014
tooltip 0,8675 0,0003
promoted 2,6593 0,0008
fit 1,9661 0,0006
skins 3,9120 0,0012
fix 1,0498 0,0003
jagwyre 4,6052 0,0014
giant 2,2073 0,0007
mirroring 3,2189 0,0010
addition 0,6931 0,0002
lynx 2,6593 0,0008
engineers 1,3863 0,0004
former 1,3093 0,0004
finder 3,2189 0,0010
panic 3,2189 0,0010
steven 1,4697 0,0005
imageobject 0,0000 0,0000
looking 1,3863 0,0004
simultaneously 1,6094 0,0005
gunnell 4,6052 0,0014
moscone 4,6052 0,0014
prove 2,3026 0,0007
expansiondepth 0,0000 0,0000
search 0,0000 0,0000
spacing 0,0619 0,0000
systems 0,1054 0,0000
wgrelevantpagename 0,0000 0,0000
popularity 1,3093 0,0004
panel 2,8134 0,0009
shqip 0,6931 0,0002
edgar 2,8134 0,0009
adobe 2,1203 0,0007
pearson 1,7720 0,0006
mavericks 3,9120 0,0012
maestri 3,9120 0,0012
wgaction 0,0000 0,0000
acquisitions 1,8326 0,0006
font 0,0000 0,0000
scalable 1,5141 0,0005
scare 3,9120 0,0012
language 0,0000 0,0000
graphics 1,3471 0,0004
japanese 2,0402 0,0006
attacks 1,5141 0,0005
startup 1,3093 0,0004
approvals 3,9120 0,0012
rare 1,8971 0,0006
justin 2,3026 0,0007
preceded 2,9957 0,0009
criticism 1,2379 0,0004
image 0,0202 0,0000
blagdon 4,6052 0,0014
dillet 3,5066 0,0011
never 1,1712 0,0004
frame 2,0402 0,0006
identifying 1,5141 0,0005
snapping 4,6052 0,0014
origin 0,0000 0,0000
india 1,4271 0,0004
content 0,0000 0,0000
layered 3,5066 0,0011
random 0,0000 0,0000
desktop 1,0788 0,0003
perhaps 2,2073 0,0007
rate 1,3863 0,0004
applescript 4,6052 0,0014
oak 3,9120 0,0012
class 0,0000 0,0000
digital 0,6162 0,0002
dalrymple 3,9120 0,0012
spanish 3,2189 0,0010
parekh 3,9120 0,0012
counter 0,0408 0,0000
clark 2,0402 0,0006
form 0,3711 0,0001
management 0,2231 0,0001
applemasters 3,9120 0,0012
significantly 1,5141 0,0005
promotion 2,9957 0,0009
very 0,5978 0,0002
decade 2,2073 0,0007
practice 0,7550 0,0002
placed 1,8326 0,0006
triggered 0,0513 0,0000
congress 2,3026 0,0007
delayed 2,2073 0,0007
coincided 3,9120 0,0012
ipod 3,9120 0,0012
appeared 1,7148 0,0005
four 0,9676 0,0003
imacs 4,6052 0,0014
context 0,6539 0,0002
dhiraj 4,6052 0,0014
easily 1,2040 0,0004
https 0,0000 0,0000
portal 0,0000 0,0000
french 2,3026 0,0007
issue 0,8675 0,0003
kern 0,0101 0,0000
lower 0,0101 0,0000
dashcode 4,6052 0,0014
dismissed 3,2189 0,0010
metal 2,6593 0,0008
index 1,1394 0,0004
announce 2,1203 0,0007
odd 0,0943 0,0000
resulting 0,9943 0,0003
certification 2,0402 0,0006
traditional 0,7985 0,0002
steele 3,2189 0,0010
become 0,6931 0,0002
girard 4,6052 0,0014
enwiki 0,0619 0,0000
indefinitely 1,9661 0,0006
eventually 1,1394 0,0004
subscription 0,0101 0,0000
hungarian 3,9120 0,0012
library 0,5621 0,0002
ability 0,7765 0,0002
eddy 3,5066 0,0011
camera 2,5257 0,0008
modifications 2,1203 0,0007
reisinger 3,9120 0,0012
draw 2,6593 0,0008
off 0,9943 0,0003
generally 0,5447 0,0002
places 1,7720 0,0006
turner 2,9957 0,0009
complete 0,6931 0,0002
accomplishment 3,9120 0,0012
hutchinson 3,5066 0,0011
wgcanonicalspecialpagename 0,0000 0,0000
while 0,2614 0,0001
photos 2,4079 0,0008
second 0,7550 0,0002
ported 2,4079 0,0008
derivatives 2,1203 0,0007
faster 0,9163 0,0003
platinum 4,6052 0,0014
than 0,2357 0,0001
limit 0,0000 0,0000
lockdown 3,5066 0,0011
picker 3,5066 0,0011
venturebeat 2,1203 0,0007
brian 1,2730 0,0004
communication 0,6931 0,0002
months 0,8210 0,0003
author 0,0000 0,0000
meter 3,2189 0,0010
thai 3,5066 0,0011
pkgsrc 4,6052 0,0014
puredarwin 3,9120 0,0012
chosen 1,7148 0,0005
expansion 0,0619 0,0000
license 0,0000 0,0000
disk 1,4271 0,0004
expand 0,0513 0,0000
headquarters 2,4079 0,0008
talkie 3,9120 0,0012
plug 2,5257 0,0008
code 0,0000 0,0000
storage 0,3711 0,0001
head 1,3471 0,0004
dialog 2,9957 0,0009
productivity 1,8971 0,0006
deutsch 0,0943 0,0000
playground 2,9957 0,0009
unofficial 2,2073 0,0007
allows 0,3425 0,0001
bricks 3,9120 0,0012
brief 1,5606 0,0005
rizzo 4,6052 0,0014
keyboard 1,9661 0,0006
exokernel 2,5257 0,0008
anderson 1,9661 0,0006
intelligent 1,7720 0,0006
drew 2,5257 0,0008
autoconfirmed 1,9661 0,0006
compliant 2,2073 0,0007
duncan 3,2189 0,0010
architectures 0,9416 0,0003
increasingly 1,4271 0,0004
nation 2,8134 0,0009
adaptation 2,4079 0,0008
registered 0,0101 0,0000
eula 3,9120 0,0012
claris 3,9120 0,0012
luasandbox 1,4271 0,0004
walsh 3,5066 0,0011
o'brien 2,9957 0,0009
speaking 2,1203 0,0007
engines 0,8210 0,0003
markkula 3,9120 0,0012
shifts 3,2189 0,0010
expiry 0,0619 0,0000
minerva 0,0101 0,0000
brand 2,1203 0,0007
recent 0,0000 0,0000
they 0,1508 0,0000
forks 1,6607 0,0005
bundled 2,5257 0,0008
edit 0,0000 0,0000
old 1,2040 0,0004
frustration 3,9120 0,0012
them 0,3285 0,0001
portable 1,8971 0,0006
then 0,3567 0,0001
ancient 2,6593 0,0008
node 0,0513 0,0000
concepts 0,5978 0,0002
xterm 4,6052 0,0014
starting 1,1394 0,0004
device 1,0217 0,0003
discovered 1,8326 0,0006
conference 0,3567 0,0001
activity 1,4271 0,0004
seen 1,2040 0,0004
seem 2,4079 0,0008
kazmucha 3,9120 0,0012
archived 0,0943 0,0000
defunct 1,9661 0,0006
nynorsk 1,2379 0,0004
variety 1,0217 0,0003
origins 1,8971 0,0006
launchd 4,6052 0,0014
samuel 2,4079 0,0008
thompson 1,8326 0,0006
vector 0,0000 0,0000
liam 2,8134 0,0009
calendar 2,9957 0,0009
cachereport 0,0000 0,0000
pretitle 1,3471 0,0004
unions 2,3026 0,0007
decision 0,9676 0,0003
necessary 0,8440 0,0003
itworld 3,5066 0,0011
one 0,0943 0,0000
started 0,8440 0,0003
puma 3,9120 0,0012
reviewers 2,8134 0,0009
bosanski 0,8916 0,0003
connected 1,4271 0,0004
single 0,3147 0,0001
entityaccesscount 0,0000 0,0000
filemerge 4,6052 0,0014
assist 2,4079 0,0008
closed 1,2040 0,0004
flowed 4,6052 0,0014
commercial 0,8440 0,0003
joint 1,7148 0,0005
separate 0,7133 0,0002
loader 2,0402 0,0006
endangered 4,6052 0,0014
rules 0,6349 0,0002
loaded 0,0305 0,0000
aqua 3,9120 0,0012
regularly 1,9661 0,0006
ruled 2,8134 0,0009
norsk 0,3285 0,0001
memusage 0,0000 0,0000
purchased 2,2073 0,0007
powerbooks 4,6052 0,0014
sees 2,3026 0,0007
know 0,7340 0,0002
support 0,2107 0,0001
yearly 2,8134 0,0009
changed 1,0788 0,0003
drop 1,8326 0,0006
preview 1,7720 0,0006
changes 0,0000 0,0000
polski 0,1165 0,0000
privacy 0,0000 0,0000
learning 0,7550 0,0002
vertical 0,7985 0,0002
life 0,9943 0,0003
swirling 4,6052 0,0014
gap 1,2730 0,0004
extensible 1,8326 0,0006
xserve 4,6052 0,0014
iphoto 3,5066 0,0011
slight 4,6052 0,0014
previous 1,1712 0,0004
wide 0,7133 0,0002
reading 0,5621 0,0002
arcade 3,9120 0,0012
storing 1,3863 0,0004
appkit 4,6052 0,0014
superior 3,5066 0,0011
wgarticleid 0,0000 0,0000
desktops 2,8134 0,0009
succeed 2,9957 0,0009
pagelanguagedir 0,0000 0,0000
location 1,2730 0,0004
anthony 2,1203 0,0007
facetime 3,9120 0,0012
osf 3,5066 0,0011
ecosystem 1,2040 0,0004
software 0,0000 0,0000
iwork 3,9120 0,0012
courts 2,9957 0,0009
none 0,0101 0,0000
displays 2,4079 0,0008
repository 0,5978 0,0002
type 0,0000 0,0000
april 0,0000 0,0000
lynxos 3,5066 0,0011
problem 0,6349 0,0002
osx 4,6052 0,0014
terms 0,0000 0,0000
connection 1,3093 0,0004
abandoned 2,2073 0,0007
openbsd 2,3026 0,0007
surrounding 2,6593 0,0008
method 0,4780 0,0001
scroll 3,2189 0,0010
sluggish 3,9120 0,0012
iphone 2,9957 0,0009
push 0,0000 0,0000
unifies 3,5066 0,0011
south 1,9661 0,0006
columns 0,0101 0,0000
distribution 1,0498 0,0003
our 1,3093 0,0004
tools 0,0000 0,0000
capacity 1,7148 0,0005
out 0,0000 0,0000
cached 0,0513 0,0000
get 0,0000 0,0000
dark 0,0101 0,0000
resembling 3,9120 0,0012
course 1,3863 0,0004
power 0,7985 0,0002
semi 2,6593 0,0008
evidences 4,6052 0,0014
fireball 3,9120 0,0012
danish 3,2189 0,0010
marketed 2,9957 0,0009
thom 3,9120 0,0012
cook 2,8134 0,0009
sell 1,9661 0,0006
continued 1,5141 0,0005
transformation 1,6607 0,0005
vulunerability 4,6052 0,0014
puts 2,6593 0,0008
help 0,0000 0,0000
forcing 2,8134 0,0009
depth 0,0000 0,0000
podcasts 3,5066 0,0011
additionally 1,0498 0,0003
catalina 3,5066 0,0011
self 0,7133 0,0002
minimum 2,2073 0,0007
sharealike 0,0000 0,0000
date 0,7985 0,0002
magic 1,9661 0,0006
reminders 3,9120 0,0012
addresses 1,3863 0,0004
reveal 2,4079 0,0008
data 0,0000 0,0000
own 0,5276 0,0002
treasures 4,6052 0,0014
blog 0,7133 0,0002
sales 1,8326 0,0006
distributing 3,2189 0,0010
create 0,0000 0,0000
ejects 4,6052 0,0014
garageband 3,9120 0,0012
development 0,1393 0,0000
like 0,2231 0,0001
resource 0,7550 0,0002
core 0,5978 0,0002
ending 2,2073 0,0007
techniques 0,8916 0,0003
ground 1,9661 0,0006
sunos 2,9957 0,0009
send 1,3093 0,0004
icloud 2,9957 0,0009
hypercard 4,6052 0,0014
here 0,0000 0,0000
note 0,9416 0,0003
dave 1,5141 0,0005
ancestry 3,9120 0,0012
purpose 0,6733 0,0002
line 0,0101 0,0000
penalty 3,5066 0,0011
link 0,0000 0,0000
trenholm 4,6052 0,0014
scale 0,6349 0,0002
gil 2,6593 0,0008
robin 1,7720 0,0006
security 0,3285 0,0001
git 1,8971 0,0006
servers 0,7985 0,0002
organize 2,1203 0,0007
hera 3,9120 0,0012
cost 0,7550 0,0002
will 0,2485 0,0001
confidence 2,5257 0,0008
implementation 0,3425 0,0001
edges 2,6593 0,0008
akamai 2,8134 0,0009
groups 0,7985 0,0002
allowing 0,6349 0,0002
follow 1,3863 0,0004
recursiveclone 1,6607 0,0005
york 0,8440 0,0003
locations 1,5606 0,0005
snap 3,2189 0,0010
german 1,6607 0,0005
introduces 1,7148 0,0005
chips 3,5066 0,0011
functions 0,5978 0,0002
numerous 1,3863 0,0004
multitasking 2,2073 0,0007
tiling 3,9120 0,0012
recognized 1,7720 0,0006
wggelevelingupenabledforuser 0,0000 0,0000
your 0,6931 0,0002
remote 0,9163 0,0003
without 0,2744 0,0001
these 0,1278 0,0000
introduced 0,5447 0,0002
contributions 0,0000 0,0000
userland 2,8134 0,0009
conde 4,6052 0,0014
devices 0,8916 0,0003
neutral 0,5447 0,0002
optional 1,3093 0,0004
analysis 0,5108 0,0002
lion 3,2189 0,0010
rewrite 1,7720 0,0006
bonjour 4,6052 0,0014
unveils 2,5257 0,0008
much 0,6931 0,0002
xnu 3,5066 0,0011
airy 4,6052 0,0014
cygwin 3,2189 0,0010
sights 3,9120 0,0012
independent 0,8440 0,0003
ahead 1,7148 0,0005
glossy 4,6052 0,0014
conneally 4,6052 0,0014
gsub 1,7148 0,0005
alleged 2,8134 0,0009
weekly 2,4079 0,0008
potholed 4,6052 0,0014
hevc 4,6052 0,0014
xor 3,9120 0,0012
headline 0,0000 0,0000
kernel 1,2379 0,0004
namely 2,6593 0,0008
gnv 3,5066 0,0011
printing 2,4079 0,0008
gnu 1,1087 0,0003
transientcontent 0,0000 0,0000
subtle 0,3285 0,0001
component 0,7985 0,0002
suite 1,3471 0,0004
idhash 0,0619 0,0000
days 1,1087 0,0003
timeline 1,1394 0,0004
illustration 2,5257 0,0008
arch 2,3026 0,0007
combined 1,2379 0,0004
wrap 0,0101 0,0000
adopted 1,1712 0,0004
standard 0,3567 0,0001
acceptable 2,6593 0,0008
reports 1,2379 0,0004
textedit 4,6052 0,0014
got 1,8971 0,0006
specifications 1,3093 0,0004
browett 3,9120 0,0012
wise 3,5066 0,0011
amounts 1,7720 0,0006
andrea 2,2073 0,0007
fullversionlist 0,0000 0,0000
area 1,2040 0,0004
murder 3,9120 0,0012
pay 1,5141 0,0005
gpt 3,2189 0,0010
clearer 2,8134 0,0009
list 0,0000 0,0000
campbell 2,9957 0,0009
gpu 2,8134 0,0009
andrew 1,0498 0,0003
strange 3,5066 0,0011
wgusergroups 0,0000 0,0000
conforming 2,4079 0,0008
external 0,1863 0,0001
spending 2,2073 0,0007
labs 1,0788 0,0003
success 1,2379 0,0004
authority 0,4780 0,0001
claims 1,8971 0,0006
lisa 2,4079 0,0008
onwards 2,8134 0,0009
child 0,0202 0,0000
manning 1,6607 0,0005
formats 1,4697 0,0005
germany 0,5798 0,0002
interface 0,3425 0,0001
compiled 1,6607 0,0005
producing 1,8326 0,0006
disambiguation 1,5606 0,0005
wgisprobablyeditable 0,0000 0,0000
standardized 1,3471 0,0004
bruce 1,8326 0,0006
live 1,3093 0,0004
mobile 0,0000 0,0000
forstall 3,9120 0,0012
evolution 1,3471 0,0004
trademarks 3,5066 0,0011
pdf 0,0000 0,0000
china 1,6094 0,0005
service 0,2231 0,0001
there 0,2614 0,0001
magazine 0,9943 0,0003
named 0,8916 0,0003
disabling 2,8134 0,0009
considered 0,5798 0,0002
focus 1,1087 0,0003
entire 0,8675 0,0003
utilities 1,7720 0,0006
williams 2,2073 0,0007
debuted 3,2189 0,0010
write 0,6931 0,0002
ceased 3,9120 0,0012
africa 2,5257 0,0008
aria 0,0000 0,0000
wgmfdisplaywikibasedescriptions 0,0000 0,0000
classroom 3,2189 0,0010
underlying 0,9163 0,0003
heaven 3,9120 0,0012
intelligence 0,8916 0,0003
ever 1,3863 0,0004
even 0,0513 0,0000
install 1,9661 0,0006
automator 4,6052 0,0014
integration 0,4620 0,0001
restriction 2,6593 0,0008
esperanto 0,7133 0,0002
shadows 3,9120 0,0012
tagline 0,0000 0,0000
gui 1,3863 0,0004
larger 0,8440 0,0003
regexp 0,0000 0,0000
wgeditsubmitbuttonlabelpublish 0,0000 0,0000
taligent 3,5066 0,0011
magnificent 3,9120 0,0012
functionality 0,6931 0,0002
instant 2,5257 0,0008
keystroke 2,9957 0,0009
restricting 2,9957 0,0009
native 0,8916 0,0003
costly 2,5257 0,0008
particularly 0,9943 0,0003
heading 1,2730 0,0004
homebrew 2,8134 0,0009
peek 3,5066 0,0011
verge 1,8326 0,0006
wgnamespacenumber 0,0000 0,0000
framework 0,4155 0,0001
names 0,8210 0,0003
guerrino 3,9120 0,0012
requiring 1,1087 0,0003
wgwmepagelength 0,0000 0,0000
renovating 4,6052 0,0014
tonight 4,6052 0,0014
predecessors 3,2189 0,0010
expensivefunctioncount 0,0000 0,0000
almost 1,1087 0,0003
prevents 1,9661 0,0006
descendant 2,9957 0,0009
earlier 1,2040 0,0004
passwords 2,0402 0,0006
macbook 3,9120 0,0012
lala 3,9120 0,0012
sneak 3,5066 0,0011
matthew 1,9661 0,0006
executives 2,4079 0,0008
surge 2,4079 0,0008
oses 2,9957 0,0009
italics 2,4079 0,0008
tick 3,5066 0,0011
basis 1,1394 0,0004
affected 1,6607 0,0005
pcache 0,0619 0,0000
simplified 1,7148 0,0005
snow 2,9957 0,0009
october 0,0000 0,0000
visionos 3,9120 0,0012
tevanian 3,9120 0,0012
interconnections 3,5066 0,0011
units 1,4271 0,0004
jquery 0,0000 0,0000
bento 4,6052 0,0014
intended 0,5978 0,0002
busy 3,5066 0,0011
design 0,1985 0,0001
extra 1,7720 0,0006
friday 3,5066 0,0011
land 2,6593 0,0008
working 0,5276 0,0002
buttons 2,3026 0,0007
sandbox 2,5257 0,0008
automatic 1,2379 0,0004
italian 3,2189 0,0010
followed 1,1087 0,0003
encyclopedia 0,0000 0,0000
conduct 0,0000 0,0000
masrk 4,6052 0,0014
tognazzini 3,9120 0,0012
machines 0,7985 0,0002
formerly 1,2040 0,0004
renamed 1,6607 0,0005
wall 1,8326 0,0006
psystar 4,6052 0,0014
slashdot 3,2189 0,0010
mastroianni 4,6052 0,0014
abovebelow 0,0943 0,0000
prototypes 2,3026 0,0007
accessibility 1,4697 0,0005
bhartiya 4,6052 0,0014
unidentified 3,9120 0,0012
advertising 1,7720 0,0006
iokit 4,6052 0,0014
netbsd 2,5257 0,0008
unleashed 3,9120 0,0012
password 2,3026 0,0007
translucency 4,6052 0,0014
wordless 4,6052 0,0014
rendezvous 4,6052 0,0014
lightroom 4,6052 0,0014
unleashes 3,5066 0,0011
events 0,0000 0,0000
chaos 2,5257 0,0008
separately 1,5606 0,0005
began 0,7985 0,0002
edited 0,0000 0,0000
want 1,5606 0,0005
processor 1,3093 0,0004
javascript 0,9416 0,0003
kong 2,8134 0,0009
mediawiki 1,0788 0,0003
input 0,0000 0,0000
toolkit 1,5141 0,0005
engadget 2,9957 0,0009
styles 0,0834 0,0000
vaporware 4,6052 0,0014
actions 0,0000 0,0000
unpinned 0,0000 0,0000
sophisticated 1,8326 0,0006
neatly 3,9120 0,0012
aluminum 4,6052 0,0014
giving 1,8971 0,0006
facts 2,1203 0,0007
colors 3,2189 0,0010
aasp 3,9120 0,0012
pop 1,7720 0,0006
incompatible 1,9661 0,0006
found 0,6162 0,0002
primesense 3,9120 0,0012
frees 3,5066 0,0011
datepublished 0,0000 0,0000
gives 1,5141 0,0005
latest 0,9676 0,0003
receive 1,2730 0,0004
gradient 3,2189 0,0010
screensavers 4,6052 0,0014
standing 2,6593 0,0008
webos 3,5066 0,0011
consortium 1,8326 0,0006
had 0,4943 0,0002
landau 3,5066 0,0011
ultrix 3,2189 0,0010
align 0,0101 0,0000
lynch 3,9120 0,0012
subsided 4,6052 0,0014
hackintosh 4,6052 0,0014
hal 1,9661 0,0006
late 1,0217 0,0003
school 1,5606 0,0005
continue 1,3471 0,0004
scheduling 1,3863 0,0004
things 1,1087 0,0003
avenue 3,5066 0,0011
hat 1,4697 0,0005
immense 3,2189 0,0010
offers 0,8210 0,0003
given 0,6931 0,0002
pronounced 2,3026 0,0007
kanga 4,6052 0,0014
unlock 2,9957 0,0009
last 0,0000 0,0000
imageright 0,2614 0,0001
weight 0,0101 0,0000
correlates 3,9120 0,0012
pro 1,6607 0,0005
warm 3,9120 0,0012
ichat 3,9120 0,0012
compatibility 0,9416 0,0003
updated 0,8440 0,0003
psa 3,9120 0,0012
skeuomorphism 4,6052 0,0014
video 0,8440 0,0003
updates 1,0788 0,0003
gupta 2,5257 0,0008
anything 2,1203 0,0007
newton 2,8134 0,0009
minimal 1,2730 0,0004
ends 1,6094 0,0005
numeral 3,9120 0,0012
steady 3,9120 0,0012
early 0,5276 0,0002
overview 0,5447 0,0002
prodos 3,9120 0,0012
junio 3,9120 0,0012
yes 1,9661 0,0006
touring 4,6052 0,0014
yet 1,1087 0,0003
windows 0,7340 0,0002
emagic 3,9120 0,0012
genius 2,9957 0,0009
infrastructure 0,6931 0,0002
wikimedia 0,0000 0,0000
initially 1,0788 0,0003
time 0,0000 0,0000
buzz 3,9120 0,0012
applications 0,2231 0,0001
freckles 4,6052 0,0014
enwikimwclientpreferences 0,0000 0,0000
happy 2,9957 0,0009
program 0,4155 0,0001
diskimagemounter 4,6052 0,0014
youku 4,6052 0,0014
carbon 1,8971 0,0006
options 1,3863 0,0004
hey 3,2189 0,0010
identifier 1,7148 0,0005
having 0,6733 0,0002
russian 1,8971 0,0006
heritage 4,6052 0,0014
paging 2,5257 0,0008
philosophy 1,3093 0,0004
lapse 3,9120 0,0012
chris 1,2040 0,0004
hfs 3,9120 0,0012
light 1,4271 0,0004
webcam 4,6052 0,0014
imessage 3,9120 0,0012
adams 2,9957 0,0009
supercomputer 2,3026 0,0007
xpostfacto 4,6052 0,0014
methods 0,6162 0,0002
wgcheckuserclienthintsheadersjsapi 0,0000 0,0000
mailing 1,8971 0,0006
confirmed 2,2073 0,0007
pws 2,9957 0,0009
layer 0,8916 0,0003
smart 1,3471 0,0004
tourist 4,6052 0,0014
timingprofile 0,0000 0,0000
emphasized 2,8134 0,0009
theme 0,0000 0,0000
pxe 2,5257 0,0008
editor 1,4271 0,0004
postexpandincludesize 0,0000 0,0000
chain 1,5606 0,0005
chaim 3,9120 0,0012
suffers 2,9957 0,0009
apress 1,7148 0,0005
consistent 1,1712 0,0004
unsourced 0,5621 0,0002
january 0,0000 0,0000
permanent 0,0000 0,0000
astrophysicist 4,6052 0,0014
chan 2,6593 0,0008
choice 1,2730 0,0004
small 0,0305 0,0000
before 0,0305 0,0000
intensified 3,9120 0,0012
replace 1,4697 0,0005
hit 2,4079 0,0008
trek 3,2189 0,0010
his 0,7550 0,0002
major 0,5621 0,0002
interrupt 2,4079 0,0008
worldwide 1,4271 0,0004
potential 1,0788 0,0003
group 0,0408 0,0000
awaited 3,5066 0,0011
tree 1,2730 0,0004
runtime 1,2040 0,0004
archive 1,4697 0,0005
history 0,0000 0,0000
yosemite 3,9120 0,0012
interference 2,8134 0,0009
wgrestrictionedit 0,0000 0,0000
howard 2,8134 0,0009
their 0,1165 0,0000
webkit 2,5257 0,0008
percent 1,7720 0,0006
debut 2,9957 0,0009
general 0,0000 0,0000
visits 2,9957 0,0009
september 0,0000 0,0000
datemodified 0,0619 0,0000
sounds 2,8134 0,0009
portuguese 3,2189 0,0010
padding 0,0000 0,0000
process 0,2485 0,0001
recommendable 4,6052 0,0014
requirements 0,6349 0,0002
restore 2,1203 0,0007
cpus 2,1203 0,0007
alternative 0,7765 0,0002
clear 0,0101 0,0000
clean 1,8971 0,0006
cymraeg 1,4697 0,0005
mean 1,3471 0,0004
account 0,0000 0,0000
developmental 2,5257 0,0008
been 0,2231 0,0001
mostly 1,2730 0,0004
plugins 2,3026 0,0007
dansk 0,5798 0,0002
brushed 4,6052 0,0014
videos 2,2073 0,0007
inode 2,4079 0,0008
skimming 4,6052 0,0014
darwin 2,6593 0,0008
abbr 0,0619 0,0000
you 0,0101 0,0000
jump 0,0000 0,0000
knowledge 0,7340 0,0002
limitations 1,0788 0,0003
soft 2,1203 0,0007
databases 0,3567 0,0001
anobit 3,9120 0,0012
festival 3,9120 0,0012
preference 3,2189 0,0010
mainstream 1,9661 0,0006
irix 3,2189 0,0010
july 0,0000 0,0000
opportunity 2,2073 0,0007
court 2,0402 0,0006
venture 1,9661 0,0006
tags 0,0000 0,0000
ventura 3,9120 0,0012
trying 1,7720 0,0006
softwareupdate 4,6052 0,0014
juli 3,9120 0,0012
unicode 2,1203 0,0007
recompiled 3,9120 0,0012
macproject 4,6052 0,0014
hog 4,6052 0,0014
riccio 3,9120 0,0012
comes 1,1394 0,0004
cited 2,0402 0,0006
how 0,0834 0,0000
peter 0,8210 0,0003
blocking 2,0402 0,0006
pinstripes 4,6052 0,0014
embedded 0,9416 0,0003
marco 2,6593 0,0008
ahrendts 3,9120 0,0012
microkernel 2,3026 0,0007
vietnamese 3,9120 0,0012
noticeable 4,6052 0,0014
idref 2,0402 0,0006
march 0,0000 0,0000
transition 1,6607 0,0005
tells 2,9957 0,0009
bootcamp 4,6052 0,0014
katherine 2,5257 0,0008
june 0,0000 0,0000
answer 2,2073 0,0007
wggestructuredtaskrejectionreasontextinputenabled 0,0000 0,0000
calls 0,0408 0,0000
jung 3,5066 0,0011
series 0,5798 0,0002
dispatch 2,9957 0,0009
branding 2,6593 0,0008
sometimes 0,6931 0,0002
questions 1,4271 0,0004
brasil 3,9120 0,0012
autocapitalize 0,0000 0,0000
chinese 1,5141 0,0005
prior 1,3093 0,0004
wgpagename 0,0000 0,0000
talk 0,0000 0,0000
simplifying 2,9957 0,0009
richard 0,9676 0,0003
dedicated 1,3093 0,0004
ignored 1,6607 0,0005
commonly 0,6931 0,0002
count 0,0513 0,0000
hatnote 0,2107 0,0001
tweaks 4,6052 0,0014
audioos 3,5066 0,0011
xcode 3,5066 0,0011
pinnable 0,0000 0,0000
take 0,6733 0,0002
vision 1,1712 0,0004
resale 3,9120 0,0012
prioritizing 2,9957 0,0009
radeon 4,6052 0,0014
some 0,1744 0,0001
beginning 1,1712 0,0004
purchasing 3,2189 0,0010
additional 0,0000 0,0000
wgmonthnames 0,0000 0,0000
nextstep 3,2189 0,0010
patroltoken 0,0000 0,0000
zdnet 1,4697 0,0005
alpha 0,0101 0,0000
mklinux 3,9120 0,0012
unfinished 4,6052 0,0014
featuring 2,2073 0,0007
reception 2,6593 0,0008
just 0,4943 0,0002
notice 2,3026 0,0007
sole 2,6593 0,0008
sold 1,7720 0,0006
darling 3,2189 0,0010
defragmentation 2,4079 0,0008
monitor 1,5606 0,0005
home 0,8916 0,0003
michael 0,7133 0,0002
existing 0,7550 0,0002
print 0,0000 0,0000
although 0,6162 0,0002
approximately 1,8971 0,0006
envy 3,9120 0,0012
dropped 1,7720 0,0006
variants 1,7148 0,0005
norwegian 2,9957 0,0009
soon 1,5606 0,0005
america 1,7720 0,0006
tape 1,9661 0,0006
action 1,2040 0,0004
guidelines 1,2730 0,0004
spatial 2,4079 0,0008
soundtrack 4,6052 0,0014
portmanteau 3,2189 0,0010
hood 2,5257 0,0008
loading 0,0000 0,0000
bell 1,9661 0,0006
distributions 1,7148 0,0005
brackets 0,0619 0,0000
heavy 2,1203 0,0007
hong 2,8134 0,0009
hindi 2,6593 0,0008
cancelled 2,8134 0,0009
jaguar 3,9120 0,0012
explores 3,9120 0,0012
conquered 4,6052 0,0014
mossberg 4,6052 0,0014
products 0,4943 0,0002
robert 0,9676 0,0003
file 0,0000 0,0000
austin 2,1203 0,0007
steve 1,1394 0,0004
wgnoticeproject 0,0000 0,0000
together 0,5978 0,0002
within 0,3011 0,0001
could 0,4780 0,0001
torch 2,5257 0,0008
menu 0,0000 0,0000
testflight 3,9120 0,0012
machine 0,3425 0,0001
able 0,9943 0,0003
wgulsiscompactlinksenabled 0,0000 0,0000
return 0,0000 0,0000
cheaper 2,5257 0,0008
instance 0,8675 0,0003
cheetah 3,9120 0,0012
serve 1,4271 0,0004
selectively 3,2189 0,0010
taub 4,6052 0,0014
radio 1,6607 0,0005
smile 3,9120 0,0012
copyrighted 2,8134 0,0009
reviews 1,6094 0,0005
downloading 2,8134 0,0009
fine 1,6607 0,0005
find 0,6162 0,0002
mourns 4,6052 0,0014
backward 1,6607 0,0005
international 0,3011 0,0001
workflow 1,8326 0,0006
difficult 0,9163 0,0003
mailboxes 4,6052 0,0014
canonical 0,0408 0,0000
wgcurrevisionid 0,0000 0,0000
task 0,7550 0,0002
true 0,0000 0,0000
header 0,0000 0,0000
present 0,9676 0,0003
problems 0,6349 0,0002
since 0,3425 0,0001
best 0,7985 0,0002
foreach 0,0000 0,0000
misconfigured 3,9120 0,0012
stratechery 3,9120 0,0012
beta 1,3863 0,0004
experienced 2,3026 0,0007
rhapsody 3,9120 0,0012
immune 3,5066 0,0011
shocked 4,6052 0,0014
fink 3,9120 0,0012
gershwin 4,6052 0,0014
macprotector 4,6052 0,0014
conventional 1,6607 0,0005
intensely 4,6052 0,0014
online 0,7340 0,0002
qnx 2,5257 0,0008
coming 1,7148 0,0005
kasper 4,6052 0,0014
grimes 3,9120 0,0012
quotes 0,0101 0,0000
cover 1,6607 0,0005
edits 3,2189 0,0010
refinement 2,8134 0,0009
zac 2,6593 0,0008
sticking 3,5066 0,0011
temporal 2,1203 0,0007
czech 0,9163 0,0003
based 0,0834 0,0000
dissatisfied 4,6052 0,0014
allyson 3,9120 0,0012
tiger 3,9120 0,0012
dissolves 4,6052 0,0014
something 1,4271 0,0004
installer 3,2189 0,0010
functioned 3,9120 0,0012
processing 0,5978 0,0002
except 1,5141 0,0005
programs 0,6931 0,0002
spindler 3,9120 0,0012
functional 0,9943 0,0003
fact 1,1712 0,0004
prominent 2,3026 0,0007
voiceover 3,5066 0,0011
global 0,7985 0,0002
iad 3,9120 0,0012
pieces 1,9661 0,0006
outline 0,9676 0,0003
fade 4,6052 0,0014
unless 1,5606 0,0005
fred 2,3026 0,0007
operating 0,4308 0,0001
free 0,0000 0,0000
colorsync 4,6052 0,0014
cyberattacks 3,9120 0,0012
honour 4,6052 0,0014
impacted 3,5066 0,0011
protections 2,6593 0,0008
people 0,5276 0,0002
actually 1,3093 0,0004
abandon 3,5066 0,0011
ibm 0,5621 0,0002
oldest 2,8134 0,0009
foundationdb 3,9120 0,0012
khan 2,1203 0,0007
announces 1,4697 0,0005
xdarwin 4,6052 0,0014
mojave 2,9957 0,0009
inside 0,0101 0,0000
wikiversity 0,9676 0,0003
infections 3,9120 0,0012
five 0,9943 0,0003
romanian 3,9120 0,0012
poweropen 3,9120 0,0012
arnold 2,9957 0,0009
finding 1,3093 0,0004
idg 2,1203 0,0007
announced 0,7985 0,0002
campaign 2,3026 0,0007
analysts 2,2073 0,0007
installed 1,5141 0,0005
expires 3,5066 0,0011
pinned 0,0000 0,0000
isbn 0,1054 0,0000
rule 0,6931 0,0002
update 0,6733 0,0002
linus 2,4079 0,0008
fundamentally 2,4079 0,0008
expired 3,2189 0,0010
debian 1,9661 0,0006
linux 0,8916 0,0003
every 0,6162 0,0002
inferior 3,9120 0,0012
again 1,2379 0,0004
icons 2,8134 0,0009
indeed 2,4079 0,0008
removal 1,7148 0,0005
unsurprisingly 4,6052 0,0014
runa 0,9416 0,0003
prefix 2,8134 0,0009
jeff 1,6607 0,0005
during 0,5447 0,0002
stickies 4,6052 0,0014
compatible 1,2040 0,0004
grammar 2,1203 0,0007
rump 2,3026 0,0007
enable 0,9163 0,0003
permissions 2,1203 0,0007
price 1,4271 0,0004
sidebar 0,0000 0,0000
limitreport 0,0000 0,0000
games 1,1394 0,0004
decoration 0,0619 0,0000
ilife 3,9120 0,0012
calculator 2,8134 0,0009
orlowski 4,6052 0,0014
reduced 0,0305 0,0000
agree 0,0101 0,0000
focusing 1,9661 0,0006
imagination 3,5066 0,0011
wgulsislanguageselectorempty 0,0000 0,0000
itself 0,6539 0,0002
versions 0,5798 0,0002
anyone 1,7148 0,0005
spain 1,4271 0,0004
iii 2,1203 0,0007
isolated 2,3026 0,0007
privilege 2,2073 0,0007
carnegie 2,6593 0,0008
pictures 2,6593 0,0008
nick 1,8971 0,0006
uniform 1,7148 0,0005
fall 1,5606 0,0005
moreover 2,1203 0,0007
event 0,7985 0,0002
introductions 2,5257 0,0008
caused 1,7148 0,0005
toggle 0,0000 0,0000
sherlock 4,6052 0,0014
appearance 0,0000 0,0000
classname 0,0000 0,0000
slivka 3,9120 0,0012
thumbnails 4,6052 0,0014
first 0,0408 0,0000
nowrap 0,0408 0,0000
roman 0,0101 0,0000
fewer 1,7720 0,0006
wgrelevantpageisprobablyeditable 0,0000 0,0000
forensic 2,2073 0,0007
space 0,0408 0,0000
reference 0,7340 0,0002
swedish 3,2189 0,0010
viruses 2,6593 0,0008
drawers 4,6052 0,0014
ubuntu 2,2073 0,0007
bottom 0,0000 0,0000
published 0,5798 0,0002
quicktime 3,9120 0,0012
poke 4,6052 0,0014
magyar 0,3425 0,0001
publishes 2,5257 0,0008
publisher 0,0000 0,0000
binaries 2,9957 0,0009
imc 3,5066 0,0011
unidos 4,6052 0,0014
weblog 3,2189 0,0010
arthur 2,2073 0,0007
repair 3,2189 0,0010
img 0,0408 0,0000
o'reilly 0,6733 0,0002
professionals 1,8971 0,0006
according 0,5108 0,0002
resedit 4,6052 0,0014
statements 0,4308 0,0001
error 0,0101 0,0000
network 0,3711 0,0001
gatekeeper 3,5066 0,0011
public 0,4155 0,0001
value 0,0000 0,0000
inc 1,3093 0,0004
airdrop 2,8134 0,0009
unchanged 3,5066 0,0011
eisenstat 3,9120 0,0012
expensive 0,0408 0,0000
ins 2,9957 0,0009
newsstand 3,5066 0,0011
performance 0,3425 0,0001
trade 1,5606 0,0005
bluetooth 2,6593 0,0008
currently 1,0788 0,0003
round 1,3471 0,0004
maint 0,0101 0,0000
platformversion 0,0000 0,0000
stevens 3,5066 0,0011
joswiak 3,9120 0,0012
references 0,0101 0,0000
ios 1,8971 0,0006
resolution 1,9661 0,0006
building 0,4943 0,0002
setting 1,3863 0,0004
dutch 2,6593 0,0008
properly 1,3471 0,0004
score 2,8134 0,0009
poor 2,2073 0,0007
ipc 2,1203 0,0007
ran 2,6593 0,0008
ram 2,0402 0,0006
internally 1,8326 0,0006
enduring 4,6052 0,0014
virtually 2,3026 0,0007
rav 4,6052 0,0014
raw 2,1203 0,0007
packages 1,4271 0,0004
brezhoneg 1,7148 0,0005
airport 3,5066 0,0011
extensions 1,1394 0,0004
wgcategories 0,0000 0,0000
cyberattack 2,8134 0,0009
rubinstein 3,9120 0,0012
southern 3,2189 0,0010
providing 0,8440 0,0003
rosetta 3,9120 0,0012
setttl 3,9120 0,0012
ambient 2,9957 0,0009
digitalcolor 4,6052 0,0014
uncertainty 2,3026 0,0007
oakley 4,6052 0,0014
targeted 1,6607 0,0005
legibility 3,9120 0,0012
scott 1,0217 0,0003
chemistry 1,8326 0,0006
michigan 2,5257 0,0008
pulled 2,4079 0,0008
photo 2,4079 0,0008
accelerated 2,6593 0,0008
swing 3,9120 0,0012
fast 0,6733 0,0002
accelerates 4,6052 0,0014
citizens 2,1203 0,0007
register 1,3863 0,0004
appleinsider 3,5066 0,0011
controls 1,0788 0,0003
fawcett 3,9120 0,0012
organised 3,5066 0,0011
moved 1,5141 0,0005
red 1,2730 0,0004
post 0,0202 0,0000
swift 1,8326 0,0006
add 0,0000 0,0000
adc 4,6052 0,0014
its 0,0726 0,0000
unpopular 4,6052 0,0014
article 0,0000 0,0000
parser 0,0000 0,0000
port 2,0402 0,0006
shell 1,1712 0,0004
therefore 0,7985 0,0002
bridgeos 3,2189 0,0010
exchange 1,1712 0,0004
panther 3,9120 0,0012
parsed 0,0619 0,0000
gameplay 3,9120 0,0012
wggetopicsmatchmodeenabled 0,0000 0,0000
billy 3,2189 0,0010
united 0,4780 0,0001
directors 2,3026 0,0007
searching 2,2073 0,0007
directory 1,6094 0,0005
aes 2,9957 0,0009
wghostname 0,0000 0,0000
prevent 1,0498 0,0003
benjamin 1,7720 0,0006
undo 3,2189 0,0010
previously 1,1712 0,0004
wgtitle 0,0000 0,0000
ive 3,5066 0,0011
laptops 2,2073 0,0007
makerere 4,6052 0,0014
odbc 2,5257 0,0008
hlist 0,0408 0,0000
label 0,0000 0,0000
message 0,4943 0,0002
lawler 3,5066 0,0011
filesystem 2,5257 0,0008
filevault 4,6052 0,0014
modify 1,3863 0,0004
desists 4,6052 0,0014
rlconf 0,0000 0,0000
age 1,3093 0,0004
enjoyed 3,5066 0,0011
incremented 3,5066 0,0011
aesthetic 3,5066 0,0011
college 2,1203 0,0007
backup 2,5257 0,0008
smaller 1,2040 0,0004
bahasa 0,3285 0,0001
ago 0,7765 0,0002
caption 0,3711 0,0001
rumors 3,9120 0,0012
agp 4,6052 0,0014
macpaint 4,6052 0,0014
accessed 1,1087 0,0003
preemptive 2,3026 0,0007
years 0,3425 0,0001
gestures 3,5066 0,0011
number 0,0101 0,0000
wgbackendresponsetime 0,0000 0,0000
odds 3,9120 0,0012
property 1,3471 0,0004
jerry 2,8134 0,0009
businesses 1,5606 0,0005
infoworld 1,6094 0,0005
newsroom 3,2189 0,0010
nothing 1,6607 0,0005
testing 0,5798 0,0002
distributed 0,3857 0,0001
script 1,8326 0,0006
animation 1,6607 0,0005
system 0,0305 0,0000
aid 1,5141 0,0005
fundamentals 1,3863 0,0004
algorithms 1,0498 0,0003
other 0,0000 0,0000
aim 1,3093 0,0004
loadable 2,3026 0,0007
retain 2,8134 0,0009
macports 4,6052 0,0014
air 1,8326 0,0006
kelly 2,3026 0,0007
retail 2,0402 0,0006
aix 2,5257 0,0008
papermaster 3,9120 0,0012
accommodate 2,1203 0,0007
steadily 3,9120 0,0012
nack 4,6052 0,0014
workstations 2,5257 0,0008
powerful 1,4697 0,0005
removed 0,7985 0,0002
aka 2,6593 0,0008
future 0,6349 0,0002
rlq 0,0000 0,0000
cite 0,0000 0,0000
removes 2,3026 0,0007
signing 2,9957 0,0009
body 0,0000 0,0000
unlocked 2,9957 0,0009
mode 0,0000 0,0000
implemented 0,6349 0,0002
modified 1,2730 0,0004
maintained 0,9676 0,0003
wozniak 3,9120 0,0012
all 0,0408 0,0000
always 0,9416 0,0003
border 0,0000 0,0000
read 0,0000 0,0000
upgrading 3,5066 0,0011
borden 4,6052 0,0014
touch 2,1203 0,0007
clock 2,6593 0,0008
real 0,0408 0,0000
clientpref 0,0000 0,0000
hybrid 1,4697 0,0005
contemporary 1,8326 0,0006
marklar 4,6052 0,0014
cloudkit 4,6052 0,0014
unix 1,3093 0,0004
shepherding 4,6052 0,0014
facilitate 1,3093 0,0004
leverage 2,1203 0,0007
rob 2,3026 0,0007
amy 2,4079 0,0008
simpler 1,6607 0,0005
hamano 3,9120 0,0012
ron 1,8971 0,0006
rom 2,8134 0,0009
wgisarticle 0,0000 0,0000
gloss 3,9120 0,0012
today 1,0788 0,0003
row 0,5276 0,0002
saying 1,9661 0,0006
universal 1,4271 0,0004
categorization 2,9957 0,0009
wallpaper 3,5066 0,0011
warnings 2,3026 0,0007
lewis 2,4079 0,0008
any 0,2107 0,0001
minute 3,2189 0,0010
openstep 3,9120 0,0012
watchos 3,2189 0,0010
suggested 1,5141 0,0005
application 0,1393 0,0000
compilation 2,1203 0,0007
wgflaggedrevsparams 0,0000 0,0000
sardu 2,8134 0,0009
until 0,7765 0,0002
collapse 0,0408 0,0000
aol 2,2073 0,0007
legend 2,2073 0,0007
wgrelevantarticleid 0,0000 0,0000
ship 3,2189 0,0010
anywhere 2,0402 0,0006
annual 1,0788 0,0003
english 0,0000 0,0000
api 0,4155 0,0001
app 1,2379 0,0004
margin 0,0000 0,0000
using 0,0000 0,0000
wgrequestid 0,0000 0,0000
wgbreakframes 0,0000 0,0000
containing 0,6931 0,0002
reed 2,9957 0,0009
completed 1,3471 0,0004
viaf 2,4079 0,0008
kodiak 4,6052 0,0014
warranties 3,9120 0,0012
alex 1,3863 0,0004
geek 2,8134 0,0009
gently 3,9120 0,0012
letter 1,7720 0,0006
bohn 3,9120 0,0012
succeeded 2,8134 0,0009
wgwikibaseitemid 0,0000 0,0000
schneier 3,2189 0,0010
increased 1,0217 0,0003
predecessor 3,2189 0,0010
opendarwin 3,9120 0,0012
acquire 2,0402 0,0006
matching 1,6607 0,0005
rsr 4,6052 0,0014
branded 3,5066 0,0011
corrupting 3,9120 0,0012
releasing 1,8326 0,0006
came 1,4697 0,0005
where 0,2744 0,0001
arm 1,8971 0,0006
popular 0,6539 0,0002
macworks 3,9120 0,0012
broken 2,0402 0,0006
ars 1,3471 0,0004
malware 2,1203 0,0007
complications 0,0513 0,0000
lacking 1,3093 0,0004
tamaddon 3,9120 0,0012
framemaker 4,6052 0,0014
macworld 3,2189 0,0010
estados 4,6052 0,0014
beige 4,6052 0,0014
call 0,7985 0,0002
kick 3,9120 0,0012
escalation 2,6593 0,0008
partners 1,7148 0,0005
asm 4,6052 0,0014
conferencing 3,5066 0,0011
fabulous 4,6052 0,0014
shifted 2,8134 0,0009
through 0,2107 0,0001
becoming 1,5606 0,0005
castle 3,9120 0,0012
reportedly 2,8134 0,0009
nano 2,4079 0,0008
occasional 2,9957 0,0009
run 0,5447 0,0002
genmoji 4,6052 0,0014
mouse 2,1203 0,0007
either 0,5621 0,0002
view 0,0000 0,0000
ati 4,6052 0,0014
donate 0,0000 0,0000
those 0,5108 0,0002
lifted 3,2189 0,0010
bold 0,0408 0,0000
significant 0,6931 0,0002
sync 2,9957 0,0009
worse 2,6593 0,0008
camp 3,2189 0,0010
longer 1,0217 0,0003
galego 0,7550 0,0002
name 0,0000 0,0000
parties 1,2379 0,0004
spaces 2,0402 0,0006
selling 2,0402 0,0006
worst 2,8134 0,0009
cputime 0,0000 0,0000
larry 1,9661 0,0006
leaving 1,8971 0,0006
watchlist 0,0000 0,0000
imore 3,9120 0,0012
boom 2,6593 0,0008
absence 2,4079 0,0008
mainstage 3,9120 0,0012
android 1,4697 0,0005
book 0,5978 0,0002
gnustep 2,9957 0,0009
show 0,0834 0,0000
description 0,0000 0,0000
caps 0,0619 0,0000
emails 2,6593 0,0008
street 1,5606 0,0005
boot 1,8326 0,0006
dotted 0,8675 0,0003
interfaces 0,6162 0,0002
estimated 1,6607 0,0005
saturated 4,6052 0,0014
target 0,0101 0,0000
ical 4,6052 0,0014
restricted 1,5606 0,0005
developers 0,0000 0,0000
deprecated 1,6607 0,0005
usage 0,0000 0,0000
wgmediaviewerenabledbydefault 0,0000 0,0000
scenekit 3,9120 0,0012
jim 1,5141 0,0005
greater 1,3471 0,0004
case 0,4155 0,0001
rene 3,9120 0,0012
generation 1,2379 0,0004
item 0,0000 0,0000
ibook 4,6052 0,0014
epic 2,0402 0,0006
unification 3,9120 0,0012
matches 0,9416 0,0003
semiaccurate 4,6052 0,0014
phone 1,8326 0,0006
slide 2,9957 0,0009
sticky 0,0000 0,0000
refined 2,6593 0,0008
reset 2,9957 0,0009
dieter 3,2189 0,0010
style 0,0000 0,0000
nield 4,6052 0,0014
card 1,7148 0,0005
damage 2,8134 0,0009
bertrand 2,8134 0,0009
searchinput 0,0000 0,0000
pattern 1,0498 0,0003
increment 3,2189 0,0010
vehicle 1,9661 0,0006
composites 4,6052 0,0014
spyware 2,8134 0,0009
criticized 1,6094 0,0005
architecture 0,0000 0,0000
insider 1,5606 0,0005
more 0,0000 0,0000
display 0,0000 0,0000
nast 3,5066 0,0011
mexico 2,9957 0,0009
nasa 2,1203 0,0007
cats 3,2189 0,0010
isync 4,6052 0,0014
grothaus 3,9120 0,0012
simple 0,2357 0,0001
lucy 3,9120 0,0012
luca 2,5257 0,0008
described 0,5108 0,0002
adam 1,5606 0,0005
interrupting 3,5066 0,0011
package 1,2379 0,0004
crisis 2,0402 0,0006
marketplace 2,3026 0,0007
marshall 3,2189 0,0010
chromeos 2,9957 0,0009
both 0,0305 0,0000
important 0,0101 0,0000
most 0,2107 0,0001
pixels 3,2189 0,0010
daily 1,8326 0,0006
job 1,3471 0,0004
largest 1,4697 0,0005
downloadable 3,2189 0,0010
archaeologists 4,6052 0,0014
launchpad 3,5066 0,0011
mainzer 4,6052 0,0014
jon 1,6607 0,0005
patching 3,2189 0,0010
administrator 2,1203 0,0007
database 0,4943 0,0002
touchpad 3,2189 0,0010
editgrid 3,9120 0,0012
fonts 2,9957 0,0009
visually 2,3026 0,0007
mentioned 1,9661 0,0006
scripts 1,6094 0,0005
profit 2,8134 0,0009
oppenheimer 3,2189 0,0010
adds 1,3093 0,0004
vram 4,6052 0,0014
wgseparatortransformtable 0,0000 0,0000
san 1,2379 0,0004
move 0,0000 0,0000
original 0,0943 0,0000
also 0,0202 0,0000
ellison 2,9957 0,0009
say 1,4697 0,0005
discontinued 1,3471 0,0004
enough 0,9676 0,0003
certifications 2,8134 0,0009
increase 0,8916 0,0003
insensitivity 3,9120 0,0012
cougar 3,9120 0,0012
gets 1,4697 0,0005
kingdom 2,2073 0,0007
spread 1,8326 0,0006
inline 0,0408 0,0000
discontinues 4,6052 0,0014
front 1,1712 0,0004
vanguard 3,9120 0,0012
simply 0,9676 0,0003
customer 1,1087 0,0003
projects 0,0000 0,0000
switches 2,1203 0,0007
stripped 3,9120 0,0012
retrospect 4,6052 0,0014
offer 0,8916 0,0003
bar 1,4697 0,0005
suffer 2,8134 0,0009
campaigns 2,8134 0,0009
elmcip 2,3026 0,0007
fluid 2,3026 0,0007
cinema 3,5066 0,0011
recipes 3,2189 0,0010
afterwards 3,9120 0,0012
bbc 1,9661 0,0006
sewell 3,9120 0,0012
disasters 2,9957 0,0009
homepod 3,5066 0,0011
personal 0,0000 0,0000
delay 2,5257 0,0008
heinen 3,9120 0,0012
violates 3,5066 0,0011
plans 1,3471 0,0004
switched 2,5257 0,0008
drive 1,3471 0,0004
jones 1,8971 0,0006
scheme 0,0101 0,0000
freebsd 1,7720 0,0006
icon 0,0101 0,0000
facing 2,0402 0,0006
slovak 3,9120 0,0012
hebrew 3,2189 0,0010
eyes 2,9957 0,0009
see 0,0408 0,0000
offered 1,1087 0,0003
underway 2,9957 0,0009
national 0,4463 0,0001
segmentation 2,3026 0,0007
subsequent 1,6094 0,0005
indicate 1,5141 0,0005
compared 1,0788 0,0003
contain 0,0101 0,0000
set 0,2485 0,0001
jobs 1,7720 0,0006
column 0,0101 0,0000
founded 1,2379 0,0004
words 1,5606 0,0005
procedure 1,3863 0,0004
icns 4,6052 0,0014
instructed 3,9120 0,0012
openserver 3,2189 0,0010
ben 1,3093 0,0004
navbox 0,0943 0,0000
developed 0,2357 0,0001
listitem 0,0408 0,0000
contact 0,0000 0,0000
france 0,8675 0,0003
joel 2,8134 0,0009
programming 0,2614 0,0001
disadvantage 2,6593 0,0008
searches 2,1203 0,0007
typically 0,3857 0,0001
susan 2,3026 0,0007
parts 0,6349 0,0002
party 0,7550 0,0002
little 1,0788 0,0003
cursor 0,0619 0,0000
however 0,3011 0,0001
deep 1,4697 0,0005
checkers 3,2189 0,0010
sierra 2,8134 0,0009
capable 1,6094 0,0005
parade 4,6052 0,0014
explained 1,7148 0,0005
walltime 0,0000 0,0000
interlanguage 0,0000 0,0000
grymalyuk 4,6052 0,0014
getting 1,3471 0,0004
dynix 3,5066 0,0011
trackpad 3,9120 0,0012
related 0,0000 0,0000
sim 3,2189 0,0010
client 0,0000 0,0000
posix 2,3026 0,0007
over 0,3285 0,0001
six 1,4271 0,0004
false 0,0000 0,0000
merged 2,1203 0,0007
nancy 2,8134 0,0009
srpskohrvatski 0,9163 0,0003
retained 3,2189 0,0010
scrollbars 4,6052 0,0014
setup 2,0402 0,0006
developer 0,4005 0,0001
avoid 0,0101 0,0000
subset 1,2040 0,0004
big 0,8916 0,0003
worms 2,9957 0,0009
modes 1,6607 0,0005
select 1,5606 0,0005
advanced 0,7340 0,0002
counsell 4,6052 0,0014
bit 1,4697 0,0005
bis 2,9957 0,0009
clipboard 3,9120 0,0012
improved 1,0498 0,0003
output 0,0000 0,0000
usability 1,8326 0,0006
corner 2,9957 0,0009
avfoundation 4,6052 0,0014
model 0,0000 0,0000
tasks 0,9416 0,0003
reduce 0,9676 0,0003
large 0,3425 0,0001
gruber 3,5066 0,0011
webobjects 3,9120 0,0012
messaging 1,4271 0,0004
phil 2,3026 0,0007
smoother 3,5066 0,0011
exclusively 1,6607 0,0005
john 0,5276 0,0002
begin 1,4697 0,0005
wgvisualeditor 0,0000 0,0000
template 0,0000 0,0000
unbearably 4,6052 0,0014
viewer 2,9957 0,0009
brought 2,2073 0,0007
works 0,9416 0,0003
thunderbolt 4,6052 0,0014
minimized 3,9120 0,0012
basilisk 2,4079 0,0008
bodge 4,6052 0,0014
filesystems 3,2189 0,0010
ruthless 4,6052 0,0014
navbar 0,0202 0,0000
world 0,3857 0,0001
subbox 0,6931 0,0002
sms 3,2189 0,0010
december 0,0000 0,0000
everything 1,2730 0,0004
guardian 1,8326 0,0006
bundle 2,2073 0,0007
jonny 3,9120 0,0012
programme 3,9120 0,0012
macos 1,6607 0,0005
table 0,0000 0,0000
columnist 4,6052 0,0014
prefers 0,0101 0,0000
side 0,3567 0,0001
cunningham 2,0402 0,0006
break 0,0101 0,0000
composer 3,5066 0,0011
change 0,4463 0,0001
programmatically 3,5066 0,0011
printable 0,0000 0,0000
hide 0,0000 0,0000
mikey 4,6052 0,0014
multimedia 1,5606 0,0005
traditionally 1,8971 0,0006
report 0,0305 0,0000
facilities 1,2040 0,0004
shuffle 3,9120 0,0012
improvements 1,2040 0,0004
auto 0,0726 0,0000
several 0,4155 0,0001
sign 1,6607 0,0005
macterminal 4,6052 0,0014
office 1,0788 0,0003
roger 1,9661 0,0006
download 0,0000 0,0000
high 0,3425 0,0001
reuters 2,2073 0,0007
split 0,0000 0,0000
sos 3,9120 0,0012
reviewed 1,8326 0,0006
bnf 0,9163 0,0003
expressed 1,6607 0,0005
different 0,0513 0,0000
directly 0,5108 0,0002
officially 1,8971 0,0006
kanellos 4,6052 0,0014
level 0,0000 0,0000
steinberger 4,6052 0,0014
interoperability 1,8326 0,0006
photoshop 3,9120 0,0012
keizer 3,9120 0,0012
tudou 4,6052 0,0014
machten 3,5066 0,0011
attached 2,2073 0,0007
focused 1,3863 0,0004
bunch 3,5066 0,0011
announcements 3,5066 0,0011
malay 3,9120 0,0012
behind 1,2730 0,0004
fileware 3,9120 0,0012
dozens 3,2189 0,0010
wgdefaultdateformat 0,0000 0,0000
box 0,0408 0,0000
setbacks 3,9120 0,0012
installing 2,0402 0,0006
switch 1,2730 0,0004
total 0,0000 0,0000
deplume 4,6052 0,0014
consumer 1,6607 0,0005
highly 1,1712 0,0004
console 1,8326 0,0006
jony 3,9120 0,0012
social 0,8210 0,0003
src 0,6349 0,0002
emulation 3,5066 0,0011
control 0,1744 0,0001
declined 3,5066 0,0011
sternbergh 4,6052 0,0014
attribution 0,0000 0,0000
handles 1,6094 0,0005
metadata 1,5606 0,0005
ssd 2,4079 0,0008
vary 0,0619 0,0000
coherent 2,8134 0,0009
threatening 3,2189 0,0010
upper 0,0101 0,0000
insensitive 3,2189 0,0010
stood 2,9957 0,0009
objective 1,5141 0,0005
encouraged 3,2189 0,0010
drawn 2,8134 0,0009
closely 1,6094 0,0005
australia 1,8971 0,0006
bsd 1,8326 0,0006
mission 2,1203 0,0007
macwrite 4,6052 0,0014
access 0,3011 0,0001
gorsky 3,5066 0,0011
simi 0,9416 0,0003
ports 2,5257 0,0008
sun 1,2730 0,0004
extended 0,9163 0,0003
selflink 0,0101 0,0000
sur 3,2189 0,0010
current 0,0000 0,0000
managed 1,0498 0,0003
panzarino 4,6052 0,0014
actively 2,6593 0,0008
audio 1,2379 0,0004
wayne 2,9957 0,0009
key 0,0305 0,0000
preferred 2,2073 0,0007
manager 1,0498 0,0003
siracusa 4,6052 0,0014
texture 3,2189 0,0010
manages 1,8326 0,0006
makes 0,5108 0,0002
maker 2,1203 0,0007
launch 1,5606 0,0005
sponsored 2,4079 0,0008
threatened 3,5066 0,0011
store 0,8210 0,0003
tagalog 1,2040 0,0004
confirm 2,6593 0,0008
bug 1,3093 0,0004
boasts 3,5066 0,0011
fourth 1,8971 0,0006
contacts 2,8134 0,0009
bus 1,6607 0,0005
available 0,0000 0,0000
express 1,5141 0,0005
instantly 2,8134 0,0009
variant 0,0619 0,0000
dynamic 0,7133 0,0002
ritchie 2,5257 0,0008
written 0,3147 0,0001
extreme 1,9661 0,0006
rubenstein 4,6052 0,0014
shortened 0,0000 0,0000
studios 2,5257 0,0008
dumping 4,6052 0,0014
enhanced 1,6094 0,0005
taiwan 2,8134 0,0009
especially 0,8210 0,0003
ocean 2,9957 0,0009
once 0,7985 0,0002
allocating 2,8134 0,0009
sina 3,9120 0,0012
higher 0,7985 0,0002
deneve 3,9120 0,0012
doing 1,3471 0,0004
brazil 2,5257 0,0008
swatch 2,8134 0,0009
figures 2,6593 0,0008
records 1,5141 0,0005
idea 1,1712 0,0004
blues 4,6052 0,0014
kim 2,1203 0,0007
proprietary 0,9676 0,0003
kit 2,1203 0,0007
missing 1,3093 0,0004
throughout 1,6094 0,0005
xenix 3,2189 0,0010
successful 1,2379 0,0004
normal 0,0202 0,0000
types 0,4780 0,0001
technology 0,2357 0,0001
stone 2,9957 0,0009
eunice 3,5066 0,0011
configurator 4,6052 0,0014
croatian 3,9120 0,0012
litigation 2,4079 0,0008
migration 1,5141 0,0005
ones 1,4697 0,0005
wgcitereferencepreviewsactive 0,0000 0,0000
shelved 4,6052 0,0014
welch 3,9120 0,0012
frameworks 0,9163 0,0003
graphical 1,2730 0,0004
processors 1,7148 0,0005
easytimeline 2,9957 0,0009
feedback 1,3471 0,0004
hack 1,7148 0,0005
seconds 0,0619 0,0000
road 1,8326 0,0006
review 0,7340 0,0002
weather 2,4079 0,0008
aligned 2,8134 0,0009
between 0,2107 0,0001
guide 0,3711 0,0001
pagevariantfallbacks 0,0000 0,0000
efficiency 0,8916 0,0003
following 0,3857 0,0001
siri 2,8134 0,0009
gizmodo 2,9957 0,0009
upscaling 4,6052 0,0014
notifications 1,8971 0,0006
james 0,9676 0,0003
rock 2,8134 0,0009
leak 2,2073 0,0007
flaw 3,2189 0,0010
blocked 2,9957 0,0009
feature 0,0000 0,0000
flat 2,6593 0,0008
leap 2,5257 0,0008
variously 4,6052 0,0014
informed 2,2073 0,0007
dispute 2,1203 0,0007
prominently 3,2189 0,0010
byer 4,6052 0,0014
catalan 3,9120 0,0012
site 0,0000 0,0000
cease 3,5066 0,0011
elements 0,6349 0,0002
queue 1,2379 0,0004
argument 0,0513 0,0000
bombs 3,2189 0,0010
subsystem 2,2073 0,0007
wgpageviewlanguage 0,0000 0,0000
routes 2,5257 0,0008
accesskey 0,0000 0,0000
swapnil 3,9120 0,0012
only 0,2107 0,0001
should 0,3711 0,0001
chartier 3,5066 0,0011
comparing 2,8134 0,0009
tax 1,8971 0,0006
towards 1,2040 0,0004
interim 3,5066 0,0011
syncs 4,6052 0,0014
person 1,2730 0,0004
files 0,8440 0,0003
departure 3,9120 0,0012
interix 3,2189 0,0010
potentially 0,7765 0,0002
week 1,4697 0,0005
gitster 4,6052 0,0014
distinct 1,3471 0,0004
tung 2,8134 0,0009
dragonfly 2,9957 0,0009
can 0,0408 0,0000
computing 0,4005 0,0001
targeting 2,1203 0,0007
wgcanonicalnamespace 0,0000 0,0000
car 1,8326 0,0006
flex 0,5276 0,0002
ready 0,0000 0,0000
said 1,0788 0,0003
player 2,2073 0,0007
smooth 3,9120 0,0012
reboot 3,5066 0,0011
motion 2,5257 0,0008
wgisredirect 0,0000 0,0000
limited 0,0000 0,0000
invisage 3,9120 0,0012
'll 2,8134 0,0009
february 0,0000 0,0000
fingerworks 3,9120 0,0012
match 1,3093 0,0004
fault 1,2379 0,0004
holwerda 3,9120 0,0012
really 1,5606 0,0005
cbs 2,4079 0,0008
response 0,8675 0,0003
responsive 0,0202 0,0000
independently 1,3863 0,0004
airpods 3,9120 0,0012
category 0,3147 0,0001
wikidata 0,0000 0,0000
callparserfunction 1,4271 0,0004
