prepare 2,5257 0,0006
half 1,7148 0,0004
upload 0,0000 0,0000
nowadays 3,2189 0,0007
owners 1,8326 0,0004
wgrestrictionmove 0,0000 0,0000
tokenization 3,2189 0,0007
aviv 3,5066 0,0008
morton 3,9120 0,0009
tea 4,6052 0,0011
would 0,3425 0,0001
electronically 3,9120 0,0009
energy 1,4697 0,0003
birminghamlive 4,6052 0,0011
polluting 4,6052 0,0011
solid 0,0202 0,0000
gabriel 3,2189 0,0007
notably 1,8326 0,0004
switzerland 2,4079 0,0006
investment 1,5606 0,0004
require 0,0000 0,0000
scribunto 0,0000 0,0000
prioritization 3,5066 0,0008
standards 0,6539 0,0002
applies 1,8971 0,0004
scathing 3,9120 0,0009
size 0,0000 0,0000
left 0,0101 0,0000
cdx 0,0000 0,0000
object 0,4308 0,0001
newspaper 3,9120 0,0009
accessible 1,1712 0,0003
hang 4,6052 0,0011
lombard 1,1712 0,0003
role 0,9676 0,0002
hosting 1,6607 0,0004
roll 2,8134 0,0007
notable 1,1394 0,0003
turn 1,3471 0,0003
ceo 1,6094 0,0004
balanced 3,2189 0,0007
miner 3,2189 0,0007
example 0,2744 0,0001
gold 2,6593 0,0006
minds 2,6593 0,0006
result 0,4620 0,0001
decentralised 3,9120 0,0009
gehomepagesuggestededitsenabletopics 0,0000 0,0000
same 0,2357 0,0001
cex 4,6052 0,0011
howcroft 4,6052 0,0011
commission 1,5141 0,0004
after 0,0305 0,0000
connect 1,4271 0,0003
hand 1,3093 0,0003
policy 0,0000 0,0000
ordered 2,3026 0,0005
address 0,8210 0,0002
salt 3,2189 0,0007
helium 2,9957 0,0007
pagelanguagecode 0,0000 0,0000
consisting 1,5141 0,0004
entering 2,5257 0,0006
frances 3,5066 0,0008
pricewaterhousecoopers 3,9120 0,0009
information 0,0000 0,0000
adrian 2,9957 0,0007
kwh 4,6052 0,0011
november 0,0000 0,0000
gouging 4,6052 0,0011
powered 1,5141 0,0004
glendon 4,6052 0,0011
blogs 2,1203 0,0005
confront 3,9120 0,0009
good 1,0217 0,0002
empty 0,0305 0,0000
tanaya 4,6052 0,0011
hacks 2,4079 0,0006
tim 1,0498 0,0002
implement 0,7133 0,0002
export 0,0000 0,0000
others 0,4463 0,0001
transitioned 3,5066 0,0008
making 0,5108 0,0001
owes 3,9120 0,0009
owen 2,9957 0,0007
asics 4,6052 0,0011
hijacked 4,6052 0,0011
aside 2,8134 0,0007
kyc 3,9120 0,0009
supposed 4,6052 0,0011
cia 2,6593 0,0006
scholars 2,9957 0,0007
scanners 3,5066 0,0008
applied 0,7765 0,0002
laurence 4,6052 0,0011
mainentity 0,0000 0,0000
provided 0,7765 0,0002
hart 3,2189 0,0007
delphine 4,6052 0,0011
representation 1,1712 0,0003
disclaimers 0,0000 0,0000
society 1,5141 0,0004
verifiable 2,8134 0,0007
denmark 3,9120 0,0009
imfi 4,6052 0,0011
provides 0,3711 0,0001
aftab 4,6052 0,0011
webster 2,9957 0,0007
ensuring 1,3863 0,0003
lena 3,2189 0,0007
conducive 4,6052 0,0011
ticker 2,8134 0,0007
citation 0,0101 0,0000
guadamuz 4,6052 0,0011
approval 2,1203 0,0005
blocks 1,2379 0,0003
multiple 0,2485 0,0001
metallism 4,6052 0,0011
expose 2,4079 0,0006
actuelle 4,6052 0,0011
versus 1,7720 0,0004
better 0,6162 0,0001
footprint 2,5257 0,0006
iyengar 4,6052 0,0011
shielding 4,6052 0,0011
well 0,3011 0,0001
handling 1,0217 0,0002
foolproof 4,6052 0,0011
taking 1,5141 0,0004
pagetype 1,0788 0,0003
bitness 0,0000 0,0000
rgba 0,0101 0,0000
prohibits 3,9120 0,0009
gains 2,1203 0,0005
retroactively 3,9120 0,0009
signatures 2,5257 0,0006
chilly 4,6052 0,0011
kademlia 3,9120 0,0009
investigators 3,9120 0,0009
myth 3,2189 0,0007
bimetallism 4,6052 0,0011
gained 1,4697 0,0003
presse 4,6052 0,0011
ppvisitednodes 0,0000 0,0000
block 0,0408 0,0000
flow 0,3857 0,0001
promotional 2,8134 0,0007
order 0,4620 0,0001
protecting 2,0402 0,0005
went 1,8971 0,0004
boxtext 0,0619 0,0000
tightens 4,6052 0,0011
considering 1,8971 0,0004
buckley 3,2189 0,0007
indonesia 0,3567 0,0001
intel 1,6094 0,0004
praxis 4,6052 0,0011
matteo 3,2189 0,0007
renewable 2,9957 0,0007
binary 1,0498 0,0002
implicating 4,6052 0,0011
wgpopupsflags 0,0000 0,0000
cme 3,5066 0,0008
hash 2,0402 0,0005
managers 1,6094 0,0004
legislatures 4,6052 0,0011
deferred 2,9957 0,0007
subsection 0,1508 0,0000
dumps 3,9120 0,0009
relaying 3,9120 0,0009
toc 0,0000 0,0000
protection 0,4620 0,0001
respectively 1,3863 0,0003
wgpagecontentmodel 0,0000 0,0000
ton 2,9957 0,0007
tom 1,3863 0,0003
top 0,0000 0,0000
technica 1,3093 0,0003
too 0,8916 0,0002
noise 2,9957 0,0007
kaplan 3,5066 0,0008
legkodymov 4,6052 0,0011
tezos 3,2189 0,0007
cnn 2,1203 0,0005
gaming 1,8971 0,0004
product 0,6539 0,0002
implications 1,9661 0,0005
drugs 2,8134 0,0007
asian 3,2189 0,0007
ross 2,5257 0,0006
cheap 2,4079 0,0006
produce 1,2040 0,0003
regard 2,4079 0,0006
holly 3,5066 0,0008
com 0,8210 0,0002
col 1,0217 0,0002
capital 1,8326 0,0004
rhymes 4,6052 0,0011
minor 1,7148 0,0004
findings 2,5257 0,0006
irreversible 3,9120 0,0009
cow 4,6052 0,0011
ezra 4,6052 0,0011
upon 0,8916 0,0002
pervez 4,6052 0,0011
nagarajan 4,6052 0,0011
platforms 0,6931 0,0002
timeusage 0,0000 0,0000
biggest 1,9661 0,0005
academic 1,3471 0,0003
frysk 2,6593 0,0006
function 0,0000 0,0000
raise 2,6593 0,0006
west 2,2073 0,0005
lam 3,2189 0,0007
owns 2,8134 0,0007
representative 2,4079 0,0006
tower 3,2189 0,0007
frontiers 3,2189 0,0007
circumstances 2,2073 0,0005
altcoin 4,6052 0,0011
comparison 0,4155 0,0001
including 0,1985 0,0000
law 1,2379 0,0003
coins 2,9957 0,0007
palgrave 3,2189 0,0007
introducing 0,8916 0,0002
cpu 0,0408 0,0000
infobox 0,6931 0,0002
less 0,6162 0,0001
andy 1,8326 0,0004
conflicting 2,3026 0,0005
institutions 2,1203 0,0005
fedorova 4,6052 0,0011
markets 1,9661 0,0005
improve 0,3857 0,0001
mooted 4,6052 0,0011
translates 2,6593 0,0006
specialized 1,1712 0,0003
became 0,7133 0,0002
university 0,5621 0,0001
artificially 3,9120 0,0009
chattel 4,6052 0,0011
wikiquote 1,7148 0,0004
renowned 3,9120 0,0009
laura 3,9120 0,0009
effective 1,0217 0,0002
times 0,5447 0,0001
craze 3,2189 0,0007
coincidence 4,6052 0,0011
says 1,3863 0,0003
timeless 0,0101 0,0000
direction 1,5606 0,0004
economists 3,2189 0,0007
vlams 3,2189 0,0007
eggchange 4,6052 0,0011
filippo 3,9120 0,0009
luasandboxcallback 1,4271 0,0003
wgwmeschemaeditattemptstepoversample 0,0000 0,0000
precludes 4,6052 0,0011
ttl 0,0000 0,0000
csa 4,6052 0,0011
investor 3,5066 0,0008
inflate 3,5066 0,0008
activities 1,3863 0,0003
stable 0,7133 0,0002
japan 1,2730 0,0003
mastercard 3,5066 0,0008
led 0,5978 0,0001
lee 1,3471 0,0003
supply 1,7148 0,0004
crippen 4,6052 0,0011
defines 0,9676 0,0002
karim 3,5066 0,0008
integrity 1,3863 0,0003
hackers 2,0402 0,0005
merge 2,0402 0,0005
pref 0,0000 0,0000
let 1,3863 0,0003
n't 0,7765 0,0002
optimizing 2,1203 0,0005
adviser 3,9120 0,0009
les 3,5066 0,0008
state 0,4620 0,0001
csrftoken 0,0000 0,0000
press 0,5798 0,0001
defined 0,4780 0,0001
element 0,0000 0,0000
environmental 1,8971 0,0004
garza 4,6052 0,0011
regretted 4,6052 0,0011
night 0,0000 0,0000
picks 3,5066 0,0008
zarko 4,6052 0,0011
havens 4,6052 0,0011
vulnerability 1,7148 0,0004
each 0,1393 0,0000
aftermath 3,9120 0,0009
debasement 4,6052 0,0011
makarov 4,6052 0,0011
stablecoin 3,5066 0,0008
nicehash 4,6052 0,0011
offering 1,1087 0,0003
creating 0,6539 0,0002
items 0,5108 0,0001
datawrapper 1,6094 0,0004
distrustful 4,6052 0,0011
cut 1,8326 0,0004
twh 4,6052 0,0011
probably 2,3026 0,0005
ruble 4,6052 0,0011
document 0,6539 0,0002
concurrent 1,2040 0,0003
dollars 2,4079 0,0006
networks 0,8210 0,0002
proving 2,6593 0,0006
strains 4,6052 0,0011
two 0,2744 0,0001
clay 3,5066 0,0008
promote 1,9661 0,0005
does 0,2744 0,0001
equihash 3,2189 0,0007
reported 1,3471 0,0003
divorce 4,6052 0,0011
creation 0,8210 0,0002
situation 1,8326 0,0004
legislation 2,8134 0,0007
portalleft 1,3093 0,0003
paek 4,6052 0,0011
languages 0,0000 0,0000
occurred 2,2073 0,0005
refused 2,8134 0,0007
shells 2,6593 0,0006
krause 3,9120 0,0009
sijia 4,6052 0,0011
services 0,3425 0,0001
team 0,5978 0,0001
bonelli 4,6052 0,0011
marketing 1,2730 0,0003
wgusername 0,0000 0,0000
watch 1,7148 0,0004
decrypt 2,9957 0,0007
cryptomarkets 4,6052 0,0011
thing 1,8971 0,0004
demanded 3,5066 0,0008
insurance 2,5257 0,0006
nayib 4,6052 0,0011
mercatus 3,9120 0,0009
spencer 2,3026 0,0005
doge 4,6052 0,0011
registering 3,9120 0,0009
source 0,2107 0,0000
anna 2,6593 0,0006
ieee 0,8440 0,0002
domestic 2,6593 0,0006
kevin 1,5606 0,0004
wolff 3,2189 0,0007
muneeb 4,6052 0,0011
homes 2,8134 0,0007
hbar 3,2189 0,0007
stability 1,9661 0,0005
strengthens 3,9120 0,0009
erik 2,3026 0,0005
tech 1,2040 0,0003
seongwon 4,6052 0,0011
widely 0,7985 0,0002
eric 1,1394 0,0003
harnessing 3,5066 0,0008
develop 0,9163 0,0002
namibia 4,6052 0,0011
technologies 0,5978 0,0001
exposing 2,9957 0,0007
suited 1,9661 0,0005
dominated 2,9957 0,0007
involved 1,6094 0,0004
roberts 2,3026 0,0005
district 2,5257 0,0006
overall 1,1394 0,0003
page 0,0000 0,0000
full 0,0202 0,0000
cryptographer 3,5066 0,0008
cards 1,7720 0,0004
memory 0,0408 0,0000
scientist 1,6094 0,0004
aspects 0,8916 0,0002
mica 4,6052 0,0011
resistant 2,6593 0,0006
nahid 4,6052 0,0011
wilmer 3,9120 0,0009
house 1,5141 0,0004
disaster 2,4079 0,0006
blinding 4,6052 0,0011
mooij 4,6052 0,0011
offerings 2,0402 0,0005
thabet 4,6052 0,0011
enhance 1,4697 0,0003
sameas 0,0000 0,0000
harvest 2,9957 0,0007
hours 1,6094 0,0004
llc 1,7720 0,0004
polytechnic 3,9120 0,0009
center 0,0000 0,0000
suspicion 3,9120 0,0009
purchase 1,7720 0,0004
start 0,7985 0,0002
bypass 2,6593 0,0006
equal 1,9661 0,0005
llp 3,5066 0,0008
fallen 3,9120 0,0009
fund 2,5257 0,0006
altseason 4,6052 0,0011
fung 3,5066 0,0008
paid 1,8326 0,0004
recipient 2,5257 0,0006
short 0,0000 0,0000
finance 1,8326 0,0004
juristische 4,6052 0,0011
measured 1,8326 0,0004
bergwick 4,6052 0,0011
ledgers 3,5066 0,0008
regulate 2,8134 0,0007
complementary 2,6593 0,0006
three 0,3711 0,0001
required 0,5108 0,0001
marsden 4,6052 0,0011
measures 1,8326 0,0004
twitter 1,7720 0,0004
pitta 4,6052 0,0011
controversial 2,3026 0,0005
payment 2,2073 0,0005
specifically 0,8916 0,0002
savings 2,4079 0,0006
hardware 0,5798 0,0001
deputy 3,5066 0,0008
taxable 4,6052 0,0011
cameron 2,5257 0,0006
nationally 4,6052 0,0011
litan 4,6052 0,0011
dates 0,5798 0,0001
creative 0,0000 0,0000
nederlands 0,1985 0,0000
allocate 2,1203 0,0005
provide 0,3857 0,0001
wayback 0,7985 0,0002
mellon 2,5257 0,0006
consultation 3,9120 0,0009
primary 0,7765 0,0002
requires 0,5798 0,0001
log 0,0000 0,0000
bright 2,8134 0,0007
overstated 4,6052 0,0011
solar 2,6593 0,0006
consume 2,2073 0,0005
euskara 0,5108 0,0001
undefined 3,2189 0,0007
unknown 1,4697 0,0003
lot 1,6607 0,0004
advisor 3,5066 0,0008
los 2,5257 0,0006
computer 0,2231 0,0001
fundraising 3,9120 0,0009
andreas 2,3026 0,0005
low 0,7133 0,0002
otago 4,6052 0,0011
acyclic 3,5066 0,0008
holdings 2,6593 0,0006
cryptographic 2,1203 0,0005
wealth 2,9957 0,0007
means 0,5621 0,0001
funding 1,6094 0,0004
wallet 2,5257 0,0006
initial 0,3857 0,0001
unstrip 0,0000 0,0000
performed 1,0788 0,0003
templateargumentsize 0,0000 0,0000
nakamoto 3,5066 0,0008
disclosures 3,2189 0,0007
quick 1,6094 0,0004
endorsement 4,6052 0,0011
speedy 0,7133 0,0002
doom 3,2189 0,0007
friendly 1,9661 0,0005
castillo 2,9957 0,0007
possession 4,6052 0,0011
dag 3,5066 0,0008
experience 0,8675 0,0002
dai 2,9957 0,0007
italic 0,1278 0,0000
launched 1,3863 0,0003
dan 0,9943 0,0002
dao 3,2189 0,0007
shown 1,7148 0,0004
jordan 1,7148 0,0004
disappeared 4,6052 0,0011
day 0,0000 0,0000
keeps 2,3026 0,0005
obtain 1,8971 0,0004
raising 2,6593 0,0006
ivms 4,6052 0,0011
created 0,4155 0,0001
minutes 1,9661 0,0005
format 0,0101 0,0000
particular 0,5978 0,0001
illegal 2,2073 0,0005
water 2,6593 0,0006
fried 3,9120 0,0009
osipovich 4,6052 0,0011
formal 1,1394 0,0003
perceived 2,8134 0,0007
creates 1,5606 0,0004
residents 3,5066 0,0008
launches 1,5606 0,0004
parvez 3,9120 0,0009
critical 0,8916 0,0002
mathematics 1,5141 0,0004
part 0,2231 0,0001
wgpageparsereport 0,0000 0,0000
boards 3,2189 0,0007
araujo 4,6052 0,0011
principal 2,2073 0,0005
dated 1,1087 0,0003
editors 0,0000 0,0000
introduction 0,5798 0,0001
park 2,3026 0,0005
built 0,5108 0,0001
josephine 4,6052 0,0011
lecturer 4,6052 0,0011
ltr 0,0000 0,0000
startups 2,3026 0,0005
seeking 2,4079 0,0006
economics 2,2073 0,0005
someone 2,0402 0,0005
third 0,5621 0,0001
tvnz 4,6052 0,0011
lua 0,0513 0,0000
cheng 2,3026 0,0005
further 0,3567 0,0001
demands 2,4079 0,0006
oxymoron 4,6052 0,0011
regulated 2,8134 0,0007
mutually 2,8134 0,0007
uyghurche 1,9661 0,0005
computerized 2,9957 0,0007
ambiguous 2,0402 0,0005
parliament 3,5066 0,0008
stunning 4,6052 0,0011
portalborder 1,3093 0,0003
der 2,1203 0,0005
path 1,1712 0,0003
des 3,5066 0,0008
simona 4,6052 0,0011
depending 1,1087 0,0003
finds 2,2073 0,0005
record 1,1394 0,0003
prevention 2,0402 0,0005
accepting 3,2189 0,0007
announcement 2,0402 0,0005
cuba 3,9120 0,0009
mailchimp 4,6052 0,0011
preventing 2,0402 0,0005
sharman 4,6052 0,0011
banks 2,3026 0,0005
pass 1,7720 0,0004
impact 0,9676 0,0002
profile 1,1394 0,0003
bill 1,5606 0,0004
whose 1,3471 0,0003
senior 2,0402 0,0005
nijsse 4,6052 0,0011
adopting 2,1203 0,0005
duxbury 4,6052 0,0011
average 2,1203 0,0005
subgroup 0,0513 0,0000
bodies 1,8326 0,0004
investments 2,8134 0,0007
existed 2,0402 0,0005
transparent 0,0619 0,0000
mint 3,2189 0,0007
adoption 0,8675 0,0002
journal 0,4780 0,0001
palau 4,6052 0,0011
term 0,5798 0,0001
mine 2,9957 0,0007
business 0,3567 0,0001
mini 0,0619 0,0000
advent 2,4079 0,0006
operational 1,7148 0,0004
staff 1,7720 0,0004
possible 0,5276 0,0001
right 0,0101 0,0000
delisted 4,6052 0,0011
haynie 4,6052 0,0011
bing 2,8134 0,0007
wikitext 0,0000 0,0000
regulates 4,6052 0,0011
headquartered 2,8134 0,0007
complicated 2,0402 0,0005
ivana 4,6052 0,0011
sichuan 4,6052 0,0011
paul 0,7765 0,0002
under 0,0101 0,0000
did 0,8210 0,0002
proposing 2,8134 0,0007
ryan 1,6094 0,0004
london 1,3863 0,0003
siraj 3,9120 0,0009
added 0,4308 0,0001
murray 3,5066 0,0008
retrieved 0,0000 0,0000
down 0,8440 0,0002
faculty 3,2189 0,0007
shifting 2,5257 0,0006
div 0,0000 0,0000
ethereum 2,9957 0,0007
later 0,3857 0,0001
sabett 4,6052 0,0011
passport 3,5066 0,0008
adding 0,6733 0,0002
legal 1,1712 0,0003
iansiti 3,9120 0,0009
computational 1,2040 0,0003
angeles 2,5257 0,0006
journey 2,4079 0,0006
test 0,6349 0,0001
ecash 3,9120 0,0009
finally 1,4271 0,0003
enforcement 2,0402 0,0005
thereafter 2,8134 0,0007
ssrn 2,3026 0,0005
brown 1,8971 0,0004
publicly 1,6094 0,0004
graph 1,5141 0,0004
regarding 1,6607 0,0004
month 1,6094 0,0004
irfan 3,9120 0,0009
final 1,0788 0,0003
varies 2,0402 0,0005
wgrevisionid 0,0000 0,0000
cryptology 2,8134 0,0007
virtual 0,4620 0,0001
rather 0,5978 0,0001
requesting 2,5257 0,0006
alsoszatai 4,6052 0,0011
back 0,6539 0,0002
training 1,4697 0,0003
expectation 3,2189 0,0007
title 0,0000 0,0000
papers 1,9661 0,0005
disparagingly 4,6052 0,0011
states 0,4463 0,0001
incentives 2,6593 0,0006
hennessy 3,5066 0,0008
load 1,3863 0,0003
dla 3,5066 0,0008
ignore 2,9957 0,0007
company 0,5621 0,0001
thomas 0,8675 0,0002
lacey 4,6052 0,0011
schwartzkopff 4,6052 0,0011
kuwait 3,5066 0,0008
billions 2,9957 0,0007
custom 0,0000 0,0000
harris 2,9957 0,0007
kiswahili 1,2730 0,0003
photovoltaic 3,9120 0,0009
concerns 1,1087 0,0003
considerations 1,9661 0,0005
prosecutors 4,6052 0,0011
schedule 1,6607 0,0004
beach 3,5066 0,0008
inherit 0,0101 0,0000
baby 3,5066 0,0008
recommends 2,4079 0,0006
grant 2,3026 0,0005
articles 0,0000 0,0000
bitcoin 2,9957 0,0007
baer 2,9957 0,0007
macheel 4,6052 0,0011
helping 2,1203 0,0005
attempt 1,2379 0,0003
dmy 0,0000 0,0000
navigation 0,0000 0,0000
balance 2,4079 0,0006
lock 0,0101 0,0000
text 0,0000 0,0000
usually 0,4780 0,0001
mishra 3,5066 0,0008
letters 1,9661 0,0005
turkmenistan 4,6052 0,0011
cookie 0,0000 0,0000
researchers 1,3093 0,0003
made 0,3857 0,0001
dns 2,0402 0,0005
electrical 1,4271 0,0003
signed 1,7720 0,0004
sense 1,3093 0,0003
being 0,3147 0,0001
bito 3,9120 0,0009
classification 1,6094 0,0004
warner 3,2189 0,0007
bitcoins 3,2189 0,0007
kraken 4,6052 0,0011
cannibalizing 4,6052 0,0011
field 1,0498 0,0002
contents 0,0000 0,0000
warned 2,9957 0,0007
legitimate 2,6593 0,0006
safemoon 3,2189 0,0007
dog 2,9957 0,0007
scrypt 3,2189 0,0007
doj 3,9120 0,0009
exahash 4,6052 0,0011
doi 0,4155 0,0001
status 0,0000 0,0000
trading 2,1203 0,0005
satoshi 3,5066 0,0008
ellie 4,6052 0,0011
operates 1,6607 0,0004
dot 2,6593 0,0006
skin 0,0000 0,0000
operated 2,3026 0,0005
inflated 3,9120 0,0009
baldwin 4,6052 0,0011
government 1,2730 0,0003
cult 3,9120 0,0009
known 0,3147 0,0001
joshua 1,8326 0,0004
legally 2,6593 0,0006
stream 1,3471 0,0003
thaler 4,6052 0,0011
crime 2,6593 0,0006
stand 1,5606 0,0004
characterized 2,3026 0,0005
contemplated 4,6052 0,0011
may 0,0000 0,0000
advocates 2,3026 0,0005
max 0,0513 0,0000
forward 1,3093 0,0003
lacks 1,9661 0,0005
quebec 3,9120 0,0009
url 0,0000 0,0000
singapore 2,5257 0,0006
entities 0,0305 0,0000
gpus 2,8134 0,0007
yukinobu 4,6052 0,0011
websites 1,2379 0,0003
fees 2,3026 0,0005
usa 1,6094 0,0004
mail 2,3026 0,0005
niger 4,6052 0,0011
subject 1,1087 0,0003
use 0,0000 0,0000
usd 2,9957 0,0007
halving 4,6052 0,0011
edward 2,5257 0,0006
bain 3,9120 0,0009
main 0,0000 0,0000
wright 2,0402 0,0005
rollups 4,6052 0,0011
revenue 1,9661 0,0005
cuny 4,6052 0,0011
concentrated 3,5066 0,0008
monopoly 3,2189 0,0007
ust 4,6052 0,0011
fungible 3,9120 0,0009
logo 0,0000 0,0000
bovaird 4,6052 0,0011
cryptoassets 4,6052 0,0011
credit 2,2073 0,0005
intensive 2,2073 0,0005
crowdfund 4,6052 0,0011
waste 2,5257 0,0006
tribune 4,6052 0,0011
utc 0,0000 0,0000
equipment 1,6094 0,0004
establishment 2,6593 0,0006
ideas 1,4271 0,0003
includes 0,5276 0,0001
pressure 2,5257 0,0006
becomes 1,2730 0,0003
null 0,0000 0,0000
background 0,0101 0,0000
lists 0,8916 0,0002
watchtoken 0,0000 0,0000
salvador 3,5066 0,0008
cardano 3,2189 0,0007
repeat 0,0101 0,0000
threats 2,2073 0,0005
physical 1,0498 0,0002
included 0,6931 0,0002
make 0,3857 0,0001
mania 2,9957 0,0007
attempting 2,0402 0,0005
designers 1,6607 0,0004
sarlin 4,6052 0,0011
blacklists 3,9120 0,0009
surges 3,5066 0,0008
cryptojacking 3,2189 0,0007
hkma 4,6052 0,0011
barley 4,6052 0,0011
stake 2,5257 0,0006
due 0,5108 0,0001
bytes 0,0408 0,0000
circulation 3,9120 0,0009
threat 1,9661 0,0005
doshi 4,6052 0,0011
properties 0,8210 0,0002
trending 4,6052 0,0011
depend 1,6094 0,0004
sized 2,8134 0,0007
empirical 1,7148 0,0004
intertwined 3,9120 0,0009
danger 2,6593 0,0006
nuri 3,5066 0,0008
crash 1,6094 0,0004
granted 2,0402 0,0005
hiding 2,0402 0,0005
bank 2,1203 0,0005
character 1,4697 0,0003
meaning 0,9943 0,0002
recursion 0,0513 0,0000
released 0,5447 0,0001
goals 1,5141 0,0004
height 0,0101 0,0000
mali 4,6052 0,0011
august 0,0000 0,0000
breaches 2,4079 0,0006
module 0,0000 0,0000
namecoin 3,2189 0,0007
wikibase 0,0619 0,0000
hijacking 2,9957 0,0007
received 1,4271 0,0003
cracking 2,6593 0,0006
flood 4,6052 0,0011
illicit 3,2189 0,0007
miller 1,7720 0,0004
certificates 2,6593 0,0006
highest 0,0513 0,0000
unique 1,2379 0,0003
boost 2,3026 0,0005
hrvatski 0,7550 0,0002
roundup 2,9957 0,0007
invested 2,3026 0,0005
shiller 3,9120 0,0009
prolific 4,6052 0,0011
shared 0,8440 0,0002
notheme 0,3711 0,0001
seizure 3,5066 0,0008
arner 4,6052 0,0011
association 1,1087 0,0003
scam 3,5066 0,0008
eliminate 2,1203 0,0005
industry 0,8440 0,0002
long 0,5621 0,0001
landfill 3,5066 0,0008
fell 3,2189 0,0007
shares 2,2073 0,0005
into 0,1985 0,0000
listings 3,9120 0,0009
evans 2,5257 0,0006
min 0,1165 0,0000
greece 2,8134 0,0007
benign 3,5066 0,0008
identifiable 3,2189 0,0007
mit 1,2040 0,0003
supports 0,6931 0,0002
mix 2,1203 0,0005
workers 2,0402 0,0005
destruction 2,4079 0,0006
dougherty 4,6052 0,0011
cuts 4,6052 0,0011
dirty 2,9957 0,0007
overpaying 4,6052 0,0011
middle 0,7765 0,0002
though 0,8440 0,0002
mann 2,8134 0,0007
bans 2,9957 0,0007
many 0,2357 0,0001
lasse 4,6052 0,0011
releases 1,2379 0,0003
extensive 1,5141 0,0004
stab 3,9120 0,0009
associated 0,6931 0,0002
increasing 1,2379 0,0003
pernice 4,6052 0,0011
vigna 3,2189 0,0007
legitimize 4,6052 0,0011
holds 2,2073 0,0005
experts 1,8326 0,0004
open 0,1625 0,0000
seeks 2,2073 0,0005
seller 3,5066 0,0008
ukrainian 2,8134 0,0007
hysterics 4,6052 0,0011
forced 2,8134 0,0007
suffering 3,5066 0,0008
tbody 0,6931 0,0002
invest 2,6593 0,0006
numbers 0,9416 0,0002
expressing 3,2189 0,0007
project 0,3011 0,0001
seven 1,8326 0,0004
exemplified 4,6052 0,0011
barr 3,2189 0,0007
heckman 3,9120 0,0009
techcrunch 1,3093 0,0003
abound 4,6052 0,0011
solutions 0,7765 0,0002
modification 1,6607 0,0004
grounds 3,9120 0,0009
korea 2,1203 0,0005
polkadot 3,2189 0,0007
achieving 2,4079 0,0006
forces 2,2073 0,0005
nicola 2,9957 0,0007
commits 1,8326 0,0004
regulator 3,9120 0,0009
maldives 4,6052 0,0011
secured 2,5257 0,0006
internet 0,5447 0,0001
allow 0,4155 0,0001
wired 1,1712 0,0003
jpmorgan 3,5066 0,0008
unlicensed 3,5066 0,0008
needed 0,3285 0,0001
stocks 2,9957 0,0007
auction 3,9120 0,0009
common 0,3711 0,0001
cimpanu 2,8134 0,0007
interest 1,1394 0,0003
ranged 4,6052 0,0011
themselves 1,1394 0,0003
bitwise 3,9120 0,0009
placeholder 0,0000 0,0000
ciphertext 3,9120 0,0009
untraceable 3,9120 0,0009
apply 0,0000 0,0000
recently 1,5141 0,0004
staked 4,6052 0,0011
informatics 2,6593 0,0006
esma 4,6052 0,0011
money 1,6094 0,0004
marc 2,3026 0,0005
matsumoto 2,9957 0,0007
avalanche 3,2189 0,0007
step 1,0217 0,0002
mark 0,8210 0,0002
base 0,0513 0,0000
profitability 3,2189 0,0007
trend 1,8971 0,0004
claimed 1,7720 0,0004
quachtli 4,6052 0,0011
whole 1,2040 0,0003
relation 1,8971 0,0004
monia 4,6052 0,0011
movies 2,4079 0,0006
finma 4,6052 0,0011
loss 1,5141 0,0004
reliable 0,7765 0,0002
incentive 2,4079 0,0006
auckland 3,9120 0,0009
lost 1,6094 0,0004
cryptosystem 3,2189 0,0007
capitalists 4,6052 0,0011
controlling 1,7720 0,0004
reflist 0,0101 0,0000
attempts 1,6094 0,0004
unconstitutional 4,6052 0,0011
profits 3,5066 0,0008
still 0,5447 0,0001
relating 2,2073 0,0005
var 0,0000 0,0000
work 0,3285 0,0001
lose 2,3026 0,0005
worsened 4,6052 0,0011
books 0,9163 0,0002
fridgen 4,6052 0,0011
legitimacy 3,9120 0,0009
nasdaq 3,9120 0,0009
unceremoniously 4,6052 0,0011
among 0,5276 0,0001
nedersaksies 2,9957 0,0007
masons 4,6052 0,0011
srpski 0,3711 0,0001
registration 0,0101 0,0000
axed 4,6052 0,0011
word 0,0101 0,0000
stated 1,2730 0,0003
theory 1,0217 0,0002
extension 0,7133 0,0002
internal 0,8210 0,0002
algeria 3,9120 0,0009
robocoin 4,6052 0,0011
signature 2,1203 0,0005
cameroon 4,6052 0,0011
defended 3,9120 0,0009
foundation 0,0000 0,0000
secret 1,8326 0,0004
staking 3,9120 0,0009
across 0,5798 0,0001
believes 2,9957 0,0007
identity 1,3863 0,0003
federal 1,7148 0,0004
verify 1,8971 0,0004
academy 1,8971 0,0004
reward 2,8134 0,0007
include 0,0202 0,0000
simplest 2,3026 0,0005
facebook 1,3863 0,0003
households 3,5066 0,0008
gathering 2,0402 0,0005
opinion 2,1203 0,0005
sends 1,9661 0,0005
booms 4,6052 0,0011
altogether 2,8134 0,0007
alexander 1,5606 0,0004
regulations 2,2073 0,0005
ages 3,9120 0,0009
indian 2,2073 0,0005
algorand 3,2189 0,0007
cryptovirology 3,5066 0,0008
ecb 4,6052 0,0011
existence 1,9661 0,0005
float 0,0101 0,0000
transclusion 0,0619 0,0000
eco 4,6052 0,0011
temporally 4,6052 0,0011
phares 4,6052 0,0011
powering 2,9957 0,0007
evade 4,6052 0,0011
html 0,4463 0,0001
ver 3,5066 0,0008
failed 1,7148 0,0004
libertarian 3,5066 0,0008
mining 1,6094 0,0004
isizulu 2,0402 0,0005
paranoid 3,5066 0,0008
revision 0,0000 0,0000
yingzhi 4,6052 0,0011
unreliable 2,2073 0,0005
voorhees 3,5066 0,0008
katsikouli 4,6052 0,0011
blockchains 2,9957 0,0007
scmp 4,6052 0,0011
digicash 4,6052 0,0011
winter 3,2189 0,0007
rlstate 0,0000 0,0000
herskind 4,6052 0,0011
swaps 3,2189 0,0007
platform 0,0000 0,0000
zazaki 2,2073 0,0005
spend 1,9661 0,0005
craig 2,0402 0,0005
austrian 3,9120 0,0009
hajric 3,9120 0,0009
ashley 3,5066 0,0008
spent 2,0402 0,0005
stephen 1,5141 0,0004
recht 4,6052 0,0011
instead 0,4463 0,0001
controversy 1,9661 0,0005
jack 2,3026 0,0005
stolen 2,5257 0,0006
variable 1,2730 0,0003
revised 2,0402 0,0005
landscape 2,2073 0,0005
providers 1,5141 0,0004
avivah 4,6052 0,0011
hands 2,0402 0,0005
canaan 3,5066 0,0008
optimal 1,9661 0,0005
saved 0,0619 0,0000
year 0,7550 0,0002
allowed 0,9676 0,0002
leading 1,0498 0,0002
todd 2,8134 0,0007
via 0,3011 0,0001
counsellor 4,6052 0,0011
barcelona 3,5066 0,0008
understanding 0,9163 0,0002
because 0,0000 0,0000
near 1,4271 0,0003
moving 1,1712 0,0003
springer 0,9676 0,0002
wences 3,5066 0,0008
agreement 1,3471 0,0003
upgrade 1,7720 0,0004
behaving 4,6052 0,0011
merchant 4,6052 0,0011
vietnam 3,2189 0,0007
google 0,4005 0,0001
pegged 4,6052 0,0011
economy 2,2073 0,0005
community 0,0000 0,0000
version 0,0000 0,0000
cocoa 3,5066 0,0008
intermittency 4,6052 0,0011
contains 0,7550 0,0002
saeed 3,9120 0,0009
stop 1,5606 0,0004
boris 4,6052 0,0011
eesti 0,3285 0,0001
livni 4,6052 0,0011
science 0,5447 0,0001
happening 2,8134 0,0007
beware 3,9120 0,0009
eid 3,9120 0,0009
fantasies 3,9120 0,0009
alois 4,6052 0,0011
debated 3,2189 0,0007
least 0,9676 0,0002
zcash 3,2189 0,0007
immediately 1,5141 0,0004
measurement 2,5257 0,0006
colloquially 3,9120 0,0009
refuse 2,8134 0,0007
prohibition 3,5066 0,0008
browne 2,9957 0,0007
certified 2,1203 0,0005
wikipedia 0,0000 0,0000
afrikaans 0,9416 0,0002
agreed 2,2073 0,0005
computers 0,8210 0,0002
estimating 2,9957 0,0007
electrum 4,6052 0,0011
website 0,3857 0,0001
brands 0,0000 0,0000
learn 0,0000 0,0000
decreased 3,5066 0,0008
unlimited 2,3026 0,0005
representing 1,5606 0,0004
balina 4,6052 0,0011
pushing 2,6593 0,0006
legality 3,5066 0,0008
decreases 3,2189 0,0007
severe 2,5257 0,0006
emerge 2,5257 0,0006
jeremy 2,2073 0,0005
saarclaw 4,6052 0,0011
instructions 1,5141 0,0004
cypherpunk 4,6052 0,0011
notes 0,6349 0,0001
evidence 1,8326 0,0004
republic 0,8916 0,0002
historical 1,9661 0,0005
official 0,6162 0,0001
pinto 4,6052 0,0011
assessment 1,7720 0,0004
samson 4,6052 0,0011
generated 1,2379 0,0003
togo 4,6052 0,0011
shrem 3,5066 0,0008
minister 2,9957 0,0007
abdullah 2,9957 0,0007
need 0,3711 0,0001
forbidding 3,5066 0,0008
wrote 1,3093 0,0003
often 0,2877 0,0001
elt 0,6931 0,0002
users 0,3567 0,0001
volume 1,2040 0,0003
onecoin 3,2189 0,0007
beneficiary 3,9120 0,0009
canada 1,6607 0,0004
materials 1,7148 0,0004
http 0,0000 0,0000
decimal 0,0101 0,0000
rises 3,9120 0,0009
sanctions 2,6593 0,0006
useful 0,9943 0,0002
zetzsche 4,6052 0,0011
bitinfocharts 4,6052 0,0011
tolaymat 4,6052 0,0011
private 0,8210 0,0002
technical 0,6349 0,0001
emt 4,6052 0,0011
fbloc 4,6052 0,0011
gates 2,6593 0,0006
vol 1,1712 0,0003
von 2,4079 0,0006
engine 0,6539 0,0002
responsible 1,2040 0,0003
intervasp 4,6052 0,0011
end 0,3425 0,0001
forty 3,9120 0,0009
cipher 3,2189 0,0007
wgdigittransformtable 0,0000 0,0000
howey 4,6052 0,0011
rich 1,3863 0,0003
agencies 2,2073 0,0005
shafi 3,5066 0,0008
rice 2,9957 0,0007
forum 1,5141 0,0004
special 0,0000 0,0000
environment 0,5978 0,0001
supervised 1,9661 0,0005
visited 0,0619 0,0000
achieved 1,5141 0,0004
paolo 2,8134 0,0007
contributors 0,0000 0,0000
family 1,0217 0,0002
vanessa 3,9120 0,0009
jokes 3,9120 0,0009
cybercriminals 3,5066 0,0008
referred 0,7340 0,0002
atmosphere 3,9120 0,0009
rife 4,6052 0,0011
called 0,2744 0,0001
release 0,4005 0,0001
lieux 4,6052 0,0011
investors 2,4079 0,0006
enthusiasts 2,9957 0,0007
gradually 2,1203 0,0005
banknote 4,6052 0,0011
tried 2,3026 0,0005
brethren 4,6052 0,0011
lingo 3,9120 0,0009
judge 2,5257 0,0006
proceedings 0,7550 0,0002
manipulate 1,7720 0,0004
splitting 2,2073 0,0005
similar 0,4780 0,0001
litecoin 3,2189 0,0007
programmer 1,4697 0,0003
foundations 2,0402 0,0005
evelyn 2,8134 0,0007
wallets 3,2189 0,0007
weathered 4,6052 0,0011
nbc 3,2189 0,0007
classifying 2,6593 0,0006
driver 1,7720 0,0004
flawed 2,9957 0,0007
cryptographically 2,9957 0,0007
casps 4,6052 0,0011
driven 0,7340 0,0002
hammurabi 3,9120 0,0009
authors 1,1394 0,0003
indicated 2,1203 0,0005
against 0,6931 0,0002
cell 0,4308 0,0001
representations 2,0402 0,0005
andes 4,6052 0,0011
valid 1,4271 0,0003
asked 1,5606 0,0004
encourage 2,1203 0,0005
holders 3,2189 0,0007
rigs 4,6052 0,0011
erc 3,2189 0,0007
share 0,7765 0,0002
deployment 0,8675 0,0002
busts 4,6052 0,0011
chairman 2,4079 0,0006
rishi 4,6052 0,0011
sharp 2,6593 0,0006
stored 0,8916 0,0002
kebabs 4,6052 0,0011
patman 4,6052 0,0011
kilowatt 3,9120 0,0009
shekel 4,6052 0,0011
cent 4,6052 0,0011
metals 3,9120 0,0009
screen 0,0101 0,0000
autonomous 2,1203 0,0005
greenpeace 3,9120 0,0009
volatility 3,2189 0,0007
losses 3,5066 0,0008
trial 2,4079 0,0006
declares 2,9957 0,0007
pages 0,0000 0,0000
enhancements 0,0101 0,0000
etf 3,9120 0,0009
neo 2,6593 0,0006
links 0,0000 0,0000
bureau 2,4079 0,0006
net 0,9416 0,0002
galston 4,6052 0,0011
newpp 0,0619 0,0000
etp 4,6052 0,0011
merriam 3,2189 0,0007
new 0,0000 0,0000
settings 1,6607 0,0004
below 0,7550 0,0002
estate 2,8134 0,0007
solarcoin 4,6052 0,0011
tool 0,6931 0,0002
imbert 4,6052 0,0011
svenska 0,3857 0,0001
tons 4,6052 0,0011
joseph 1,5141 0,0004
nft 3,5066 0,0008
finney 3,5066 0,0008
eun 4,6052 0,0011
cnbc 2,1203 0,0005
financial 1,4697 0,0003
wgpagecontentlanguage 0,0000 0,0000
media 0,2485 0,0001
around 0,6931 0,0002
running 0,7340 0,0002
islam 3,9120 0,0009
promissory 4,6052 0,0011
shams 3,2189 0,0007
tokens 2,2073 0,0005
douglas 1,7148 0,0004
interlingua 1,3093 0,0003
declared 2,0402 0,0005
haven 3,9120 0,0009
interlingue 3,2189 0,0007
egypt 3,2189 0,0007
shane 3,2189 0,0007
buffalo 4,6052 0,0011
ecdsa 3,2189 0,0007
quartz 2,5257 0,0006
korean 2,8134 0,0007
specific 0,2877 0,0001
complying 4,6052 0,0011
risks 1,5141 0,0004
engage 2,6593 0,0006
martin 1,0788 0,0003
coindesk 3,5066 0,0008
strategy 0,9676 0,0002
risky 3,2189 0,0007
territory 3,5066 0,0008
developments 1,8971 0,0004
maintain 1,1087 0,0003
preprocessor 0,0513 0,0000
mbox 0,7133 0,0002
securities 2,9957 0,0007
nguyen 3,2189 0,0007
companies 0,8210 0,0002
safekeeping 4,6052 0,0011
differently 2,4079 0,0006
builds 1,6607 0,0004
zealand 2,9957 0,0007
dance 3,9120 0,0009
dissuade 4,6052 0,0011
fully 0,8210 0,0002
cache 0,0305 0,0000
iota 3,2189 0,0007
suomi 0,2107 0,0000
verifying 2,8134 0,0007
expected 0,8440 0,0002
exchanges 2,5257 0,0006
countries 1,7720 0,0004
rlpagemodules 0,0000 0,0000
gomes 4,6052 0,0011
antonopoulos 3,5066 0,0008
argues 2,2073 0,0005
dictionary 1,2379 0,0003
mystery 3,5066 0,0008
steganography 3,9120 0,0009
deposit 3,9120 0,0009
exchanged 2,6593 0,0006
fluctuation 3,9120 0,0009
bitzlato 4,6052 0,0011
sizing 0,0408 0,0000
complexity 0,9416 0,0002
argued 1,8971 0,0004
regrets 4,6052 0,0011
another 0,3567 0,0001
guarantee 2,1203 0,0005
recommend 2,5257 0,0006
azhar 3,9120 0,0009
webarchive 0,7985 0,0002
encryption 1,1712 0,0003
weibo 3,9120 0,0009
msrp 4,6052 0,0011
disabled 0,0000 0,0000
insane 3,9120 0,0009
mechanism 1,0217 0,0002
timestamp 0,0000 0,0000
sargent 3,9120 0,0009
triumph 4,6052 0,0011
bandwidth 2,3026 0,0005
black 1,5141 0,0004
riot 3,5066 0,0008
ingolf 4,6052 0,0011
supporter 3,5066 0,0008
consensus 2,3026 0,0005
such 0,0943 0,0000
classic 1,3093 0,0003
cnet 1,7720 0,0004
absolute 2,0402 0,0005
describe 1,0498 0,0002
fabian 3,2189 0,0007
technological 1,9661 0,0005
supported 0,7765 0,0002
resulted 2,2073 0,0005
penalties 3,5066 0,0008
wealthy 4,6052 0,0011
administration 1,2730 0,0003
fanelli 4,6052 0,0011
developing 0,8675 0,0002
microsoft 0,4005 0,0001
research 0,5621 0,0001
sciences 1,8326 0,0004
features 0,3857 0,0001
subreddits 4,6052 0,0011
white 0,0305 0,0000
thailand 3,2189 0,0007
greig 4,6052 0,0011
huge 1,8326 0,0004
hugh 2,9957 0,0007
yaish 4,6052 0,0011
attractive 3,5066 0,0008
imagine 3,2189 0,0007
suex 4,6052 0,0011
town 2,9957 0,0007
bloomberg 1,7148 0,0004
might 0,7340 0,0002
euronews 3,9120 0,0009
duplicate 2,4079 0,0006
engineering 0,3711 0,0001
sharing 1,0217 0,0002
decrease 2,8134 0,0007
glossary 1,7148 0,0004
lanka 3,5066 0,0008
improving 1,3471 0,0003
leads 1,7720 0,0004
houben 4,6052 0,0011
sued 2,5257 0,0006
rallies 3,5066 0,0008
designs 1,5141 0,0004
involving 1,7148 0,0004
next 0,5798 0,0001
blind 2,4079 0,0006
color 0,0101 0,0000
hidden 0,0000 0,0000
nearly 1,4697 0,0003
originator 3,2189 0,0007
non 2,3026 0,0005
summit 2,0402 0,0005
scalability 1,3093 0,0003
conclusion 3,2189 0,0007
nor 1,7720 0,0004
not 0,0101 0,0000
central 0,9416 0,0002
decentralization 3,2189 0,0007
nov 2,3026 0,0005
now 0,4308 0,0001
statement 0,0000 0,0000
trademark 0,0101 0,0000
memorial 4,6052 0,0011
factor 1,7148 0,0004
greek 0,0101 0,0000
news 0,4620 0,0001
griffin 3,5066 0,0008
green 1,4271 0,0003
race 1,8971 0,0004
effectively 1,3093 0,0003
getallexpandedarguments 2,6593 0,0006
futures 2,5257 0,0006
way 0,3285 0,0001
bourse 4,6052 0,0011
what 0,0000 0,0000
bolivia 4,6052 0,0011
shortages 3,5066 0,0008
detailed 1,4697 0,0003
npv 4,6052 0,0011
stellar 3,2189 0,0007
african 2,9957 0,0007
israel 0,7550 0,0002
risk 1,0498 0,0002
window 1,7148 0,0004
rise 1,4271 0,0003
mayer 3,5066 0,0008
container 0,0000 0,0000
play 1,4697 0,0003
prashanth 3,9120 0,0009
excludes 3,9120 0,0009
peters 3,2189 0,0007
quickly 1,1087 0,0003
fad 3,2189 0,0007
charles 1,2730 0,0003
taxes 3,5066 0,0008
issues 0,5978 0,0001
nearby 0,0000 0,0000
when 0,0834 0,0000
excluded 2,9957 0,0007
priorities 2,1203 0,0005
instruments 2,2073 0,0005
logged 0,0000 0,0000
far 1,3093 0,0003
faq 1,6094 0,0004
taxed 4,6052 0,0011
issued 2,1203 0,0005
wgmediavieweronclick 0,0000 0,0000
lives 2,3026 0,0005
depends 1,5606 0,0004
double 1,1087 0,0003
probability 1,8971 0,0004
wgulsposition 0,0000 0,0000
suicide 3,9120 0,0009
gensler 3,9120 0,0009
rendering 0,0513 0,0000
melayu 0,6349 0,0001
stations 2,8134 0,0007
limiting 1,9661 0,0005
lowest 2,5257 0,0006
clifford 2,9957 0,0007
determined 1,7148 0,0004
italiano 0,1278 0,0000
completely 1,4271 0,0003
implicit 2,0402 0,0005
explicitly 1,2040 0,0003
study 1,1087 0,0003
fca 4,6052 0,0011
sentences 0,0000 0,0000
differences 1,3863 0,0003
flags 3,5066 0,0008
sumeet 4,6052 0,0011
commons 0,0000 0,0000
enabled 0,0000 0,0000
gain 1,5606 0,0004
arabia 2,9957 0,0007
friedrich 3,2189 0,0007
huma 3,9120 0,0009
julie 2,6593 0,0006
receiving 2,2073 0,0005
modern 0,7340 0,0002
web 0,1165 0,0000
sentenced 4,6052 0,0011
financing 3,2189 0,0007
arvind 2,6593 0,0006
older 1,1712 0,0003
wei 2,5257 0,0006
categories 0,0000 0,0000
jacqui 3,2189 0,0007
nvidia 2,6593 0,0006
enables 0,7133 0,0002
explore 2,8134 0,0007
niccolai 3,2189 0,0007
electricity 2,8134 0,0007
climate 2,4079 0,0006
continuously 1,8326 0,0004
great 1,3863 0,0003
sidel 4,6052 0,0011
criticize 3,9120 0,0009
grid 1,5606 0,0004
organization 0,0000 0,0000
width 0,0000 0,0000
certain 0,6162 0,0001
board 1,0217 0,0002
economic 1,6607 0,0004
levels 0,0000 0,0000
charlie 2,6593 0,0006
statistics 0,0000 0,0000
monkey 3,5066 0,0008
heist 4,6052 0,0011
tesla 2,6593 0,0006
fee 2,5257 0,0006
baidu 2,4079 0,0006
coles 4,6052 0,0011
tetrina 4,6052 0,0011
darknet 4,6052 0,0011
section 0,7985 0,0002
used 0,0619 0,0000
retirement 3,5066 0,0008
centralized 1,9661 0,0005
originated 2,2073 0,0005
looks 2,0402 0,0005
protocol 0,7133 0,0002
overflow 0,3857 0,0001
whale 2,5257 0,0006
presented 1,2730 0,0003
usdt 4,6052 0,0011
few 0,8916 0,0002
rhetoric 3,5066 0,0008
crackdown 3,9120 0,0009
marked 1,6607 0,0004
otherwise 1,3863 0,0003
visible 0,0101 0,0000
aymar 4,6052 0,0011
narayanan 2,9957 0,0007
plea 4,6052 0,0011
produced 1,2379 0,0003
taskforce 4,6052 0,0011
igor 3,9120 0,0009
market 1,0217 0,0002
keen 3,9120 0,0009
effects 1,2040 0,0003
outside 1,1087 0,0003
effect 1,1394 0,0003
keep 1,0217 0,0002
produces 2,0402 0,0005
topic 0,0000 0,0000
sums 3,9120 0,0009
forecasts 3,2189 0,0007
option 1,3093 0,0003
who 0,5621 0,0001
rabiul 4,6052 0,0011
cybercrime 2,9957 0,0007
politics 2,3026 0,0005
diem 3,2189 0,0007
game 1,0498 0,0002
relocated 3,9120 0,0009
globally 1,9661 0,0005
imprisonment 4,6052 0,0011
unveil 3,5066 0,0008
contribute 0,0000 0,0000
launder 4,6052 0,0011
generator 1,8971 0,0004
why 0,6733 0,0002
founders 1,9661 0,0005
denies 2,9957 0,0007
alone 1,7148 0,0004
donor 3,9120 0,0009
looms 3,5066 0,0008
david 0,5798 0,0001
designed 0,4620 0,0001
lawyer 3,5066 0,0008
hashgraph 3,2189 0,0007
barter 4,6052 0,0011
iceland 4,6052 0,0011
drafts 2,5257 0,0006
approaches 0,9943 0,0002
nxt 3,2189 0,0007
adhering 2,6593 0,0006
recommended 1,8326 0,0004
critics 2,6593 0,0006
various 0,3857 0,0001
attention 1,7148 0,0004
uses 0,2485 0,0001
user 0,0000 0,0000
extent 1,8326 0,0004
revue 4,6052 0,0011
bring 1,6094 0,0004
tooltip 0,8675 0,0002
voted 3,5066 0,0008
evaluates 2,9957 0,0007
emirates 3,5066 0,0008
equity 2,5257 0,0006
hausa 1,8971 0,0004
intermediary 2,6593 0,0006
losing 2,6593 0,0006
flitter 4,6052 0,0011
typenzwang 4,6052 0,0011
giant 2,2073 0,0005
cfds 4,6052 0,0011
addition 0,6931 0,0002
hamas 4,6052 0,0011
promoting 2,2073 0,0005
sure 2,1203 0,0005
former 1,3093 0,0003
saudi 2,9957 0,0007
panic 3,2189 0,0007
extend 1,8326 0,0004
steven 1,4697 0,0003
upstate 4,6052 0,0011
imageobject 0,0000 0,0000
turning 2,4079 0,0006
ukraine 2,8134 0,0007
looking 1,3863 0,0003
simultaneously 1,6094 0,0004
frank 1,4271 0,0003
superconductivity 4,6052 0,0011
prove 2,3026 0,0005
bourses 4,6052 0,0011
pseudonymous 3,5066 0,0008
melissa 4,6052 0,0011
commodities 3,2189 0,0007
consequently 2,1203 0,0005
expansiondepth 0,0000 0,0000
backers 3,9120 0,0009
communications 0,9943 0,0002
search 0,0000 0,0000
spacing 0,0619 0,0000
laundering 3,5066 0,0008
systems 0,1054 0,0000
fool 3,2189 0,0007
wgrelevantpagename 0,0000 0,0000
popularity 1,3093 0,0003
arxiv 1,3471 0,0003
innovation 1,3093 0,0003
enabling 1,3093 0,0003
keeping 1,5141 0,0004
shqip 0,6931 0,0002
fraudulently 4,6052 0,0011
gaps 2,9957 0,0007
fueled 3,5066 0,0008
wgaction 0,0000 0,0000
freely 1,8326 0,0004
interview 1,6094 0,0004
decryption 3,5066 0,0008
forking 2,6593 0,0006
byzantine 3,5066 0,0008
font 0,0000 0,0000
carlos 2,5257 0,0006
terra 3,2189 0,0007
rizun 3,9120 0,0009
haunt 4,6052 0,0011
fearmongers 4,6052 0,0011
language 0,0000 0,0000
sites 1,6094 0,0004
ford 2,3026 0,0005
graphics 1,3471 0,0003
commissioned 3,5066 0,0008
gary 2,3026 0,0005
kent 2,2073 0,0005
japanese 2,0402 0,0005
accounted 2,8134 0,0007
attacks 1,5141 0,0004
startup 1,3093 0,0003
warning 1,9661 0,0005
bannon 4,6052 0,0011
criticism 1,2379 0,0003
beneficiaries 3,9120 0,0009
needs 0,5108 0,0001
image 0,0202 0,0000
coinage 3,9120 0,0009
quorum 3,5066 0,0008
fractional 3,9120 0,0009
motherboard 2,8134 0,0007
tumbler 3,2189 0,0007
tumbles 4,6052 0,0011
profound 2,6593 0,0006
wiley 1,1712 0,0003
never 1,1712 0,0003
destabilising 4,6052 0,0011
amending 3,9120 0,0009
htlcs 4,6052 0,0011
origin 0,0000 0,0000
corinne 3,9120 0,0009
shalini 4,6052 0,0011
cajee 4,6052 0,0011
india 1,4271 0,0003
content 0,0000 0,0000
jailed 4,6052 0,0011
ethash 3,2189 0,0007
random 0,0000 0,0000
burkina 4,6052 0,0011
perhaps 2,2073 0,0005
alert 2,2073 0,0005
rate 1,3863 0,0003
json 1,2379 0,0003
trouble 2,9957 0,0007
class 0,0000 0,0000
emissions 3,2189 0,0007
reporting 1,6094 0,0004
covers 2,3026 0,0005
digital 0,6162 0,0001
stablecoins 3,2189 0,0007
walters 4,6052 0,0011
specification 0,8210 0,0002
mengqi 4,6052 0,0011
counter 0,0408 0,0000
kept 1,8971 0,0004
fork 1,4697 0,0003
form 0,3711 0,0001
management 0,2231 0,0001
significantly 1,5141 0,0004
promotion 2,9957 0,0007
withdraw 3,9120 0,0009
very 0,5978 0,0001
practice 0,7550 0,0002
triggered 0,0513 0,0000
congress 2,3026 0,0005
canadian 2,2073 0,0005
welfare 3,5066 0,0008
legislative 3,2189 0,0007
wsj 3,9120 0,0009
intricate 3,9120 0,0009
william 1,7148 0,0004
four 0,9676 0,0002
unaware 3,9120 0,0009
https 0,0000 0,0000
portal 0,0000 0,0000
augur 3,2189 0,0007
french 2,3026 0,0005
likely 1,3471 0,0003
issue 0,8675 0,0002
kern 0,0101 0,0000
lower 0,0101 0,0000
portals 2,5257 0,0006
advisors 4,6052 0,0011
index 1,1394 0,0003
schemes 1,9661 0,0005
aimed 2,1203 0,0005
fry 4,6052 0,0011
zerocash 4,6052 0,0011
odd 0,0943 0,0000
resulting 0,9943 0,0002
deaton 4,6052 0,0011
traditional 0,7985 0,0002
alteration 3,2189 0,0007
gave 1,8971 0,0004
evasion 3,9120 0,0009
become 0,6931 0,0002
wider 2,3026 0,0005
turned 2,2073 0,0005
enwiki 0,0619 0,0000
eventually 1,1394 0,0003
subscription 0,0101 0,0000
inflation 3,2189 0,0007
disposal 3,2189 0,0007
originators 4,6052 0,0011
weinglass 4,6052 0,0011
settlement 2,5257 0,0006
dirk 3,5066 0,0008
literature 1,9661 0,0005
library 0,5621 0,0001
meted 4,6052 0,0011
slump 4,6052 0,0011
sending 2,2073 0,0005
ability 0,7765 0,0002
barbara 2,8134 0,0007
belief 2,5257 0,0006
katia 3,9120 0,0009
verduyn 4,6052 0,0011
nobel 3,9120 0,0009
ftx 4,6052 0,0011
katie 2,5257 0,0006
wandering 4,6052 0,0011
clearing 3,9120 0,0009
off 0,9943 0,0002
generally 0,5447 0,0001
nathaniel 2,6593 0,0006
shiba 3,2189 0,0007
equals 3,9120 0,0009
stabilize 3,5066 0,0008
complete 0,6931 0,0002
transaction 1,4271 0,0003
domination 3,9120 0,0009
vasps 4,6052 0,0011
political 2,3026 0,0005
pools 3,2189 0,0007
bibcode 1,6094 0,0004
icdcs 3,9120 0,0009
wgcanonicalspecialpagename 0,0000 0,0000
while 0,2614 0,0001
second 0,7550 0,0002
derivatives 2,1203 0,0005
suggests 1,7148 0,0004
corresponded 4,6052 0,0011
faster 0,9163 0,0002
morgan 1,7720 0,0004
sufficient 1,7148 0,0004
than 0,2357 0,0001
limit 0,0000 0,0000
widespread 1,3093 0,0003
seattle 2,4079 0,0006
brian 1,2730 0,0003
communication 0,6931 0,0002
tolerance 2,1203 0,0005
lenders 4,6052 0,0011
tanzania 4,6052 0,0011
bitmain 3,5066 0,0008
months 0,8210 0,0002
turmoil 3,9120 0,0009
author 0,0000 0,0000
follows 1,3471 0,0003
greenhouse 3,5066 0,0008
flowing 4,6052 0,0011
plus 1,6607 0,0004
expansion 0,0619 0,0000
daniel 1,2040 0,0003
entry 0,9163 0,0002
license 0,0000 0,0000
expand 0,0513 0,0000
halts 4,6052 0,0011
coal 3,5066 0,0008
survey 1,1394 0,0003
heat 2,8134 0,0007
code 0,0000 0,0000
student 1,8971 0,0004
inexpensive 2,6593 0,0006
keys 1,5141 0,0004
nenad 4,6052 0,0011
ideology 3,5066 0,0008
investigate 3,2189 0,0007
storage 0,3711 0,0001
head 1,3471 0,0003
oil 3,2189 0,0007
cnnmoney 3,2189 0,0007
deutsch 0,0943 0,0000
reserve 3,5066 0,0008
fight 2,6593 0,0006
allows 0,3425 0,0001
determine 1,2730 0,0003
evaders 4,6052 0,0011
decreasing 3,2189 0,0007
cousin 4,6052 0,0011
dogecoin 3,2189 0,0007
zach 3,5066 0,0008
perspectives 2,2073 0,0005
dominican 4,6052 0,0011
kodakcoin 3,2189 0,0007
architectures 0,9416 0,0002
increasingly 1,4271 0,0003
nfts 3,2189 0,0007
registered 0,0101 0,0000
geoff 2,9957 0,0007
luasandbox 1,4271 0,0003
stretching 3,9120 0,0009
interpol 4,6052 0,0011
morgen 3,9120 0,0009
extremely 1,7720 0,0004
engines 0,8210 0,0002
expiry 0,0619 0,0000
hundreds 1,6094 0,0004
minerva 0,0101 0,0000
brand 2,1203 0,0005
recent 0,0000 0,0000
they 0,1508 0,0000
forks 1,6607 0,0004
proposal 1,8971 0,0004
supremacists 4,6052 0,0011
grouped 2,9957 0,0007
edit 0,0000 0,0000
old 1,2040 0,0003
ossinger 3,9120 0,0009
skyscraper 4,6052 0,0011
them 0,3285 0,0001
decentralized 2,2073 0,0005
then 0,3567 0,0001
cody 3,2189 0,0007
hedging 4,6052 0,0011
node 0,0513 0,0000
adopt 2,3026 0,0005
attorney 4,6052 0,0011
twelve 2,9957 0,0007
fetishism 4,6052 0,0011
bridge 1,9661 0,0005
clarke 3,2189 0,0007
obtained 2,0402 0,0005
cftc 3,9120 0,0009
strengthening 3,9120 0,0009
conference 0,3567 0,0001
activity 1,4271 0,0003
seed 2,4079 0,0006
seek 2,4079 0,0006
seen 1,2040 0,0003
archived 0,0943 0,0000
incentivize 4,6052 0,0011
nynorsk 1,2379 0,0003
george 1,6607 0,0004
samuel 2,4079 0,0006
thompson 1,8326 0,0004
vector 0,0000 0,0000
magnate 4,6052 0,0011
randomx 3,2189 0,0007
mahmud 3,9120 0,0009
cachereport 0,0000 0,0000
hertig 3,9120 0,0009
necessary 0,8440 0,0002
one 0,0943 0,0000
cents 4,6052 0,0011
ong 3,9120 0,0009
started 0,8440 0,0002
bosanski 0,8916 0,0002
connected 1,4271 0,0003
single 0,3147 0,0001
entityaccesscount 0,0000 0,0000
bankman 4,6052 0,0011
schaub 3,5066 0,0008
buying 2,5257 0,0006
dealer 3,9120 0,0009
scurrying 4,6052 0,0011
country 1,7148 0,0004
joint 1,7148 0,0004
separate 0,7133 0,0002
reasonable 2,1203 0,0005
willing 2,9957 0,0007
generations 3,2189 0,0007
rules 0,6349 0,0001
loaded 0,0305 0,0000
regularly 1,9661 0,0005
ambiguity 2,6593 0,0006
arbitrage 4,6052 0,0011
soomaaliga 2,4079 0,0006
ruled 2,8134 0,0007
yahoo 2,5257 0,0006
embracing 2,8134 0,0007
cashbank 4,6052 0,0011
details 0,8675 0,0002
treated 2,1203 0,0005
ensure 1,2379 0,0003
purchases 3,2189 0,0007
griffith 3,2189 0,0007
robby 4,6052 0,0011
anarchy 3,2189 0,0007
norsk 0,3285 0,0001
memusage 0,0000 0,0000
anarcho 4,6052 0,0011
multiplying 4,6052 0,0011
purchased 2,2073 0,0005
blockchain 2,0402 0,0005
sees 2,3026 0,0005
failure 1,2040 0,0003
laurie 3,9120 0,0009
solve 1,3471 0,0003
know 0,7340 0,0002
region 2,5257 0,0006
baraniuk 4,6052 0,0011
support 0,2107 0,0000
changed 1,0788 0,0003
coin 2,9957 0,0007
unattainable 4,6052 0,0011
coll 4,6052 0,0011
populism 4,6052 0,0011
shaped 3,2189 0,0007
changes 0,0000 0,0000
polski 0,1165 0,0000
privacy 0,0000 0,0000
cold 2,8134 0,0007
learning 0,7550 0,0002
resolutions 3,5066 0,0008
tyne 4,6052 0,0011
vertical 0,7985 0,0002
expects 2,9957 0,0007
life 0,9943 0,0002
honey 3,5066 0,0008
gap 1,2730 0,0003
gas 2,6593 0,0006
unregistered 3,2189 0,0007
gaw 4,6052 0,0011
mandated 3,5066 0,0008
dana 2,6593 0,0006
pittsburgh 3,5066 0,0008
cases 0,8675 0,0002
previous 1,1712 0,0003
regime 3,9120 0,0009
securing 2,5257 0,0006
reading 0,5621 0,0001
steadman 4,6052 0,0011
mandates 2,4079 0,0006
forex 3,9120 0,0009
storing 1,3863 0,0003
directive 2,4079 0,0006
jihan 3,5066 0,0008
wgarticleid 0,0000 0,0000
pagelanguagedir 0,0000 0,0000
compensation 2,6593 0,0006
location 1,2730 0,0003
walon 2,6593 0,0006
bankrupt 4,6052 0,0011
ecosystem 1,2040 0,0003
software 0,0000 0,0000
held 1,3863 0,0003
competition 2,0402 0,0005
courts 2,9957 0,0007
none 0,0101 0,0000
type 0,0000 0,0000
april 0,0000 0,0000
beyond 1,0217 0,0002
feuer 3,5066 0,0008
problem 0,6349 0,0001
ontario 3,5066 0,0008
terms 0,0000 0,0000
proof 1,8971 0,0004
presence 1,3471 0,0003
researcher 2,9957 0,0007
method 0,4780 0,0001
contract 1,6094 0,0004
come 0,9676 0,0002
elections 3,2189 0,0007
push 0,0000 0,0000
venmo 4,6052 0,0011
exist 0,7985 0,0002
provisions 2,8134 0,0007
cooling 3,9120 0,0009
nationwide 3,2189 0,0007
force 1,2730 0,0003
ecuador 4,6052 0,0011
litebit 4,6052 0,0011
jurists 4,6052 0,0011
bastian 3,9120 0,0009
south 1,9661 0,0005
columns 0,0101 0,0000
conceived 2,5257 0,0006
north 1,7148 0,0004
dalton 4,6052 0,0011
portalbox 1,3093 0,0003
claire 2,6593 0,0006
distribution 1,0498 0,0002
tools 0,0000 0,0000
capacity 1,7148 0,0004
out 0,0000 0,0000
consuming 2,0402 0,0005
cached 0,0513 0,0000
get 0,0000 0,0000
portalright 1,3093 0,0003
continues 1,6607 0,0004
dark 0,0101 0,0000
copy 1,3093 0,0003
power 0,7985 0,0002
ephrat 4,6052 0,0011
khalili 4,6052 0,0011
marketed 2,9957 0,0007
precious 3,5066 0,0008
cook 2,8134 0,0007
sell 1,9661 0,0005
premiums 3,9120 0,0009
ciolli 3,9120 0,0009
puts 2,6593 0,0006
help 0,0000 0,0000
forcing 2,8134 0,0007
depth 0,0000 0,0000
additionally 1,0498 0,0002
ended 2,3026 0,0005
located 1,7148 0,0004
asset 2,6593 0,0006
gabon 4,6052 0,0011
emem 4,6052 0,0011
sharealike 0,0000 0,0000
date 0,7985 0,0002
addresses 1,3863 0,0003
data 0,0000 0,0000
theoretical 1,6094 0,0004
onion 3,5066 0,0008
own 0,5276 0,0001
hosted 1,3093 0,0003
internationales 4,6052 0,0011
sales 1,8326 0,0004
drug 2,3026 0,0005
create 0,0000 0,0000
sinclair 4,6052 0,0011
seol 4,6052 0,0011
criminal 2,8134 0,0007
avoiding 2,4079 0,0006
development 0,1393 0,0000
like 0,2231 0,0001
sent 1,2040 0,0003
core 0,5978 0,0001
respondents 2,9957 0,0007
draper 3,2189 0,0007
efforts 1,4697 0,0003
addressed 1,6607 0,0004
proposed 1,1712 0,0003
fraud 2,1203 0,0005
purposes 1,2730 0,0003
techniques 0,8916 0,0002
environmentally 3,9120 0,0009
ground 1,9661 0,0005
terraform 2,9957 0,0007
dash 2,6593 0,0006
transformative 3,5066 0,0008
elliptic 2,9957 0,0007
send 1,3093 0,0003
thereupon 4,6052 0,0011
here 0,0000 0,0000
note 0,9416 0,0002
dave 1,5141 0,0004
supremacist 4,6052 0,0011
sesotho 3,9120 0,0009
rennie 3,9120 0,0009
challenges 0,9676 0,0002
purpose 0,6733 0,0002
line 0,0101 0,0000
sentencing 4,6052 0,0011
link 0,0000 0,0000
hern 2,9957 0,0007
scale 0,6349 0,0001
recovery 1,6607 0,0004
emily 3,2189 0,0007
brito 3,9120 0,0009
robin 1,7720 0,0004
security 0,3285 0,0001
affairs 2,4079 0,0006
ponzi 3,9120 0,0009
costs 1,4271 0,0003
stating 2,3026 0,0005
aims 1,2379 0,0003
cost 0,7550 0,0002
will 0,2485 0,0001
groups 0,7985 0,0002
allowing 0,6349 0,0001
follow 1,3863 0,0003
aventus 3,2189 0,0007
factors 1,6094 0,0004
tyler 3,2189 0,0007
recursiveclone 1,6607 0,0004
cote 4,6052 0,0011
tuesday 3,5066 0,0008
scams 2,9957 0,0007
compliance 1,4271 0,0003
york 0,8440 0,0002
lily 3,5066 0,0008
wile 3,9120 0,0009
allison 3,9120 0,0009
german 1,6607 0,0004
greenberg 2,6593 0,0006
belarus 3,9120 0,0009
exceeding 4,6052 0,0011
chips 3,5066 0,0008
numerous 1,3863 0,0003
wggelevelingupenabledforuser 0,0000 0,0000
your 0,6931 0,0002
without 0,2744 0,0001
these 0,1278 0,0000
collusion 4,6052 0,0011
introduced 0,5447 0,0001
contributions 0,0000 0,0000
nout 4,6052 0,0011
virgil 3,9120 0,0009
protected 1,6094 0,0004
investing 2,6593 0,0006
prison 3,9120 0,0009
fpgas 3,2189 0,0007
sister 1,6094 0,0004
thus 0,7550 0,0002
neutral 0,5447 0,0001
schoar 4,6052 0,0011
analysis 0,5108 0,0001
volunteers 2,8134 0,0007
innovations 2,8134 0,0007
clausus 4,6052 0,0011
historically 2,0402 0,0005
xno 4,6052 0,0011
recognizes 3,5066 0,0008
bubbles 3,5066 0,0008
inefficient 2,4079 0,0006
wing 3,5066 0,0008
much 0,6931 0,0002
arab 2,5257 0,0006
policymakers 3,2189 0,0007
wind 2,8134 0,0007
oxrep 4,6052 0,0011
chapter 1,1712 0,0003
commodity 2,6593 0,0006
entitled 3,5066 0,0008
hashcoin 4,6052 0,0011
independent 0,8440 0,0002
achieve 1,1087 0,0003
ahead 1,7148 0,0004
anybody 3,5066 0,0008
concluded 3,2189 0,0007
gsub 1,7148 0,0004
heather 3,9120 0,0009
congo 4,6052 0,0011
newcastle 3,9120 0,0009
headline 0,0000 0,0000
huang 2,8134 0,0007
editorial 2,6593 0,0006
bitgreen 4,6052 0,0011
committed 1,8326 0,0004
committee 1,6607 0,0004
financiers 3,9120 0,0009
sets 1,0498 0,0002
namely 2,6593 0,0006
union 1,5141 0,0004
faced 2,2073 0,0005
libertarianism 4,6052 0,0011
transientcontent 0,0000 0,0000
subtle 0,3285 0,0001
idhash 0,0619 0,0000
days 1,1087 0,0003
echoed 4,6052 0,0011
kwon 4,6052 0,0011
timeline 1,1394 0,0003
combined 1,2379 0,0003
wrap 0,0101 0,0000
discuss 1,5606 0,0004
standard 0,3567 0,0001
reports 1,2379 0,0003
oaktree 4,6052 0,0011
correct 1,3093 0,0003
traditionnelles 4,6052 0,0011
pinsent 4,6052 0,0011
bahrain 4,6052 0,0011
dubovitskaya 4,6052 0,0011
kerry 4,6052 0,0011
got 1,8971 0,0004
specifications 1,3093 0,0003
agence 4,6052 0,0011
pseudorandom 3,5066 0,0008
belonging 2,6593 0,0006
gox 3,9120 0,0009
institution 3,2189 0,0007
amounts 1,7720 0,0004
andrea 2,2073 0,0005
fullversionlist 0,0000 0,0000
homero 4,6052 0,0011
contributed 2,5257 0,0006
chainlink 3,2189 0,0007
pax 2,9957 0,0007
european 1,3471 0,0003
bellany 3,9120 0,0009
cryptography 1,7148 0,0004
pay 1,5141 0,0004
andres 4,6052 0,0011
senegal 4,6052 0,0011
clearer 2,8134 0,0007
enormous 2,8134 0,0007
davies 2,6593 0,0006
list 0,0000 0,0000
campbell 2,9957 0,0007
gpu 2,8134 0,0007
andrew 1,0498 0,0002
rivals 3,2189 0,0007
wgusergroups 0,0000 0,0000
governmental 2,8134 0,0007
lack 1,0498 0,0002
external 0,1863 0,0000
wire 2,6593 0,0006
spending 2,2073 0,0005
labs 1,0788 0,0003
treasury 3,5066 0,0008
authority 0,4780 0,0001
xrp 3,2189 0,0007
claims 1,8971 0,0004
child 0,0202 0,0000
regional 2,6593 0,0006
young 2,4079 0,0006
medium 1,4271 0,0003
lenient 3,5066 0,0008
remove 0,6733 0,0002
africrypt 4,6052 0,0011
producing 1,8326 0,0004
gavin 2,5257 0,0006
wgisprobablyeditable 0,0000 0,0000
standardized 1,3471 0,0003
responded 2,4079 0,0006
raval 3,9120 0,0009
mobile 0,0000 0,0000
perform 0,8675 0,0002
evolution 1,3471 0,0003
leonardo 3,9120 0,0009
pdf 0,0000 0,0000
china 1,6094 0,0004
redemption 4,6052 0,0011
complaint 3,2189 0,0007
service 0,2231 0,0001
there 0,2614 0,0001
analyst 3,2189 0,0007
magazine 0,9943 0,0002
gamers 3,9120 0,0009
named 0,8916 0,0002
considered 0,5798 0,0001
revoking 4,6052 0,0011
channel 1,5606 0,0004
emts 4,6052 0,0011
inception 2,8134 0,0007
focus 1,1087 0,0003
american 0,8675 0,0002
changing 1,1712 0,0003
entire 0,8675 0,0002
approach 0,4463 0,0001
peg 4,6052 0,0011
renbridge 4,6052 0,0011
russia 2,6593 0,0006
camel 3,5066 0,0008
thesis 2,3026 0,0005
precursor 2,5257 0,0006
per 0,8440 0,0002
write 0,6931 0,0002
flipside 4,6052 0,0011
africa 2,5257 0,0006
period 1,6094 0,0004
proceed 3,5066 0,0008
aria 0,0000 0,0000
wahba 4,6052 0,0011
wgmfdisplaywikibasedescriptions 0,0000 0,0000
peck 3,9120 0,0009
gtx 4,6052 0,0011
underlying 0,9163 0,0002
intelligence 0,8916 0,0002
raees 4,6052 0,0011
ever 1,3863 0,0003
winner 2,6593 0,0006
million 1,0498 0,0002
even 0,0513 0,0000
selloff 4,6052 0,0011
integration 0,4620 0,0001
esperanto 0,7133 0,0002
tagline 0,0000 0,0000
assumed 2,4079 0,0006
juridique 4,6052 0,0011
regexp 0,0000 0,0000
wgeditsubmitbuttonlabelpublish 0,0000 0,0000
functionality 0,6931 0,0002
restrict 2,3026 0,0005
mason 3,5066 0,0008
tainted 4,6052 0,0011
peer 2,1203 0,0005
costly 2,5257 0,0006
imperative 2,0402 0,0005
monday 3,5066 0,0008
mercopress 4,6052 0,0011
gilbert 3,5066 0,0008
particularly 0,9943 0,0002
ambacoin 3,2189 0,0007
attributed 2,0402 0,0005
bought 2,3026 0,0005
foley 3,2189 0,0007
inconsistent 3,2189 0,0007
opportunities 1,9661 0,0005
pacific 3,5066 0,0008
verge 1,8326 0,0004
wgnamespacenumber 0,0000 0,0000
framework 0,4155 0,0001
hacker 1,4697 0,0003
wgwmepagelength 0,0000 0,0000
cryptonote 4,6052 0,0011
hacked 2,4079 0,0006
ponciano 3,9120 0,0009
windfarms 4,6052 0,0011
entity 1,5141 0,0004
notoriously 3,9120 0,0009
imposed 2,5257 0,0006
expensivefunctioncount 0,0000 0,0000
almost 1,1087 0,0003
equally 2,8134 0,0007
perils 4,6052 0,0011
hacking 2,3026 0,0005
preprocess 2,8134 0,0007
judgment 2,9957 0,0007
whether 0,7765 0,0002
ehrlich 3,9120 0,0009
members 1,1394 0,0003
burundi 4,6052 0,0011
lukas 4,6052 0,0011
stock 1,8971 0,0004
verification 0,8440 0,0002
matthew 1,9661 0,0005
terror 4,6052 0,0011
executives 2,4079 0,0006
everyone 1,9661 0,0005
surge 2,4079 0,0006
instilled 4,6052 0,0011
affected 1,6607 0,0004
nonce 3,2189 0,0007
pcache 0,0619 0,0000
senator 3,9120 0,0009
carter 3,9120 0,0009
reconcile 3,5066 0,0008
coinbase 3,5066 0,0008
arms 2,5257 0,0006
nauman 3,9120 0,0009
october 0,0000 0,0000
basic 0,6539 0,0002
zerocoin 4,6052 0,0011
ahmed 3,2189 0,0007
ether 3,9120 0,0009
policies 1,6094 0,0004
cause 1,1087 0,0003
timestamping 3,2189 0,0007
units 1,4271 0,0003
dioxide 4,6052 0,0011
kimberly 4,6052 0,0011
jquery 0,0000 0,0000
podnar 4,6052 0,0011
represents 1,2730 0,0003
intended 0,5978 0,0001
attending 3,5066 0,0008
design 0,1985 0,0000
land 2,6593 0,0006
working 0,5276 0,0001
department 1,4271 0,0003
chartalism 4,6052 0,0011
garlic 3,9120 0,0009
surging 4,6052 0,0011
tied 2,5257 0,0006
custodian 4,6052 0,0011
academics 3,2189 0,0007
entrepreneurial 3,2189 0,0007
despite 1,3093 0,0003
followed 1,1087 0,0003
vitalik 3,2189 0,0007
encyclopedia 0,0000 0,0000
qatar 3,5066 0,0008
conduct 0,0000 0,0000
machines 0,7985 0,0002
koku 4,6052 0,0011
wall 1,8326 0,0004
refusing 4,6052 0,0011
abovebelow 0,0943 0,0000
vont 4,6052 0,0011
advertising 1,7720 0,0004
retreats 4,6052 0,0011
oversight 2,3026 0,0005
aktuelle 4,6052 0,0011
liberty 3,2189 0,0007
retraction 4,6052 0,0011
arrangements 3,9120 0,0009
thinks 2,8134 0,0007
moneycontrol 4,6052 0,0011
snub 3,9120 0,0009
events 0,0000 0,0000
discussing 2,5257 0,0006
filecoin 3,2189 0,0007
inefficiency 3,9120 0,0009
separately 1,5606 0,0004
began 0,7985 0,0002
edited 0,0000 0,0000
want 1,5606 0,0004
qaraqalpaqsha 1,1712 0,0003
recognize 2,0402 0,0005
kong 2,8134 0,0007
mediawiki 1,0788 0,0003
input 0,0000 0,0000
abnormal 3,9120 0,0009
difference 1,2379 0,0003
must 0,4620 0,0001
styles 0,0834 0,0000
actions 0,0000 0,0000
unpinned 0,0000 0,0000
chase 2,9957 0,0007
prize 2,5257 0,0006
routing 1,8326 0,0004
found 0,6162 0,0001
overreach 4,6052 0,0011
pos 3,2189 0,0007
sanctioned 2,9957 0,0007
knight 2,9957 0,0007
pow 3,5066 0,0008
currency 2,9957 0,0007
arts 2,6593 0,0006
trillion 2,8134 0,0007
datepublished 0,0000 0,0000
emerging 1,6607 0,0004
limits 1,9661 0,0005
validate 2,2073 0,0005
coinye 3,2189 0,0007
receive 1,2730 0,0003
vidhi 4,6052 0,0011
yak 4,6052 0,0011
summarized 2,8134 0,0007
theft 2,4079 0,0006
representatives 3,5066 0,0008
chart 2,3026 0,0005
mccrum 4,6052 0,0011
buys 2,2073 0,0005
rockdale 4,6052 0,0011
goods 2,6593 0,0006
had 0,4943 0,0001
accounting 2,1203 0,0005
align 0,0101 0,0000
secure 1,2040 0,0003
placing 2,6593 0,0006
bedford 4,6052 0,0011
hal 1,9661 0,0005
school 1,5606 0,0004
preserved 3,2189 0,0007
things 1,1087 0,0003
haq 4,6052 0,0011
giedroyc 4,6052 0,0011
realize 2,8134 0,0007
burley 3,9120 0,0009
given 0,6931 0,0002
hayek 3,9120 0,0009
pronounced 2,3026 0,0005
last 0,0000 0,0000
crimes 2,8134 0,0007
imageright 0,2614 0,0001
wary 4,6052 0,0011
adapt 2,3026 0,0005
wash 4,6052 0,0011
weight 0,0101 0,0000
solicitor 4,6052 0,0011
intrinsic 2,6593 0,0006
equates 4,6052 0,0011
prn 3,9120 0,0009
memecoin 4,6052 0,0011
checks 2,3026 0,0005
guilty 3,5066 0,0008
measure 1,6094 0,0004
median 3,5066 0,0008
statutory 3,9120 0,0009
citing 2,9957 0,0007
updated 0,8440 0,0002
coinmarketcap 4,6052 0,0011
bailment 4,6052 0,0011
effort 1,2040 0,0003
booming 3,9120 0,0009
updates 1,0788 0,0003
newbies 3,9120 0,0009
ends 1,6094 0,0004
early 0,5276 0,0001
piper 2,9957 0,0007
overview 0,5447 0,0001
yes 1,9661 0,0005
mccorry 4,6052 0,0011
yet 1,1087 0,0003
volatile 2,9957 0,0007
hdl 1,6094 0,0004
clarity 2,3026 0,0005
altcoins 4,6052 0,0011
wikimedia 0,0000 0,0000
time 0,0000 0,0000
vertcoin 3,2189 0,0007
pricing 2,0402 0,0005
applications 0,2231 0,0001
forming 2,5257 0,0006
golumbia 4,6052 0,0011
enwikimwclientpreferences 0,0000 0,0000
governments 1,9661 0,0005
program 0,4155 0,0001
put 1,1712 0,0003
tsutomu 4,6052 0,0011
identified 1,1394 0,0003
laptopmag 4,6052 0,0011
fluctuations 3,9120 0,0009
carbon 1,8971 0,0004
authorized 2,1203 0,0005
options 1,3863 0,0003
gangs 4,6052 0,0011
struggle 3,5066 0,0008
grows 2,3026 0,0005
phishing 2,8134 0,0007
hyperledger 2,9957 0,0007
laws 2,3026 0,0005
meets 2,0402 0,0005
russian 1,8971 0,0004
ramey 4,6052 0,0011
iran 2,9957 0,0007
iraq 3,5066 0,0008
supreme 2,9957 0,0007
theoretic 2,9957 0,0007
chris 1,2040 0,0003
tiny 2,9957 0,0007
unfounded 4,6052 0,0011
arjun 4,6052 0,0011
joule 3,5066 0,0008
doubled 3,2189 0,0007
methods 0,6162 0,0001
wgcheckuserclienthintsheadersjsapi 0,0000 0,0000
mailing 1,8971 0,0004
confirmed 2,2073 0,0005
smart 1,3471 0,0003
proshares 3,9120 0,0009
ways 0,8210 0,0002
timingprofile 0,0000 0,0000
theme 0,0000 0,0000
ledger 2,8134 0,0007
postexpandincludesize 0,0000 0,0000
chain 1,5606 0,0004
suffers 2,9957 0,0007
efficient 1,0217 0,0002
chad 3,5066 0,0008
chair 2,8134 0,0007
consistent 1,1712 0,0003
unsourced 0,5621 0,0001
january 0,0000 0,0000
permanent 0,0000 0,0000
choice 1,2730 0,0003
travel 2,1203 0,0005
facility 1,8326 0,0004
small 0,0305 0,0000
before 0,0305 0,0000
drumcliffe 4,6052 0,0011
bead 4,6052 0,0011
replace 1,4697 0,0003
marketplaces 3,9120 0,0009
pakistan 3,9120 0,0009
dreaver 4,6052 0,0011
him 2,1203 0,0005
hit 2,4079 0,0006
his 0,7550 0,0002
major 0,5621 0,0001
hiroko 3,9120 0,0009
worldwide 1,4271 0,0003
funds 2,6593 0,0006
consider 1,5141 0,0004
potential 1,0788 0,0003
bean 3,5066 0,0008
group 0,0408 0,0000
awaited 3,5066 0,0008
retailers 3,5066 0,0008
manually 1,5606 0,0004
chayka 4,6052 0,0011
gross 3,5066 0,0008
pleaded 4,6052 0,0011
archive 1,4697 0,0003
tomaso 4,6052 0,0011
history 0,0000 0,0000
twice 1,9661 0,0005
anarchism 3,9120 0,0009
soar 3,5066 0,0008
managing 0,9416 0,0002
shutdown 3,9120 0,0009
convergence 2,8134 0,0007
wgrestrictionedit 0,0000 0,0000
values 1,0788 0,0003
affiliated 3,9120 0,0009
howard 2,8134 0,0007
their 0,1165 0,0000
inherently 2,3026 0,0005
pyongyang 3,9120 0,0009
percent 1,7720 0,0004
point 0,7550 0,0002
banking 2,3026 0,0005
debut 2,9957 0,0007
general 0,0000 0,0000
september 0,0000 0,0000
datemodified 0,0619 0,0000
sounds 2,8134 0,0007
uphold 3,9120 0,0009
depository 3,9120 0,0009
portuguese 3,2189 0,0007
banned 3,9120 0,0009
padding 0,0000 0,0000
process 0,2485 0,0001
requirements 0,6349 0,0001
bakkt 4,6052 0,0011
alternative 0,7765 0,0002
clear 0,0101 0,0000
antoinette 4,6052 0,0011
cymraeg 1,4697 0,0003
valued 2,8134 0,0007
neither 2,2073 0,0005
leibniz 3,5066 0,0008
account 0,0000 0,0000
drafted 3,2189 0,0007
catalonia 3,5066 0,0008
settlements 3,5066 0,0008
been 0,2231 0,0001
mostly 1,2730 0,0003
dansk 0,5798 0,0001
magnates 4,6052 0,0011
videos 2,2073 0,0005
aktuelles 4,6052 0,0011
tenable 3,9120 0,0009
chia 2,8134 0,0007
transmitting 3,2189 0,0007
fiat 3,5066 0,0008
abbr 0,0619 0,0000
ackerer 4,6052 0,0011
you 0,0101 0,0000
jump 0,0000 0,0000
knowledge 0,7340 0,0002
limitations 1,0788 0,0003
prime 2,6593 0,0006
databases 0,3567 0,0001
nervos 3,2189 0,0007
mainstream 1,9661 0,0005
july 0,0000 0,0000
gridcoin 3,2189 0,0007
sparked 2,8134 0,0007
court 2,0402 0,0005
misuse 2,4079 0,0006
venture 1,9661 0,0005
warren 2,3026 0,0005
tags 0,0000 0,0000
enthusiasm 4,6052 0,0011
flexible 1,6094 0,0004
islands 4,6052 0,0011
trapdoor 3,9120 0,0009
millions 1,8971 0,0004
firms 1,9661 0,0005
mirror 2,6593 0,0006
popper 2,8134 0,0007
youbit 4,6052 0,0011
haselton 4,6052 0,0011
sustainable 2,0402 0,0005
utilizing 3,2189 0,0007
comes 1,1394 0,0003
aljazeera 4,6052 0,0011
hot 2,6593 0,0006
how 0,0834 0,0000
involvement 3,5066 0,0008
numerus 4,6052 0,0011
peter 0,8210 0,0002
spark 2,4079 0,0006
assembly 1,3863 0,0003
embedded 0,9416 0,0002
spreads 3,5066 0,0008
chip 1,5606 0,0004
chin 4,6052 0,0011
marco 2,6593 0,0006
subjects 3,5066 0,0008
overcoming 2,6593 0,0006
march 0,0000 0,0000
transition 1,6607 0,0004
katherine 2,5257 0,0006
june 0,0000 0,0000
presets 4,6052 0,0011
answer 2,2073 0,0005
regarded 2,4079 0,0006
wggestructuredtaskrejectionreasontextinputenabled 0,0000 0,0000
calls 0,0408 0,0000
series 0,5798 0,0001
abused 3,9120 0,0009
represent 1,2730 0,0003
putting 2,6593 0,0006
sometimes 0,6931 0,0002
moscow 3,5066 0,0008
autocapitalize 0,0000 0,0000
enjoying 4,6052 0,0011
hold 1,3471 0,0003
chinese 1,5141 0,0004
directorate 3,5066 0,0008
antics 4,6052 0,0011
wgpagename 0,0000 0,0000
talk 0,0000 0,0000
landmark 3,2189 0,0007
richard 0,9676 0,0002
dedicated 1,3093 0,0003
ignored 1,6607 0,0004
count 0,0513 0,0000
hatnote 0,2107 0,0000
pinnable 0,0000 0,0000
take 0,6733 0,0002
newsclick 4,6052 0,0011
immediate 2,4079 0,0006
some 0,1744 0,0000
purchasing 3,2189 0,0007
additional 0,0000 0,0000
wgmonthnames 0,0000 0,0000
patroltoken 0,0000 0,0000
primarily 0,9943 0,0002
choi 4,6052 0,0011
monetarism 4,6052 0,0011
transferring 2,5257 0,0006
yup 4,6052 0,0011
zdnet 1,4697 0,0003
alpha 0,0101 0,0000
passed 1,4697 0,0003
featuring 2,2073 0,0005
just 0,4943 0,0001
notice 2,3026 0,0005
owner 1,5606 0,0004
asic 2,9957 0,0007
sold 1,7720 0,0004
bernhard 2,9957 0,0007
asia 2,4079 0,0006
gigawatts 3,9120 0,0009
tron 3,2189 0,0007
strictly 2,0402 0,0005
home 0,8916 0,0002
michael 0,7133 0,0002
existing 0,7550 0,0002
print 0,0000 0,0000
nodes 1,3471 0,0003
although 0,6162 0,0001
approximately 1,8971 0,0004
spectacular 4,6052 0,0011
iron 2,4079 0,0006
curtailment 4,6052 0,0011
president 1,9661 0,0005
explain 2,4079 0,0006
meme 4,6052 0,0011
reaches 3,9120 0,0009
taps 3,2189 0,0007
answers 2,2073 0,0005
pimentel 4,6052 0,0011
zhang 2,1203 0,0005
soon 1,5606 0,0004
america 1,7720 0,0004
executive 1,7148 0,0004
mirage 4,6052 0,0011
sons 1,5606 0,0004
action 1,2040 0,0003
guidelines 1,2730 0,0003
hebous 4,6052 0,0011
validation 1,4271 0,0003
song 2,6593 0,0006
classified 1,7148 0,0004
sensitive 1,2730 0,0003
loading 0,0000 0,0000
altered 2,4079 0,0006
brackets 0,0619 0,0000
goldfeder 3,9120 0,0009
hong 2,8134 0,0007
afford 3,5066 0,0008
hindu 3,5066 0,0008
validating 2,4079 0,0006
reached 2,0402 0,0005
hashes 3,5066 0,0008
lansky 4,6052 0,0011
sellers 3,9120 0,0009
clients 1,0788 0,0003
innovators 3,2189 0,0007
dragoni 3,9120 0,0009
vidal 4,6052 0,0011
cyris 4,6052 0,0011
eight 1,8326 0,0004
products 0,4943 0,0001
robert 0,9676 0,0002
file 0,0000 0,0000
austin 2,1203 0,0005
stevo 3,9120 0,0009
member 1,5141 0,0004
periods 2,8134 0,0007
steve 1,1394 0,0003
wgnoticeproject 0,0000 0,0000
together 0,5978 0,0001
aumatell 4,6052 0,0011
anatoly 4,6052 0,0011
nigeria 2,8134 0,0007
socially 3,5066 0,0008
within 0,3011 0,0001
blake 3,2189 0,0007
could 0,4780 0,0001
topics 1,1087 0,0003
marks 2,4079 0,0006
positive 2,1203 0,0005
menu 0,0000 0,0000
nyse 3,9120 0,0009
agents 1,8326 0,0004
trusted 1,8326 0,0004
machine 0,3425 0,0001
able 0,9943 0,0002
efficiently 1,4697 0,0003
wgulsiscompactlinksenabled 0,0000 0,0000
hinders 3,9120 0,0009
return 0,0000 0,0000
cheaper 2,5257 0,0006
charities 3,5066 0,0008
instance 0,8675 0,0002
backlash 3,2189 0,0007
inheritance 2,2073 0,0005
serve 1,4271 0,0003
injective 3,2189 0,0007
confused 1,2730 0,0003
reviews 1,6094 0,0004
solution 0,8916 0,0002
find 0,6162 0,0001
usurpations 4,6052 0,0011
host 1,2040 0,0003
accelerate 2,3026 0,0005
dramatically 2,8134 0,0007
international 0,3011 0,0001
calculated 2,9957 0,0007
titcoin 3,2189 0,0007
illustrate 2,9957 0,0007
occur 1,3093 0,0003
difficult 0,9163 0,0002
irreconcilable 4,6052 0,0011
winston 3,9120 0,0009
canonical 0,0408 0,0000
film 1,8971 0,0004
steps 1,5606 0,0004
sustainability 2,5257 0,0006
friends 2,2073 0,0005
heart 2,4079 0,0006
coded 2,3026 0,0005
undergone 3,2189 0,0007
forget 2,9957 0,0007
professor 2,4079 0,0006
wgcurrevisionid 0,0000 0,0000
task 0,7550 0,0002
specialist 2,8134 0,0007
principles 0,8916 0,0002
true 0,0000 0,0000
header 0,0000 0,0000
nepal 3,9120 0,0009
sore 4,6052 0,0011
position 1,6094 0,0004
present 0,9676 0,0002
harvard 1,7148 0,0004
problems 0,6349 0,0001
since 0,3425 0,0001
arrested 3,5066 0,0008
belong 2,6593 0,0006
petro 3,2189 0,0007
movements 2,5257 0,0006
quantum 1,6607 0,0004
delete 0,5447 0,0001
foreach 0,0000 0,0000
dimon 4,6052 0,0011
abbas 3,5066 0,0008
leadership 2,4079 0,0006
regulating 3,5066 0,0008
wellink 4,6052 0,0011
experienced 2,3026 0,0005
krugman 3,9120 0,0009
compound 2,5257 0,0006
fink 3,9120 0,0009
master 1,3471 0,0003
cryptoanarchists 4,6052 0,0011
concerning 2,8134 0,0007
goldwasser 3,5066 0,0008
conventional 1,6607 0,0004
regulation 2,0402 0,0005
tougher 4,6052 0,0011
shafik 4,6052 0,0011
online 0,7340 0,0002
actifs 4,6052 0,0011
farivar 3,9120 0,0009
aste 4,6052 0,0011
lbry 3,2189 0,0007
quotes 0,0101 0,0000
cover 1,6607 0,0004
graeme 4,6052 0,0011
fire 1,8326 0,0004
greener 3,9120 0,0009
stateless 2,9957 0,0007
obfuscated 3,2189 0,0007
alibaba 1,8326 0,0004
based 0,0834 0,0000
brokerage 3,9120 0,0009
pointer 2,4079 0,0006
alyssa 3,5066 0,0008
gregoriou 4,6052 0,0011
basel 3,9120 0,0009
denationalisation 3,9120 0,0009
something 1,4271 0,0003
intention 2,6593 0,0006
miners 3,5066 0,0008
thereby 1,6607 0,0004
processing 0,5978 0,0001
except 1,5141 0,0004
programs 0,6931 0,0002
denton 4,6052 0,0011
functional 0,9943 0,0002
ethan 2,9957 0,0007
fact 1,1712 0,0003
prominent 2,3026 0,0005
global 0,7985 0,0002
kleptography 3,9120 0,0009
occitan 1,8326 0,0004
outline 0,9676 0,0002
identities 2,3026 0,0005
christian 2,1203 0,0005
plants 3,2189 0,0007
ian 1,7148 0,0004
fred 2,3026 0,0005
operating 0,4308 0,0001
free 0,0000 0,0000
cxihub 4,6052 0,0011
ought 2,9957 0,0007
accordance 3,2189 0,0007
protections 2,6593 0,0006
people 0,5276 0,0001
coingecko 4,6052 0,0011
firo 3,2189 0,0007
actually 1,3093 0,0003
face 1,6607 0,0004
operation 0,9676 0,0002
rakibuzzaman 4,6052 0,0011
coordinated 2,8134 0,0007
announces 1,4697 0,0003
alarming 4,6052 0,0011
obligations 3,2189 0,0007
unregulated 3,9120 0,0009
ice 2,8134 0,0007
inside 0,0101 0,0000
mainly 1,5141 0,0004
presentation 1,6094 0,0004
genesis 2,5257 0,0006
ico 3,9120 0,0009
subliminal 3,9120 0,0009
wikiversity 0,9676 0,0002
adjusting 2,9957 0,0007
monero 3,2189 0,0007
provincial 3,9120 0,0009
five 0,9943 0,0002
felipe 4,6052 0,0011
please 0,8210 0,0002
collection 0,7765 0,0002
replacing 1,9661 0,0005
finding 1,3093 0,0003
offshore 2,9957 0,0007
announced 0,7985 0,0002
investopedia 3,9120 0,0009
owning 3,9120 0,0009
campaign 2,3026 0,0005
rewards 2,9957 0,0007
conflict 2,2073 0,0005
installed 1,5141 0,0004
pinned 0,0000 0,0000
reasons 1,1394 0,0003
traders 3,9120 0,0009
guyana 4,6052 0,0011
upend 4,6052 0,0011
czar 4,6052 0,0011
isbn 0,1054 0,0000
buterin 3,2189 0,0007
rule 0,6931 0,0002
update 0,6733 0,0002
ies 4,6052 0,0011
kelley 3,5066 0,0008
hurting 3,9120 0,0009
wants 2,2073 0,0005
definition 0,5621 0,0001
akkadian 4,6052 0,0011
every 0,6162 0,0001
summary 1,7148 0,0004
ratified 3,2189 0,0007
removal 1,7148 0,0004
comment 2,3026 0,0005
ransomware 2,8134 0,0007
muhammad 2,6593 0,0006
hydro 4,6052 0,0011
runa 0,9416 0,0002
yellen 3,9120 0,0009
jeff 1,6607 0,0004
during 0,5447 0,0001
fair 2,1203 0,0005
cryptocurrencies 3,2189 0,0007
bitgold 4,6052 0,0011
hydra 4,6052 0,0011
enable 0,9163 0,0002
price 1,4271 0,0003
safety 1,3093 0,0003
sidebar 0,0000 0,0000
limitreport 0,0000 0,0000
decoration 0,0619 0,0000
dependent 1,6094 0,0004
competing 2,5257 0,0006
quantification 3,5066 0,0008
birch 3,9120 0,0009
deutsche 3,9120 0,0009
reduced 0,0305 0,0000
embezzlement 4,6052 0,0011
agree 0,0101 0,0000
facilitating 2,8134 0,0007
wgulsislanguageselectorempty 0,0000 0,0000
fail 1,8326 0,0004
itself 0,6539 0,0002
kleiman 3,5066 0,0008
spectrum 1,9661 0,0005
versions 0,5798 0,0001
metamask 3,2189 0,0007
spain 1,4271 0,0003
olga 3,9120 0,0009
regions 2,2073 0,0005
donations 3,2189 0,0007
damages 3,5066 0,0008
steem 3,2189 0,0007
classical 2,6593 0,0006
requests 0,9676 0,0002
foreign 1,7720 0,0004
nick 1,8971 0,0004
disallow 4,6052 0,0011
fall 1,5606 0,0004
kyle 2,4079 0,0006
mendoza 4,6052 0,0011
finishes 3,5066 0,0008
steer 3,9120 0,0009
andros 4,6052 0,0011
demonstrated 1,7148 0,0004
event 0,7985 0,0002
plattsburgh 4,6052 0,0011
establishes 2,6593 0,0006
established 1,1712 0,0003
agency 1,7720 0,0004
benin 4,6052 0,0011
caused 1,7148 0,0004
pleads 3,9120 0,0009
toggle 0,0000 0,0000
memes 3,9120 0,0009
appearance 0,0000 0,0000
classname 0,0000 0,0000
liquid 3,5066 0,0008
anonymous 2,1203 0,0005
fake 2,6593 0,0006
runs 1,0498 0,0002
first 0,0408 0,0000
nowrap 0,0408 0,0000
lawyers 3,9120 0,0009
stephanie 2,9957 0,0007
roman 0,0101 0,0000
fewer 1,7720 0,0004
tobias 2,5257 0,0006
ascribe 4,6052 0,0011
clearly 2,5257 0,0006
wgrelevantpageisprobablyeditable 0,0000 0,0000
greenspan 3,9120 0,0009
space 0,0408 0,0000
adverts 3,9120 0,0009
ambox 0,7133 0,0002
halted 3,9120 0,0009
insights 1,8971 0,0004
tether 3,2189 0,0007
bottom 0,0000 0,0000
mccrank 4,6052 0,0011
catalunya 4,6052 0,0011
published 0,5798 0,0001
solicit 3,5066 0,0008
bultman 4,6052 0,0011
magyar 0,3425 0,0001
arnott 4,6052 0,0011
publisher 0,0000 0,0000
enticed 4,6052 0,0011
leboa 3,9120 0,0009
img 0,0408 0,0000
imf 3,5066 0,0008
solving 1,8971 0,0004
death 2,6593 0,0006
o'reilly 0,6733 0,0002
steal 2,6593 0,0006
professionals 1,8971 0,0004
according 0,5108 0,0001
petar 4,6052 0,0011
statements 0,4308 0,0001
linkedin 2,5257 0,0006
error 0,0101 0,0000
stricter 2,8134 0,0007
network 0,3711 0,0001
terrorist 3,5066 0,0008
holding 2,2073 0,0005
trace 2,3026 0,0005
operations 0,6162 0,0001
paper 1,0217 0,0002
public 0,4155 0,0001
validated 2,3026 0,0005
terrorism 4,6052 0,0011
fqqts 3,9120 0,0009
track 1,3863 0,0003
value 0,0000 0,0000
fortune 2,3026 0,0005
monetary 2,8134 0,0007
quantity 2,5257 0,0006
traded 2,9957 0,0007
airdrop 2,8134 0,0007
trader 3,9120 0,0009
resources 0,5447 0,0001
trades 3,9120 0,0009
unheard 3,9120 0,0009
expensive 0,0408 0,0000
carstens 4,6052 0,0011
inu 3,2189 0,0007
performance 0,3425 0,0001
trade 1,5606 0,0004
currently 1,0788 0,0003
round 1,3471 0,0003
maint 0,0101 0,0000
derivation 3,5066 0,0008
growth 1,2040 0,0003
platformversion 0,0000 0,0000
manilla 4,6052 0,0011
normally 1,6094 0,0004
authenticated 2,8134 0,0007
references 0,0101 0,0000
polgar 4,6052 0,0011
objects 0,7133 0,0002
texas 2,5257 0,0006
resolution 1,9661 0,0005
setting 1,3863 0,0003
dutch 2,6593 0,0006
properly 1,3471 0,0003
favoured 4,6052 0,0011
graduate 2,3026 0,0005
poor 2,2073 0,0005
warns 3,5066 0,0008
sorts 3,9120 0,0009
invented 1,9661 0,0005
navigate 2,6593 0,0006
younger 4,6052 0,0011
ruud 4,6052 0,0011
pool 2,1203 0,0005
moratorium 3,9120 0,0009
authorities 2,5257 0,0006
vries 3,5066 0,0008
charges 3,2189 0,0007
wgcategories 0,0000 0,0000
advancement 2,5257 0,0006
cyberattack 2,8134 0,0007
rbi 4,6052 0,0011
institute 1,0498 0,0002
spyros 4,6052 0,0011
metrics 1,6607 0,0004
charged 3,2189 0,0007
shortly 2,6593 0,0006
fatf 4,6052 0,0011
providing 0,8440 0,0002
primer 2,3026 0,0005
brookings 4,6052 0,0011
uncertainty 2,3026 0,0005
blamed 3,2189 0,0007
aggressive 3,5066 0,0008
departments 2,6593 0,0006
scott 1,0217 0,0002
morris 2,2073 0,0005
linked 1,5141 0,0004
pagliery 3,5066 0,0008
federation 2,5257 0,0006
winners 3,2189 0,0007
abc 2,4079 0,0006
mitigate 1,9661 0,0005
awarded 2,9957 0,0007
jiahua 4,6052 0,0011
irs 4,6052 0,0011
megawatts 3,9120 0,0009
fast 0,6733 0,0002
movable 4,6052 0,0011
invasion 3,9120 0,0009
calling 1,5606 0,0004
lananh 4,6052 0,0011
faso 4,6052 0,0011
register 1,3863 0,0003
nine 2,1203 0,0005
controls 1,0788 0,0003
mackenzie 2,9957 0,0007
agreeing 3,9120 0,0009
red 1,2730 0,0003
blackrock 3,9120 0,0009
act 1,3471 0,0003
zum 3,9120 0,0009
post 0,0202 0,0000
shortage 2,9957 0,0007
insecure 2,2073 0,0005
protocols 1,1394 0,0003
add 0,0000 0,0000
concluding 3,9120 0,0009
duplicates 3,2189 0,0007
liquidate 4,6052 0,0011
res 4,6052 0,0011
amena 4,6052 0,0011
pose 2,8134 0,0007
imperfections 4,6052 0,0011
its 0,0726 0,0000
benevolent 3,9120 0,0009
article 0,0000 0,0000
chatterjee 4,6052 0,0011
bencic 4,6052 0,0011
ads 2,6593 0,0006
notary 4,6052 0,0011
unicef 4,6052 0,0011
parser 0,0000 0,0000
therefore 0,7985 0,0002
exchange 1,1712 0,0003
parsed 0,0619 0,0000
washington 1,5141 0,0004
exec 3,9120 0,0009
income 2,4079 0,0006
trust 1,5141 0,0004
wggetopicsmatchmodeenabled 0,0000 0,0000
billy 3,2189 0,0007
buyers 2,9957 0,0007
production 0,9943 0,0002
scrambling 3,9120 0,0009
united 0,4780 0,0001
codetext 3,9120 0,0009
solana 3,2189 0,0007
wallace 2,6593 0,0006
choose 1,4697 0,0003
pvpps 4,6052 0,0011
wghostname 0,0000 0,0000
behave 1,7720 0,0004
benjamin 1,7720 0,0004
csprng 3,9120 0,0009
previously 1,1712 0,0003
wgtitle 0,0000 0,0000
scope 1,3093 0,0003
embrace 2,8134 0,0007
identify 1,2730 0,0003
afp 3,5066 0,0008
hlist 0,0408 0,0000
label 0,0000 0,0000
improvement 1,6607 0,0004
message 0,4943 0,0001
recorded 1,6607 0,0004
perumal 4,6052 0,0011
usama 4,6052 0,0011
truth 2,4079 0,0006
referenced 2,3026 0,0005
moves 1,8326 0,0004
rlconf 0,0000 0,0000
collectively 2,0402 0,0005
age 1,3093 0,0003
enjoyed 3,5066 0,0008
college 2,1203 0,0005
russians 4,6052 0,0011
smaller 1,2040 0,0003
bahasa 0,3285 0,0001
caption 0,3711 0,0001
shah 2,3026 0,0005
years 0,3425 0,0001
number 0,0101 0,0000
rig 4,6052 0,0011
wgbackendresponsetime 0,0000 0,0000
connects 2,4079 0,0006
pcworld 3,5066 0,0008
centers 1,6094 0,0004
property 1,3471 0,0003
jerry 2,8134 0,0007
blockscale 4,6052 0,0011
businesses 1,5606 0,0004
algorithm 1,2730 0,0003
viewpoint 2,6593 0,0006
nothing 1,6607 0,0004
volumes 2,4079 0,0006
distributed 0,3857 0,0001
swiss 2,1203 0,0005
impacts 2,2073 0,0005
system 0,0305 0,0000
atms 3,9120 0,0009
issn 0,7765 0,0002
wisdomtree 4,6052 0,0011
pascale 4,6052 0,0011
aid 1,5141 0,0004
partial 1,6607 0,0004
algorithms 1,0498 0,0002
sehyun 4,6052 0,0011
other 0,0000 0,0000
city 1,5606 0,0004
yaffe 3,9120 0,0009
local 0,7985 0,0002
retail 2,0402 0,0005
bubble 3,2189 0,0007
electronic 1,0788 0,0003
promptly 4,6052 0,0011
tender 3,9120 0,0009
lipics 4,6052 0,0011
universitat 4,6052 0,0011
damien 3,9120 0,0009
tajikistan 4,6052 0,0011
reversal 4,6052 0,0011
future 0,6349 0,0001
rlq 0,0000 0,0000
cite 0,0000 0,0000
governance 1,6094 0,0004
porzecanski 4,6052 0,0011
donald 1,7148 0,0004
andresen 3,5066 0,0008
bordered 2,4079 0,0006
shen 3,2189 0,0007
body 0,0000 0,0000
mode 0,0000 0,0000
generalizations 3,9120 0,0009
implemented 0,6349 0,0001
maintained 0,9676 0,0002
qualify 3,5066 0,0008
ali 2,2073 0,0005
all 0,0408 0,0000
always 0,9416 0,0002
border 0,0000 0,0000
libertarians 3,5066 0,0008
read 0,0000 0,0000
already 1,1087 0,0003
alt 2,6593 0,0006
applicable 2,1203 0,0005
conducted 2,0402 0,0005
kitamura 4,6052 0,0011
raeesi 4,6052 0,0011
real 0,0408 0,0000
snyers 4,6052 0,0011
clientpref 0,0000 0,0000
laundered 4,6052 0,0011
maintaining 1,2730 0,0003
tencent 3,5066 0,0008
ameer 4,6052 0,0011
mitsuru 4,6052 0,0011
unit 0,7550 0,0002
hybrid 1,4697 0,0003
costelloe 3,9120 0,0009
alan 1,5606 0,0004
amd 2,8134 0,0007
cryptanalysis 3,2189 0,0007
amf 3,5066 0,0008
collect 2,0402 0,0005
cryptos 3,9120 0,0009
hinesh 4,6052 0,0011
aml 4,6052 0,0011
leverage 2,1203 0,0005
rob 2,3026 0,0005
amy 2,4079 0,0006
artur 4,6052 0,0011
contracts 2,1203 0,0005
roi 3,9120 0,0009
simpler 1,6607 0,0004
ron 1,8971 0,0004
wgisarticle 0,0000 0,0000
diminished 4,6052 0,0011
memecoins 4,6052 0,0011
cryptoeconomics 4,6052 0,0011
clearinghouse 3,9120 0,0009
today 1,0788 0,0003
predict 2,1203 0,0005
row 0,5276 0,0001
saying 1,9661 0,0005
commented 2,5257 0,0006
universal 1,4271 0,0003
buffett 4,6052 0,0011
vildana 3,9120 0,0009
blunt 4,6052 0,0011
warnings 2,3026 0,0005
disposing 4,6052 0,0011
malcolm 4,6052 0,0011
lewis 2,4079 0,0006
issuers 4,6052 0,0011
any 0,2107 0,0000
ulbricht 3,5066 0,0008
analogy 3,5066 0,0008
suggested 1,5141 0,0004
application 0,1393 0,0000
encrypted 1,7148 0,0004
milestone 2,8134 0,0007
reliant 3,9120 0,0009
wgflaggedrevsparams 0,0000 0,0000
until 0,7765 0,0002
collapse 0,0408 0,0000
wgrelevantarticleid 0,0000 0,0000
collectibles 3,9120 0,0009
shin 3,5066 0,0008
oxford 1,7720 0,0004
slumps 3,9120 0,0009
identification 2,1203 0,0005
jan 1,6094 0,0004
annual 1,0788 0,0003
english 0,0000 0,0000
exclusive 2,4079 0,0006
initiatives 1,9661 0,0005
hired 3,5066 0,0008
jurisdictions 2,9957 0,0007
lightning 2,8134 0,0007
margin 0,0000 0,0000
using 0,0000 0,0000
wgrequestid 0,0000 0,0000
wgbreakframes 0,0000 0,0000
containing 0,6931 0,0002
investigating 2,8134 0,0007
wikinews 2,6593 0,0006
szabo 3,5066 0,0008
completed 1,3471 0,0003
demand 1,2730 0,0003
alex 1,3863 0,0003
proofs 2,4079 0,0006
turkey 3,2189 0,0007
atomic 2,1203 0,0005
foteinis 4,6052 0,0011
letter 1,7720 0,0004
philosophical 2,9957 0,0007
annually 2,6593 0,0006
wgwikibaseitemid 0,0000 0,0000
systemic 3,2189 0,0007
increased 1,0217 0,0002
iwamura 4,6052 0,0011
housing 3,5066 0,0008
frequently 1,0788 0,0003
worth 2,5257 0,0006
increases 1,6607 0,0004
varying 1,9661 0,0005
malik 2,8134 0,0007
malleability 4,6052 0,0011
taken 1,3471 0,0003
came 1,4697 0,0003
grace 2,6593 0,0006
where 0,2744 0,0001
broader 1,7720 0,0004
takes 0,8916 0,0002
arm 1,8971 0,0004
paypal 3,5066 0,0008
popular 0,6539 0,0002
art 1,3093 0,0003
rte 4,6052 0,0011
vice 2,2073 0,0005
ars 1,3471 0,0003
malware 2,1203 0,0005
complications 0,0513 0,0000
outweigh 3,5066 0,0008
aru 4,6052 0,0011
noticed 2,9957 0,0007
lacking 1,3093 0,0003
holder 2,6593 0,0006
broker 1,8971 0,0004
call 0,7985 0,0002
speculative 2,6593 0,0006
watchdog 3,9120 0,0009
wilson 2,1203 0,0005
newsweek 3,9120 0,0009
ownership 2,2073 0,0005
knell 3,9120 0,0009
rachel 2,6593 0,0006
ask 2,4079 0,0006
oliver 2,4079 0,0006
dilemma 2,8134 0,0007
through 0,2107 0,0000
becoming 1,5606 0,0004
engagement 2,5257 0,0006
panagiota 4,6052 0,0011
jiyeun 4,6052 0,0011
officer 2,1203 0,0005
nano 2,4079 0,0006
liquidity 3,9120 0,0009
run 0,5447 0,0001
bomb 3,2189 0,0007
individuals 1,6094 0,0004
segwit 3,2189 0,0007
steffen 4,6052 0,0011
either 0,5621 0,0001
sectoral 4,6052 0,0011
view 0,0000 0,0000
vulnerable 1,7720 0,0004
atm 3,2189 0,0007
donate 0,0000 0,0000
results 0,7985 0,0002
those 0,5108 0,0001
bravenewcoin 4,6052 0,0011
holland 2,9957 0,0007
quotations 1,9661 0,0005
lifted 3,2189 0,0007
bold 0,0408 0,0000
significant 0,6931 0,0002
worse 2,6593 0,0006
longer 1,0217 0,0002
signals 2,1203 0,0005
senate 3,2189 0,0007
galego 0,7550 0,0002
instability 3,5066 0,0008
name 0,0000 0,0000
parties 1,2379 0,0003
selling 2,0402 0,0005
cputime 0,0000 0,0000
larry 1,9661 0,0005
leaving 1,8971 0,0004
watchlist 0,0000 0,0000
oman 4,6052 0,0011
benefits 1,3471 0,0003
aux 4,6052 0,0011
youhwan 4,6052 0,0011
book 0,5978 0,0001
show 0,0834 0,0000
description 0,0000 0,0000
generating 1,9661 0,0005
symmetric 2,9957 0,0007
caps 0,0619 0,0000
negative 1,5606 0,0004
peercoin 3,2189 0,0007
street 1,5606 0,0004
janda 3,9120 0,0009
hence 1,7720 0,0004
illiquid 4,6052 0,0011
dotted 0,8675 0,0002
elizabeth 2,8134 0,0007
armstrong 2,5257 0,0006
naor 3,5066 0,0008
introduce 1,7720 0,0004
mona 4,6052 0,0011
estimated 1,6607 0,0004
moni 3,5066 0,0008
discourse 2,8134 0,0007
target 0,0101 0,0000
polansek 4,6052 0,0011
guidance 1,8971 0,0004
restricted 1,5606 0,0004
hype 2,5257 0,0006
intermediaries 2,9957 0,0007
yang 2,6593 0,0006
bukele 3,9120 0,0009
aws 1,3471 0,0003
kiosk 4,6052 0,0011
leader 2,1203 0,0005
trump 2,6593 0,0006
developers 0,0000 0,0000
janet 2,8134 0,0007
stiglitz 3,9120 0,0009
usage 0,0000 0,0000
jonathan 1,8326 0,0004
transmitted 2,1203 0,0005
wgmediaviewerenabledbydefault 0,0000 0,0000
axe 4,6052 0,0011
largely 2,3026 0,0005
tiktok 3,9120 0,0009
broad 1,3863 0,0003
officials 3,2189 0,0007
participating 2,4079 0,0006
truly 2,2073 0,0005
cash 2,2073 0,0005
greater 1,3471 0,0003
mazacoin 3,2189 0,0007
case 0,4155 0,0001
designate 3,9120 0,0009
rivalling 4,6052 0,0011
utilized 2,3026 0,0005
crises 4,6052 0,0011
generation 1,2379 0,0003
accelerator 2,1203 0,0005
mesoamerica 4,6052 0,0011
item 0,0000 0,0000
eighteen 4,6052 0,0011
investigative 3,9120 0,0009
epic 2,0402 0,0005
matches 0,9416 0,0002
speculated 3,5066 0,0008
chargebacks 3,9120 0,0009
saving 2,5257 0,0006
sunday 3,9120 0,0009
rely 1,3863 0,0003
slide 2,9957 0,0007
sticky 0,0000 0,0000
refined 2,6593 0,0006
excessive 2,2073 0,0005
style 0,0000 0,0000
card 1,7148 0,0004
purely 2,9957 0,0007
searchinput 0,0000 0,0000
labour 3,5066 0,0008
nonresidents 4,6052 0,0011
criminals 2,5257 0,0006
hassle 3,9120 0,0009
transfers 3,5066 0,0008
soaring 4,6052 0,0011
lebanon 3,9120 0,0009
criticized 1,6094 0,0004
hyun 3,9120 0,0009
protect 1,6607 0,0004
minimizing 2,3026 0,0005
binance 3,5066 0,0008
licensing 1,7148 0,0004
architecture 0,0000 0,0000
insider 1,5606 0,0004
more 0,0000 0,0000
display 0,0000 0,0000
dotcom 4,6052 0,0011
tibet 4,6052 0,0011
soros 4,6052 0,0011
forbes 1,5141 0,0004
accounts 1,5606 0,0004
broadly 2,6593 0,0006
levitt 4,6052 0,0011
shut 3,2189 0,0007
simple 0,2357 0,0001
icosst 4,6052 0,0011
embezzled 4,6052 0,0011
aleksandar 3,9120 0,0009
influence 2,1203 0,0005
georgia 3,2189 0,0007
responsibilities 2,5257 0,0006
kharif 3,9120 0,0009
percentage 2,3026 0,0005
described 0,5108 0,0001
speculation 3,2189 0,0007
adam 1,5606 0,0004
crisis 2,0402 0,0005
marketplace 2,3026 0,0005
kind 1,2040 0,0003
temporarily 2,1203 0,0005
both 0,0305 0,0000
unauthorised 3,5066 0,0008
important 0,0101 0,0000
most 0,2107 0,0000
lakhani 3,5066 0,0008
suicidal 4,6052 0,0011
transfer 0,9943 0,0002
daily 1,8326 0,0004
cloth 4,6052 0,0011
joe 1,7720 0,0004
largest 1,4697 0,0003
numismatic 4,6052 0,0011
jon 1,6607 0,0004
bancor 4,6052 0,0011
database 0,4943 0,0001
sigalos 3,5066 0,0008
causing 1,8326 0,0004
billion 1,3863 0,0003
bittrex 4,6052 0,0011
zagreb 4,6052 0,0011
kazakhstan 3,5066 0,0008
sheet 2,9957 0,0007
cryptominers 4,6052 0,0011
profit 2,8134 0,0007
sam 1,9661 0,0005
adds 1,3093 0,0003
authentication 1,3863 0,0003
wgseparatortransformtable 0,0000 0,0000
rest 1,1087 0,0003
safeguards 2,9957 0,0007
amount 1,0498 0,0002
move 0,0000 0,0000
comply 2,2073 0,0005
original 0,0943 0,0000
saw 2,1203 0,0005
also 0,0202 0,0000
say 1,4697 0,0003
enough 0,9676 0,0002
increase 0,8916 0,0002
hemant 3,5066 0,0008
kingdom 2,2073 0,0005
differ 2,3026 0,0005
biden 3,9120 0,0009
primecoin 3,2189 0,0007
inline 0,0408 0,0000
favor 1,6094 0,0004
yandex 2,1203 0,0005
organizations 0,8440 0,0002
front 1,1712 0,0003
customer 1,1087 0,0003
statista 2,9957 0,0007
equivalent 1,5141 0,0004
projects 0,0000 0,0000
bad 1,7148 0,0004
spokesperson 3,5066 0,0008
completing 2,8134 0,0007
fintech 3,5066 0,0008
ban 2,5257 0,0006
treatments 3,2189 0,0007
offer 0,8916 0,0002
bar 1,4697 0,0003
megan 2,9957 0,0007
tasca 4,6052 0,0011
complex 0,5621 0,0001
draft 1,7720 0,0004
bbc 1,9661 0,0005
wrongly 3,9120 0,0009
alun 4,6052 0,0011
newport 3,2189 0,0007
personal 0,0000 0,0000
accurately 2,3026 0,0005
globe 2,6593 0,0006
submitted 1,7720 0,0004
suicides 4,6052 0,0011
aaron 2,1203 0,0005
plans 1,3471 0,0003
plant 2,8134 0,0007
drive 1,3471 0,0003
jones 1,8971 0,0004
deal 1,4697 0,0003
strong 1,0498 0,0002
miscellaneous 2,9957 0,0007
scheme 0,0101 0,0000
affect 1,6607 0,0004
icon 0,0101 0,0000
luiz 3,9120 0,0009
facing 2,0402 0,0005
proven 2,2073 0,0005
sea 3,9120 0,0009
icos 3,9120 0,0009
sec 2,8134 0,0007
proved 2,2073 0,0005
advertisements 2,6593 0,0006
see 0,0408 0,0000
offered 1,1087 0,0003
civil 2,5257 0,0006
national 0,4463 0,0001
subsequent 1,6094 0,0004
customers 1,0788 0,0003
poses 2,6593 0,0006
unbordered 2,5257 0,0006
chainalysis 4,6052 0,0011
compared 1,0788 0,0003
contain 0,0101 0,0000
set 0,2485 0,0001
founder 1,8326 0,0004
column 0,0101 0,0000
founded 1,2379 0,0003
plaintext 3,5066 0,0008
entered 2,2073 0,0005
practices 1,1712 0,0003
angus 3,9120 0,0009
vicinity 4,6052 0,0011
validity 2,6593 0,0006
performs 1,7720 0,0004
transferred 2,1203 0,0005
downtrend 4,6052 0,0011
navbox 0,0943 0,0000
developed 0,2357 0,0001
dummies 2,9957 0,0007
listitem 0,0408 0,0000
bet 3,9120 0,0009
luke 3,2189 0,0007
federico 2,9957 0,0007
batra 4,6052 0,0011
princeton 2,8134 0,0007
contact 0,0000 0,0000
france 0,8675 0,0002
joel 2,8134 0,0007
franck 3,9120 0,0009
typically 0,3857 0,0001
suspicious 2,8134 0,0007
sha 2,4079 0,0006
reza 3,9120 0,0009
cryptocurrency 2,5257 0,0006
she 2,9957 0,0007
kharpal 4,6052 0,0011
auroracoin 3,2189 0,0007
exploited 2,1203 0,0005
susan 2,3026 0,0005
parts 0,6349 0,0001
western 2,2073 0,0005
debt 2,9957 0,0007
party 0,7550 0,0002
little 1,0788 0,0003
cursor 0,0619 0,0000
however 0,3011 0,0001
deep 1,4697 0,0003
robertson 3,5066 0,0008
sources 0,5447 0,0001
regulatory 2,5257 0,0006
capable 1,6094 0,0004
walltime 0,0000 0,0000
interlanguage 0,0000 0,0000
regulators 2,9957 0,0007
luna 2,9957 0,0007
keygen 3,9120 0,0009
signs 2,9957 0,0007
related 0,0000 0,0000
disruptive 3,2189 0,0007
supervision 3,5066 0,0008
client 0,0000 0,0000
outlawed 3,9120 0,0009
conversion 2,1203 0,0005
harper 3,2189 0,0007
over 0,3285 0,0001
directed 2,2073 0,0005
six 1,4271 0,0003
casares 3,5066 0,0008
false 0,0000 0,0000
jurisdicitons 4,6052 0,0011
srpskohrvatski 0,9163 0,0002
blekinge 4,6052 0,0011
shashwat 4,6052 0,0011
elusive 4,6052 0,0011
pyramid 2,6593 0,0006
cheque 4,6052 0,0011
developer 0,4005 0,0001
realm 2,6593 0,0006
avoid 0,0101 0,0000
coinrail 4,6052 0,0011
comprehensive 1,3863 0,0003
big 0,8916 0,0002
expert 1,6094 0,0004
select 1,5606 0,0004
advanced 0,7340 0,0002
ekonomika 4,6052 0,0011
recommendation 2,2073 0,0005
supervising 4,6052 0,0011
nations 2,6593 0,0006
bit 1,4697 0,0003
bis 2,9957 0,0007
improved 1,0498 0,0002
output 0,0000 0,0000
inactive 2,5257 0,0006
advances 1,6607 0,0004
majority 1,5141 0,0004
model 0,0000 0,0000
animals 3,9120 0,0009
influencing 3,5066 0,0008
crown 3,9120 0,0009
reduce 0,9676 0,0002
sentence 3,5066 0,0008
large 0,3425 0,0001
director 2,1203 0,0005
defi 3,9120 0,0009
ordinary 2,1203 0,0005
transactions 1,1087 0,0003
messaging 1,4271 0,0003
phil 2,3026 0,0005
cbdc 4,6052 0,0011
finalized 2,8134 0,0007
operate 1,4271 0,0003
attracted 3,5066 0,0008
verdict 4,6052 0,0011
exclusively 1,6607 0,0004
john 0,5276 0,0001
christopher 1,5141 0,0004
begin 1,4697 0,0003
wgvisualeditor 0,0000 0,0000
template 0,0000 0,0000
brought 2,2073 0,0005
customized 1,9661 0,0005
works 0,9416 0,0002
payments 2,5257 0,0006
cryptocompare 4,6052 0,0011
emerged 1,8971 0,0004
bankruptcy 4,6052 0,0011
navbar 0,0202 0,0000
world 0,3857 0,0001
inquiry 3,2189 0,0007
russell 2,1203 0,0005
subbox 0,6931 0,0002
viewed 1,6607 0,0004
december 0,0000 0,0000
convicted 3,5066 0,0008
everything 1,2730 0,0003
guardian 1,8326 0,0004
table 0,0000 0,0000
asymkos 4,6052 0,0011
prefers 0,0101 0,0000
side 0,3567 0,0001
cunningham 2,0402 0,0005
gaeilge 1,2040 0,0003
break 0,0101 0,0000
change 0,4463 0,0001
willingness 4,6052 0,0011
systematic 1,8971 0,0004
printable 0,0000 0,0000
smagalla 4,6052 0,0011
century 1,8326 0,0004
hide 0,0000 0,0000
polygon 2,8134 0,0007
traditionally 1,8971 0,0004
corporate 1,4697 0,0003
petheo 4,6052 0,0011
report 0,0305 0,0000
facilities 1,2040 0,0003
auto 0,0726 0,0000
hashing 2,6593 0,0006
tulipmania 4,6052 0,0011
several 0,4155 0,0001
sign 1,6607 0,0004
cotton 3,9120 0,0009
roger 1,9661 0,0005
download 0,0000 0,0000
high 0,3425 0,0001
reuters 2,2073 0,0005
falls 2,8134 0,0007
proceeds 2,9957 0,0007
son 3,9120 0,0009
split 0,0000 0,0000
timestamped 3,9120 0,0009
chaum 3,5066 0,0008
publication 1,6094 0,0004
reviewed 1,8326 0,0004
bnf 0,9163 0,0002
criticisms 2,4079 0,0006
different 0,0513 0,0000
directly 0,5108 0,0001
weibelzahl 4,6052 0,0011
administrators 1,8326 0,0004
incoming 2,5257 0,0006
level 0,0000 0,0000
preserve 2,5257 0,0006
roots 2,5257 0,0006
bny 3,9120 0,0009
establish 1,8326 0,0004
permanently 2,0402 0,0005
zohar 4,6052 0,0011
relevant 1,2040 0,0003
chats 4,6052 0,0011
focused 1,3863 0,0003
extendedconfirmed 3,9120 0,0009
morocco 3,9120 0,0009
spy 2,5257 0,0006
consumed 2,8134 0,0007
behind 1,2730 0,0003
wgdefaultdateformat 0,0000 0,0000
pratique 4,6052 0,0011
box 0,0408 0,0000
digitally 2,9957 0,0007
murphy 2,4079 0,0006
total 0,0000 0,0000
bitconnect 3,2189 0,0007
loses 3,5066 0,0008
consumers 1,7148 0,0004
loser 4,6052 0,0011
prices 2,5257 0,0006
consumer 1,6607 0,0004
consumes 2,8134 0,0007
highly 1,1712 0,0003
kat 3,9120 0,0009
billionaire 3,5066 0,0008
chance 2,5257 0,0006
economist 2,8134 0,0007
initiative 1,1087 0,0003
nature 1,0498 0,0002
sells 3,5066 0,0008
social 0,8210 0,0002
raised 1,8971 0,0004
control 0,1744 0,0000
sri 2,4079 0,0006
lobby 3,9120 0,0009
unauthorized 1,9661 0,0005
coincheck 4,6052 0,0011
attribution 0,0000 0,0000
issuance 3,2189 0,0007
shitcoins 4,6052 0,0011
lowenstein 4,6052 0,0011
vary 0,0619 0,0000
counts 3,9120 0,0009
upper 0,0101 0,0000
buried 2,9957 0,0007
sapir 4,6052 0,0011
facilitated 3,5066 0,0008
fighting 3,5066 0,0008
putin 4,6052 0,0011
raises 2,2073 0,0005
reddit 2,5257 0,0006
strengthen 3,2189 0,0007
prompts 2,5257 0,0006
trends 1,4271 0,0003
extremism 4,6052 0,0011
schwab 4,6052 0,0011
deny 2,6593 0,0006
australia 1,8971 0,0004
accept 1,7148 0,0004
morning 3,5066 0,0008
sto 3,9120 0,0009
actors 2,9957 0,0007
requested 2,3026 0,0005
kara 3,9120 0,0009
plunged 4,6052 0,0011
extremist 3,9120 0,0009
conditions 1,3093 0,0003
interpreted 2,0402 0,0005
ulrich 2,9957 0,0007
access 0,3011 0,0001
kearns 4,6052 0,0011
wiped 4,6052 0,0011
primitive 2,2073 0,0005
simi 0,9416 0,0002
sun 1,2730 0,0003
extended 0,9163 0,0002
joanna 3,2189 0,0007
btc 3,5066 0,0008
tabuchi 3,9120 0,0009
selflink 0,0101 0,0000
current 0,0000 0,0000
gloom 4,6052 0,0011
managed 1,0498 0,0002
actively 2,6593 0,0006
conferences 1,6607 0,0004
key 0,0305 0,0000
silk 2,2073 0,0005
stopped 2,4079 0,0006
storm 3,2189 0,0007
manager 1,0498 0,0002
bilal 3,9120 0,0009
jose 2,0402 0,0005
makes 0,5108 0,0001
amid 3,5066 0,0008
launch 1,5606 0,0004
josh 2,8134 0,0007
store 0,8210 0,0002
katz 2,8134 0,0007
tagalog 1,2040 0,0003
confirm 2,6593 0,0006
hill 1,7148 0,0004
catalin 2,8134 0,0007
vast 1,9661 0,0005
amin 3,9120 0,0009
kouzani 4,6052 0,0011
gedeon 4,6052 0,0011
story 1,5606 0,0004
declare 2,8134 0,0007
buy 1,8971 0,0004
available 0,0000 0,0000
thornton 4,6052 0,0011
express 1,5141 0,0004
quest 2,3026 0,0005
gareth 3,5066 0,0008
zero 1,1087 0,0003
requiem 4,6052 0,0011
fallout 4,6052 0,0011
dubbing 4,6052 0,0011
variant 0,0619 0,0000
ekibastuz 4,6052 0,0011
written 0,3147 0,0001
generate 1,2730 0,0003
sector 2,2073 0,0005
unusual 2,5257 0,0006
extreme 1,9661 0,0005
goodell 3,9120 0,0009
felten 3,5066 0,0008
bonneau 3,9120 0,0009
shortened 0,0000 0,0000
stoll 3,2189 0,0007
dealers 3,9120 0,0009
banning 3,5066 0,0008
stole 4,6052 0,0011
enhanced 1,6094 0,0004
bitlicense 3,2189 0,0007
especially 0,8210 0,0002
ripple 4,6052 0,0011
once 0,7985 0,0002
hint 2,9957 0,0007
higher 0,7985 0,0002
assessed 3,5066 0,0008
saad 3,9120 0,0009
figures 2,6593 0,0006
lesotho 4,6052 0,0011
records 1,5141 0,0004
idea 1,1712 0,0003
kim 2,1203 0,0005
brett 2,9957 0,0007
kin 2,8134 0,0007
snapchat 3,9120 0,0009
backing 2,9957 0,0007
annunziata 4,6052 0,0011
throughout 1,6094 0,0004
anonymity 2,9957 0,0007
charting 4,6052 0,0011
meynkhard 4,6052 0,0011
successful 1,2379 0,0003
pushback 4,6052 0,0011
normal 0,0202 0,0000
criticised 3,9120 0,0009
encourages 2,5257 0,0006
grellet 3,9120 0,0009
consumption 1,4697 0,0003
technology 0,2357 0,0001
tulip 3,9120 0,0009
yapian 4,6052 0,0011
jeongyeup 4,6052 0,0011
hiltzik 3,9120 0,0009
justina 4,6052 0,0011
wgcitereferencepreviewsactive 0,0000 0,0000
bangladesh 3,2189 0,0007
dajani 4,6052 0,0011
comparative 2,9957 0,0007
hesitant 3,9120 0,0009
matthews 3,9120 0,0009
hack 1,7148 0,0004
tripled 4,6052 0,0011
moldova 4,6052 0,0011
seconds 0,0619 0,0000
children 2,1203 0,0005
road 1,8326 0,0004
justify 1,8326 0,0004
review 0,7340 0,0002
tighten 3,9120 0,0009
between 0,2107 0,0000
guide 0,3711 0,0001
pagevariantfallbacks 0,0000 0,0000
efficiency 0,8916 0,0002
bitgo 3,5066 0,0008
goal 1,0788 0,0003
halved 3,5066 0,0008
lending 3,9120 0,0009
natural 1,2040 0,0003
arising 3,2189 0,0007
numismatics 3,5066 0,0008
baseline 1,8326 0,0004
banker 3,5066 0,0008
panelist 4,6052 0,0011
following 0,3857 0,0001
substantially 2,6593 0,0006
amos 3,9120 0,0009
managerial 4,6052 0,0011
skyrockets 3,9120 0,0009
james 0,9676 0,0002
range 0,9416 0,0002
feature 0,0000 0,0000
place 0,8440 0,0002
regular 1,2379 0,0003
solinas 4,6052 0,0011
informed 2,2073 0,0005
dispute 2,1203 0,0005
bigger 2,5257 0,0006
broadcasts 3,9120 0,0009
lead 0,9943 0,0002
token 1,9661 0,0005
site 0,0000 0,0000
cease 3,5066 0,0008
assess 2,4079 0,0006
elements 0,6349 0,0001
responses 2,0402 0,0005
currencies 3,2189 0,0007
argument 0,0513 0,0000
alevtina 4,6052 0,0011
begun 2,2073 0,0005
wgpageviewlanguage 0,0000 0,0000
leaders 2,2073 0,0005
remittances 3,9120 0,0009
crashes 3,5066 0,0008
specialised 3,9120 0,0009
ftse 4,6052 0,0011
growing 1,3093 0,0003
tetchange 4,6052 0,0011
assets 2,1203 0,0005
accesskey 0,0000 0,0000
armchair 4,6052 0,0011
describing 1,2730 0,0003
plain 1,5141 0,0004
crashed 3,9120 0,0009
only 0,2107 0,0000
should 0,3711 0,0001
justice 2,5257 0,0006
tae 4,6052 0,0011
tasked 3,2189 0,0007
mechanisms 1,2730 0,0003
whoppercoin 3,2189 0,0007
slovenian 3,2189 0,0007
taylor 2,2073 0,0005
individual 0,8916 0,0002
filed 2,8134 0,0007
goes 1,6094 0,0004
netherlands 2,3026 0,0005
sackey 4,6052 0,0011
tax 1,8971 0,0004
posed 2,9957 0,0007
crypto 2,3026 0,0005
mobilecoin 3,2189 0,0007
jamie 2,9957 0,0007
capitalization 3,2189 0,0007
favours 4,6052 0,0011
person 1,2730 0,0003
zenminer 4,6052 0,0011
safe 0,9163 0,0002
files 0,8440 0,0002
potentially 0,7765 0,0002
favorites 3,9120 0,0009
covering 2,4079 0,0006
week 1,4697 0,0003
acknowledged 3,2189 0,0007
instances 1,4271 0,0003
sociology 3,5066 0,0008
distinct 1,3471 0,0003
hedge 4,6052 0,0011
aware 1,9661 0,0005
can 0,0408 0,0000
computing 0,4005 0,0001
cap 2,3026 0,0005
paris 2,5257 0,0006
wgcanonicalnamespace 0,0000 0,0000
flex 0,5276 0,0001
ready 0,0000 0,0000
taxing 4,6052 0,0011
alarm 2,9957 0,0007
studies 1,5141 0,0004
said 1,0788 0,0003
terawatt 3,9120 0,0009
greatest 2,6593 0,0006
winklevoss 3,5066 0,0008
wgisredirect 0,0000 0,0000
limited 0,0000 0,0000
studied 2,4079 0,0006
february 0,0000 0,0000
fault 1,2379 0,0003
garantex 4,6052 0,0011
welle 4,6052 0,0011
macau 4,6052 0,0011
corresponding 1,3863 0,0003
response 0,8675 0,0002
accrued 4,6052 0,0011
counterparts 2,8134 0,0007
responsive 0,0202 0,0000
collectable 3,9120 0,0009
counterparty 3,2189 0,0007
stanley 2,9957 0,0007
category 0,3147 0,0001
rival 3,2189 0,0007
wikidata 0,0000 0,0000
callparserfunction 1,4271 0,0003
