allison 3,9120 0,0013
german 1,6607 0,0005
reuse 1,8971 0,0006
half 1,7148 0,0006
latina 1,4697 0,0005
numerous 1,3863 0,0005
upload 0,0000 0,0000
multitasking 2,2073 0,0007
tiling 3,9120 0,0013
hall 1,3471 0,0004
wggelevelingupenabledforuser 0,0000 0,0000
wgrestrictionmove 0,0000 0,0000
selinux 3,5066 0,0012
remote 0,9163 0,0003
without 0,2744 0,0001
morton 3,9120 0,0013
would 0,3425 0,0001
xitimonitor 4,6052 0,0015
calculate 2,0402 0,0007
subtly 3,9120 0,0013
sister 1,6094 0,0005
userland 2,8134 0,0009
wgstablerevisionid 2,8134 0,0009
eweek 2,6593 0,0009
nova 2,2073 0,0007
successfully 1,5141 0,0005
monodevelop 3,5066 0,0012
solid 0,0202 0,0000
devices 1,9661 0,0006
meanwhile 2,8134 0,0009
notably 1,8326 0,0006
minicomputer 3,2189 0,0011
optional 1,3093 0,0004
require 0,0000 0,0000
scratch 2,1203 0,0007
analysis 0,5108 0,0002
rewrite 1,2040 0,0004
scribunto 0,0000 0,0000
cooperative 1,7720 0,0006
strategist 4,6052 0,0015
mcallister 3,5066 0,0012
size 0,0000 0,0000
util 3,9120 0,0013
left 0,0408 0,0000
cdx 0,0000 0,0000
ewing 3,9120 0,0013
much 0,6931 0,0002
object 0,3711 0,0001
humble 2,9957 0,0010
accessible 1,1712 0,0004
chapter 1,1712 0,0004
commodity 2,4079 0,0008
flight 2,5257 0,0008
cygwin 3,2189 0,0011
ture 2,6593 0,0009
developerworks 3,9120 0,0013
lombard 1,1712 0,0004
role 0,8916 0,0003
achieve 0,7985 0,0005
ahead 1,7148 0,0006
anybody 3,5066 0,0012
weil 4,6052 0,0015
roll 1,9661 0,0013
yellow 2,9957 0,0010
gsub 1,7148 0,0006
notable 1,1394 0,0004
heather 3,9120 0,0013
turn 1,0498 0,0007
hans 2,5257 0,0008
example 0,2485 0,0002
result 0,2231 0,0001
same 0,2357 0,0001
after 0,0305 0,0000
headline 0,0000 0,0000
solaris 1,7148 0,0006
xos 3,9120 0,0013
policy 0,0000 0,0000
kerala 3,9120 0,0013
kernel 1,2379 0,0004
artistic 3,2189 0,0011
sublicense 3,9120 0,0013
pagelanguagecode 0,0000 0,0000
gnv 3,5066 0,0012
gnu 1,1087 0,0004
platypux 3,9120 0,0013
transientcontent 0,0000 0,0000
kylix 3,9120 0,0013
subtle 0,3285 0,0001
component 0,3147 0,0001
licenses 2,9957 0,0010
sale 1,6607 0,0005
suite 1,2040 0,0004
blue 1,8326 0,0006
memcpy 4,6052 0,0015
korora 3,9120 0,0013
timeline 1,0788 0,0004
information 0,0000 0,0000
arch 2,3026 0,0008
plasma 3,9120 0,0013
wrap 0,0101 0,0000
novel 2,2073 0,0007
kylin 3,5066 0,0012
standard 0,2357 0,0002
november 0,0000 0,0000
sylviu 4,6052 0,0015
gos 3,9120 0,0013
good 0,4155 0,0003
dominate 2,3026 0,0008
empty 0,0305 0,0000
institution 2,0402 0,0007
garuda 3,9120 0,0013
sanchez 3,5066 0,0012
besides 2,5257 0,0008
fullversionlist 0,0000 0,0000
tim 1,0498 0,0003
implement 0,3285 0,0002
gracefully 3,9120 0,0013
grievance 4,6052 0,0015
lite 2,4079 0,0008
export 0,0000 0,0000
kaffe 4,6052 0,0015
gpl 2,2073 0,0007
shipment 2,9957 0,0010
lisp 1,7720 0,0006
pay 1,1712 0,0008
check 0,7985 0,0003
list 0,0000 0,0000
andrew 1,0498 0,0003
lack 0,5447 0,0002
wxbasic 4,6052 0,0015
external 0,1863 0,0001
labs 1,2730 0,0004
peppermint 3,9120 0,0013
ingenuity 4,6052 0,0015
success 1,2379 0,0004
vowel 3,9120 0,0013
authority 0,4780 0,0002
onwards 2,8134 0,0009
child 0,0202 0,0000
unclassified 3,5066 0,0012
mainentity 0,0000 0,0000
regional 2,6593 0,0009
young 2,4079 0,0008
germany 0,5798 0,0002
cio 2,9957 0,0010
backbox 3,9120 0,0013
medium 1,4271 0,0005
interface 0,2485 0,0002
sculpt 4,6052 0,0015
remove 0,3711 0,0002
disclaimers 0,0000 0,0000
samsung 2,2073 0,0007
providex 4,6052 0,0015
root 0,4780 0,0002
disambiguation 1,5606 0,0005
wgisprobablyeditable 0,0000 0,0000
patrick 2,0402 0,0007
standardized 1,8971 0,0006
compiler 1,3093 0,0009
bruce 1,8326 0,0006
ligure 2,5257 0,0008
live 1,1712 0,0004
murdock 4,6052 0,0015
citation 0,0101 0,0000
approval 2,1203 0,0007
mobile 0,0000 0,0000
multiple 0,2485 0,0001
perform 0,4463 0,0001
evolution 1,3471 0,0004
pda 3,9120 0,0013
expose 1,4271 0,0005
versus 1,7720 0,0006
plainlist 0,4463 0,0001
pdf 0,0000 0,0000
china 1,6094 0,0005
computerworld 1,7148 0,0006
service 0,1393 0,0001
there 0,2614 0,0001
permit 1,3093 0,0013
analyst 2,0402 0,0007
well 0,2744 0,0002
magazine 0,9943 0,0007
outlook 3,2189 0,0011
pagetype 1,0788 0,0004
bitness 0,0000 0,0000
rgba 0,0101 0,0000
focus 0,6733 0,0004
american 0,8440 0,0003
corel 3,9120 0,0013
onyx 4,6052 0,0015
entire 0,8675 0,0003
unpaid 4,6052 0,0015
utilities 3,2189 0,0011
approach 0,3711 0,0001
emui 3,5066 0,0012
precursor 2,2073 0,0007
block 0,0408 0,0000
write 0,1508 0,0001
flow 0,3425 0,0001
microcomputer 2,5257 0,0008
gtk 2,9957 0,0010
cli 1,5141 0,0005
opensolaris 2,6593 0,0009
aria 0,0000 0,0000
boxtext 0,0619 0,0000
corporation 1,0498 0,0003
understand 0,6162 0,0002
dismiss 2,9957 0,0010
theodore 3,5066 0,0012
libreoffice 2,8134 0,0009
macintosh 2,2073 0,0007
indonesia 0,3567 0,0001
intel 1,6094 0,0005
propose 1,0788 0,0007
slowly 2,3026 0,0008
intelligence 0,8916 0,0003
minix 2,8134 0,0009
ever 1,3863 0,0005
mutation 2,3026 0,0008
million 0,9416 0,0003
andalusia 4,6052 0,0015
borland 3,2189 0,0011
even 0,0513 0,0000
install 1,3093 0,0009
binary 0,9943 0,0003
transparency 1,8326 0,0006
integration 0,4620 0,0002
esperanto 0,7133 0,0002
tagline 0,0000 0,0000
gui 1,3471 0,0009
remix 2,8134 0,0009
regexp 0,0000 0,0000
hundred 1,4271 0,0005
subsection 0,1508 0,0000
wgeditsubmitbuttonlabelpublish 0,0000 0,0000
enlightenment 4,6052 0,0015
gut 4,6052 0,0015
illumos 3,5066 0,0012
duval 4,6052 0,0015
boarisch 1,9661 0,0006
toc 0,0000 0,0000
protection 0,4463 0,0001
respectively 1,3863 0,0005
functionality 0,6539 0,0002
digitalocean 2,1203 0,0007
matter 1,2379 0,0008
wgpagecontentmodel 0,0000 0,0000
top 0,0000 0,0000
native 0,8916 0,0003
technica 1,3093 0,0004
too 0,8916 0,0003
have 0,2744 0,0003
powerpc 2,8134 0,0009
hobbyist 2,3026 0,0015
malloc 3,2189 0,0011
gaming 1,8971 0,0006
product 0,4005 0,0001
particularly 0,9943 0,0003
dominant 1,7148 0,0006
question 0,9416 0,0003
serenityos 3,5066 0,0012
premier 4,6052 0,0015
cheap 1,8971 0,0006
produce 0,6931 0,0002
picture 2,1203 0,0007
wgnamespacenumber 0,0000 0,0000
framework 0,2877 0,0001
hacker 1,3471 0,0009
impractical 3,2189 0,0011
wgwmepagelength 0,0000 0,0000
php 1,3471 0,0004
entity 0,0101 0,0000
rosa 3,2189 0,0011
thousand 1,5141 0,0010
com 0,8210 0,0003
col 0,9943 0,0003
prohibit 2,3026 0,0015
con 2,9957 0,0010
expensivefunctioncount 0,0000 0,0000
pia 3,9120 0,0013
pioneering 3,9120 0,0013
anchorencode 2,8134 0,0009
bryan 2,4079 0,0008
lab 1,3863 0,0005
weta 4,6052 0,0015
cox 3,2189 0,0011
fltk 4,6052 0,0015
mageia 3,9120 0,0013
associate 0,6931 0,0002
platforms 1,4697 0,0005
timeusage 0,0000 0,0000
hoyer 4,6052 0,0015
sifry 4,6052 0,0015
automation 0,7550 0,0002
pin 0,0000 0,0000
academic 1,3093 0,0004
frysk 2,6593 0,0009
whether 0,7765 0,0003
function 0,0000 0,0000
west 2,2073 0,0007
gpl'ed 3,9120 0,0013
matthew 1,9661 0,0006
comparison 0,4005 0,0001
law 1,2379 0,0008
void 2,1203 0,0007
everyone 1,9661 0,0006
inshanally 4,6052 0,0015
cpu 0,0408 0,0000
infobox 0,6931 0,0002
italics 2,4079 0,0008
sway 4,6052 0,0015
less 0,6162 0,0002
basis 1,1087 0,0004
affected 3,9120 0,0013
condition 1,2040 0,0004
improve 0,2485 0,0002
obligation 2,8134 0,0009
october 0,0000 0,0000
try 0,9676 0,0003
basic 0,6539 0,0002
mcmillan 2,8134 0,0009
specialized 1,3471 0,0004
chicken 3,5066 0,0012
complication 0,0513 0,0000
locate 1,6094 0,0005
university 0,5621 0,0004
cause 0,6162 0,0002
mapper 2,8134 0,0009
yabasic 4,6052 0,0015
wikiquote 1,7148 0,0006
jquery 0,0000 0,0000
scripting 1,2040 0,0004
unity 2,9957 0,0010
times 1,3093 0,0004
pedro 2,4079 0,0008
design 0,1393 0,0001
distros 4,6052 0,0015
working 1,3471 0,0004
timeless 0,0101 0,0000
direction 1,2379 0,0004
gnome 2,4079 0,0008
vlams 3,2189 0,0011
accord 0,5108 0,0002
luasandboxcallback 1,4271 0,0005
lamp 3,5066 0,0012
wgwmeschemaeditattemptstepoversample 0,0000 0,0000
readme 3,2189 0,0011
ttl 0,0000 0,0000
lojban 2,8134 0,0009
industrial 1,5606 0,0005
encyclopedia 0,0000 0,0000
conduct 0,0000 0,0000
quantitative 2,6593 0,0009
stable 0,7133 0,0002
mmap 3,9120 0,0013
formerly 1,2040 0,0004
rowe 3,9120 0,0013
cluster 1,2379 0,0008
abovebelow 0,0943 0,0000
marshmallow 3,5066 0,0012
slackware 3,9120 0,0013
discussion 1,3093 0,0004
netbsd 2,5257 0,0008
robbins 3,9120 0,0013
liberty 3,2189 0,0011
stats 2,4079 0,0008
befehle 4,6052 0,0015
gfortran 4,6052 0,0015
lesser 4,6052 0,0015
tux 4,6052 0,0015
merge 1,6607 0,0005
pref 0,0000 0,0000
mutt 4,6052 0,0015
state 0,3425 0,0003
csrftoken 0,0000 0,0000
press 0,5621 0,0002
meeting 1,7720 0,0006
element 0,0000 0,0000
archbang 3,9120 0,0013
chaos 2,5257 0,0008
separately 1,5606 0,0005
cengage 3,9120 0,0013
crdroid 3,9120 0,0013
wtfpl 3,5066 0,0012
night 0,0000 0,0000
want 0,8675 0,0003
forecast 1,8971 0,0006
qaraqalpaqsha 1,1712 0,0004
processor 1,1394 0,0007
each 0,1393 0,0000
mediawiki 1,0788 0,0004
cub 3,9120 0,0013
input 0,0000 0,0000
musl 3,5066 0,0012
groovy 2,4079 0,0008
toolkit 1,5141 0,0010
kerrisk 3,9120 0,0013
stanford 2,1203 0,0007
difference 0,8916 0,0003
must 0,4620 0,0002
demonstration 2,8134 0,0009
asahi 3,2189 0,0011
circle 2,9957 0,0010
datawrapper 1,6094 0,0005
unpinned 0,0000 0,0000
sophisticated 1,8326 0,0006
entertainment 2,2073 0,0007
probably 2,3026 0,0008
precursors 3,9120 0,0013
alemannisch 2,3026 0,0008
vkernel 2,3026 0,0008
availability 1,1394 0,0004
two 0,2744 0,0001
perens 3,9120 0,0013
pop 1,6607 0,0005
promote 1,3093 0,0004
found 1,2379 0,0004
routine 1,8326 0,0006
caixa 3,9120 0,0013
moody 4,6052 0,0015
wubuntu 3,9120 0,0013
tozzi 4,6052 0,0015
initialization 2,4079 0,0008
attach 1,8326 0,0006
distribute 0,3857 0,0005
escape 2,1203 0,0007
graphic 1,6094 0,0005
creation 0,7985 0,0003
datepublished 0,0000 0,0000
situation 1,2379 0,0004
pend 2,4079 0,0008
receive 0,7340 0,0002
think 0,9676 0,0003
shells 4,6052 0,0015
correspondence 2,9957 0,0010
budgie 3,9120 0,0013
services 1,1087 0,0004
team 0,4943 0,0003
entirely 1,5141 0,0005
kolivas 4,6052 0,0015
marketing 1,2730 0,0004
wgusername 0,0000 0,0000
principle 0,7985 0,0005
attend 2,6593 0,0009
smith 1,7148 0,0006
juan 2,9957 0,0010
source 0,1393 0,0001
ultrix 3,2189 0,0011
align 0,0101 0,0000
secure 1,0217 0,0003
blender 3,5066 0,0012
domestic 2,6593 0,0009
initiate 2,1203 0,0007
lin 2,6593 0,0009
detergent 4,6052 0,0015
hal 1,9661 0,0006
hak 2,3026 0,0008
compile 1,1712 0,0008
late 0,4155 0,0003
school 1,5141 0,0005
separation 1,9661 0,0006
continue 0,6931 0,0002
scheduling 1,5606 0,0005
tile 2,9957 0,0010
hat 1,4697 0,0005
advantageous 3,9120 0,0013
sabily 3,9120 0,0013
last 0,0000 0,0000
imageright 0,2614 0,0001
adapt 1,4271 0,0005
widely 0,7985 0,0003
eric 1,1394 0,0004
mozilla 1,8326 0,0006
weight 0,0101 0,0000
develop 0,1863 0,0002
pro 1,6094 0,0005
technologies 1,0788 0,0004
measure 0,9416 0,0009
libranet 3,9120 0,0013
overall 1,1394 0,0004
page 0,0000 0,0000
assume 1,6094 0,0011
compatibility 0,9416 0,0003
jikes 4,6052 0,0015
full 0,0202 0,0000
syscall 4,6052 0,0015
capsule 3,9120 0,0013
freax 4,6052 0,0015
away 1,4271 0,0005
memory 0,0408 0,0000
concept 0,3711 0,0001
effort 0,8916 0,0003
video 0,8210 0,0003
freak 3,5066 0,0012
minimal 1,2730 0,0004
bootloader 3,5066 0,0012
hyprland 4,6052 0,0015
perl 1,3093 0,0004
truelist 4,6052 0,0015
early 0,4308 0,0001
overview 0,5447 0,0002
llc 1,7720 0,0006
center 0,0000 0,0000
purchase 1,5141 0,0010
start 0,3011 0,0003
configure 1,3093 0,0004
windows 0,7985 0,0003
engineer 0,7765 0,0003
manage 0,3567 0,0002
frugalware 3,9120 0,0013
neutralize 4,6052 0,0015
mcilroy 3,5066 0,0012
silicon 2,4079 0,0008
vectorlinux 3,9120 0,0013
fund 1,8971 0,0006
infrastructure 0,6733 0,0002
tanenbaum 3,5066 0,0012
wikimedia 0,0000 0,0000
recipient 2,4079 0,0008
typical 1,1394 0,0004
initially 1,0788 0,0004
short 0,0000 0,0000
time 0,0000 0,0000
pub 2,8134 0,0009
quotation 1,7720 0,0006
nixos 3,9120 0,0013
studio 1,3471 0,0009
sfml 4,6052 0,0015
interactive 0,4463 0,0001
lmi 4,6052 0,0015
program 0,2614 0,0003
hyperos 3,9120 0,0013
three 0,3711 0,0001
put 0,9416 0,0003
elive 3,9120 0,0013
keith 2,5257 0,0008
loongson 4,6052 0,0015
specifically 0,8916 0,0003
enter 1,2040 0,0008
hardware 0,5798 0,0002
linuxuser 4,6052 0,0015
getentitystatement 2,5257 0,0008
russian 1,8971 0,0006
standalone 2,0402 0,0007
paging 2,5257 0,0008
philosophy 1,1712 0,0004
priority 1,4697 0,0005
dynamically 1,8326 0,0006
creative 0,0000 0,0000
nederlands 0,1985 0,0001
chris 1,2040 0,0004
multiimageinner 3,2189 0,0011
provide 0,1625 0,0002
light 1,3093 0,0004
tiny 2,9957 0,0010
nitix 3,9120 0,0013
niche 3,2189 0,0011
marketshare 4,6052 0,0015
centos 2,8134 0,0009
primary 0,7765 0,0003
supercomputer 2,0402 0,0013
log 0,0000 0,0000
enterprise 0,4463 0,0001
falcon 3,5066 0,0012
reliability 1,1712 0,0004
wgcheckuserclienthintsheadersjsapi 0,0000 0,0000
solar 2,6593 0,0009
topologilinux 3,9120 0,0013
euskara 0,5108 0,0002
mailing 1,8971 0,0006
pws 2,9957 0,0010
layer 0,7340 0,0002
smart 1,2379 0,0004
accidental 2,6593 0,0009
lot 1,5606 0,0005
los 2,5257 0,0008
computer 0,1863 0,0001
low 0,0101 0,0000
timingprofile 0,0000 0,0000
minimalist 3,2189 0,0011
consult 3,9120 0,0013
sleepycat 3,2189 0,0011
theme 0,0000 0,0000
pxe 2,5257 0,0008
ettrich 4,6052 0,0015
wgcategory 0,0000 0,0000
editor 0,0000 0,0000
means 1,0217 0,0003
postexpandincludesize 0,0000 0,0000
extremadura 4,6052 0,0015
busybox 3,9120 0,0013
harald 3,5066 0,0012
initial 0,3857 0,0001
unstrip 0,0000 0,0000
symbiotic 4,6052 0,0015
rusty 3,9120 0,0013
sshd 4,6052 0,0015
ansi 2,2073 0,0007
sabayon 3,9120 0,0013
templateargumentsize 0,0000 0,0000
unsourced 0,5621 0,0002
wheeler 3,2189 0,0011
january 0,0000 0,0000
permanent 0,0000 0,0000
asturianu 1,2730 0,0004
choice 1,0498 0,0003
facility 1,0498 0,0003
small 0,0305 0,0000
quick 1,3863 0,0005
before 0,0305 0,0000
theader 3,2189 0,0011
replace 0,7340 0,0010
italic 0,1278 0,0000
dan 0,9943 0,0003
euleros 3,9120 0,0013
copyable 4,6052 0,0015
trek 3,2189 0,0011
systemrescue 3,9120 0,0013
major 0,5621 0,0002
controversies 3,5066 0,0012
interrupt 2,2073 0,0007
worldwide 1,4271 0,0005
bear 2,5257 0,0008
consider 0,4005 0,0003
day 0,0000 0,0000
stallman 3,2189 0,0011
combination 1,0788 0,0004
group 0,0408 0,0000
coworker 4,6052 0,0015
obtain 1,3471 0,0004
gross 3,5066 0,0012
uptake 3,9120 0,0013
dreamhost 4,6052 0,0015
cyborgs 4,6052 0,0015
helsinki 4,6052 0,0015
format 0,0101 0,0000
tree 1,1394 0,0004
archive 0,0943 0,0001
wolof 3,5066 0,0012
history 0,0000 0,0000
eclipse 1,7720 0,0006
reciprocity 4,6052 0,0015
funet 4,6052 0,0015
lsb 3,9120 0,0013
request 0,6733 0,0004
manjaro 3,5066 0,0012
mathematics 1,5141 0,0005
mike 1,2040 0,0004
wgrestrictionedit 0,0000 0,0000
part 0,1985 0,0001
wgpageparsereport 0,0000 0,0000
numeric 1,8326 0,0006
allusion 4,6052 0,0015
percent 1,7720 0,0006
textbooks 1,7720 0,0006
corsu 2,9957 0,0010
principal 2,2073 0,0007
tvos 3,5066 0,0012
general 0,0000 0,0000
netbook 3,5066 0,0023
september 0,0000 0,0000
andries 4,6052 0,0015
oops 3,5066 0,0012
tivo 3,9120 0,0013
gartner 2,3026 0,0008
introduction 0,5621 0,0002
splashtop 3,9120 0,0013
padding 0,0000 0,0000
process 0,1625 0,0001
cpus 2,1203 0,0007
alternative 0,6931 0,0005
clear 0,0101 0,0000
croce 4,6052 0,0015
ltr 0,0000 0,0000
cymraeg 1,4697 0,0005
awio 4,6052 0,0015
diamond 3,2189 0,0011
sunwah 3,9120 0,0013
someone 2,0402 0,0007
third 0,5447 0,0002
build 0,2357 0,0002
approve 1,7148 0,0006
mean 0,4463 0,0003
shuttleworth 4,6052 0,0015
wireless 1,7720 0,0006
further 0,3711 0,0001
sicilianu 2,9957 0,0010
account 0,0000 0,0000
methodology 1,2040 0,0004
lug 4,6052 0,0030
electronics 1,5141 0,0005
stack 0,7340 0,0005
dansk 0,5798 0,0002
barry 2,4079 0,0008
supercomputing 3,2189 0,0011
gardiner 4,6052 0,0015
advance 1,0788 0,0007
inode 2,4079 0,0008
mobilinux 3,5066 0,0012
casually 3,9120 0,0013
darwin 2,6593 0,0009
kroah 3,9120 0,0013
ugi 2,6593 0,0009
record 0,7765 0,0003
diverse 2,4079 0,0008
abbr 0,0619 0,0000
asturix 3,9120 0,0013
beer 2,9957 0,0010
you 0,0000 0,0000
announcement 1,9661 0,0006
jump 0,0000 0,0000
lvm 4,6052 0,0015
carefully 2,0402 0,0007
impact 0,9163 0,0003
profile 1,0788 0,0004
mainstream 1,9661 0,0006
irix 3,2189 0,0011
july 0,0000 0,0000
easy 0,6733 0,0002
whose 1,3471 0,0004
steamos 3,2189 0,0011
lubuntu 3,9120 0,0013
route 1,6094 0,0005
domain 0,6931 0,0005
openlinux 3,9120 0,0013
pase 3,5066 0,0012
conventionally 3,2189 0,0011
lazarus 3,5066 0,0012
statcounter 2,8134 0,0009
relative 1,6607 0,0005
compare 0,9416 0,0003
subgroup 0,0513 0,0000
mascot 2,9957 0,0010
technologist 3,2189 0,0011
bharat 3,5066 0,0012
pixar 3,9120 0,0013
hot 2,6593 0,0009
transparent 0,0619 0,0000
how 0,0834 0,0000
mint 3,2189 0,0011
adoption 0,8675 0,0003
journal 0,4780 0,0002
peter 0,8210 0,0003
unlike 1,2040 0,0004
assembly 1,3471 0,0004
phoronix 3,9120 0,0013
term 0,0000 0,0000
rigid 2,8134 0,0009
sparc 2,4079 0,0008
mind 1,6094 0,0005
chip 1,5141 0,0005
business 0,3425 0,0002
mini 0,0619 0,0000
hpl 4,6052 0,0015
mordor 4,6052 0,0015
tail 3,2189 0,0011
microkernel 2,3026 0,0008
staff 1,7720 0,0006
partly 2,8134 0,0009
possible 0,5276 0,0002
right 0,0101 0,0000
executable 1,3093 0,0004
idref 2,0402 0,0007
march 0,0000 0,0000
mutter 4,6052 0,0015
june 0,0000 0,0000
wikitext 0,0000 0,0000
series 0,5798 0,0002
compositing 4,6052 0,0015
inch 3,2189 0,0011
paul 0,7765 0,0003
under 0,0101 0,0000
penguin 2,6593 0,0009
backtrack 3,5066 0,0012
represent 0,5978 0,0004
compete 2,0402 0,0007
die 2,6593 0,0009
ryan 1,6094 0,0005
hollywood 3,9120 0,0013
cddl 3,5066 0,0012
sometimes 0,6931 0,0002
promise 1,5141 0,0005
autocapitalize 0,0000 0,0000
hold 0,7985 0,0008
div 0,0000 0,0000
trail 2,4079 0,0008
later 0,4005 0,0001
strauss 4,6052 0,0015
fruition 3,9120 0,0013
bracket 0,0619 0,0000
legal 1,1712 0,0004
wgpagename 0,0000 0,0000
talk 0,0000 0,0000
linpus 3,9120 0,0013
computational 1,2040 0,0004
richard 0,9676 0,0003
angeles 2,5257 0,0008
linhes 3,9120 0,0013
static 1,0217 0,0003
commonly 0,6931 0,0002
test 0,4463 0,0001
finally 1,4271 0,0005
hatnote 0,2107 0,0001
audioos 3,5066 0,0012
brown 1,8971 0,0006
freedomhec 4,6052 0,0015
mips 2,9957 0,0010
publicly 1,6094 0,0005
linksvayer 4,6052 0,0015
pinnable 0,0000 0,0000
take 0,2877 0,0004
vision 1,1394 0,0004
wgrevisionid 0,0000 0,0000
relatively 1,0498 0,0003
toyota 2,8134 0,0009
santhanam 4,6052 0,0015
some 0,1744 0,0001
cinnamon 3,9120 0,0013
virtual 0,4620 0,0002
beginning 1,8326 0,0012
rather 0,5978 0,0002
commonality 3,2189 0,0011
importance 2,0402 0,0007
additional 0,0000 0,0000
back 0,6349 0,0002
endless 3,5066 0,0012
training 1,4697 0,0005
nextstep 3,2189 0,0011
title 0,0000 0,0000
patroltoken 0,0000 0,0000
kongoni 3,9120 0,0013
primarily 0,9943 0,0003
states 0,4943 0,0002
telecommunications 2,4079 0,0008
trow 3,2189 0,0011
yum 4,6052 0,0015
load 0,0202 0,0000
zdnet 1,4697 0,0005
fortran 1,8326 0,0006
randolph 3,9120 0,0013
alpha 0,0101 0,0000
company 0,4308 0,0003
reception 2,6593 0,0009
just 0,4943 0,0002
darling 3,2189 0,0011
defragmentation 2,4079 0,0008
kaios 3,5066 0,0012
custom 0,0000 0,0000
kiswahili 1,2730 0,0004
permission 1,6607 0,0005
raymond 1,9661 0,0006
vahcuengh 3,5066 0,0012
home 0,8675 0,0003
michael 0,7133 0,0002
schedule 1,1087 0,0004
print 0,0000 0,0000
although 0,6162 0,0002
blackberry 2,9957 0,0010
inherit 0,0101 0,0000
macdonald 4,6052 0,0015
phonos 3,5066 0,0012
iron 2,4079 0,0008
ingo 3,9120 0,0013
articles 1,0217 0,0003
president 1,9661 0,0006
dolnoserbski 3,5066 0,0012
miui 3,5066 0,0012
hut 4,6052 0,0015
bergelt 4,6052 0,0015
royalty 2,9957 0,0010
variants 2,3026 0,0008
attempt 0,8440 0,0006
dmy 0,0000 0,0000
executive 1,5606 0,0005
tablet 2,0402 0,0013
navigation 0,0000 0,0000
sony 2,8134 0,0009
tape 1,8971 0,0006
dna 2,8134 0,0009
supplier 2,2073 0,0007
uos 3,9120 0,0013
action 0,0000 0,0000
guidelines 1,8326 0,0006
lock 0,0101 0,0000
text 0,0000 0,0000
usually 0,4780 0,0002
whereas 1,4271 0,0005
init 2,8134 0,0009
python 0,6539 0,0002
ppvisitednode 0,0000 0,0000
cookie 0,0000 0,0000
portmanteau 3,2189 0,0011
printer 2,2073 0,0007
sdlbasic 3,9120 0,0013
stall 2,6593 0,0009
loading 0,0000 0,0000
bell 1,9661 0,0006
distributions 3,9120 0,0013
broadcasting 3,2189 0,0011
schwartz 3,9120 0,0013
contents 0,0000 0,0000
replicant 3,9120 0,0013
biological 2,2073 0,0007
dog 2,9957 0,0010
doi 0,4155 0,0001
status 0,0000 0,0000
mage 3,9120 0,0013
server 0,4005 0,0003
logicmonitor 4,6052 0,0015
anvin 4,6052 0,0015
floppy 3,2189 0,0011
hyundai 3,5066 0,0012
ovensfeed 4,6052 0,0015
anatomy 2,9957 0,0010
enrol 4,6052 0,0015
dot 0,8210 0,0003
skin 0,0000 0,0000
dos 1,7720 0,0006
tailor 2,2073 0,0007
mac 1,3471 0,0004
rebrand 2,5257 0,0008
summer 1,6607 0,0005
eight 1,8326 0,0006
outlaws 4,6052 0,0015
robert 0,9676 0,0003
file 0,0000 0,0000
government 1,2379 0,0008
legally 2,6593 0,0009
stream 1,0788 0,0007
laundry 4,6052 0,0015
steve 1,1394 0,0004
meego 3,5066 0,0012
libre 2,9957 0,0010
man 1,8326 0,0006
stand 1,1712 0,0004
map 0,8210 0,0003
natty 4,6052 0,0015
wgnoticeproject 0,0000 0,0000
surfaceflinger 4,6052 0,0015
together 0,5978 0,0002
twenty 2,8134 0,0009
benz 3,5066 0,0012
may 0,0000 0,0000
max 0,0513 0,0000
within 0,3011 0,0001
strike 2,8134 0,0009
smack 4,6052 0,0015
bentson 4,6052 0,0015
health 1,5606 0,0005
menu 0,0000 0,0000
url 0,0000 0,0000
machine 0,2744 0,0002
able 0,9943 0,0003
websites 3,2189 0,0011
vetter 4,6052 0,0015
return 0,0000 0,0000
gentoo 2,9957 0,0010
mail 2,2073 0,0007
usb 2,0402 0,0007
use 0,0000 0,0000
main 0,0000 0,0000
networking 1,5606 0,0005
serve 1,0217 0,0003
mcc 3,9120 0,0013
wright 2,0402 0,0007
radio 1,6607 0,0005
karen 2,9957 0,0010
solution 0,5621 0,0002
find 0,3425 0,0003
monopoly 3,2189 0,0011
stahe 4,6052 0,0015
host 0,6539 0,0004
logo 0,0000 0,0000
commercialization 4,6052 0,0015
dri 4,6052 0,0015
wikisource 2,9957 0,0010
international 0,3011 0,0001
compositor 3,9120 0,0013
drm 2,9957 0,0010
combine 0,7340 0,0007
clutter 4,6052 0,0015
textbook 2,3026 0,0008
utc 0,0000 0,0000
malagasy 2,4079 0,0008
difficult 0,9163 0,0003
canonical 0,0408 0,0000
film 1,8971 0,0006
sort 1,5606 0,0005
sistersitebox 0,6539 0,0002
forget 2,6593 0,0009
originate 1,6094 0,0005
professor 2,3026 0,0008
wgcurrevisionid 0,0000 0,0000
task 0,5108 0,0002
null 0,0000 0,0000
tmultus 3,2189 0,0011
background 0,0101 0,0000
kaisen 3,9120 0,0013
true 0,0000 0,0000
header 0,0000 0,0000
zeitgeist 3,9120 0,0013
position 1,5141 0,0005
watchtoken 0,0000 0,0000
adopters 4,6052 0,0015
astra 3,9120 0,0013
since 0,3425 0,0001
antergos 3,9120 0,0013
nexus 3,5066 0,0012
differentiation 3,2189 0,0011
hivelocity 4,6052 0,0015
mdy 1,6094 0,0005
patent 1,8971 0,0012
uuk 4,6052 0,0015
conceive 2,5257 0,0008
mako 4,6052 0,0015
foreach 0,0000 0,0000
predate 2,8134 0,0009
mesa 3,5066 0,0012
competitor 1,9661 0,0006
repeat 0,0101 0,0000
stratechery 3,9120 0,0013
louis 2,5257 0,0008
mer 3,5066 0,0012
make 0,1165 0,0001
wggestructuredtaskrejectionreasontextinputenable 0,0000 0,0000
kotlin 2,4079 0,0008
thread 1,2379 0,0004
compound 2,4079 0,0008
newsgroup 3,9120 0,0026
rapidly 2,1203 0,0007
ruby 1,0217 0,0003
gobuntu 3,9120 0,0013
conventional 1,6607 0,0005
due 0,5108 0,0002
online 0,7340 0,0002
jurix 3,9120 0,0013
qnx 2,5257 0,0008
simplify 1,1394 0,0007
dup 4,6052 0,0015
invention 1,7148 0,0011
lemmke 4,6052 0,0015
villa 4,6052 0,0015
xiaomi 3,9120 0,0013
depend 0,7340 0,0002
apparmor 3,9120 0,0013
logos 4,6052 0,0015
cover 1,2040 0,0012
dvb 4,6052 0,0015
firm 1,3863 0,0005
contribution 0,0000 0,0000
dvd 2,8134 0,0009
makefile 3,9120 0,0013
fire 1,7148 0,0006
orbit 3,5066 0,0012
comprise 2,1203 0,0007
czech 0,9163 0,0003
height 0,0101 0,0000
tweedie 4,6052 0,0015
sievers 4,6052 0,0015
august 0,0000 0,0000
module 0,0000 0,0000
fips 3,9120 0,0013
execute 0,6733 0,0002
something 1,4271 0,0005
quality 0,8916 0,0003
regex 4,6052 0,0015
miller 1,7720 0,0006
meta 1,4271 0,0005
processing 0,6162 0,0002
except 1,5141 0,0005
dwm 4,6052 0,0015
hrvatski 0,7550 0,0002
sysvinit 4,6052 0,0015
shared 2,0402 0,0007
functional 0,9943 0,0003
notheme 0,3711 0,0001
fact 1,0217 0,0007
prominent 2,3026 0,0008
examine 1,5606 0,0005
association 1,0498 0,0003
global 0,7985 0,0003
industry 0,7550 0,0002
long 0,4005 0,0003
occitan 1,8326 0,0006
into 0,1985 0,0001
outline 0,8440 0,0003
min 0,1165 0,0000
partition 1,3471 0,0004
austrumi 3,9120 0,0013
greece 2,8134 0,0009
nominal 3,5066 0,0012
ian 1,7148 0,0006
mit 1,2040 0,0004
perspective 1,3093 0,0004
howstuffworks 4,6052 0,0015
operating 0,9416 0,0003
free 0,0000 0,0000
relationship 1,0788 0,0004
fopen 4,6052 0,0015
stat 3,9120 0,0013
expression 1,3471 0,0009
middle 0,7765 0,0003
associates 2,6593 0,0009
star 2,0402 0,0007
though 0,8440 0,0003
waybar 4,6052 0,0015
chromebook 3,9120 0,0013
many 0,2357 0,0001
gordon 2,5257 0,0008
ibe 4,6052 0,0015
kubuntu 3,9120 0,0013
stay 2,1203 0,0007
appear 0,8210 0,0003
evolve 1,0498 0,0007
extensive 1,5141 0,0005
immunix 3,9120 0,0013
ibm 0,5621 0,0002
collaboration 1,1394 0,0004
khan 2,1203 0,0007
stan 2,9957 0,0010
open 0,1625 0,0001
devote 2,9957 0,0010
agent 1,3863 0,0005
tbody 0,6931 0,0002
rapid 1,3093 0,0004
trolltech 4,6052 0,0015
project 0,0000 0,0000
reputation 2,6593 0,0009
glyn 4,6052 0,0015
hexagon 3,9120 0,0013
enhancement 0,0101 0,0000
runit 4,6052 0,0015
independence 2,3026 0,0008
inside 0,0101 0,0000
mainly 1,5141 0,0005
mks 3,5066 0,0012
wikiversity 0,9676 0,0003
andrus 4,6052 0,0015
california 1,2379 0,0004
tuxedo 3,5066 0,0012
invert 2,5257 0,0008
solutions 1,8971 0,0006
guadalinex 4,6052 0,0015
idc 2,9957 0,0010
please 0,8210 0,0003
collection 0,6733 0,0002
guix 3,9120 0,0013
idg 2,1203 0,0007
look 0,7765 0,0003
modification 1,4271 0,0005
volkerding 4,6052 0,0015
daemon 2,6593 0,0017
korea 2,1203 0,0007
ido 1,2730 0,0004
inux 3,9120 0,0013
glibc 3,2189 0,0011
zenwalk 3,9120 0,0013
vital 2,9957 0,0010
internet 0,5447 0,0002
allow 0,1863 0,0001
installed 3,9120 0,0013
wired 1,2040 0,0004
dpkg 4,6052 0,0015
isbn 0,1054 0,0000
admin 2,8134 0,0009
recording 2,5257 0,0008
rule 0,5978 0,0004
update 0,4463 0,0003
derivative 1,9661 0,0006
linus 2,4079 0,0008
netfilter 4,6052 0,0015
scheduler 1,6607 0,0005
apple 1,1712 0,0004
educative 4,6052 0,0015
unixware 3,2189 0,0011
common 0,3711 0,0001
meeker 4,6052 0,0015
pamela 3,2189 0,0011
debian 1,9661 0,0006
linux 0,8916 0,0003
themselves 1,1394 0,0004
definition 0,4943 0,0003
placeholder 0,0000 0,0000
every 0,6162 0,0002
summary 1,6607 0,0005
windowing 3,5066 0,0012
basa 2,0402 0,0007
xtensa 4,6052 0,0015
apply 0,0000 0,0000
mars 4,6052 0,0015
rapidq 3,9120 0,0013
recently 1,5141 0,0005
again 1,2379 0,0004
mary 2,3026 0,0008
money 1,6094 0,0005
marc 2,3026 0,0008
jason 1,7148 0,0006
bash 3,2189 0,0011
comment 1,2730 0,0004
step 0,7765 0,0003
mark 0,6733 0,0002
base 0,0305 0,0000
anand 3,2189 0,0011
torvald 4,6052 0,0015
runa 0,9416 0,0003
gnulinex 4,6052 0,0015
binding 1,7720 0,0006
freebasic 4,6052 0,0015
jeff 1,6607 0,0005
whole 1,2040 0,0004
during 0,5447 0,0002
revolution 1,7148 0,0006
consist 0,6539 0,0002
mos 3,5066 0,0012
compatible 1,2040 0,0004
relate 0,0000 0,0000
rump 2,3026 0,0008
enable 0,0000 0,0000
price 1,2730 0,0008
sidebar 0,0000 0,0000
limitreport 0,0000 0,0000
gamer 3,5066 0,0012
decoration 0,0619 0,0000
crystallabs 4,6052 0,0015
reflist 0,0101 0,0000
azure 1,2730 0,0004
still 0,5447 0,0002
aosp 3,9120 0,0013
var 0,0000 0,0000
work 0,2231 0,0003
mpl 3,2189 0,0011
zorin 3,9120 0,0013
agree 0,0101 0,0000
chromebooks 4,6052 0,0015
packt 1,8326 0,0006
pacman 4,6052 0,0015
vax 2,8134 0,0009
wgulsislanguageselectorempty 0,0000 0,0000
itself 0,6539 0,0002
toward 1,5606 0,0005
anyone 1,7148 0,0006
mate 3,5066 0,0012
mercedes 3,2189 0,0011
nedersaksies 2,9957 0,0010
srpski 0,3711 0,0001
registration 0,0101 0,0000
terminate 2,4079 0,0008
valve 3,2189 0,0011
word 0,0101 0,0000
lxde 4,6052 0,0015
love 2,5257 0,0008
flock 2,5257 0,0008
spain 1,4271 0,0005
extension 0,6349 0,0004
lingua 2,4079 0,0008
pascal 2,0402 0,0007
firemonkey 4,6052 0,0015
foundation 0,0000 0,0000
edubuntu 3,9120 0,0013
discontinue 1,3863 0,0005
fall 1,2379 0,0004
blaze 3,2189 0,0011
installation 1,6094 0,0011
federal 1,7148 0,0006
event 0,0000 0,0000
firmware 2,3026 0,0008
multilingual 2,9957 0,0010
undergo 2,4079 0,0008
include 0,0000 0,0000
simson 4,6052 0,0015
facebook 1,3863 0,0005
byfield 4,6052 0,0015
torvalds 2,4079 0,0008
chakra 2,8134 0,0009
ipados 2,8134 0,0009
toggle 0,0000 0,0000
uclinux 4,6052 0,0015
cyanogenmod 3,9120 0,0013
tetun 2,9957 0,0010
hewlett 3,9120 0,0013
appearance 0,0000 0,0000
classname 0,0000 0,0000
liquid 3,5066 0,0012
wings 4,6052 0,0015
wggetopicsmatchmodeenable 0,0000 0,0000
first 0,0408 0,0000
grapheneos 3,9120 0,0013
indian 2,2073 0,0007
klibc 3,9120 0,0013
span 1,2730 0,0004
voice 1,6094 0,0005
nowrap 0,0408 0,0000
prefer 0,0101 0,0000
kdevelop 3,5066 0,0012
roman 0,0101 0,0000
benedict 4,6052 0,0015
wgrelevantpageisprobablyeditable 0,0000 0,0000
float 0,0101 0,0000
forensic 2,2073 0,0007
minority 2,9957 0,0010
altus 4,6052 0,0015
space 0,0408 0,0000
reference 0,0101 0,0000
caldera 3,9120 0,0013
fvwm 4,6052 0,0015
html 0,4463 0,0001
jimenez 4,6052 0,0015
toclimit 2,6593 0,0009
dreamworks 4,6052 0,0015
olivy 4,6052 0,0015
asymptotically 3,5066 0,0012
ubuntu 2,2073 0,0007
bottom 0,0000 0,0000
capture 1,4697 0,0005
workstation 2,0402 0,0007
axboe 4,6052 0,0015
paranoid 3,5066 0,0012
revision 0,0000 0,0000
magyar 0,3425 0,0001
kooyman 4,6052 0,0015
provision 2,0402 0,0007
bioinformatics 2,3026 0,0008
publisher 0,0000 0,0000
blackarch 3,9120 0,0013
permissive 2,2073 0,0007
replacement 1,7148 0,0006
img 0,0408 0,0000
kuhn 3,5066 0,0012
configuration 0,7550 0,0005
o'reilly 0,6733 0,0002
scientific 1,1712 0,0004
interact 1,1712 0,0004
blankon 3,9120 0,0013
membership 2,9957 0,0010
rlstate 0,0000 0,0000
error 0,0101 0,0000
platform 0,0000 0,0000
network 0,3285 0,0003
rust 1,6094 0,0005
toclevel 2,6593 0,0009
stylized 4,6052 0,0015
zazaki 2,2073 0,0007
public 0,4155 0,0001
steam 2,8134 0,0009
value 0,0000 0,0000
clearos 3,9120 0,0013
monolithic 2,0402 0,0007
ratpoison 4,6052 0,0015
stephen 1,5141 0,0005
xfce 3,9120 0,0013
resources 1,3471 0,0004
efl 4,6052 0,0015
instead 0,4463 0,0001
controversy 1,7720 0,0012
command 0,7133 0,0005
expensive 0,0408 0,0000
zlib 3,2189 0,0011
currently 1,0788 0,0004
round 1,3093 0,0004
hartman 3,5066 0,0012
maint 0,0101 0,0000
wiktionary 0,5798 0,0002
growth 1,2040 0,0004
platformversion 0,0000 0,0000
exception 1,3471 0,0004
evdev 4,6052 0,0015
smartphone 2,3026 0,0015
egg 2,8134 0,0009
references 0,0513 0,0000
year 0,2614 0,0002
parsix 3,9120 0,0013
redistribution 3,5066 0,0012
ios 1,8971 0,0006
laptop 1,9661 0,0013
musix 3,9120 0,0013
branch 1,5606 0,0005
via 0,3011 0,0001
chimera 3,9120 0,0013
hornjoserbsce 2,6593 0,0009
pclinuxos 3,9120 0,0013
music 1,7720 0,0006
quote 0,0101 0,0000
eglibc 3,9120 0,0013
visual 0,9416 0,0003
because 0,0000 0,0000
ipa 3,5066 0,0012
near 1,2730 0,0004
vim 3,2189 0,0011
ipc 2,1203 0,0007
springer 0,9676 0,0003
sysadmin 3,9120 0,0013
coloros 3,9120 0,0013
ram 2,0402 0,0007
agreement 1,3093 0,0004
scaffolding 4,6052 0,0015
virtually 2,3026 0,0008
google 0,4005 0,0001
community 0,0000 0,0000
version 0,0000 0,0000
brezhoneg 1,7148 0,0006
cultural 2,2073 0,0007
exam 3,2189 0,0011
heinz 3,2189 0,0011
taskbar 3,9120 0,0013
selection 1,5141 0,0005
eesti 0,3285 0,0001
lxle 3,9120 0,0013
science 0,5447 0,0002
institute 1,0498 0,0003
placement 2,6593 0,0009
vista 2,4079 0,0008
hobby 3,9120 0,0013
boston 1,9661 0,0006
least 0,9676 0,0003
utility 1,2730 0,0004
jupiter 4,6052 0,0015
manual 1,1394 0,0004
wgusergroup 0,0000 0,0000
zsh 4,6052 0,0015
dollar 1,8971 0,0006
proponent 2,2073 0,0007
polkitd 4,6052 0,0015
aspect 0,7765 0,0003
handylinux 3,9120 0,0013
particle 3,2189 0,0011
aggressive 3,5066 0,0012
irc 2,8134 0,0009
wichtigen 4,6052 0,0015
wikipedia 0,0000 0,0000
close 0,8210 0,0003
scots 1,8971 0,0006
afrikaans 0,9416 0,0003
computers 1,8971 0,0006
haskell 1,9661 0,0006
descend 4,6052 0,0015
linker 2,9957 0,0010
website 0,3711 0,0002
learn 0,0000 0,0000
slax 3,9120 0,0013
distributor 3,2189 0,0011
unlicense 3,5066 0,0012
jens 3,9120 0,0013
xubuntu 3,9120 0,0013
brockmey 3,9120 0,0013
fast 0,4943 0,0005
spin 2,2073 0,0007
gigabuck 4,6052 0,0015
isc 3,5066 0,0012
purebasic 3,9120 0,0013
thumbinner 2,9957 0,0010
register 0,0000 0,0000
couple 1,8971 0,0006
notes 0,9943 0,0003
iso 1,1394 0,0004
lgpl 3,2189 0,0011
republic 0,8916 0,0003
official 0,6162 0,0002
agpl 2,9957 0,0010
red 1,2730 0,0004
musing 3,9120 0,0013
act 0,9416 0,0003
post 0,0202 0,0000
reg 3,9120 0,0013
leave 0,0101 0,0000
heiko 4,6052 0,0015
elf 4,6052 0,0015
ada 2,0402 0,0007
add 0,0000 0,0000
educational 1,8326 0,0006
minister 2,9957 0,0010
matthias 2,5257 0,0008
need 0,1393 0,0002
constructive 3,9120 0,0013
its 0,0726 0,0000
originally 0,8675 0,0003
often 0,2877 0,0001
consent 2,8134 0,0009
article 0,0000 0,0000
shelf 3,5066 0,0012
dreamlinux 3,9120 0,0013
landley 4,6052 0,0015
parser 0,0000 0,0000
catalyst 2,5257 0,0008
port 1,8326 0,0018
shell 1,0788 0,0007
loose 2,5257 0,0008
http 0,0000 0,0000
therefore 0,7985 0,0003
bridgeos 3,2189 0,0011
exchange 1,1087 0,0004
decimal 0,0101 0,0000
ossanna 4,6052 0,0015
washington 1,5141 0,0005
vaughan 2,5257 0,0008
trust 1,2730 0,0004
technical 0,6349 0,0002
production 0,9943 0,0003
united 0,4780 0,0002
culminate 3,2189 0,0011
spafford 3,9120 0,0013
choose 0,8440 0,0006
directory 1,5141 0,0005
wghostname 0,0000 0,0000
commercially 2,1203 0,0007
prevent 0,7340 0,0005
benjamin 1,7720 0,0006
besset 4,6052 0,0015
lugradio 4,6052 0,0015
previously 1,1712 0,0004
wgtitle 0,0000 0,0000
engine 0,4780 0,0002
havoc 4,6052 0,0015
demolinux 3,9120 0,0013
responsible 1,2040 0,0004
end 0,3011 0,0001
jake 2,9957 0,0010
wgdigittransformtable 0,0000 0,0000
afl 3,5066 0,0012
glbasic 3,9120 0,0013
hlist 0,0408 0,0000
label 0,0000 0,0000
message 0,3857 0,0001
nios 4,6052 0,0015
filesystem 2,5257 0,0008
forum 1,3863 0,0009
special 0,0000 0,0000
modify 0,7765 0,0005
environment 0,4308 0,0003
berkeley 1,6094 0,0005
rlconf 0,0000 0,0000
clone 2,3026 0,0008
bioslax 3,9120 0,0013
pronounce 2,5257 0,0025
family 1,0217 0,0003
kurz 4,6052 0,0015
slightly 1,8326 0,0006
copyright 1,6607 0,0005
education 1,0788 0,0004
bahasa 0,3285 0,0001
movie 2,2073 0,0007
release 0,2744 0,0003
ago 0,7765 0,0003
krane 4,6052 0,0015
caption 0,3567 0,0001
getexpandedargument 2,6593 0,0009
preemptive 2,3026 0,0008
years 3,9120 0,0013
gradually 2,1203 0,0007
number 0,0000 0,0000
wgbackendresponsetime 0,0000 0,0000
shorten 0,0000 0,0000
softpedia 3,9120 0,0013
infoworld 1,6094 0,0005
algorithm 0,8675 0,0003
jane 2,9957 0,0010
epl 3,2189 0,0011
similar 0,4780 0,0002
wearable 2,5257 0,0008
seventy 4,6052 0,0015
programmer 0,9416 0,0003
neil 2,4079 0,0008
swiss 2,1203 0,0007
handle 0,6539 0,0006
vishal 4,6052 0,0015
tough 2,6593 0,0009
script 1,2379 0,0004
animation 1,5141 0,0005
exit 2,5257 0,0008
system 0,0101 0,0000
driver 1,3471 0,0009
compose 1,5141 0,0005
titanic 3,9120 0,0013
fiddle 4,6052 0,0015
fundamentals 1,4697 0,0005
other 0,0000 0,0000
aim 0,8210 0,0005
city 1,4697 0,0010
zypp 4,6052 0,0015
loadable 2,3026 0,0008
vse 3,2189 0,0011
login 2,4079 0,0008
local 0,7985 0,0003
crew 3,9120 0,0013
manufacturer 2,3026 0,0015
userspace 3,9120 0,0013
aix 2,5257 0,0008
encourage 1,5141 0,0005
accommodate 2,1203 0,0007
garfinkel 4,6052 0,0015
administer 2,5257 0,0017
mcpherson 3,9120 0,0013
share 0,4620 0,0006
cathedral 3,5066 0,0012
elegant 2,8134 0,0009
anjuta 3,5066 0,0012
television 2,3026 0,0015
nichols 2,4079 0,0008
workload 1,4697 0,0005
sharp 2,6593 0,0009
tomoyo 4,6052 0,0015
aka 2,6593 0,0009
lennart 3,9120 0,0013
rlq 0,0000 0,0000
cite 0,0000 0,0000
pentoo 3,9120 0,0013
etch 3,5066 0,0012
manifesto 2,4079 0,0008
movement 1,4697 0,0005
fledgling 4,6052 0,0015
screen 0,0101 0,0000
body 0,0000 0,0000
maintainer 2,5257 0,0008
brouwer 4,6052 0,0015
mode 0,0000 0,0000
amongst 2,1203 0,0007
pages 0,0000 0,0000
net 0,9416 0,0003
all 0,0408 0,0000
border 0,0000 0,0000
new 0,0000 0,0000
timothee 4,6052 0,0015
read 0,0000 0,0000
already 1,1087 0,0004
alt 2,6593 0,0009
pixelexperience 3,9120 0,0013
touch 2,1203 0,0007
adhere 1,5141 0,0005
real 0,0408 0,0000
clientpref 0,0000 0,0000
tool 0,0000 0,0000
careers 3,5066 0,0012
unit 0,6539 0,0002
hybrid 1,4271 0,0005
contemporary 1,8326 0,0006
alan 1,5606 0,0005
svenska 0,3857 0,0001
monthly 2,6593 0,0009
amd 2,8134 0,0009
mock 2,5257 0,0008
repetitive 3,5066 0,0012
collect 1,2730 0,0004
unix 1,3093 0,0004
facilitate 0,8440 0,0003
mandate 2,1203 0,0007
uruk 3,9120 0,0013
wgpagecontentlanguage 0,0000 0,0000
respective 2,0402 0,0007
media 0,2485 0,0001
around 0,6931 0,0002
lightweight 1,6094 0,0005
measuringworth 4,6052 0,0015
shakti 4,6052 0,0015
wgisarticle 0,0000 0,0000
today 1,0788 0,0004
define 0,2744 0,0001
douglas 1,7148 0,0006
row 0,4943 0,0002
interlingua 1,3093 0,0004
neon 3,5066 0,0012
cagr 3,9120 0,0013
freedombox 3,2189 0,0011
specific 0,2877 0,0001
any 0,2107 0,0001
rpm 3,2189 0,0011
watchos 3,2189 0,0011
application 0,0943 0,0001
komodo 2,8134 0,0009
wgflaggedrevsparams 0,0000 0,0000
itwire 3,9120 0,0013
sardu 2,8134 0,0009
until 0,7765 0,0003
strategy 0,7340 0,0002
unikernel 2,4079 0,0008
collapse 0,0408 0,0000
reason 0,7985 0,0003
ring 2,2073 0,0007
maintain 0,3567 0,0004
wgrelevantarticleid 0,0000 0,0000
shift 1,4697 0,0005
ship 1,6094 0,0005
corbet 3,5066 0,0012
anywhere 2,0402 0,0007
commodore 3,5066 0,0012
professional 0,9416 0,0003
nobara 3,9120 0,0013
java 0,6162 0,0002
galli 4,6052 0,0015
multikernel 2,5257 0,0008
annual 1,0788 0,0004
english 0,0000 0,0000
icaza 4,6052 0,0015
api 0,3425 0,0002
resort 2,8134 0,0009
fully 0,8210 0,0003
app 0,9943 0,0003
margin 0,0000 0,0000
suomi 0,2107 0,0001
wgrequestid 0,0000 0,0000
apt 3,5066 0,0012
gomez 4,6052 0,0015
remain 0,7550 0,0005
wikinews 2,6593 0,0009
enwikimwclientpreference 0,0000 0,0000
rlpagemodules 0,0000 0,0000
demand 1,1712 0,0004
viaf 2,4079 0,0008
eye 2,3026 0,0008
gimp 3,9120 0,0013
openrc 4,6052 0,0015
alternatives 3,2189 0,0011
samea 0,0000 0,0000
wgwikibaseitemid 0,0000 0,0000
complexity 0,9163 0,0003
wgulsiscompactlinksenable 0,0000 0,0000
xojo 3,5066 0,0012
autocracy 3,9120 0,0013
frequently 1,0788 0,0004
another 0,3567 0,0001
automatically 0,7765 0,0003
kateos 3,9120 0,0013
pagevariantfallback 0,0000 0,0000
miguel 3,5066 0,0012
recommend 1,4697 0,0005
tactic 2,6593 0,0009
automobile 2,8134 0,0009
darwinian 4,6052 0,0015
default 0,6931 0,0002
diversity 2,5257 0,0008
arc 2,6593 0,0009
helicopter 4,6052 0,0015
vendor 1,1087 0,0007
wgmonthname 0,0000 0,0000
ari 3,2189 0,0011
disabled 0,0000 0,0000
where 0,2744 0,0001
attribute 0,7765 0,0005
arm 1,6607 0,0005
popular 0,6539 0,0002
timestamp 0,0000 0,0000
alternatively 2,4079 0,0008
ars 1,9661 0,0006
malware 2,1203 0,0007
black 1,5141 0,0005
garrett 2,9957 0,0010
holder 2,3026 0,0008
call 0,0101 0,0000
jawa 2,0402 0,0007
such 0,0943 0,0000
classic 1,3093 0,0004
absolute 2,0402 0,0007
ask 1,0498 0,0003
describe 0,2485 0,0001
udevd 4,6052 0,0015
xfwm 4,6052 0,0015
dilemma 2,8134 0,0009
harpercollins 3,9120 0,0013
packard 3,2189 0,0011
through 0,2107 0,0001
incorporation 4,6052 0,0015
microsystems 1,8971 0,0006
administration 1,2730 0,0004
nano 2,4079 0,0008
run 0,3011 0,0004
philip 1,8971 0,0006
microsoft 0,4005 0,0001
research 0,5621 0,0002
debate 1,7720 0,0006
spacecraft 3,5066 0,0012
either 0,5621 0,0002
incomplete 2,4079 0,0008
view 0,0000 0,0000
vulnerable 1,7720 0,0006
davor 4,6052 0,0015
white 0,0305 0,0000
huge 1,8326 0,0006
leiva 4,6052 0,0015
donate 0,0000 0,0000
mandrake 3,9120 0,0013
barrett 2,9957 0,0010
spacex 3,5066 0,0012
calyxos 3,9120 0,0013
rvm 3,2189 0,0011
distrowatch 4,6052 0,0015
bold 0,0408 0,0000
engineering 0,3857 0,0001
significant 0,6931 0,0002
superh 3,9120 0,0013
freespire 3,9120 0,0013
levine 2,8134 0,0009
longer 2,3026 0,0008
volunteer 2,8134 0,0019
galego 0,7550 0,0002
name 0,0000 0,0000
cputime 0,0000 0,0000
watchlist 0,0000 0,0000
migrate 2,0402 0,0007
next 0,5798 0,0002
distro 4,6052 0,0030
color 0,0101 0,0000
android 1,4697 0,0005
gnustep 2,9957 0,0010
multilevel 2,5257 0,0008
nearly 1,4697 0,0005
show 0,0513 0,0000
description 0,0000 0,0000
linuxchix 4,6052 0,0015
mono 2,5257 0,0008
not 0,0101 0,0000
playstation 2,9957 0,0010
central 0,9416 0,0003
organisations 3,5066 0,0012
now 0,4308 0,0001
statement 0,0000 0,0000
trademark 0,0101 0,0000
knoppix 3,9120 0,0013
boot 1,7720 0,0012
pennington 4,6052 0,0015
floppyfw 3,9120 0,0013
greek 0,0101 0,0000
news 0,4620 0,0002
apsl 3,2189 0,0011
effectively 1,3093 0,0004
grep 3,9120 0,0013
introduce 0,3285 0,0001
clarification 1,7148 0,0006
way 0,2485 0,0001
target 0,0101 0,0000
unsuccessfully 3,9120 0,0013
jeffrey 1,7148 0,0006
antitrust 2,8134 0,0009
finnish 2,9957 0,0010
risc 2,6593 0,0009
gist 2,9957 0,0010
what 0,0000 0,0000
awk 3,5066 0,0012
fedora 2,2073 0,0007
refer 0,4155 0,0003
israel 0,7550 0,0002
window 1,5606 0,0010
aws 1,3471 0,0004
rise 1,2379 0,0004
greg 2,0402 0,0007
container 0,0000 0,0000
microprocessor 2,8134 0,0019
play 1,1712 0,0004
randal 3,9120 0,0013
omnirom 3,9120 0,0013
developers 0,0000 0,0000
cantrill 4,6052 0,0015
quickly 1,1087 0,0004
usage 0,0000 0,0000
jonathan 1,8326 0,0006
wgmediaviewerenabledbydefault 0,0000 0,0000
nearby 0,0000 0,0000
when 0,0834 0,0000
jim 1,5141 0,0005
largely 2,3026 0,0008
far 1,2730 0,0004
faq 1,6094 0,0005
broad 1,1394 0,0004
pureos 3,5066 0,0012
embed 0,9163 0,0003
plan 0,7985 0,0003
case 0,3285 0,0001
designate 1,9661 0,0006
generation 1,2040 0,0004
give 0,4780 0,0003
item 0,0000 0,0000
wgmediavieweronclick 0,0000 0,0000
activestate 4,6052 0,0015
elad 3,9120 0,0013
gene 2,6593 0,0009
kulkarni 3,5066 0,0012
wgulsposition 0,0000 0,0000
seeltersk 3,9120 0,0013
melayu 0,6349 0,0002
davis 1,7148 0,0006
sublicensing 4,6052 0,0015
wgbreakframe 0,0000 0,0000
phone 1,4271 0,0005
italiano 0,1278 0,0000
loongarch 4,6052 0,0015
sticky 0,0000 0,0000
style 0,0000 0,0000
completely 1,4271 0,0005
suit 1,9661 0,0006
card 1,3863 0,0005
uclibc 3,2189 0,0011
explicitly 1,2040 0,0004
study 0,9416 0,0006
widget 2,4079 0,0008
eckert 4,6052 0,0015
searchinput 0,0000 0,0000
devuan 3,9120 0,0013
direct 0,8440 0,0006
pattern 0,5978 0,0002
settle 2,4079 0,0008
beerware 3,5066 0,0012
commons 0,0000 0,0000
toolchain 2,6593 0,0009
gain 0,8916 0,0003
vehicle 1,8326 0,0006
freedom 2,0402 0,0007
modern 0,7340 0,0002
xorg 4,6052 0,0015
lazzareschi 4,6052 0,0015
web 0,1165 0,0000
sendmail 4,6052 0,0015
protect 1,1394 0,0004
licensing 1,7148 0,0006
architecture 0,0000 0,0000
fourdan 4,6052 0,0015
more 0,0000 0,0000
display 0,0000 0,0000
great 0,8675 0,0003
bourne 3,9120 0,0013
nasa 2,1203 0,0007
organization 0,0000 0,0000
forbes 1,5141 0,0005
width 0,0000 0,0000
dominance 2,8134 0,0009
sailfish 3,5066 0,0012
crux 3,9120 0,0013
certain 0,6162 0,0002
board 1,0217 0,0003
statistics 0,0000 0,0000
shut 2,6593 0,0009
donna 3,5066 0,0012
mature 2,5257 0,0008
tesla 2,6593 0,0009
fee 2,2073 0,0015
simple 0,2231 0,0001
wrapper 2,9957 0,0010
compilers 2,8134 0,0009
influence 1,3471 0,0004
cloud 0,6349 0,0002
protocol 0,5621 0,0002
alsa 4,6052 0,0015
audi 3,9120 0,0013
totally 2,6593 0,0009
vine 3,5066 0,0012
otherwise 1,3863 0,0005
package 0,9943 0,0010
visible 0,0101 0,0000
orient 0,5447 0,0002
pronunciation 2,6593 0,0009
kind 0,8675 0,0003
chromeos 2,9957 0,0010
ripoarisch 3,2189 0,0011
resurrection 3,9120 0,0013
both 0,0305 0,0000
parabola 3,9120 0,0013
important 0,0101 0,0000
market 0,9943 0,0003
most 0,2107 0,0001
turkix 3,9120 0,0013
breakup 4,6052 0,0015
transfer 0,7985 0,0003
trisquel 3,9120 0,0013
alpine 3,9120 0,0013
effect 0,8440 0,0006
keep 0,6733 0,0004
elementary 2,9957 0,0010
topic 0,0000 0,0000
comptia 3,9120 0,0013
job 1,3093 0,0004
who 0,5621 0,0002
joe 1,7720 0,0006
limitation 1,0498 0,0003
sponsor 2,0402 0,0013
game 0,7765 0,0005
nimblex 3,9120 0,0013
contribute 0,0000 0,0000
jon 1,6607 0,0005
why 0,6539 0,0002
forbid 2,2073 0,0015
hurd 2,9957 0,0010
rocky 3,5066 0,0012
solydxk 3,9120 0,0013
integrated 1,2379 0,0004
highlight 1,3093 0,0004
administrator 1,6094 0,0005
alone 1,7148 0,0006
database 0,2485 0,0002
rocks 3,5066 0,0012
billion 1,3471 0,0004
miracle 3,5066 0,0012
peanut 4,6052 0,0015
david 0,5798 0,0002
profit 2,5257 0,0008
win 1,7148 0,0011
wgseparatortransformtable 0,0000 0,0000
breach 1,6094 0,0005
move 0,0000 0,0000
original 0,0943 0,0000
sysop 2,9957 0,0010
mandriva 3,9120 0,0013
also 0,0202 0,0000
say 0,6733 0,0004
designer 1,2730 0,0004
enough 0,9676 0,0003
terminal 1,7720 0,0006
toybox 3,5066 0,0012
increase 0,4620 0,0002
differ 1,5141 0,0005
spread 1,6607 0,0005
surpass 2,3026 0,0008
ayisyen 3,5066 0,0012
inline 0,0408 0,0000
favor 1,5141 0,0005
administrative 2,8134 0,0009
various 0,3857 0,0001
organizations 1,5606 0,0005
latter 1,6607 0,0005
front 1,1394 0,0004
visit 0,0408 0,0000
user 0,0000 0,0000
simply 0,9676 0,0003
customer 0,7550 0,0002
extent 1,7720 0,0006
ubiquitously 4,6052 0,0015
suse 2,6593 0,0009
llvm 2,5257 0,0008
bring 0,9676 0,0003
tooltip 0,8675 0,0003
perpetual 4,6052 0,0015
equity 2,5257 0,0008
fit 1,6607 0,0005
offer 0,4155 0,0003
bar 1,3863 0,0005
fix 0,5108 0,0002
himanshu 4,6052 0,0015
ziff 2,8134 0,0009
complex 0,5621 0,0002
coreutil 4,6052 0,0015
sci 2,9957 0,0010
giant 2,1203 0,0007
elmcip 2,3026 0,0008
scm 3,5066 0,0012
kwort 3,9120 0,0013
sco 3,2189 0,0011
grow 0,8675 0,0006
amanda 3,2189 0,0011
deflator 4,6052 0,0015
codecs 3,5066 0,0012
documentation 0,6349 0,0002
smbd 4,6052 0,0015
personal 0,0000 0,0000
ar 1,5141 0,0005
steven 1,4697 0,0005
daryll 4,6052 0,0015
imageobject 0,0000 0,0000
puppy 3,9120 0,0013
sde 3,5066 0,0012
sandler 4,6052 0,0015
sdl 2,9957 0,0010
drive 0,4780 0,0002
jones 1,8971 0,0006
luis 2,6593 0,0009
deal 1,1712 0,0004
be 0,1508 0,0001
prove 1,3093 0,0009
reiser 3,9120 0,0013
scheme 0,0101 0,0000
freebsd 1,7720 0,0006
upstart 4,6052 0,0015
icon 0,0101 0,0000
expansiondepth 0,0000 0,0000
dead 1,7148 0,0006
customize 1,5141 0,0005
search 0,0000 0,0000
see 0,0408 0,0000
sed 4,6052 0,0015
spacing 0,0619 0,0000
codelite 3,5066 0,0012
systems 0,4780 0,0002
wgrelevantpagename 0,0000 0,0000
popularity 1,3093 0,0004
national 0,4463 0,0001
segmentation 2,3026 0,0008
indicate 1,0217 0,0007
unbordered 2,5257 0,0008
elks 4,6052 0,0015
charge 1,6094 0,0016
contain 0,0101 0,0000
set 0,2107 0,0001
systemd 3,5066 0,0012
shqip 0,6931 0,0002
jobs 2,3026 0,0008
archlabs 3,9120 0,0013
column 0,0101 0,0000
familiar 2,0402 0,0007
integrate 0,5798 0,0004
wgaction 0,0000 0,0000
unfit 1,8326 0,0006
acquisitions 2,4079 0,0008
da 3,9120 0,0013
freely 1,8326 0,0006
interview 1,5606 0,0005
portage 3,9120 0,0013
essential 1,1087 0,0004
font 0,0000 0,0000
jul 2,9957 0,0010
localtime 4,6052 0,0015
cynthia 2,8134 0,0009
openserver 3,2189 0,0011
deck 3,5066 0,0012
opensuse 3,5066 0,0012
thibodeau 4,6052 0,0015
grub 3,9120 0,0013
ben 1,3093 0,0004
language 0,0000 0,0000
do 0,1625 0,0001
graphics 1,6607 0,0005
navbox 0,0943 0,0000
listitem 0,0408 0,0000
differentiate 2,3026 0,0008
federico 2,9957 0,0010
franca 2,4079 0,0008
advocacy 2,6593 0,0009
chipmunk 4,6052 0,0015
contact 0,0000 0,0000
france 0,8675 0,0003
criticism 1,1394 0,0004
usenet 3,9120 0,0013
programming 0,2744 0,0001
jvm 2,8134 0,0009
image 0,0202 0,0000
chrome 2,2073 0,0007
typically 0,3857 0,0001
openprinting 4,6052 0,0015
tivoization 3,5066 0,0012
internals 2,9957 0,0010
emulator 3,2189 0,0011
tranco 4,6052 0,0015
celebration 3,2189 0,0011
linuxtle 3,9120 0,0013
usurp 3,2189 0,0011
piece 1,4271 0,0005
carry 1,4271 0,0005
party 0,6539 0,0004
cursor 0,0619 0,0000
however 0,3011 0,0001
origin 0,0000 0,0000
capable 1,6094 0,0005
india 1,4271 0,0005
sic 3,5066 0,0012
walltime 0,0000 0,0000
interlanguage 0,0000 0,0000
content 0,0000 0,0000
dynix 3,5066 0,0012
random 0,0000 0,0000
wikibooks 0,8210 0,0003
desktop 1,0788 0,0007
perhaps 2,2073 0,0007
related 0,9676 0,0003
rate 1,2730 0,0004
client 0,0000 0,0000
foss 1,8971 0,0006
ocelic 4,6052 0,0015
antix 3,9120 0,0013
class 0,0000 0,0000
posix 2,3026 0,0008
gehomepagesuggestededitsenabletopic 0,0000 0,0000
digital 0,6162 0,0002
naively 4,6052 0,0015
over 0,3285 0,0001
practical 1,0217 0,0003
splice 4,6052 0,0015
false 0,0000 0,0000
go 0,9943 0,0007
specification 0,7133 0,0002
counter 0,0408 0,0000
valerie 4,6052 0,0015
xbasic 4,6052 0,0015
srpskohrvatski 0,9163 0,0003
sebastopol 1,9661 0,0006
fork 1,1394 0,0011
welte 4,6052 0,0015
form 0,3011 0,0001
management 0,2231 0,0001
publish 0,4463 0,0003
developer 0,1744 0,0001
avoid 0,0101 0,0000
bradley 3,2189 0,0011
fresh 2,2073 0,0007
comprehensive 1,3863 0,0005
he 0,6733 0,0004
prompt 1,5606 0,0005
assign 1,2730 0,0004
elaborate 2,1203 0,0007
big 0,7550 0,0002
feather 3,2189 0,0011
very 0,5978 0,0002
porteus 3,9120 0,0013
practice 0,6349 0,0002
frustrated 3,9120 0,0013
advanced 0,7985 0,0003
delayed 4,6052 0,0015
bit 1,3863 0,0005
output 0,0000 0,0000
thanks 2,6593 0,0009
william 1,7148 0,0006
else 2,0402 0,0007
context 0,5978 0,0002
model 0,0000 0,0000
join 1,1087 0,0004
portal 0,0000 0,0000
copyleft 2,8134 0,0009
sentence 0,0000 0,0000
sky 3,5066 0,0012
poettering 4,6052 0,0015
issue 0,3425 0,0002
kern 0,0101 0,0000
large 0,2485 0,0002
surface 2,1203 0,0007
dependency 1,2730 0,0004
director 1,6607 0,0005
index 1,0498 0,0003
ankush 4,6052 0,0015
gambas 3,5066 0,0012
foresight 3,5066 0,0012
announce 0,6733 0,0002
odd 0,0943 0,0000
certification 2,0402 0,0013
traditional 0,7985 0,0003
operate 0,3567 0,0001
bionic 2,9957 0,0010
fsf 3,2189 0,0011
exclusively 1,6607 0,0005
christopher 1,5141 0,0005
openelec 3,9120 0,0013
begin 0,5108 0,0002
parrot 3,9120 0,0013
wgvisualeditor 0,0000 0,0000
become 0,2877 0,0002
template 0,0000 0,0000
works 2,2073 0,0007
crystal 3,2189 0,0011
johnston 2,9957 0,0010
eventually 1,1394 0,0004
subscription 0,0101 0,0000
inflation 3,2189 0,0011
microvax 4,6052 0,0015
library 0,3857 0,0003
navbar 0,0202 0,0000
world 0,3857 0,0001
russell 2,1203 0,0007
subbox 0,6931 0,0002
vala 3,5066 0,0012
december 0,0000 0,0000
guardian 1,8326 0,0006
belief 2,4079 0,0008
bundle 1,6094 0,0005
macos 1,6607 0,0005
table 0,0000 0,0000
taqbaylit 2,4079 0,0008
bodhi 3,9120 0,0013
kali 3,9120 0,0013
whonix 3,9120 0,0013
creator 1,2730 0,0004
side 0,3425 0,0001
ftp 2,4079 0,0008
gaeilge 1,2040 0,0004
proliferation 3,2189 0,0011
break 0,0101 0,0000
change 0,0000 0,0000
unrounded 4,6052 0,0015
indirectly 2,5257 0,0008
printable 0,0000 0,0000
off 0,8916 0,0003
generally 0,5447 0,0002
bacon 2,8134 0,0009
hide 0,0000 0,0000
clang 2,8134 0,0009
instruction 1,1712 0,0004
report 0,0202 0,0000
complete 0,4780 0,0003
fun 3,5066 0,0012
auto 0,0726 0,0000
qubes 3,9120 0,0013
certify 2,2073 0,0015
kaos 3,9120 0,0013
several 0,4155 0,0001
chatroom 4,6052 0,0015
office 1,0498 0,0003
subroutine 2,8134 0,0009
wgcanonicalspecialpagename 0,0000 0,0000
while 0,2614 0,0001
second 0,0408 0,0000
ported 2,4079 0,0008
that 0,5108 0,0002
download 0,0000 0,0000
edge 1,2379 0,0004
high 0,0101 0,0000
split 0,0000 0,0000
geany 3,5066 0,0012
than 0,2357 0,0001
limit 0,0000 0,0000
widespread 1,3093 0,0004
bnf 0,9163 0,0003
seattle 2,4079 0,0008
brian 1,2730 0,0004
communication 0,6162 0,0002
different 0,0513 0,0000
directly 0,5108 0,0002
peripheral 1,9661 0,0006
level 0,0000 0,0000
author 0,0000 0,0000
interoperability 1,8326 0,0006
establish 0,8916 0,0003
amazon 1,0498 0,0003
daniel 1,2040 0,0004
license 0,0000 0,0000
disk 1,3471 0,0009
expand 0,0101 0,0000
coar 4,6052 0,0015
bob 1,8326 0,0006
machten 3,5066 0,0012
wgmfdisplaywikibasedescription 0,0000 0,0000
retrieve 0,0000 0,0000
survey 0,9416 0,0003
birthday 3,2189 0,0011
datum 0,0408 0,0000
gnewsense 3,9120 0,0013
shades 4,6052 0,0015
code 0,0000 0,0000
displace 2,9957 0,0010
predominant 3,2189 0,0011
student 1,4271 0,0009
wgdefaultdateformat 0,0000 0,0000
inexpensive 2,6593 0,0009
box 0,0408 0,0000
storage 0,3711 0,0001
silber 4,6052 0,0015
switch 0,9163 0,0003
zvezdana 4,6052 0,0015
total 0,0000 0,0000
deutsch 0,0943 0,0000
composit 3,9120 0,0013
benson 3,5066 0,0012
blag 3,9120 0,0013
consumer 1,4697 0,0005
highly 1,1712 0,0004
delphi 2,9957 0,0010
console 1,7720 0,0012
exokernel 2,5257 0,0008
kay 3,2189 0,0011
chance 2,3026 0,0008
initiative 1,0217 0,0003
determine 0,7985 0,0003
nature 1,0498 0,0003
social 0,8210 0,0003
src 0,6349 0,0002
clockwise 4,6052 0,0015
openrisc 3,5066 0,0012
carla 3,9120 0,0013
control 0,1625 0,0001
dell 3,5066 0,0012
phoenix 2,8134 0,0009
pc 2,9957 0,0010
earth 2,4079 0,0008
jono 4,6052 0,0015
attribution 0,0000 0,0000
knit 4,6052 0,0015
architectures 1,4697 0,0005
increasingly 1,4271 0,0005
vary 0,0619 0,0000
coherent 2,8134 0,0009
rocket 2,6593 0,0009
upper 0,0101 0,0000
luasandbox 1,4271 0,0005
andrews 3,9120 0,0013
guile 4,6052 0,0015
estimate 1,3863 0,0018
minerva 0,0101 0,0000
brand 0,0000 0,0000
publishing 0,7550 0,0002
recent 0,0000 0,0000
they 0,0619 0,0001
trends 1,5141 0,0005
github 0,7340 0,0002
modular 1,5141 0,0005
edit 0,0000 0,0000
old 0,8675 0,0006
interpreter 1,4697 0,0005
portable 1,8971 0,0006
then 0,3567 0,0001
marjanovic 4,6052 0,0015
hyperbola 3,9120 0,0013
kde 3,5066 0,0012
accept 1,1087 0,0004
banyumasan 3,9120 0,0013
bsd 1,8326 0,0006
concepts 1,1394 0,0004
adopt 0,9163 0,0003
device 0,7550 0,0005
wayland 4,6052 0,0015
gratis 3,5066 0,0012
mainframe 2,1203 0,0014
sub 1,9661 0,0006
archives 3,2189 0,0011
sue 2,3026 0,0008
access 0,2877 0,0002
conference 0,3425 0,0002
simi 0,9416 0,0003
seek 1,4697 0,0015
sun 1,2730 0,0004
sus 3,5066 0,0012
selflink 0,0101 0,0000
current 0,0000 0,0000
kel 3,9120 0,0013
nynorsk 1,2379 0,0004
ken 2,1203 0,0007
variety 0,9943 0,0003
aiding 4,6052 0,0015
samuel 2,4079 0,0008
thompson 1,8326 0,0006
vector 0,0000 0,0000
audio 1,2379 0,0004
liam 2,8134 0,0009
netbeans 2,6593 0,0009
modifiable 3,9120 0,0013
email 1,4271 0,0005
key 0,0305 0,0000
preferred 2,9957 0,0010
cachereport 0,0000 0,0000
shuah 4,6052 0,0015
williamson 4,6052 0,0015
manager 0,8440 0,0006
necessary 0,8440 0,0003
sy 4,6052 0,0015
one 0,0943 0,0001
maker 1,8971 0,0012
launch 0,9943 0,0007
winaray 1,7720 0,0006
thumbcaption 3,2189 0,0011
tagalog 1,2040 0,0004
bosanski 0,8916 0,0003
confirm 1,6094 0,0005
single 0,3147 0,0001
entityaccesscount 0,0000 0,0000
hill 1,7148 0,0006
closed 1,7720 0,0006
vast 1,9661 0,0006
divestos 3,9120 0,0013
reimplementation 3,9120 0,0013
storms 4,6052 0,0015
story 1,2730 0,0004
bus 1,6607 0,0005
country 1,3863 0,0005
commercial 0,8440 0,0003
tv 3,5066 0,0012
separate 0,6162 0,0002
dislike 3,9120 0,0013
loader 1,8971 0,0006
available 0,0000 0,0000
balsa 4,6052 0,0015
express 1,0788 0,0004
eissfeldt 4,6052 0,0015
advocate 1,8971 0,0006
confine 3,5066 0,0012
dennis 2,3026 0,0008
microblaze 3,9120 0,0013
pinguy 3,9120 0,0013
soomaaliga 2,4079 0,0008
apache 1,0788 0,0004
hios 3,5066 0,0012
variant 0,0619 0,0000
dynamic 0,7133 0,0002
military 2,1203 0,0007
ritchie 2,5257 0,0008
tizen 3,5066 0,0012
bazaar 2,8134 0,0009
graphically 3,5066 0,0012
coordinate 1,8971 0,0006
oracle 0,8916 0,0003
solus 3,9120 0,0013
lineageos 3,9120 0,0013
this 0,1278 0,0000
norsk 0,3285 0,0001
modules 2,5257 0,0008
memusage 0,0000 0,0000
brazilian 3,2189 0,0011
especially 0,8210 0,0003
once 0,7985 0,0003
laboratories 2,9957 0,0010
know 0,2231 0,0001
demonstrate 1,3471 0,0004
region 2,0402 0,0007
support 0,1393 0,0002
brazil 2,5257 0,0008
wgpopupsflag 0,0000 0,0000
polski 0,1165 0,0000
privacy 0,0000 0,0000
learning 0,8916 0,0003
vertical 0,7985 0,0003
cstd 4,6052 0,0015
ioctl 3,9120 0,0013
life 0,9416 0,0003
we 1,3093 0,0004
brett 2,9957 0,0010
egotistical 3,9120 0,0013
sparkylinux 3,9120 0,0013
proprietary 0,9676 0,0003
gap 1,2040 0,0004
kit 1,7720 0,0006
throughout 1,6094 0,0005
xenix 3,2189 0,0011
emphasize 1,6094 0,0005
extensible 1,8326 0,0006
bootload 3,9120 0,0013
successful 1,2379 0,0004
normal 0,0202 0,0000
figure 1,8326 0,0006
wide 0,6539 0,0002
licens 1,8971 0,0006
org 1,5141 0,0005
commemorate 4,6052 0,0015
technology 0,1863 0,0001
damn 2,8134 0,0009
eunice 3,5066 0,0012
gettys 4,6052 0,0015
leung 4,6052 0,0015
wgarticleid 0,0000 0,0000
succeed 2,1203 0,0007
pagelanguagedir 0,0000 0,0000
wgcitereferencepreviewsactive 0,0000 0,0000
location 0,9943 0,0003
walon 2,6593 0,0009
osf 3,5066 0,0012
gobolinux 3,9120 0,0013
software 0,0000 0,0000
gcc 2,6593 0,0009
reach 1,2040 0,0008
graphical 1,2730 0,0004
dragon 3,9120 0,0013
none 0,0101 0,0000
repository 0,5276 0,0003
type 0,0000 0,0000
april 0,0000 0,0000
celadon 3,9120 0,0013
egham 4,6052 0,0015
oss 2,9957 0,0010
salix 3,9120 0,0013
feedback 1,3471 0,0004
hack 1,3471 0,0004
lynxos 3,5066 0,0012
problem 0,3285 0,0001
optimization 0,8916 0,0003
turbolinux 3,9120 0,0013
justify 1,8326 0,0006
review 0,6162 0,0004
massachusetts 2,0402 0,0007
casad 4,6052 0,0015
sight 2,8134 0,0009
connection 0,9676 0,0003
weston 4,6052 0,0015
nobody 3,5066 0,0012
openbsd 2,3026 0,0008
between 0,2107 0,0001
guide 0,3711 0,0002
syslinux 4,6052 0,0015
raspberry 2,5257 0,0008
amor 3,9120 0,0013
efficiency 0,8916 0,0003
goal 0,8440 0,0003
natural 1,2040 0,0004
come 0,4155 0,0001
procedural 2,0402 0,0007
baseline 1,7720 0,0006
emacs 3,2189 0,0011
nuggets 4,6052 0,0015
push 0,0000 0,0000
exist 0,4155 0,0001
gdp 3,5066 0,0012
revolutionary 3,5066 0,0012
tsingle 3,2189 0,0011
doudoulinux 3,9120 0,0013
drivers 3,2189 0,0011
tostr 3,2189 0,0011
geckolinux 3,9120 0,0013
hotspot 2,9957 0,0010
north 1,7148 0,0006
openmandriva 3,9120 0,0013
range 0,8675 0,0006
aurora 2,9957 0,0010
distribution 0,8916 0,0006
derive 1,1394 0,0007
gazette 3,5066 0,0012
out 0,0000 0,0000
feature 0,0000 0,0000
get 0,0000 0,0000
dark 0,0101 0,0000
course 1,3093 0,0004
leap 2,4079 0,0008
copy 1,1712 0,0004
place 0,5447 0,0002
power 0,6733 0,0007
artix 3,9120 0,0013
regular 1,2379 0,0004
dispute 1,6607 0,0005
jorge 3,9120 0,0013
sell 1,3471 0,0013
tarball 4,6052 0,0015
suggest 1,0217 0,0003
lead 0,2231 0,0003
della 4,6052 0,0015
expect 0,8440 0,0003
help 0,0000 0,0000
deepin 3,9120 0,0013
site 0,0000 0,0000
cease 2,8134 0,0009
cebuano 2,6593 0,0009
depth 0,0000 0,0000
additionally 1,0498 0,0003
self 0,7133 0,0002
queue 1,1394 0,0004
sharealike 0,0000 0,0000
date 0,3011 0,0003
magic 1,9661 0,0006
reveal 1,5606 0,0005
data 0,0000 0,0000
firefox 2,2073 0,0007
own 0,4780 0,0003
subsystem 2,0402 0,0007
wgpageviewlanguage 0,0000 0,0000
alexa 2,6593 0,0009
softland 3,9120 0,0013
blog 0,6349 0,0002
norm 2,6593 0,0009
router 1,8326 0,0012
accesskey 0,0000 0,0000
plain 1,5141 0,0005
swapnil 3,9120 0,0013
only 0,2107 0,0001
should 0,3711 0,0001
create 0,0000 0,0000
sage 3,5066 0,0012
pantheon 4,6052 0,0015
tag 0,0000 0,0000
galassi 4,6052 0,0015
notebook 2,9957 0,0010
development 0,1278 0,0000
taylor 2,2073 0,0007
curious 3,9120 0,0013
kwin 4,6052 0,0015
individual 0,7985 0,0005
like 0,2231 0,0001
resource 0,4620 0,0003
tiemann 3,5066 0,0012
kanotix 3,9120 0,0013
core 0,5621 0,0002
interim 3,5066 0,0012
chromiumos 2,9957 0,0010
person 0,6162 0,0006
waugh 4,6052 0,0015
endeavouros 3,9120 0,0013
sunos 2,9957 0,0010
interix 3,2189 0,0011
potentially 0,7765 0,0003
here 0,0000 0,0000
youtube 1,5141 0,0005
note 0,4155 0,0003
dave 1,5141 0,0005
execv 4,6052 0,0015
week 1,2379 0,0004
challenges 1,6094 0,0005
purpose 0,5108 0,0002
scala 2,0402 0,0007
line 0,0101 0,0000
almalinux 3,9120 0,0013
link 0,0000 0,0000
scale 0,4943 0,0003
restructure 3,5066 0,0012
dragonfly 2,9957 0,0010
leen 4,6052 0,0015
robin 1,7720 0,0006
can 0,0408 0,0000
ts'o 4,6052 0,0015
computing 0,4155 0,0001
security 0,3285 0,0001
cap 0,0619 0,0000
contributor 0,0000 0,0000
git 1,8971 0,0006
wgcanonicalnamespace 0,0000 0,0000
car 1,8326 0,0006
flex 0,5276 0,0002
ready 0,0000 0,0000
mascots 3,9120 0,0013
greatest 3,9120 0,0013
player 1,8326 0,0006
cost 0,6733 0,0002
motion 2,5257 0,0008
wgisredirect 0,0000 0,0000
limited 0,8916 0,0003
will 0,2485 0,0001
february 0,0000 0,0000
implementation 0,3147 0,0001
match 0,5276 0,0002
fault 1,1712 0,0004
standardize 1,7148 0,0006
crunchbang 3,9120 0,0013
follow 0,2744 0,0003
lyons 4,6052 0,0015
recursiveclone 1,6607 0,0005
lilo 4,6052 0,0015
cbt 4,6052 0,0015
rofi 4,6052 0,0015
divest 3,9120 0,0013
responsive 0,0202 0,0000
york 0,8440 0,0003
independently 1,3863 0,0005
category 0,0000 0,0000
sillysounds 4,6052 0,0015
intend 0,6162 0,0002
wikidata 0,0000 0,0000
callparserfunction 1,4271 0,0005
