reuse 1,8971 0,0008
numerous 1,3863 0,0006
upload 0,0000 0,0000
wggelevelingupenabledforuser 0,0000 0,0000
wgrestrictionmove 0,0000 0,0000
without 0,2744 0,0001
would 0,3425 0,0002
xml 1,1394 0,0005
tei 3,9120 0,0017
ten 1,6607 0,0007
hooper 4,6052 0,0020
successfully 1,5141 0,0007
solid 0,0202 0,0000
cdf 3,2189 0,0014
thus 0,7550 0,0003
notably 1,8326 0,0008
tex 3,2189 0,0014
require 0,0000 0,0000
backwards 2,5257 0,0011
netcaptor 2,8134 0,0012
scribunto 0,0000 0,0000
standards 1,1087 0,0005
linq 3,5066 0,0015
size 0,0000 0,0000
triple 2,6593 0,0012
left 0,0408 0,0000
cdx 0,0000 0,0000
eleven 3,5066 0,0015
much 0,6931 0,0003
object 0,3711 0,0003
qtweb 2,8134 0,0012
accessible 1,1712 0,0005
hang 1,3863 0,0006
lombard 1,1712 0,0005
role 0,8916 0,0004
carriage 2,9957 0,0013
netpositive 2,8134 0,0012
notable 1,1394 0,0005
elect 2,8134 0,0012
weekly 2,4079 0,0011
wesley 0,8675 0,0004
example 0,2485 0,0002
result 0,2231 0,0003
humanities 3,2189 0,0014
same 0,2357 0,0001
aniversary 4,6052 0,0020
xop 3,2189 0,0014
after 0,0305 0,0000
headline 0,0000 0,0000
connect 0,8675 0,0008
hatom 3,5066 0,0015
policy 0,0000 0,0000
editorial 2,6593 0,0012
address 0,5621 0,0005
committee 1,6607 0,0007
xquery 2,4079 0,0011
namely 2,6593 0,0012
abbreviation 2,5257 0,0011
pagelanguagecode 0,0000 0,0000
gnu 1,1087 0,0005
formedness 4,6052 0,0020
transientcontent 0,0000 0,0000
subtle 0,3285 0,0001
component 0,3147 0,0003
suite 1,2040 0,0005
idhash 0,0619 0,0000
fifth 2,0402 0,0009
information 0,0000 0,0000
wrap 0,0101 0,0000
novel 2,2073 0,0010
liberal 3,2189 0,0014
standard 0,2357 0,0002
november 0,0000 0,0000
correct 1,2730 0,0006
resolve 1,6607 0,0007
kidzui 2,8134 0,0012
reader 1,5606 0,0007
winwap 2,8134 0,0012
xombrero 2,8134 0,0012
deploy 1,0217 0,0004
empty 0,0305 0,0000
syntactic 2,4079 0,0011
fullversionlist 0,0000 0,0000
tim 1,0498 0,0005
implement 0,3285 0,0003
lite 2,4079 0,0011
export 0,0000 0,0000
conversation 2,0402 0,0009
area 0,7985 0,0004
loshin 4,6052 0,0020
lisp 1,7720 0,0008
check 0,7985 0,0004
list 0,0000 0,0000
lack 0,5447 0,0005
external 0,1863 0,0001
revise 1,8326 0,0008
authority 0,4780 0,0002
websgml 4,6052 0,0020
child 0,0202 0,0000
mainentity 0,0000 0,0000
germany 0,5798 0,0003
obsolete 1,7720 0,0008
xsd 3,5066 0,0031
interface 0,2485 0,0002
harv 3,5066 0,0015
representation 1,1394 0,0010
greenbrowser 2,8134 0,0012
remove 0,3711 0,0002
xsl 3,2189 0,0014
disclaimers 0,0000 0,0000
samsung 2,2073 0,0010
root 0,4780 0,0004
disambiguation 1,5606 0,0007
wgisprobablyeditable 0,0000 0,0000
reasoner 3,5066 0,0015
lend 3,5066 0,0015
citation 0,0101 0,0000
mobile 0,0000 0,0000
multiple 0,2485 0,0001
perform 0,4463 0,0002
maxthon 2,8134 0,0012
retrospective 3,2189 0,0014
halfway 4,6052 0,0020
expose 1,4271 0,0006
plainlist 0,4463 0,0002
pdf 0,0000 0,0000
argo 2,9957 0,0013
china 1,6094 0,0007
service 0,1393 0,0001
there 0,2614 0,0001
automate 0,7340 0,0003
permit 1,3093 0,0006
translation 1,8326 0,0008
syntax 1,1394 0,0010
well 0,2744 0,0002
handling 1,7148 0,0008
suitable 1,3471 0,0006
bitness 0,0000 0,0000
micropub 3,2189 0,0014
rgba 0,0101 0,0000
xproc 3,2189 0,0014
xerox 3,5066 0,0015
focus 0,6733 0,0006
american 0,8440 0,0004
entire 0,8675 0,0004
approach 0,3711 0,0002
actionscript 2,9957 0,0013
dummy 3,2189 0,0014
xup 3,2189 0,0014
myth 2,6593 0,0012
block 0,0408 0,0000
write 0,1508 0,0001
flow 0,3425 0,0002
avro 3,2189 0,0014
order 0,4155 0,0002
lexical 2,4079 0,0011
aria 0,0000 0,0000
boxtext 0,0619 0,0000
xmllist 4,6052 0,0020
byte 0,0408 0,0000
understand 0,6162 0,0005
birth 2,5257 0,0011
indonesia 0,3567 0,0002
propose 1,0788 0,0005
intelligence 0,8916 0,0004
even 0,0513 0,0000
timesheets 3,2189 0,0014
strongly 2,3026 0,0010
analyze 1,2040 0,0005
binary 0,9943 0,0004
integration 0,4620 0,0002
restriction 1,4271 0,0006
esperanto 0,7133 0,0003
tagline 0,0000 0,0000
regexp 0,0000 0,0000
hundred 1,4271 0,0006
subsection 0,1508 0,0001
successor 1,5606 0,0007
wgeditsubmitbuttonlabelpublish 0,0000 0,0000
xmlpullparser 4,6052 0,0020
toc 0,0000 0,0000
respectively 1,3863 0,0006
functionality 0,6539 0,0003
matter 1,2379 0,0005
restrict 1,5141 0,0007
wgpagecontentmodel 0,0000 0,0000
recursive 2,0402 0,0009
hypertext 2,1203 0,0009
top 0,0000 0,0000
tor 2,5257 0,0011
have 0,2744 0,0002
redundancy 2,1203 0,0009
declarative 1,8326 0,0008
dooble 2,8134 0,0012
linear 1,6607 0,0007
particularly 0,9943 0,0004
question 0,9416 0,0004
hyphen 3,5066 0,0015
asian 2,9957 0,0013
discouraged 3,5066 0,0015
produce 0,6931 0,0006
xframe 3,2189 0,0014
wgnamespacenumber 0,0000 0,0000
framework 0,2877 0,0001
coc 2,8134 0,0012
regard 1,1087 0,0005
dsdl 3,9120 0,0017
wgwmepagelength 0,0000 0,0000
php 1,3471 0,0006
constraint 1,5141 0,0007
entity 0,0101 0,0000
smalltalk 1,6607 0,0007
capital 1,8326 0,0008
expensivefunctioncount 0,0000 0,0000
minor 1,7148 0,0008
almost 1,1087 0,0005
upon 0,8916 0,0004
associate 0,6931 0,0003
timeusage 0,0000 0,0000
laurent 3,2189 0,0014
pin 0,0000 0,0000
whether 0,7765 0,0003
function 0,0000 0,0000
comparison 0,4005 0,0004
law 1,2379 0,0005
icecat 2,6593 0,0012
vociferous 4,6052 0,0020
ubiquity 3,9120 0,0017
grassroots 3,9120 0,0017
cpu 0,0408 0,0000
infobox 0,6931 0,0003
less 0,6162 0,0003
basis 1,1087 0,0005
pcache 0,0619 0,0000
army 2,9957 0,0013
violation 2,0402 0,0018
october 0,0000 0,0000
basic 0,6539 0,0003
erdf 3,5066 0,0015
structurally 3,9120 0,0017
complication 0,0513 0,0000
citerefcover 4,6052 0,0020
university 0,5621 0,0002
ubjson 3,9120 0,0017
technique 0,7550 0,0003
mapper 2,8134 0,0012
jquery 0,0000 0,0000
effective 1,0217 0,0004
doap 3,5066 0,0015
similarly 1,4697 0,0006
design 0,1393 0,0002
working 1,3471 0,0006
timeless 0,0101 0,0000
direction 1,2379 0,0005
gnome 2,4079 0,0011
uniscope 4,6052 0,0020
wgwmeschemaeditattemptstepoversample 0,0000 0,0000
despite 1,3093 0,0006
ttl 0,0000 0,0000
ercs 4,6052 0,0020
industrial 1,5606 0,0007
encyclopedia 0,0000 0,0000
conduct 0,0000 0,0000
pls 3,2189 0,0014
inkml 3,2189 0,0014
verbosity 3,5066 0,0015
tenfourfox 2,8134 0,0012
cluster 1,2379 0,0005
abovebelow 0,0943 0,0000
css 1,8971 0,0008
accessibility 1,4697 0,0006
japan 1,2730 0,0006
csv 3,2189 0,0014
advertising 1,7720 0,0008
discussion 1,3093 0,0006
ajax 1,7148 0,0008
generalized 3,5066 0,0015
ccxml 3,2189 0,0014
notation 1,4271 0,0013
pref 0,0000 0,0000
state 0,3425 0,0002
csrftoken 0,0000 0,0000
welcome 2,2073 0,0010
interchange 2,5257 0,0011
element 0,0000 0,0000
night 0,0000 0,0000
recognize 1,3471 0,0006
processor 1,1394 0,0010
each 0,1393 0,0001
javascript 0,9416 0,0004
input 0,0000 0,0000
mcqueen 4,6052 0,0020
swiftweasel 2,8134 0,0012
hrecipe 3,5066 0,0015
must 0,4620 0,0002
resign 2,8134 0,0012
unpinned 0,0000 0,0000
document 0,4463 0,0004
waterloo 3,5066 0,0015
availability 1,1394 0,0005
two 0,2744 0,0001
cyphal 3,9120 0,0017
encrypt 1,5141 0,0007
escape 2,1203 0,0037
datepublished 0,0000 0,0000
situation 1,2379 0,0011
validate 1,4697 0,0006
xmlsh 4,6052 0,0020
languages 1,3471 0,0006
consulting 2,4079 0,0011
forbidden 4,6052 0,0020
team 0,4943 0,0002
declaration 1,8326 0,0016
entirely 1,5141 0,0007
disparate 2,8134 0,0012
wgusername 0,0000 0,0000
extensively 2,8134 0,0012
sawsdl 3,5066 0,0015
fashion 2,0402 0,0009
consortium 1,8326 0,0008
importantly 2,8134 0,0012
hcalendar 3,5066 0,0015
source 0,1393 0,0001
align 0,0101 0,0000
hcard 3,5066 0,0015
compile 1,1712 0,0010
late 0,4155 0,0005
separation 1,9661 0,0009
continue 0,6931 0,0006
isomorphic 3,9120 0,0017
websub 3,2189 0,0014
last 0,0000 0,0000
imageright 0,2614 0,0001
widely 0,7985 0,0004
mozilla 1,8326 0,0008
weight 0,0101 0,0000
develop 0,1863 0,0001
technologies 1,0788 0,0005
suited 2,6593 0,0012
page 0,0000 0,0000
compatibility 0,9416 0,0004
full 0,0202 0,0000
xlink 3,2189 0,0014
away 1,4271 0,0006
memory 0,0408 0,0000
seamonkey 2,8134 0,0012
concept 0,3711 0,0003
indexeddb 2,3026 0,0010
hoboken 2,8134 0,0012
minimal 1,2730 0,0006
mshtml 2,8134 0,0012
perl 1,3093 0,0006
vote 2,4079 0,0011
early 0,4308 0,0002
overview 0,5447 0,0002
yes 1,9661 0,0009
center 0,0000 0,0000
start 0,3011 0,0004
yet 1,1087 0,0005
contentious 3,5066 0,0015
netsurf 2,8134 0,0012
engineer 0,7765 0,0003
generic 1,4697 0,0006
pair 1,3863 0,0006
clarity 2,3026 0,0010
wikimedia 0,0000 0,0000
origyn 2,8134 0,0012
typical 1,1394 0,0005
initially 1,0788 0,0005
short 0,0000 0,0000
time 0,0000 0,0000
applications 1,3093 0,0006
infoset 3,9120 0,0017
interactive 0,4463 0,0002
program 0,2614 0,0001
semantics 1,4271 0,0006
three 0,3711 0,0002
put 0,9416 0,0004
multi 2,2073 0,0010
xmln 3,2189 0,0014
specifically 0,8916 0,0004
enter 1,2040 0,0005
supermium 2,8134 0,0012
traversal 3,2189 0,0014
pale 2,8134 0,0012
identifier 1,4697 0,0013
extraction 2,4079 0,0011
grouping 2,3026 0,0010
creative 0,0000 0,0000
cdata 4,6052 0,0020
nederlands 0,1985 0,0001
coast 2,5257 0,0011
provide 0,1625 0,0002
wayback 0,7985 0,0004
addison 0,9163 0,0004
xpoint 3,2189 0,0014
quot 3,9120 0,0017
primary 0,7765 0,0003
log 0,0000 0,0000
wgcheckuserclienthintsheadersjsapi 0,0000 0,0000
euskara 0,5108 0,0002
mailing 1,8971 0,0008
layer 0,7340 0,0003
computer 0,1863 0,0001
datatype 3,9120 0,0051
low 0,0101 0,0000
timingprofile 0,0000 0,0000
geneves 4,6052 0,0020
theme 0,0000 0,0000
cowan 3,9120 0,0017
sfnp 3,2189 0,0014
wgcategory 0,0000 0,0000
editor 0,0000 0,0000
means 1,0217 0,0004
postexpandincludesize 0,0000 0,0000
desire 1,1087 0,0005
efficient 1,0217 0,0004
initial 0,3857 0,0002
rudimentary 2,9957 0,0013
unstrip 0,0000 0,0000
citrio 2,8134 0,0012
rusty 3,9120 0,0017
vivaldi 2,8134 0,0012
templateargumentsize 0,0000 0,0000
january 0,0000 0,0000
permanent 0,0000 0,0000
athml 3,2189 0,0014
skweezer 2,8134 0,0012
sparql 2,4079 0,0011
facility 1,0498 0,0009
cham 2,5257 0,0011
small 0,0305 0,0000
oasis 3,5066 0,0015
alliance 1,8971 0,0008
compact 1,7720 0,0008
before 0,0305 0,0000
tell 1,5606 0,0007
appointment 4,6052 0,0020
experience 0,7985 0,0004
italic 0,1278 0,0001
xmpp 2,9957 0,0013
dan 0,9943 0,0004
major 0,5621 0,0002
iads 4,6052 0,0020
consider 0,4005 0,0002
day 0,0000 0,0000
ontologies 3,5066 0,0015
group 0,0408 0,0000
avast 2,6593 0,0012
manually 1,5606 0,0007
format 0,0101 0,0000
tree 1,1394 0,0005
archive 0,0943 0,0000
particular 0,5978 0,0003
prague 3,2189 0,0014
history 0,0000 0,0000
soap 2,4079 0,0011
classify 1,4271 0,0006
wgrestrictionedit 0,0000 0,0000
eliot 4,6052 0,0020
part 0,1985 0,0002
wgpageparsereport 0,0000 0,0000
numeric 1,8326 0,0008
ssml 2,9957 0,0013
voicexml 3,2189 0,0014
webkit 2,5257 0,0011
point 0,5447 0,0005
fennell 4,6052 0,0020
general 0,0000 0,0000
tend 1,5141 0,0013
east 2,3026 0,0010
september 0,0000 0,0000
browser 0,9943 0,0009
alias 2,6593 0,0012
introduction 0,5621 0,0002
padding 0,0000 0,0000
process 0,1625 0,0002
srware 2,8134 0,0012
alternative 0,6931 0,0006
clear 0,0101 0,0000
encounter 2,2073 0,0019
ltr 0,0000 0,0000
webxr 2,4079 0,0011
third 0,5447 0,0002
mean 0,4463 0,0004
netfront 2,8134 0,0012
interaction 0,8210 0,0004
lua 0,0513 0,0000
further 0,3711 0,0002
account 0,0000 0,0000
stack 0,7340 0,0003
dansk 0,5798 0,0003
elinks 2,8134 0,0012
trang 4,6052 0,0020
ibrowse 2,8134 0,0012
path 1,0498 0,0005
bind 1,3863 0,0006
darwin 2,6593 0,0012
retrieval 1,5141 0,0007
webgpu 2,3026 0,0010
record 0,7765 0,0003
trix 3,5066 0,0015
abbr 0,0619 0,0000
strict 1,5606 0,0007
you 0,0000 0,0000
jump 0,0000 0,0000
knowledge 0,7340 0,0003
xforms 3,2189 0,0014
databases 2,0402 0,0009
iris 2,5257 0,0011
classilla 2,8134 0,0012
pass 0,8675 0,0008
profile 1,0788 0,0005
active 0,7985 0,0004
july 0,0000 0,0000
trig 3,5066 0,0015
easy 0,6733 0,0006
whose 1,3471 0,0006
cyrillic 4,6052 0,0020
route 1,6094 0,0007
mediabrowser 2,8134 0,0012
domain 0,6931 0,0003
unicode 2,1203 0,0009
formatting 3,9120 0,0017
relative 1,6607 0,0007
compare 0,9416 0,0004
mirror 2,1203 0,0009
netscape 2,3026 0,0010
subgroup 0,0513 0,0000
transparent 0,0619 0,0000
thunderhawk 2,8134 0,0012
how 0,0834 0,0000
adoption 0,8675 0,0004
citations 2,8134 0,0012
journal 0,4780 0,0002
wsdl 3,2189 0,0014
peter 0,8210 0,0004
term 0,0000 0,0000
business 0,3425 0,0002
mini 0,0619 0,0000
arachne 2,8134 0,0012
encodings 4,6052 0,0020
operational 1,7148 0,0008
staff 1,7720 0,0008
involve 0,6539 0,0003
possible 0,5276 0,0002
right 0,0101 0,0000
march 0,0000 0,0000
june 0,0000 0,0000
wikitext 0,0000 0,0000
series 0,5798 0,0003
supersede 1,9661 0,0009
under 0,0101 0,0000
analytic 1,4271 0,0006
represent 0,5978 0,0010
london 1,3863 0,0006
autocapitalize 0,0000 0,0000
down 0,8440 0,0004
recommendations 2,8134 0,0012
hold 0,7985 0,0004
div 0,0000 0,0000
chinese 1,5141 0,0007
correctly 1,5606 0,0007
later 0,4005 0,0002
prior 1,3093 0,0006
bracket 0,0619 0,0001
legal 1,1712 0,0005
wgpagename 0,0000 0,0000
talk 0,0000 0,0000
aslib 4,6052 0,0020
computational 1,2040 0,0005
dolphin 2,5257 0,0011
qutebrows 2,8134 0,0012
commonly 0,6931 0,0003
test 0,4463 0,0002
bray 2,8134 0,0012
count 0,0513 0,0000
hatnote 0,2107 0,0001
ssrn 2,3026 0,0010
schematron 4,6052 0,0020
pinnable 0,0000 0,0000
take 0,2877 0,0004
vision 1,1394 0,0005
noncharacter 4,6052 0,0020
wgrevisionid 0,0000 0,0000
relatively 1,0498 0,0005
citerefbraysperberg 4,6052 0,0020
ietf 2,4079 0,0011
some 0,1744 0,0001
rather 0,5978 0,0003
additional 0,0000 0,0000
indieauth 3,2189 0,0014
title 0,0000 0,0000
patroltoken 0,0000 0,0000
primarily 0,9943 0,0004
miss 1,3471 0,0006
states 0,4943 0,0002
hyperdata 3,5066 0,0015
load 0,0202 0,0000
alpha 0,0101 0,0000
human 0,9416 0,0004
anagnostopoulos 4,6052 0,0020
relax 3,2189 0,0014
custom 0,0000 0,0000
kiswahili 1,2730 0,0006
home 0,8675 0,0004
michael 0,7133 0,0003
glyph 4,6052 0,0020
print 0,0000 0,0000
generality 3,5066 0,0015
tame 3,5066 0,0015
although 0,6162 0,0003
material 0,7765 0,0003
inherit 0,0101 0,0000
peculiar 3,9120 0,0017
articles 1,0217 0,0004
conformation 4,6052 0,0020
construct 1,3471 0,0018
convert 1,6607 0,0007
shiira 2,8134 0,0012
attempt 0,8440 0,0004
soon 1,5606 0,0007
collaborator 3,5066 0,0015
dmy 0,0000 0,0000
navigation 0,0000 0,0000
action 0,0000 0,0000
guidelines 1,8326 0,0008
lock 0,0101 0,0000
latin 2,6593 0,0012
text 0,0000 0,0000
usually 0,4780 0,0002
validation 1,3093 0,0006
python 0,6539 0,0003
ppvisitednode 0,0000 0,0000
cookie 0,0000 0,0000
ampersand 3,9120 0,0017
protest 2,6593 0,0012
sensitive 1,2730 0,0006
loading 0,0000 0,0000
heavy 2,1203 0,0009
lucinda 3,9120 0,0017
flatbuffers 2,9957 0,0013
contents 0,0000 0,0000
explorer 1,7148 0,0008
whereby 3,5066 0,0015
doi 0,4155 0,0002
status 0,0000 0,0000
semantic 1,6607 0,0007
server 0,4005 0,0002
dom 1,6094 0,0007
dot 0,8210 0,0007
skin 0,0000 0,0000
mac 1,3471 0,0006
skunkwork 4,6052 0,0020
mention 1,7148 0,0008
products 1,4271 0,0006
bibliography 2,2073 0,0010
file 0,0000 0,0000
stream 1,0788 0,0005
expressiveness 3,2189 0,0014
member 0,9163 0,0008
sxbl 3,2189 0,0014
stand 1,1712 0,0005
elimination 2,9957 0,0013
map 0,8210 0,0007
wgnoticeproject 0,0000 0,0000
together 0,5978 0,0003
mar 2,5257 0,0011
may 0,0000 0,0000
max 0,0513 0,0000
within 0,3011 0,0001
could 0,4780 0,0002
forward 1,2730 0,0006
health 1,5606 0,0007
torch 2,5257 0,0011
pilgrim 4,6052 0,0020
trigger 0,0513 0,0000
menu 0,0000 0,0000
uri 2,3026 0,0010
url 0,0000 0,0000
machine 0,2744 0,0001
able 0,9943 0,0004
return 0,0000 0,0000
codes 2,8134 0,0012
instance 0,7765 0,0007
opera 2,5257 0,0011
maik 3,9120 0,0017
webgl 2,3026 0,0010
subject 1,1087 0,0005
use 0,0000 0,0000
main 0,0000 0,0000
serve 1,0217 0,0004
strip 2,9957 0,0013
solution 0,5621 0,0002
find 0,3425 0,0003
uzbl 2,8134 0,0012
interactivity 3,5066 0,0015
logo 0,0000 0,0000
supplementary 3,2189 0,0014
international 0,3011 0,0001
logs 1,3093 0,0006
intensive 2,2073 0,0010
smartxml 4,6052 0,0020
turtle 3,2189 0,0014
meteorology 3,2189 0,0014
utc 0,0000 0,0000
occur 0,7765 0,0007
utf 2,5257 0,0011
difficult 0,9163 0,0004
ideas 3,2189 0,0014
canonical 0,0408 0,0000
uti 3,2189 0,0014
sistersitebox 0,6539 0,0003
woff 3,2189 0,0014
feed 1,9661 0,0009
wgcurrevisionid 0,0000 0,0000
convenient 2,5257 0,0011
task 0,5108 0,0004
null 0,0000 0,0000
background 0,0101 0,0000
true 0,0000 0,0000
webauthn 2,2073 0,0010
header 0,0000 0,0000
watchtoken 0,0000 0,0000
present 0,5621 0,0002
galeon 2,6593 0,0012
since 0,3425 0,0002
ubiquitous 1,7720 0,0008
conceive 2,5257 0,0011
foreach 0,0000 0,0000
predate 2,8134 0,0012
transform 1,4697 0,0013
dtd 3,9120 0,0034
repeat 0,0101 0,0000
physical 1,0217 0,0004
make 0,1165 0,0002
categorize 2,4079 0,0011
wggestructuredtaskrejectionreasontextinputenable 0,0000 0,0000
microb 2,8134 0,0012
bosak 4,6052 0,0020
exactly 1,5606 0,0007
beaker 2,8134 0,0012
webmention 3,2189 0,0014
structure 0,4155 0,0005
due 0,5108 0,0002
bytes 4,6052 0,0020
conform 1,7148 0,0015
callback 2,8134 0,0012
simplify 1,1394 0,0005
interpreting 2,9957 0,0013
webassembly 1,7720 0,0008
depend 0,7340 0,0003
cover 1,2040 0,0011
character 1,1394 0,0010
contribution 0,0000 0,0000
meaning 1,5141 0,0007
whatis 4,6052 0,0020
above 1,0788 0,0005
zac 2,6593 0,0012
recursion 0,0513 0,0000
czech 0,9163 0,0004
height 0,0101 0,0000
symbolic 1,9661 0,0009
august 0,0000 0,0000
distinguish 1,3471 0,0012
module 0,0000 0,0000
wikibase 0,0619 0,0000
substantial 2,1203 0,0009
benefit 0,9416 0,0004
datemodify 0,0619 0,0000
filename 2,1203 0,0009
microdata 3,2189 0,0014
unique 1,2379 0,0005
processing 0,6162 0,0003
except 1,5141 0,0007
hrvatski 0,7550 0,0003
xades 3,2189 0,0014
nordfriisk 2,4079 0,0011
notheme 0,3711 0,0002
safari 2,1203 0,0009
association 1,0498 0,0005
industry 0,7550 0,0003
rdfs 3,5066 0,0015
believe 1,8326 0,0008
into 0,1985 0,0001
min 0,1165 0,0001
treewalker 4,6052 0,0020
rdfa 2,8134 0,0012
thrift 3,2189 0,0014
free 0,0000 0,0000
relationship 1,0788 0,0005
expression 1,3471 0,0012
reaction 2,3026 0,0010
though 0,8440 0,0004
edifact 3,9120 0,0017
microxml 4,6052 0,0020
many 0,2357 0,0001
stax 4,6052 0,0020
appear 0,8210 0,0007
face 1,1712 0,0005
simon 2,0402 0,0009
ibm 0,5621 0,0002
open 0,1625 0,0001
treat 1,3863 0,0012
tbody 0,6931 0,0003
validator 2,8134 0,0012
project 0,0000 0,0000
seven 1,8326 0,0008
arena 2,0402 0,0009
enhancement 0,0101 0,0000
inside 0,0101 0,0000
mainly 1,5141 0,0007
hproduct 3,5066 0,0015
presentation 1,5141 0,0007
modularity 2,5257 0,0011
tsinaraki 4,6052 0,0020
roughly 1,7720 0,0008
exhaustive 2,6593 0,0012
jean 1,8971 0,0008
emotionml 3,2189 0,0014
five 0,9943 0,0004
zen 2,6593 0,0012
monospace 2,0402 0,0009
geotagging 3,5066 0,0015
armenian 4,6052 0,0020
collection 0,6733 0,0003
warwick 3,9120 0,0017
look 0,7765 0,0003
korea 2,1203 0,0009
inspect 2,8134 0,0012
internet 0,5447 0,0002
conflict 1,6094 0,0007
allow 0,1863 0,0002
iec 1,5606 0,0007
sgml 3,5066 0,0015
isbn 0,1054 0,0000
mmi 2,9957 0,0013
detect 1,0788 0,0005
proper 1,5606 0,0007
rule 0,5978 0,0005
quo 3,5066 0,0015
ebml 4,6052 0,0020
common 0,3711 0,0002
interest 0,9943 0,0004
linux 0,8916 0,0004
themselves 1,1394 0,0005
definition 0,4943 0,0004
placeholder 0,0000 0,0000
every 0,6162 0,0003
slimbrowser 2,8134 0,0012
apply 0,0000 0,0000
comment 1,2730 0,0011
step 0,7765 0,0003
teleconference 4,6052 0,0020
whitespace 2,5257 0,0011
mark 0,6733 0,0006
base 0,0305 0,0000
webplatform 3,2189 0,0014
ocsp 2,8134 0,0012
reliably 2,8134 0,0012
versatility 3,9120 0,0017
reasoning 1,6607 0,0007
binding 1,7720 0,0016
prefixing 4,6052 0,0020
during 0,5447 0,0002
consist 0,6539 0,0009
loss 1,5141 0,0007
grammar 2,1203 0,0019
pogo 2,8134 0,0012
relate 0,0000 0,0000
delimiter 3,2189 0,0028
enable 0,0000 0,0000
safety 1,3093 0,0006
sidebar 0,0000 0,0000
limitreport 0,0000 0,0000
decoration 0,0619 0,0000
reflist 0,0101 0,0000
still 0,5447 0,0002
var 0,0000 0,0000
work 0,2231 0,0002
constitute 2,1203 0,0009
agree 0,0101 0,0000
wgulsislanguageselectorempty 0,0000 0,0000
fail 0,9676 0,0004
itself 0,6539 0,0003
versions 3,5066 0,0015
among 0,5276 0,0002
srpski 0,3711 0,0002
registration 0,0101 0,0000
word 0,0101 0,0000
redcore 2,8134 0,0012
webpositive 2,8134 0,0012
flock 2,5257 0,0011
spain 1,4271 0,0006
steel 2,8134 0,0012
extension 0,6349 0,0006
internal 0,8210 0,0004
deprecate 1,6607 0,0007
kylo 2,8134 0,0012
lingua 2,4079 0,0011
signature 1,8971 0,0017
refbegin 1,4697 0,0006
foundation 0,0000 0,0000
substitute 2,1203 0,0009
across 0,5798 0,0003
disallow 2,6593 0,0012
discontinue 1,3863 0,0006
uniform 1,7148 0,0008
fall 1,2379 0,0005
writing 1,7720 0,0008
carroll 3,9120 0,0017
collective 2,2073 0,0010
event 0,0000 0,0000
undergo 2,4079 0,0011
wherever 3,5066 0,0015
include 0,0000 0,0000
facebook 1,3863 0,0006
toggle 0,0000 0,0000
abstract 1,3093 0,0006
comma 2,9957 0,0013
appearance 0,0000 0,0000
classname 0,0000 0,0000
regulations 3,2189 0,0014
wggetopicsmatchmodeenable 0,0000 0,0000
pritchard 3,9120 0,0017
spam 2,0402 0,0009
delineation 4,6052 0,0020
first 0,0408 0,0000
mse 2,3026 0,0010
nowrap 0,0408 0,0000
prefer 0,0101 0,0000
roman 0,0101 0,0000
lotus 2,5257 0,0011
msn 2,3026 0,0010
wgrelevantpageisprobablyeditable 0,0000 0,0000
float 0,0101 0,0000
transclusion 0,0619 0,0000
space 0,0408 0,0000
reference 0,0101 0,0000
html 0,4463 0,0002
discover 1,2379 0,0005
bottom 0,0000 0,0000
sequentially 2,9957 0,0013
revision 0,0000 0,0000
magyar 0,3425 0,0002
collision 2,6593 0,0012
sequence 1,2730 0,0006
eds 2,3026 0,0010
recruit 3,2189 0,0014
publisher 0,0000 0,0000
img 0,0408 0,0000
minimo 2,8134 0,0012
o'reilly 0,6733 0,0003
mercury 2,6593 0,0012
scientific 1,1712 0,0005
microformat 2,8134 0,0012
rlstate 0,0000 0,0000
error 0,0101 0,0000
platform 0,0000 0,0000
xfdl 3,2189 0,0014
network 0,3285 0,0003
paper 0,9416 0,0004
public 0,4155 0,0002
animations 3,2189 0,0014
parameter 1,3093 0,0011
track 0,9676 0,0004
value 0,0000 0,0000
annex 3,9120 0,0017
spacetime 2,5257 0,0011
advantage 0,9676 0,0004
unchanged 3,5066 0,0015
efn 2,3026 0,0010
instead 0,4463 0,0002
command 0,7133 0,0003
ambron 4,6052 0,0020
expensive 0,0408 0,0000
currently 1,0788 0,0005
lunascape 2,8134 0,0012
maint 0,0101 0,0000
variable 0,9676 0,0004
wiktionary 0,5798 0,0003
platformversion 0,0000 0,0000
exception 1,3471 0,0006
references 0,0513 0,0000
saved 0,0619 0,0000
year 0,2614 0,0002
resolution 1,8326 0,0008
pierre 2,9957 0,0013
via 0,3011 0,0001
properly 1,3471 0,0006
quote 0,0101 0,0000
absent 3,5066 0,0015
because 0,0000 0,0000
dykes 4,6052 0,0020
springer 0,9676 0,0004
appendix 2,8134 0,0012
virtually 2,3026 0,0010
raw 2,1203 0,0009
google 0,4005 0,0002
community 0,0000 0,0000
version 0,0000 0,0000
eesti 0,3285 0,0001
postel 4,6052 0,0020
science 0,5447 0,0002
deepfish 2,8134 0,0012
conkeror 2,8134 0,0012
utility 1,2730 0,0006
manual 1,1394 0,0005
wgusergroup 0,0000 0,0000
colloquially 3,9120 0,0017
vocabulary 2,2073 0,0019
aspect 0,7765 0,0003
wikipedia 0,0000 0,0000
behavior 0,8210 0,0004
close 0,8210 0,0007
afrikaans 0,9416 0,0004
linked 2,6593 0,0012
annotation 2,0402 0,0009
ghostzilla 2,8134 0,0012
iri 3,5066 0,0015
website 0,3711 0,0002
learn 0,0000 0,0000
xinclude 3,2189 0,0014
strata 2,8134 0,0012
whatwg 2,3026 0,0010
rationale 2,5257 0,0011
logical 1,6607 0,0007
textual 2,5257 0,0011
nonbreaking 4,6052 0,0020
descent 2,9957 0,0013
fast 0,4943 0,0004
refute 3,9120 0,0017
rdf 2,2073 0,0010
severe 2,5257 0,0011
sleipnir 2,8134 0,0012
register 0,0000 0,0000
dyke 4,6052 0,0020
iwxxm 4,6052 0,0020
couple 1,8971 0,0008
communicate 1,1394 0,0005
notes 0,9943 0,0004
iso 1,1394 0,0005
republic 0,8916 0,0004
official 0,6162 0,0003
datatypes 3,9120 0,0017
bookmarks 2,6593 0,0012
red 1,2730 0,0006
shacl 2,8134 0,0012
transmission 2,4079 0,0011
post 0,0202 0,0000
vml 3,2189 0,0014
leave 0,0101 0,0000
protocols 2,0402 0,0009
ontology 2,1203 0,0009
add 0,0000 0,0000
need 0,1393 0,0001
its 0,0726 0,0000
originally 0,8675 0,0004
blazer 2,8134 0,0012
often 0,2877 0,0001
itu 3,2189 0,0014
encoding 2,4079 0,0021
article 0,0000 0,0000
rfc 1,9661 0,0009
volume 1,1712 0,0005
parser 0,0000 0,0000
shell 1,0788 0,0005
guideline 1,3471 0,0006
bikakis 4,6052 0,0020
http 0,0000 0,0000
therefore 0,7985 0,0004
exchange 1,1087 0,0010
parsed 4,6052 0,0020
decimal 0,0101 0,0000
eme 2,4079 0,0011
washington 1,5141 0,0007
trust 1,2730 0,0006
paoli 4,6052 0,0020
technical 0,6349 0,0003
outermost 4,6052 0,0020
united 0,4780 0,0002
standardization 1,6094 0,0007
wghostname 0,0000 0,0000
behave 1,5606 0,0007
vol 1,1712 0,0005
accomplish 1,6607 0,0007
gioldasis 4,6052 0,0020
wgtitle 0,0000 0,0000
engine 0,4780 0,0002
intentionally 2,3026 0,0010
puffin 2,8134 0,0012
scope 1,2730 0,0006
rebol 3,9120 0,0017
end 0,3011 0,0004
enumerate 2,9957 0,0013
activitypub 3,2189 0,0014
mistake 2,0402 0,0009
identify 0,6733 0,0006
wgdigittransformtable 0,0000 0,0000
rich 1,3093 0,0006
hlist 0,0408 0,0000
rick 2,8134 0,0012
label 0,0000 0,0000
message 0,3857 0,0002
manchester 3,5066 0,0015
significance 2,6593 0,0012
special 0,0000 0,0000
environment 0,4308 0,0002
rlconf 0,0000 0,0000
klyne 4,6052 0,0020
timberwolf 2,8134 0,0012
family 1,0217 0,0004
age 1,2730 0,0006
bahasa 0,3285 0,0001
charter 3,2189 0,0014
release 0,2744 0,0001
ago 0,7765 0,0003
slim 3,9120 0,0017
caption 0,3567 0,0002
tsapatsoulis 4,6052 0,0020
rif 3,2189 0,0014
number 0,0000 0,0000
webexplorer 2,8134 0,0012
wgbackendresponsetime 0,0000 0,0000
shorten 0,0000 0,0000
opentravel 4,6052 0,0020
property 0,6539 0,0003
brave 2,8134 0,0012
proceedings 0,7550 0,0003
manipulate 1,4271 0,0006
texin 4,6052 0,0020
algorithm 0,8675 0,0004
similar 0,4780 0,0002
mapping 1,6607 0,0007
practitioner 1,8326 0,0008
programmer 0,9416 0,0004
specify 0,6349 0,0008
handle 0,6539 0,0006
sperberg 4,6052 0,0020
script 1,2379 0,0005
system 0,0101 0,0000
aid 1,3471 0,0006
deepnet 2,8134 0,0012
other 0,0000 0,0000
scxml 3,2189 0,0014
abaco 2,8134 0,0012
kelly 2,3026 0,0010
local 0,7985 0,0004
valid 1,4271 0,0006
erb 3,9120 0,0017
initialism 3,5066 0,0015
accommodate 2,1203 0,0009
electronic 1,0788 0,0005
assertion 2,4079 0,0021
toml 3,9120 0,0017
predefine 3,5066 0,0015
powerful 1,4697 0,0006
future 0,5978 0,0003
rlq 0,0000 0,0000
anchor 1,9661 0,0009
cite 0,0000 0,0000
logic 0,9676 0,0004
atom 2,4079 0,0011
screen 0,0101 0,0000
body 0,0000 0,0000
correspond 1,3093 0,0006
mode 0,0000 0,0000
pages 0,0000 0,0000
websocket 2,2073 0,0010
jelliffe 4,6052 0,0020
buffer 1,8326 0,0008
net 0,9416 0,0004
newpp 0,0619 0,0000
intense 3,9120 0,0017
all 0,0408 0,0000
always 0,9416 0,0004
border 0,0000 0,0000
keynote 2,5257 0,0011
new 0,0000 0,0000
read 0,0000 0,0000
markup 2,5257 0,0011
alt 2,6593 0,0012
shall 2,9957 0,0013
adhere 1,5141 0,0007
real 0,0408 0,0000
clientpref 0,0000 0,0000
expense 2,5257 0,0011
tool 0,0000 0,0000
ffff 4,6052 0,0020
traverse 3,5066 0,0015
svenska 0,3857 0,0002
typing 2,3026 0,0010
amf 3,5066 0,0015
networked 2,8134 0,0012
mandate 2,1203 0,0009
amp 2,8134 0,0012
indent 1,3863 0,0012
wgpagecontentlanguage 0,0000 0,0000
media 0,2485 0,0001
floorp 2,8134 0,0012
wgisarticle 0,0000 0,0000
eve 3,5066 0,0015
xmlliteral 4,6052 0,0020
define 0,2744 0,0005
construction 1,2379 0,0005
notelist 2,3026 0,0010
row 0,4943 0,0002
render 0,0513 0,0000
bson 2,9957 0,0013
interlingua 1,3093 0,0006
pgml 3,2189 0,0014
requirement 0,5798 0,0003
specific 0,2877 0,0001
any 0,2107 0,0001
huawei 2,2073 0,0010
application 0,0943 0,0001
wgflaggedrevsparams 0,0000 0,0000
dillo 2,8134 0,0012
yenc 3,9120 0,0017
xslt 2,9957 0,0013
collapse 0,0408 0,0000
aol 2,2073 0,0010
reason 0,7985 0,0004
eww 2,8134 0,0012
maintain 0,3567 0,0002
wgrelevantarticleid 0,0000 0,0000
preprocessor 0,0513 0,0000
skyfire 2,8134 0,0012
anywhere 2,0402 0,0009
oxford 1,7720 0,0008
allowable 4,6052 0,0020
java 0,6162 0,0003
cake 2,8134 0,0012
exi 3,2189 0,0014
english 0,0000 0,0000
api 0,3425 0,0003
repertoire 4,6052 0,0040
cache 0,0305 0,0000
margin 0,0000 0,0000
suomi 0,2107 0,0001
wgrequestid 0,0000 0,0000
remain 0,7550 0,0003
maler 4,6052 0,0020
enwikimwclientpreference 0,0000 0,0000
multimodal 2,6593 0,0012
rlpagemodules 0,0000 0,0000
dataspaces 3,5066 0,0015
cern 2,5257 0,0011
dictionary 1,2040 0,0005
letter 1,5606 0,0014
samea 0,0000 0,0000
wgwikibaseitemid 0,0000 0,0000
xmlhttprequ 2,4079 0,0011
complexity 0,9163 0,0004
dublin 2,9957 0,0013
wgulsiscompactlinksenable 0,0000 0,0000
elliotte 4,6052 0,0020
frequently 1,0788 0,0005
another 0,3567 0,0002
automatically 0,7765 0,0003
pagevariantfallback 0,0000 0,0000
recommend 1,4697 0,0013
matching 2,5257 0,0011
jaxb 4,6052 0,0020
webarchive 0,7985 0,0004
default 0,6931 0,0006
notion 1,8326 0,0008
arc 2,6593 0,0012
gray 2,5257 0,0011
rss 4,6052 0,0020
encryption 1,1712 0,0005
vendor 1,1087 0,0005
wgmonthname 0,0000 0,0000
structured 1,7148 0,0008
disabled 0,0000 0,0000
where 0,2744 0,0001
attribute 0,7765 0,0007
mechanism 0,7550 0,0003
timestamp 0,0000 0,0000
art 1,2379 0,0005
detection 1,2730 0,0006
sueann 4,6052 0,0020
nest 1,7720 0,0008
broker 1,8971 0,0008
call 0,0101 0,0000
consensus 2,3026 0,0010
jawa 2,0402 0,0009
such 0,0943 0,0000
ask 1,0498 0,0005
describe 0,2485 0,0004
apos 3,5066 0,0015
through 0,2107 0,0001
engagement 2,5257 0,0011
microsystems 1,8971 0,0008
icab 2,8134 0,0012
run 0,3011 0,0003
philip 1,8971 0,0008
microsoft 0,4005 0,0002
ecmascript 2,5257 0,0011
debate 1,7720 0,0008
either 0,5621 0,0002
view 0,0000 0,0000
white 0,0305 0,0000
donate 0,0000 0,0000
foaf 3,2189 0,0014
agiledelta 4,6052 0,0020
yaml 2,8134 0,0012
correctness 2,0402 0,0009
messagepack 3,9120 0,0017
collada 4,6052 0,0020
might 0,7340 0,0003
reconstruct 2,9957 0,0013
bold 0,0408 0,0000
engineering 0,3857 0,0002
aug 2,5257 0,0011
gecko 2,8134 0,0012
overlap 1,7148 0,0015
ebcdic 4,6052 0,0020
galego 0,7550 0,0003
name 0,0000 0,0000
bolt 2,4079 0,0011
cputime 0,0000 0,0000
watchlist 0,0000 0,0000
next 0,5798 0,0003
color 0,0101 0,0000
string 1,2040 0,0011
absence 2,4079 0,0011
book 0,4308 0,0002
show 0,0513 0,0000
description 0,0000 0,0000
edition 0,7985 0,0007
simplicity 2,5257 0,0011
blink 2,5257 0,0011
mono 2,5257 0,0011
nor 1,7720 0,0008
usable 2,1203 0,0009
not 0,0101 0,0000
now 0,4308 0,0002
statement 0,0000 0,0000
surrogate 2,4079 0,0011
trademark 0,0101 0,0000
yergeau 4,6052 0,0020
ascii 3,5066 0,0015
analogous 1,7720 0,0008
greek 0,0101 0,0000
konqueror 2,8134 0,0012
news 0,4620 0,0002
risp 4,6052 0,0020
wam 3,9120 0,0017
introduce 0,3285 0,0001
greet 4,6052 0,0020
stavrakantonakis 4,6052 0,0020
way 0,2485 0,0002
target 0,0101 0,0000
xhtml 2,8134 0,0012
tokyo 2,8134 0,0012
what 0,0000 0,0000
amaya 2,6593 0,0012
curie 3,2189 0,0014
detailed 1,6094 0,0007
guidance 1,8971 0,0008
refer 0,4155 0,0004
israel 0,7550 0,0003
hype 2,4079 0,0011
risk 0,8916 0,0004
rise 1,2379 0,0005
underpin 2,6593 0,0012
container 0,0000 0,0000
developers 0,0000 0,0000
usage 0,0000 0,0000
wgmediaviewerenabledbydefault 0,0000 0,0000
nearby 0,0000 0,0000
when 0,0834 0,0000
jim 1,5141 0,0007
far 1,2730 0,0006
faq 1,6094 0,0007
broad 1,1394 0,0005
embed 0,9163 0,0008
plan 0,7985 0,0004
case 0,3285 0,0003
generation 1,2040 0,0005
nokia 2,0402 0,0009
give 0,4780 0,0002
item 0,0000 0,0000
wgmediavieweronclick 0,0000 0,0000
rockmelt 2,8134 0,0012
double 1,0498 0,0005
wgulsposition 0,0000 0,0000
epic 2,0402 0,0009
melayu 0,6349 0,0003
refend 1,9661 0,0009
explicit 1,4697 0,0006
moon 2,6593 0,0012
wgbreakframe 0,0000 0,0000
slide 2,3026 0,0010
italiano 0,1278 0,0001
sticky 0,0000 0,0000
style 0,0000 0,0000
suit 1,9661 0,0009
explicitly 1,2040 0,0005
study 0,9416 0,0004
alps 3,5066 0,0015
searchinput 0,0000 0,0000
direct 0,8440 0,0004
pattern 0,5978 0,0005
commons 0,0000 0,0000
gain 0,8916 0,0004
meteorological 3,9120 0,0017
modern 0,7340 0,0003
web 0,1165 0,0001
occasionally 3,2189 0,0014
berlin 1,8326 0,0008
architecture 0,0000 0,0000
more 0,0000 0,0000
display 0,0000 0,0000
rrid 3,5066 0,0015
ixbrl 3,5066 0,0015
criticize 1,5141 0,0007
grid 1,4697 0,0006
organization 0,0000 0,0000
width 0,0000 0,0000
certain 0,6162 0,0003
board 1,0217 0,0004
ddwg 3,2189 0,0014
statistics 0,0000 0,0000
section 0,7340 0,0006
simple 0,2231 0,0002
influence 1,3471 0,0006
protocol 0,5621 0,0005
whale 2,5257 0,0011
provoke 3,9120 0,0017
hyper 2,4079 0,0011
package 0,9943 0,0004
visible 0,0101 0,0000
orient 0,5447 0,0002
temporarily 2,1203 0,0009
hdml 3,2189 0,0014
inner 2,4079 0,0011
both 0,0305 0,0000
important 0,0101 0,0000
most 0,2107 0,0001
delimit 2,8134 0,0025
effects 2,3026 0,0010
transfer 0,7985 0,0004
marker 3,2189 0,0014
outside 1,1087 0,0005
keep 0,6733 0,0003
giza 4,6052 0,0020
topic 0,0000 0,0000
who 0,5621 0,0002
limitation 1,0498 0,0005
interleaf 4,6052 0,0020
contribute 0,0000 0,0000
jon 1,6607 0,0007
insert 1,6607 0,0015
forbid 2,2073 0,0010
necessarily 1,7720 0,0008
integrated 1,2379 0,0005
highlight 1,3093 0,0006
database 0,2485 0,0001
visually 2,3026 0,0010
nodeiterator 4,6052 0,0020
wgseparatortransformtable 0,0000 0,0000
chromium 2,3026 0,0010
move 0,0000 0,0000
original 0,0943 0,0000
also 0,0202 0,0000
designer 1,2730 0,0006
sax 4,6052 0,0020
differ 1,5141 0,0007
spread 1,6607 0,0007
kimber 4,6052 0,0020
swiftfox 2,8134 0,0012
inline 0,0408 0,0000
yandex 2,1203 0,0009
various 0,3857 0,0002
organizations 1,5606 0,0007
rzxsg 4,6052 0,0020
visit 0,0408 0,0000
user 0,0000 0,0000
simply 0,9676 0,0004
extent 1,7720 0,0008
plane 2,9957 0,0013
rant 4,6052 0,0020
equivalent 1,5141 0,0007
parent 1,8326 0,0008
mentor 3,9120 0,0017
greeting 4,6052 0,0020
bring 0,9676 0,0004
mismo 4,6052 0,0020
tooltip 0,8675 0,0004
magma 4,6052 0,0020
offer 0,4155 0,0005
fix 0,5108 0,0002
complex 0,5621 0,0002
draft 1,6607 0,0015
hreview 3,5066 0,0015
elmcip 2,3026 0,0010
fluid 2,3026 0,0010
piratebrowser 2,8134 0,0012
addition 0,6733 0,0003
surf 2,6593 0,0012
ttnbl 4,6052 0,0020
grow 0,8675 0,0004
lynx 2,6593 0,0012
hierarchy 1,6607 0,0007
personal 0,0000 0,0000
extend 0,6162 0,0005
imageobject 0,0000 0,0000
mylonas 4,6052 0,0020
intermediate 2,0402 0,0009
consideration 1,5606 0,0007
drive 0,4780 0,0002
dynatext 4,6052 0,0020
schema 1,6094 0,0014
deal 1,1712 0,0005
strong 0,9943 0,0004
be 0,1508 0,0001
scheme 0,0101 0,0000
vadi 4,6052 0,0020
icon 0,0101 0,0000
consequently 2,1203 0,0009
expansiondepth 0,0000 0,0000
icedragon 2,8134 0,0012
bcp 3,9120 0,0017
jsx 3,5066 0,0015
search 0,0000 0,0000
see 0,0408 0,0000
spacing 0,0619 0,0000
citerefsperberg 4,6052 0,0020
wgrelevantpagename 0,0000 0,0000
wmo 4,6052 0,0020
national 0,4463 0,0002
indicate 1,0217 0,0004
madonna 4,6052 0,0020
kristina 2,9957 0,0013
contain 0,0101 0,0000
set 0,2107 0,0002
shqip 0,6931 0,0003
column 0,0101 0,0000
adobe 2,1203 0,0009
midori 2,4079 0,0011
incompatibility 2,5257 0,0011
linthicum 4,6052 0,0020
validity 2,6593 0,0012
wgaction 0,0000 0,0000
font 0,0000 0,0000
encode 1,5141 0,0020
arora 2,5257 0,0011
omniweb 2,8134 0,0012
connolly 2,9957 0,0013
language 0,0000 0,0000
mgml 4,6052 0,0020
do 0,1625 0,0002
graphics 1,6607 0,0007
navbox 0,0943 0,0000
listitem 0,0408 0,0000
franca 2,4079 0,0011
contact 0,0000 0,0000
france 0,8675 0,0004
exclude 2,3026 0,0020
criticism 1,1394 0,0010
wot 3,2189 0,0014
programming 0,2744 0,0001
digit 2,0402 0,0009
ed 1,5141 0,0007
image 0,0202 0,0000
terse 4,6052 0,0020
flynn 3,2189 0,0014
chrome 2,2073 0,0010
typically 0,3857 0,0002
browsers 3,2189 0,0014
wiley 1,1712 0,0005
never 1,1712 0,0005
schemas 2,8134 0,0012
burst 2,6593 0,0012
party 0,6539 0,0003
cursor 0,0619 0,0000
however 0,3011 0,0001
origin 0,0000 0,0000
waterfox 2,8134 0,0012
smil 3,2189 0,0014
augmentation 2,6593 0,0012
walltime 0,0000 0,0000
interlanguage 0,0000 0,0000
content 0,0000 0,0000
burden 2,4079 0,0011
duckduckgo 2,6593 0,0012
sig 3,9120 0,0017
random 0,0000 0,0000
wikibooks 0,8210 0,0004
refactoring 2,5257 0,0011
related 0,9676 0,0004
terminology 1,7148 0,0008
mosaic 2,6593 0,0012
client 0,0000 0,0000
foss 1,8971 0,0008
json 1,2379 0,0005
divide 1,4271 0,0006
class 0,0000 0,0000
gehomepagesuggestededitsenabletopic 0,0000 0,0000
conversion 1,9661 0,0009
digital 0,6162 0,0003
over 0,3285 0,0001
christodoulakis 4,6052 0,0020
false 0,0000 0,0000
specification 0,7133 0,0006
steering 2,4079 0,0011
counter 0,0408 0,0000
parse 0,0619 0,0001
srpskohrvatski 0,9163 0,0004
serialization 3,2189 0,0014
sebastopol 1,9661 0,0009
fork 1,1394 0,0005
formalize 2,6593 0,0012
clark 2,0402 0,0009
form 0,3011 0,0003
management 0,2231 0,0001
publish 0,4463 0,0004
developer 0,1744 0,0002
avoid 0,0101 0,0000
comprehensive 1,3863 0,0006
significantly 1,5141 0,0007
subset 1,1394 0,0010
straightforward 3,5066 0,0015
very 0,5978 0,0003
expert 1,3863 0,0006
geneva 2,9957 0,0013
recommendation 1,6094 0,0007
uuencode 3,9120 0,0017
output 0,0000 0,0000
inactive 2,5257 0,0011
usability 1,8326 0,0008
orion 2,3026 0,0010
else 2,0402 0,0009
four 0,9676 0,0004
sko 2,8134 0,0012
context 0,5978 0,0003
majority 1,5141 0,0007
model 0,0000 0,0000
join 1,1087 0,0005
portal 0,0000 0,0000
manipulation 1,1712 0,0005
reduce 0,0101 0,0000
sentence 0,0000 0,0000
likely 1,3471 0,0006
issue 0,3425 0,0002
kern 0,0101 0,0000
large 0,2485 0,0001
in 2,9957 0,0013
folksonomy 3,5066 0,0015
robustness 2,6593 0,0012
mathml 3,2189 0,0014
ordinary 2,1203 0,0009
httpd 3,2189 0,0014
announce 0,6733 0,0003
odd 0,0943 0,0000
contrast 0,9416 0,0004
exclusively 1,6607 0,0007
john 0,5276 0,0002
hello 1,6607 0,0007
begin 0,5108 0,0007
wgvisualeditor 0,0000 0,0000
become 0,2877 0,0001
template 0,0000 0,0000
enwiki 0,0619 0,0000
eventually 1,1394 0,0005
subscription 0,0101 0,0000
basilisk 2,4079 0,0011
falkon 2,8134 0,0012
smi 3,9120 0,0017
library 0,3857 0,0003
navbar 0,0202 0,0000
world 0,3857 0,0003
strings 2,6593 0,0012
subbox 0,6931 0,0003
jsss 2,6593 0,0012
angle 3,5066 0,0015
december 0,0000 0,0000
ability 0,7340 0,0003
everything 1,2730 0,0006
table 0,0000 0,0000
charon 2,8134 0,0012
side 0,3425 0,0002
cunningham 2,0402 0,0009
gaeilge 1,2040 0,0005
break 0,0101 0,0000
librewolf 2,8134 0,0012
change 0,0000 0,0000
beonex 2,8134 0,0012
webvtt 3,2189 0,0014
printable 0,0000 0,0000
generally 0,5447 0,0002
hide 0,0000 0,0000
meleon 2,8134 0,0012
multimedia 1,5606 0,0007
instruction 1,1712 0,0010
report 0,0202 0,0000
citerefducharme 4,6052 0,0020
complete 0,4780 0,0002
agora 3,2189 0,0014
auto 0,0726 0,0000
cobb 3,9120 0,0017
bmp 3,9120 0,0017
several 0,4155 0,0002
sign 1,2379 0,0005
syntactical 3,5066 0,0015
microformats 3,5066 0,0015
bibcode 1,6094 0,0007
office 1,0498 0,0005
wgcanonicalspecialpagename 0,0000 0,0000
while 0,2614 0,0001
phoenician 4,6052 0,0020
second 0,0408 0,0000
that 0,5108 0,0002
download 0,0000 0,0000
edge 1,2379 0,0005
high 0,0101 0,0000
gsoap 4,6052 0,0020
split 0,0000 0,0000
publication 1,5141 0,0007
than 0,2357 0,0001
limit 0,0000 0,0000
claim 0,9676 0,0004
bnf 0,9163 0,0004
communication 0,6162 0,0003
different 0,0513 0,0000
directly 0,5108 0,0002
level 0,0000 0,0000
author 0,0000 0,0000
interoperability 1,8326 0,0008
plus 1,6607 0,0007
expansion 0,0619 0,0000
license 0,0000 0,0000
expand 0,0101 0,0000
salamweb 2,8134 0,0012
bob 1,8326 0,0008
wgmfdisplaywikibasedescription 0,0000 0,0000
retrieve 0,0000 0,0000
survey 0,9416 0,0004
plug 2,2073 0,0010
datum 0,0408 0,0000
bom 4,6052 0,0020
code 0,0000 0,0000
legacy 1,5141 0,0007
wgdefaultdateformat 0,0000 0,0000
box 0,0408 0,0000
mixed 2,8134 0,0012
sean 1,9661 0,0009
storage 0,3711 0,0002
total 0,0000 0,0000
deutsch 0,0943 0,0000
unstructured 2,3026 0,0010
cap'n 3,9120 0,0017
dive 3,2189 0,0014
hexadecimal 2,6593 0,0012
highly 1,1712 0,0005
keyboard 1,8971 0,0008
macro 2,6593 0,0023
initiative 1,0217 0,0009
determine 0,7985 0,0004
src 0,6349 0,0003
problematic 2,9957 0,0013
control 0,1625 0,0001
sri 2,4079 0,0011
informa 4,6052 0,0020
symbian 2,2073 0,0010
citerefbraypaolisperberg 4,6052 0,0020
attribution 0,0000 0,0000
essentially 2,2073 0,0010
geolocation 2,3026 0,0010
handler 2,0402 0,0009
metadata 1,5606 0,0007
vary 0,0619 0,0000
upper 0,0101 0,0000
adaptation 2,3026 0,0020
convenience 2,5257 0,0011
iterator 2,5257 0,0011
expiry 0,0619 0,0000
minerva 0,0101 0,0000
brand 0,0000 0,0000
publishing 0,7550 0,0003
recent 0,0000 0,0000
they 0,0619 0,0001
proposal 1,6094 0,0007
closely 1,6094 0,0007
edit 0,0000 0,0000
old 0,8675 0,0008
then 0,3567 0,0002
accept 1,1087 0,0010
node 0,0305 0,0000
adopt 0,9163 0,0008
obasanjo 4,6052 0,0020
oppose 1,6094 0,0007
device 0,7550 0,0003
bencode 3,9120 0,0017
conservative 3,5066 0,0015
access 0,2877 0,0004
conference 0,3425 0,0002
webrtc 2,3026 0,0010
activity 0,9943 0,0009
grammatical 4,6052 0,0020
sun 1,2730 0,0006
gazelle 2,8134 0,0012
selflink 0,0101 0,0000
current 0,0000 0,0000
xpath 2,5257 0,0011
defunct 1,9661 0,0009
nynorsk 1,2379 0,0005
variety 0,9943 0,0004
thompson 1,8326 0,0008
vector 0,0000 0,0000
conferences 2,2073 0,0010
email 1,4271 0,0006
key 0,0305 0,0000
editorship 4,6052 0,0020
silk 2,2073 0,0010
cachereport 0,0000 0,0000
decision 0,8675 0,0004
necessary 0,8440 0,0004
svg 1,0788 0,0005
one 0,0943 0,0001
hotjava 2,8134 0,0012
store 0,5447 0,0005
bosanski 0,8916 0,0004
single 0,3147 0,0001
entityaccesscount 0,0000 0,0000
pull 1,5606 0,0007
bug 0,8675 0,0004
tightly 2,6593 0,0012
vast 1,9661 0,0009
symbol 1,8326 0,0008
declare 1,6094 0,0007
reasonable 2,1203 0,0009
available 0,0000 0,0000
express 1,0788 0,0009
aidx 4,6052 0,0020
horizontal 2,5257 0,0011
regularly 1,9661 0,0009
soomaaliga 2,4079 0,0011
missile 3,9120 0,0017
variant 0,0619 0,0000
dynamic 0,7133 0,0003
generate 0,8210 0,0007
extreme 1,8971 0,0008
sioc 3,5066 0,0015
ensure 0,7985 0,0007
query 1,1394 0,0005
this 0,1278 0,0001
norsk 0,3285 0,0001
cbor 3,9120 0,0017
memusage 0,0000 0,0000
nutshell 3,5066 0,0015
extract 1,7720 0,0016
libwww 3,2189 0,0014
especially 0,8210 0,0004
once 0,7985 0,0004
opendocument 3,9120 0,0017
solve 0,9416 0,0004
know 0,2231 0,0002
support 0,1393 0,0002
grddl 3,5066 0,0015
xbl 3,2189 0,0014
techtarget 2,9957 0,0013
wgpopupsflag 0,0000 0,0000
polski 0,1165 0,0001
privacy 0,0000 0,0000
proprietary 0,9676 0,0004
monospaced 2,0402 0,0009
emphasize 1,6094 0,0007
extensible 1,8326 0,0008
normal 0,0202 0,0000
wide 0,6539 0,0003
transmit 1,8326 0,0008
technology 0,1863 0,0002
ungoogled 2,8134 0,0012
wgarticleid 0,0000 0,0000
pagelanguagedir 0,0000 0,0000
wgcitereferencepreviewsactive 0,0000 0,0000
flexbox 3,2189 0,0014
sisr 3,2189 0,0014
software 0,0000 0,0000
reach 1,2040 0,0005
xdr 3,9120 0,0017
none 0,0101 0,0000
type 0,0000 0,0000
april 0,0000 0,0000
beyond 1,0217 0,0004
internationalization 2,8134 0,0012
closing 2,1203 0,0009
problem 0,3285 0,0003
review 0,6162 0,0003
proof 1,7148 0,0008
presence 1,3471 0,0006
between 0,2107 0,0001
stylesheet 2,9957 0,0013
goal 0,8440 0,0007
kazehakase 2,8134 0,0012
method 0,3147 0,0003
comodo 2,8134 0,0012
contract 1,4271 0,0006
streams 2,5257 0,0011
come 0,4155 0,0004
ott 2,5257 0,0011
push 0,0000 0,0000
exist 0,4155 0,0005
ladybird 2,8134 0,0012
ides 2,4079 0,0011
ducharme 4,6052 0,0020
force 1,0217 0,0004
notifications 2,8134 0,0012
james 0,9676 0,0004
range 0,8675 0,0008
vanchor 2,8134 0,0012
kml 4,6052 0,0020
derive 1,1394 0,0005
out 0,0000 0,0000
feature 0,0000 0,0000
get 0,0000 0,0000
recall 2,9957 0,0013
dark 0,0101 0,0000
course 1,3093 0,0006
place 0,5447 0,0005
dare 4,6052 0,0020
regular 1,2379 0,0005
neoplanet 2,8134 0,0012
dispute 1,6607 0,0007
transformation 1,5606 0,0014
lead 0,2231 0,0002
token 1,7148 0,0008
filter 1,4697 0,0006
help 0,0000 0,0000
site 0,0000 0,0000
cease 2,8134 0,0012
depth 0,0000 0,0000
lilley 3,9120 0,0017
rename 1,5141 0,0007
self 0,7133 0,0003
prone 1,9661 0,0009
queue 1,1394 0,0005
sharealike 0,0000 0,0000
date 0,3011 0,0001
magic 1,9661 0,0009
xhp 3,9120 0,0017
argument 0,0513 0,0000
data 0,0000 0,0000
owl 2,8134 0,0012
firefox 2,2073 0,0010
own 0,4780 0,0002
wiki 1,2730 0,0006
wgpageviewlanguage 0,0000 0,0000
blog 0,6349 0,0003
accesskey 0,0000 0,0000
tab 2,4079 0,0011
plain 1,5141 0,0007
only 0,2107 0,0001
create 0,0000 0,0000
publishers 2,1203 0,0009
draconian 4,6052 0,0020
tag 0,0000 0,0000
readable 1,8971 0,0008
development 0,1278 0,0001
individual 0,7985 0,0004
like 0,2231 0,0001
resource 0,4620 0,0002
tax 1,8971 0,0008
constrain 2,4079 0,0011
core 0,5621 0,0002
person 0,6162 0,0003
proto 3,5066 0,0015
send 0,7550 0,0003
srgs 3,2189 0,0014
concrete 1,8971 0,0008
here 0,0000 0,0000
xmlreader 4,6052 0,0020
note 0,4155 0,0002
camino 2,8134 0,0012
purpose 0,5108 0,0002
scala 2,0402 0,0009
line 0,0101 0,0000
link 0,0000 0,0000
distinct 1,3471 0,0006
robin 1,7720 0,0008
can 0,0408 0,0000
inclusion 2,3026 0,0010
computing 0,4155 0,0002
cap 0,0619 0,0000
contributor 0,0000 0,0000
wgcanonicalnamespace 0,0000 0,0000
organize 1,1712 0,0005
asynchronous 1,8326 0,0008
flex 0,5276 0,0002
ready 0,0000 0,0000
wbxml 4,6052 0,0020
fpml 4,6052 0,0020
wgisredirect 0,0000 0,0000
limited 0,8916 0,0004
satisfy 1,7720 0,0008
sputnik 2,4079 0,0011
worldwideweb 2,8134 0,0012
february 0,0000 0,0000
implementation 0,3147 0,0003
match 0,5276 0,0005
arbitrary 1,3863 0,0006
harold 3,2189 0,0014
standardize 1,7148 0,0015
follow 0,2744 0,0002
textuality 4,6052 0,0020
fragment 2,5257 0,0011
readability 2,5257 0,0011
balinese 4,6052 0,0020
responsive 0,0202 0,0000
namespace 1,5141 0,0013
serially 4,6052 0,0020
category 0,0000 0,0000
intend 0,6162 0,0003
wikidata 0,0000 0,0000
