greenberg 2,6593 0,0010
introduces 1,7148 0,0007
functions 0,5978 0,0002
latina 1,4697 0,0006
numerous 1,3863 0,0005
upload 0,0000 0,0000
multitasking 2,2073 0,0008
wggelevelingupenabledforuser 0,0000 0,0000
stylus 3,5066 0,0013
wgrestrictionmove 0,0000 0,0000
your 0,6931 0,0003
remote 0,9163 0,0003
without 0,2744 0,0001
these 0,1278 0,0000
introduced 0,5447 0,0002
contributions 0,0000 0,0000
emma 2,9957 0,0011
protected 1,6094 0,0006
would 0,3425 0,0001
appnexus 3,5066 0,0013
xml 1,1394 0,0004
essentials 2,6593 0,0010
ten 1,9661 0,0008
sister 1,6094 0,0006
userland 2,8134 0,0011
eweek 2,6593 0,0010
solid 0,0202 0,0000
devices 0,8916 0,0003
notably 1,8326 0,0007
optional 1,3093 0,0005
require 0,0000 0,0000
backwards 2,5257 0,0010
isixhosa 3,5066 0,0013
rewrite 1,7720 0,0007
scribunto 0,0000 0,0000
cooperative 1,8971 0,0007
ntldr 4,6052 0,0018
winlogon 4,6052 0,0018
size 0,0000 0,0000
unveils 2,5257 0,0010
left 0,0101 0,0000
cdx 0,0000 0,0000
magnifier 3,9120 0,0015
much 0,6931 0,0003
takelessons 3,5066 0,0013
wine 3,9120 0,0015
object 0,4308 0,0002
accessible 1,1712 0,0004
entitled 3,5066 0,0013
lombard 1,1712 0,0004
achieve 1,1087 0,0004
ceo 1,6094 0,0006
gold 2,6593 0,0010
result 0,4620 0,0002
bugs 1,2730 0,0005
characters 1,5606 0,0006
skype 2,9957 0,0011
gehomepagesuggestededitsenabletopics 0,0000 0,0000
same 0,2357 0,0001
commission 1,5141 0,0006
after 0,0305 0,0000
headline 0,0000 0,0000
policy 0,0000 0,0000
address 0,8210 0,0003
licensed 1,7148 0,0007
qualls 4,6052 0,0018
kernel 1,2379 0,0005
simplygon 3,5066 0,0013
cfo 2,5257 0,0010
faced 2,2073 0,0008
pagelanguagecode 0,0000 0,0000
gnu 1,1087 0,0004
transientcontent 0,0000 0,0000
consisting 1,5141 0,0006
halt 3,2189 0,0012
subtle 0,3285 0,0001
licenses 1,7148 0,0007
lips 4,6052 0,0018
blue 1,8326 0,0007
idhash 0,0619 0,0000
norway 2,5257 0,0010
days 1,1087 0,0004
timeline 1,1394 0,0004
information 0,0000 0,0000
combined 1,2379 0,0005
wrap 0,0101 0,0000
adopted 1,1712 0,0004
novel 2,2073 0,0008
standard 0,3567 0,0001
november 0,0000 0,0000
correct 1,3093 0,0005
blogs 2,1203 0,0008
reader 1,8971 0,0007
specifications 1,3093 0,0005
dominate 2,9957 0,0011
empty 0,0305 0,0000
analytics 1,1712 0,0004
hacks 2,4079 0,0009
fullversionlist 0,0000 0,0000
tim 1,0498 0,0004
implement 0,7133 0,0003
export 0,0000 0,0000
others 0,4463 0,0002
multipoint 4,6052 0,0018
area 1,2040 0,0005
making 0,5108 0,0002
sectors 2,4079 0,0009
pay 1,5141 0,0006
list 0,0000 0,0000
sparta 4,6052 0,0018
wgusergroups 0,0000 0,0000
external 0,1863 0,0001
derrick 4,6052 0,0018
labs 1,0788 0,0004
success 1,2379 0,0005
authority 0,4780 0,0002
capitalizing 4,6052 0,0018
chmccl 4,6052 0,0018
forethought 3,5066 0,0013
remarked 3,9120 0,0015
lisa 2,4079 0,0009
cia 2,6593 0,0010
onwards 2,8134 0,0011
child 0,0202 0,0000
scanners 3,5066 0,0013
homeos 3,9120 0,0015
applied 0,7765 0,0003
mainentity 0,0000 0,0000
divided 1,6607 0,0006
germany 0,5798 0,0002
provided 0,7765 0,0003
rashid 3,5066 0,0013
interface 0,3425 0,0001
remove 0,6733 0,0003
disclaimers 0,0000 0,0000
expanded 0,2231 0,0001
samsung 2,2073 0,0008
unsupported 2,3026 0,0009
provides 0,3711 0,0001
root 0,4943 0,0002
disambiguation 1,5606 0,0006
wgisprobablyeditable 0,0000 0,0000
hard 1,2379 0,0005
ntbackup 4,6052 0,0018
bruce 1,8326 0,0007
ligure 2,5257 0,0010
live 1,3093 0,0005
pcs 2,9957 0,0011
imes 4,6052 0,0018
citation 0,0101 0,0000
approval 2,1203 0,0008
mobile 0,0000 0,0000
multiple 0,2485 0,0001
perform 0,8675 0,0003
evolution 1,3471 0,0005
pda 4,6052 0,0018
pdc 3,5066 0,0013
better 0,6162 0,0002
plainlist 0,4463 0,0002
tinker 3,2189 0,0012
pdf 0,0000 0,0000
computerworld 1,7148 0,0007
service 0,2231 0,0001
there 0,2614 0,0001
well 0,3011 0,0001
magazine 0,9943 0,0004
outlook 3,2189 0,0012
jahiu 4,6052 0,0018
pocket 2,8134 0,0011
bitness 0,0000 0,0000
rgba 0,0101 0,0000
named 0,8916 0,0003
considered 0,5798 0,0002
channel 1,5606 0,0006
focus 1,1087 0,0004
changing 1,1712 0,0004
entire 0,8675 0,0003
kenny 3,9120 0,0015
utilities 1,7720 0,0007
experiment 2,1203 0,0008
pen 3,9120 0,0015
ppvisitednodes 0,0000 0,0000
block 0,0408 0,0000
per 0,8440 0,0003
write 0,6931 0,0003
flow 0,3857 0,0001
order 0,4620 0,0002
hololens 3,5066 0,0013
ntfs 3,2189 0,0012
protecting 2,0402 0,0008
cli 1,5141 0,0006
aria 0,0000 0,0000
boxtext 0,0619 0,0000
clo 3,5066 0,0013
corporation 1,1712 0,0004
wgmfdisplaywikibasedescriptions 0,0000 0,0000
confirmation 3,2189 0,0012
macintosh 2,2073 0,0008
underlying 0,9163 0,0003
indonesia 0,3567 0,0001
intel 1,6094 0,0006
suspended 2,9957 0,0011
ever 1,3863 0,0005
million 1,0498 0,0004
even 0,0513 0,0000
install 1,9661 0,0008
integration 0,4620 0,0002
esperanto 0,7133 0,0003
tagline 0,0000 0,0000
wgpopupsflags 0,0000 0,0000
gui 1,3863 0,0005
assumed 2,4079 0,0009
larger 0,8440 0,0003
regexp 0,0000 0,0000
subsection 0,1508 0,0001
successor 1,6607 0,0006
cmo 3,5066 0,0013
wgeditsubmitbuttonlabelpublish 0,0000 0,0000
freedows 4,6052 0,0018
boarisch 1,9661 0,0008
toc 0,0000 0,0000
categorized 2,8134 0,0011
kinds 1,4271 0,0005
leaked 3,5066 0,0013
protection 0,4620 0,0002
functionality 0,6931 0,0003
aero 3,9120 0,0015
mandatory 2,6593 0,0010
wgpagecontentmodel 0,0000 0,0000
cameras 2,5257 0,0010
tom 1,3863 0,0005
top 0,0000 0,0000
native 0,8916 0,0003
technica 1,3093 0,0005
too 0,8916 0,0003
peer 2,1203 0,0008
powerpc 2,8134 0,0011
tos 4,6052 0,0018
hobbyist 2,4079 0,0009
cnn 2,1203 0,0008
gaming 1,8971 0,0007
product 0,6539 0,0002
gothic 4,6052 0,0018
lgbtqia 3,2189 0,0012
additions 2,6593 0,0010
dominant 1,7148 0,0007
foley 3,2189 0,0012
asian 3,2189 0,0012
produce 1,2040 0,0005
verge 1,8326 0,0007
wgnamespacenumber 0,0000 0,0000
framework 0,4155 0,0002
names 0,8210 0,0003
messenger 3,5066 0,0013
wgwmepagelength 0,0000 0,0000
chronicle 2,8134 0,0011
com 0,8210 0,0003
col 1,0217 0,0004
coo 2,6593 0,0010
covid 1,8326 0,0007
predecessors 3,2189 0,0012
expensivefunctioncount 0,0000 0,0000
almost 1,1087 0,0004
environments 0,7985 0,0003
translated 2,1203 0,0008
employee 2,3026 0,0009
cox 3,2189 0,0012
associate 2,9957 0,0011
platforms 0,6931 0,0003
timeusage 0,0000 0,0000
bellis 4,6052 0,0018
automation 0,7550 0,0003
earlier 1,2040 0,0005
frysk 2,6593 0,0010
lal 3,9120 0,0015
function 0,0000 0,0000
members 1,1394 0,0004
lan 3,2189 0,0012
west 2,2073 0,0008
verification 0,8440 0,0003
franchises 4,6052 0,0018
comparison 0,4155 0,0002
cpo 3,2189 0,0012
including 0,1985 0,0001
virtualization 1,5606 0,0006
oses 2,9957 0,0011
introducing 0,8916 0,0003
solitaire 4,6052 0,0018
cpu 0,0408 0,0000
infobox 0,6931 0,0003
less 0,6162 0,0002
affected 1,6607 0,0006
pcache 0,0619 0,0000
andy 1,8326 0,0007
markets 1,9661 0,0008
simplified 1,7148 0,0007
winapi 4,6052 0,0018
improve 0,3857 0,0001
obligation 3,9120 0,0015
naming 1,4697 0,0006
october 0,0000 0,0000
try 1,5606 0,0006
basic 0,6539 0,0002
specialized 1,1712 0,0004
became 0,7133 0,0003
arizona 4,6052 0,0018
nuance 3,5066 0,0013
university 0,5621 0,0002
accidentally 2,6593 0,0010
jquery 0,0000 0,0000
nullified 4,6052 0,0018
scripting 1,2040 0,0005
timer 3,5066 0,0013
times 0,5447 0,0002
chaitanya 4,6052 0,0018
intended 0,5978 0,0002
design 0,1985 0,0001
working 0,5276 0,0002
possibility 1,9661 0,0008
says 1,3863 0,0005
timeless 0,0101 0,0000
direction 1,5606 0,0006
elevation 4,6052 0,0018
vlams 3,2189 0,0012
chief 1,6607 0,0006
automatic 1,2379 0,0005
lengthy 3,2189 0,0012
wgwmeschemaeditattemptstepoversample 0,0000 0,0000
followed 1,1087 0,0004
ttl 0,0000 0,0000
lojban 2,8134 0,0011
cyber 2,5257 0,0010
activemovie 4,6052 0,0018
encyclopedia 0,0000 0,0000
conduct 0,0000 0,0000
redirects 1,5606 0,0006
formerly 1,2040 0,0005
incident 2,5257 0,0010
maintenance 0,6733 0,0003
wall 1,8326 0,0007
slashdot 3,2189 0,0012
abovebelow 0,0943 0,0000
splits 3,2189 0,0012
japan 1,2730 0,0005
led 0,5978 0,0002
helen 2,8134 0,0011
integrity 1,3863 0,0005
ctf 4,6052 0,0018
docs 1,6094 0,0006
stats 2,4079 0,0009
acompli 3,5066 0,0013
pref 0,0000 0,0000
state 0,4620 0,0002
csrftoken 0,0000 0,0000
press 0,5798 0,0002
meeting 1,5141 0,0006
events 0,0000 0,0000
cto 2,8134 0,0011
element 0,0000 0,0000
separately 1,5606 0,0006
began 0,7985 0,0003
edited 0,0000 0,0000
night 0,0000 0,0000
want 1,5606 0,0006
forecast 2,2073 0,0008
qaraqalpaqsha 1,1712 0,0004
vulnerability 1,7148 0,0007
pack 2,5257 0,0010
processor 1,3093 0,0005
each 0,1393 0,0001
tvs 3,5066 0,0013
input 0,0000 0,0000
creating 0,6539 0,0002
engadget 2,9957 0,0011
reality 1,5606 0,0006
must 0,4620 0,0002
styles 0,0834 0,0000
actions 0,0000 0,0000
items 0,5108 0,0002
directx 3,9120 0,0015
unpinned 0,0000 0,0000
sophisticated 1,8326 0,0007
sunrise 3,5066 0,0013
entertainment 2,2073 0,0008
warrior 3,2189 0,0012
document 0,6539 0,0002
vkernel 2,3026 0,0009
clippy 3,2189 0,0012
availability 1,1394 0,0004
csrss 4,6052 0,0018
networks 0,8210 0,0003
two 0,2744 0,0001
cve 2,8134 0,0011
found 0,6162 0,0002
does 0,2744 0,0001
reported 1,3471 0,0005
datepublished 0,0000 0,0000
emerging 1,6607 0,0006
gives 1,5141 0,0006
latest 0,9676 0,0004
receive 1,2730 0,0005
participate 2,9957 0,0011
txf 4,6052 0,0018
languages 0,0000 0,0000
shells 2,6593 0,0010
webtv 3,5066 0,0013
services 0,3425 0,0001
team 0,5978 0,0002
marketing 1,2730 0,0005
preinstalled 3,5066 0,0013
wgusername 0,0000 0,0000
speech 2,0402 0,0008
redmond 3,9120 0,0015
thing 1,8971 0,0007
privileges 2,4079 0,0009
smith 1,7148 0,0007
spencer 2,3026 0,0009
megabyte 3,9120 0,0015
needing 0,8440 0,0003
had 0,4943 0,0002
source 0,2107 0,0001
align 0,0101 0,0000
secure 1,2040 0,0005
placing 2,6593 0,0010
netsh 4,6052 0,0018
hal 1,9661 0,0008
kevin 1,5606 0,0006
hak 2,3026 0,0009
informationweek 2,3026 0,0009
scheduling 1,3863 0,0005
things 1,1087 0,0004
tile 3,9120 0,0015
starts 1,7720 0,0007
stability 1,9661 0,0008
offers 0,8210 0,0003
tech 1,2040 0,0005
given 0,6931 0,0003
chess 2,8134 0,0011
last 0,0000 0,0000
activision 3,5066 0,0013
campus 2,4079 0,0009
crimes 2,8134 0,0011
imageright 0,2614 0,0001
ultimate 1,8971 0,0007
eric 1,1394 0,0004
insufficient 2,4079 0,0009
weight 0,0101 0,0000
pro 1,6607 0,0006
techweb 4,6052 0,0018
privileged 3,5066 0,0013
technologies 0,5978 0,0002
suited 1,9661 0,0008
involved 1,6094 0,0006
overall 1,1394 0,0004
fixed 0,9676 0,0004
page 0,0000 0,0000
employees 1,7720 0,0007
compatibility 0,9416 0,0004
tellme 3,5066 0,0013
updated 0,8440 0,0003
full 0,0202 0,0000
dhurata 4,6052 0,0018
away 1,4271 0,0005
cards 1,7720 0,0007
memory 0,0408 0,0000
concept 0,5978 0,0002
aspects 0,8916 0,0003
millennium 3,2189 0,0012
nadella 3,5066 0,0013
video 0,8440 0,0003
updates 1,0788 0,0004
house 1,5141 0,0006
clfs 4,6052 0,0018
early 0,5276 0,0002
enhance 1,4697 0,0006
sameas 0,0000 0,0000
hours 1,6094 0,0006
vxds 4,6052 0,0018
center 0,0000 0,0000
cairo 3,9120 0,0015
libraries 0,6733 0,0003
start 0,7985 0,0003
yet 1,1087 0,0004
windows 0,7340 0,0003
earliest 1,8971 0,0007
manage 0,8675 0,0003
bypass 2,6593 0,0010
vosa 2,9957 0,0011
wikimedia 0,0000 0,0000
paid 1,8326 0,0007
typical 1,1394 0,0004
initially 1,0788 0,0004
short 0,0000 0,0000
time 0,0000 0,0000
applications 0,2231 0,0001
studio 1,3471 0,0005
rosoff 4,6052 0,0018
shadow 2,3026 0,0009
autorun 4,6052 0,0018
enwikimwclientpreferences 0,0000 0,0000
interactive 0,4463 0,0002
program 0,4155 0,0002
continually 2,6593 0,0010
three 0,3711 0,0001
put 1,1712 0,0004
required 0,5108 0,0002
tips 2,6593 0,0010
specifically 0,8916 0,0003
attain 3,2189 0,0012
smartscreen 4,6052 0,0018
gallery 2,6593 0,0010
hardware 0,5798 0,0002
having 0,6733 0,0003
infamously 4,6052 0,0018
standalone 2,0402 0,0008
dates 0,5798 0,0002
paging 2,5257 0,0010
happe 3,5066 0,0013
priority 1,7720 0,0007
creative 0,0000 0,0000
nederlands 0,1985 0,0001
provide 0,3857 0,0001
wayback 0,7985 0,0003
mellon 2,5257 0,0010
russinovich 3,5066 0,0013
xandr 3,5066 0,0013
supercomputer 2,3026 0,0009
log 0,0000 0,0000
enterprise 0,4463 0,0002
translator 2,8134 0,0011
wgcheckuserclienthintsheadersjsapi 0,0000 0,0000
bright 2,8134 0,0011
cleartype 4,6052 0,0018
roadmap 2,4079 0,0009
euskara 0,5108 0,0002
pws 2,9957 0,0011
facelift 4,6052 0,0018
layer 0,8916 0,0003
computer 0,2231 0,0001
ways 0,8210 0,0003
low 0,7133 0,0003
timingprofile 0,0000 0,0000
uac 4,6052 0,0018
theme 0,0000 0,0000
holdings 2,6593 0,0010
pxe 2,5257 0,0010
meant 1,7148 0,0007
editor 1,4271 0,0005
postexpandincludesize 0,0000 0,0000
indexing 1,7148 0,0007
initial 0,3857 0,0001
unstrip 0,0000 0,0000
apress 1,7148 0,0007
unify 3,5066 0,0013
reversi 4,6052 0,0018
clicked 3,9120 0,0015
templateargumentsize 0,0000 0,0000
unsourced 0,5621 0,0002
firewall 2,5257 0,0010
january 0,0000 0,0000
chat 2,6593 0,0010
permanent 0,0000 0,0000
abandoning 4,6052 0,0018
asturianu 1,2730 0,0005
mikerowesoft 3,5066 0,0013
prevalent 3,2189 0,0012
travel 2,1203 0,0008
serverwatch 4,6052 0,0018
small 0,0305 0,0000
beam 2,2073 0,0008
ubm 3,2189 0,0012
quick 1,6094 0,0006
compact 1,7720 0,0007
before 0,0305 0,0000
speedy 0,7133 0,0003
friendly 1,9661 0,0008
megabytes 3,9120 0,0015
improper 3,2189 0,0012
checker 3,9120 0,0015
emulate 2,6593 0,0010
whistler 4,6052 0,0018
experience 0,8675 0,0003
italic 0,1278 0,0000
launched 1,3863 0,0005
rtos 3,9120 0,0015
major 0,5621 0,0002
wgredirectedfrom 3,2189 0,0012
emphasis 2,3026 0,0009
interrupt 2,4079 0,0009
worldwide 1,4271 0,0005
skydrive 4,6052 0,0018
linkexchange 3,5066 0,0013
day 0,0000 0,0000
group 0,0408 0,0000
manually 1,5606 0,0006
created 0,4155 0,0002
carole 4,6052 0,0018
format 0,0101 0,0000
tree 1,2730 0,0005
runtime 1,2040 0,0005
particular 0,5978 0,0002
greenbutton 2,3026 0,0009
history 0,0000 0,0000
fried 3,9120 0,0015
minwin 4,6052 0,0018
satran 4,6052 0,0018
winball 4,6052 0,0018
udf 3,5066 0,0013
yochay 4,6052 0,0018
applocker 4,6052 0,0018
novell 3,2189 0,0012
preinstallation 4,6052 0,0018
request 1,1712 0,0004
critical 0,8916 0,0003
disks 2,4079 0,0009
credentials 2,2073 0,0008
mike 1,2040 0,0005
wgrestrictionedit 0,0000 0,0000
reactos 4,6052 0,0018
part 0,2231 0,0001
reveals 2,3026 0,0009
wgpageparsereport 0,0000 0,0000
their 0,1165 0,0000
percent 1,7720 0,0007
textbooks 1,6094 0,0006
point 0,7550 0,0003
corsu 2,9957 0,0011
general 0,0000 0,0000
tend 1,6607 0,0006
east 2,3026 0,0009
september 0,0000 0,0000
datemodified 0,0619 0,0000
browser 1,0217 0,0004
dated 1,1087 0,0004
gartner 2,3026 0,0009
editors 0,0000 0,0000
introduction 0,5798 0,0002
chen 1,7148 0,0007
padding 0,0000 0,0000
process 0,2485 0,0001
requirements 0,6349 0,0002
restore 2,1203 0,0008
built 0,5108 0,0002
alternative 0,7765 0,0003
clear 0,0101 0,0000
ltr 0,0000 0,0000
threadx 3,2189 0,0012
cymraeg 1,4697 0,0006
third 0,5621 0,0002
wginternalredirecttargeturl 3,2189 0,0012
build 0,4943 0,0002
lua 0,0513 0,0000
wireless 1,7720 0,0007
further 0,3567 0,0001
sicilianu 2,9957 0,0011
account 0,0000 0,0000
catalonia 3,5066 0,0013
monstrous 4,6052 0,0018
been 0,2231 0,0001
mostly 1,2730 0,0005
dec 2,0402 0,0008
dansk 0,5798 0,0002
inode 2,4079 0,0009
path 1,1712 0,0004
depending 1,1087 0,0004
dev 1,7720 0,0007
abbr 0,0619 0,0000
minesweeper 4,6052 0,0018
chicago 2,4079 0,0009
prevention 2,0402 0,0008
you 0,0101 0,0000
announcement 2,0402 0,0008
jump 0,0000 0,0000
limitations 1,0788 0,0004
databases 0,3567 0,0001
coulter 4,6052 0,0018
mainstream 1,9661 0,0008
active 0,8210 0,0003
bill 1,5606 0,0006
july 0,0000 0,0000
court 2,0402 0,0008
easy 1,1087 0,0004
warren 2,3026 0,0009
tags 0,0000 0,0000
dfs 3,9120 0,0015
senior 2,0402 0,0008
flexible 1,6094 0,0006
domain 0,6931 0,0003
statcounter 2,8134 0,0011
assigned 1,5606 0,0006
subgroup 0,0513 0,0000
comes 1,1394 0,0004
transparent 0,0619 0,0000
how 0,0834 0,0000
citations 1,1087 0,0004
journal 0,4780 0,0002
peter 0,8210 0,0003
unlike 1,2040 0,0005
assembly 1,3863 0,0005
hpc 2,9957 0,0011
term 0,5798 0,0002
acquisition 1,3863 0,0005
lucent 3,5066 0,0013
itpro 3,9120 0,0015
brad 2,3026 0,0009
embedded 0,9416 0,0004
leblanc 4,6052 0,0018
mind 1,8971 0,0007
business 0,3567 0,0001
mini 0,0619 0,0000
microkernel 2,3026 0,0009
staff 1,7720 0,0007
possible 0,5276 0,0002
right 0,0101 0,0000
hibernation 4,6052 0,0018
bing 2,8134 0,0011
executable 1,3471 0,0005
march 0,0000 0,0000
advantages 1,7720 0,0007
june 0,0000 0,0000
wikitext 0,0000 0,0000
meet 1,2379 0,0005
stage 1,4697 0,0006
wggestructuredtaskrejectionreasontextinputenabled 0,0000 0,0000
calls 0,0408 0,0000
series 0,5798 0,0002
simonx 4,6052 0,0018
wizard 4,6052 0,0018
inch 3,2189 0,0012
paul 0,7765 0,0003
under 0,0101 0,0000
did 0,8210 0,0003
spotlight 2,9957 0,0011
represent 1,2730 0,0005
compete 2,9957 0,0011
ryan 1,6094 0,0006
added 0,4308 0,0002
asha 3,5066 0,0013
branding 2,6593 0,0010
sometimes 0,6931 0,0003
questions 1,4271 0,0005
retrieved 0,0000 0,0000
autocapitalize 0,0000 0,0000
down 0,8440 0,0003
divisions 2,8134 0,0011
hold 1,3471 0,0005
div 0,0000 0,0000
chinese 1,5141 0,0006
brings 1,8326 0,0007
later 0,3857 0,0001
passport 3,5066 0,0013
prior 1,3093 0,0005
seals 3,9120 0,0015
adding 0,6733 0,0003
teleo 3,5066 0,0013
wgpagename 0,0000 0,0000
talk 0,0000 0,0000
vault 2,6593 0,0010
richard 0,9676 0,0004
dedicated 1,3093 0,0005
coordinator 3,5066 0,0013
static 1,0217 0,0004
commonly 0,6931 0,0003
test 0,6349 0,0002
planet 2,6593 0,0010
finally 1,4271 0,0005
count 0,0513 0,0000
hatnote 0,2107 0,0001
mips 2,9957 0,0011
scholar 1,5141 0,0006
pinnable 0,0000 0,0000
take 0,6733 0,0003
month 1,6094 0,0006
final 1,0788 0,0004
varies 2,0402 0,0008
wgrevisionid 0,0000 0,0000
cdfs 3,9120 0,0015
some 0,1744 0,0001
virtual 0,4620 0,0002
mace 4,6052 0,0018
rather 0,5978 0,0002
requesting 2,5257 0,0010
optimized 1,5606 0,0006
session 1,9661 0,0008
additional 0,0000 0,0000
back 0,6539 0,0002
wgmonthnames 0,0000 0,0000
mach 2,8134 0,0011
title 0,0000 0,0000
patroltoken 0,0000 0,0000
primarily 0,9943 0,0004
states 0,4463 0,0002
optimizer 2,3026 0,0009
zdnet 1,4697 0,0006
alpha 0,0101 0,0000
proclarity 3,5066 0,0013
company 0,5621 0,0002
just 0,4943 0,0002
pixel 2,6593 0,0010
sold 1,7720 0,0007
defragmentation 2,4079 0,0009
dll 3,5066 0,0013
custom 0,0000 0,0000
kiswahili 1,2730 0,0005
affects 2,3026 0,0009
monitor 1,5606 0,0006
permission 2,2073 0,0008
raymond 1,9661 0,0008
vahcuengh 3,5066 0,0013
home 0,8916 0,0003
michael 0,7133 0,0003
existing 0,7550 0,0003
print 0,0000 0,0000
although 0,6162 0,0002
approximately 1,8971 0,0007
hub 1,9661 0,0008
material 0,9676 0,0004
inherit 0,0101 0,0000
mira 3,9120 0,0015
vivaty 3,5066 0,0013
decades 2,4079 0,0009
articles 0,0000 0,0000
upcoming 2,2073 0,0008
newsletter 3,2189 0,0012
qualified 3,2189 0,0012
copilot 3,2189 0,0012
dropped 1,7720 0,0007
memo 3,5066 0,0013
variants 1,7148 0,0007
attempt 1,2379 0,0005
benj 3,5066 0,0013
dmy 0,0000 0,0000
executive 1,7148 0,0007
tablet 2,3026 0,0009
tiles 3,9120 0,0015
navigation 0,0000 0,0000
tape 1,9661 0,0008
surpasses 3,9120 0,0015
action 1,2040 0,0005
lock 0,0101 0,0000
text 0,0000 0,0000
usually 0,4780 0,0002
sasha 3,5066 0,0013
takeshi 3,5066 0,0013
exceeded 2,6593 0,0010
cookie 0,0000 0,0000
made 0,3857 0,0001
printer 2,6593 0,0010
bits 2,1203 0,0008
dns 2,0402 0,0008
being 0,3147 0,0001
hood 2,5257 0,0010
loading 0,0000 0,0000
removing 1,4271 0,0005
brackets 0,0619 0,0000
zenimax 3,5066 0,0013
accompanied 3,2189 0,0012
contents 0,0000 0,0000
dod 3,2189 0,0012
explorer 1,7148 0,0007
cancelled 2,8134 0,0011
baseball 3,5066 0,0013
msixbundle 4,6052 0,0018
status 0,0000 0,0000
aquantive 3,5066 0,0013
server 0,4463 0,0002
netmeeting 4,6052 0,0018
floppy 3,2189 0,0012
skin 0,0000 0,0000
clipchamp 3,5066 0,0013
dos 1,7720 0,0007
lifecam 3,5066 0,0013
mac 1,3471 0,0005
products 0,4943 0,0002
file 0,0000 0,0000
inserted 2,5257 0,0010
known 0,3147 0,0001
mvpl 3,5066 0,0013
reparse 3,9120 0,0015
member 1,5141 0,0006
lucovsky 4,6052 0,0018
map 1,2040 0,0005
wgnoticeproject 0,0000 0,0000
together 0,5978 0,0002
may 0,0000 0,0000
jstor 1,4271 0,0005
max 0,0513 0,0000
peaked 4,6052 0,0018
within 0,3011 0,0001
could 0,4780 0,0002
health 1,5606 0,0006
tara 3,2189 0,0012
menu 0,0000 0,0000
minitool 4,6052 0,0018
url 0,0000 0,0000
entities 0,0305 0,0000
supersite 3,9120 0,0015
machine 0,3425 0,0001
able 0,9943 0,0004
trustworthy 2,9957 0,0011
wgulsiscompactlinksenabled 0,0000 0,0000
cloning 3,2189 0,0012
return 0,0000 0,0000
hogan 3,5066 0,0013
furlan 3,2189 0,0012
mail 2,3026 0,0009
usb 2,0402 0,0008
subject 1,1087 0,0004
use 0,0000 0,0000
recognition 1,6607 0,0006
main 0,0000 0,0000
networking 1,0498 0,0004
confused 1,2730 0,0005
fine 1,6607 0,0006
find 0,6162 0,0002
backward 1,6607 0,0006
logo 0,0000 0,0000
international 0,3011 0,0001
mojang 3,5066 0,0013
regardless 1,7720 0,0007
drm 2,9957 0,0011
carolina 2,9957 0,0011
vbscript 3,2189 0,0012
utc 0,0000 0,0000
malagasy 2,4079 0,0009
equipment 1,6094 0,0006
includes 0,5276 0,0002
canonical 0,0408 0,0000
experiences 2,2073 0,0008
sistersitebox 0,6539 0,0002
steps 1,5606 0,0006
corporations 2,3026 0,0009
chacon 3,5066 0,0013
winre 4,6052 0,0018
entries 2,5257 0,0010
wgcurrevisionid 0,0000 0,0000
convenient 2,5257 0,0010
dubbed 3,9120 0,0015
task 0,7550 0,0003
null 0,0000 0,0000
cleanup 2,2073 0,0008
background 0,0101 0,0000
lists 0,8916 0,0003
codename 3,2189 0,0012
flaws 2,1203 0,0008
true 0,0000 0,0000
header 0,0000 0,0000
watchtoken 0,0000 0,0000
oriented 0,5447 0,0002
present 0,9676 0,0004
problems 0,6349 0,0002
since 0,3425 0,0001
mdy 1,6094 0,0006
groove 3,5066 0,0013
phones 1,9661 0,0008
scroogled 3,5066 0,0013
ushered 3,5066 0,0013
best 0,7985 0,0003
delete 0,5447 0,0002
foreach 0,0000 0,0000
competitor 2,8134 0,0011
custer 3,9120 0,0015
leadership 2,4079 0,0009
repeat 0,0101 0,0000
included 0,6931 0,0003
make 0,3857 0,0001
beta 1,3863 0,0005
mesh 2,5257 0,0010
execution 0,7550 0,0003
tiled 3,9120 0,0015
segmented 3,9120 0,0015
thread 1,6607 0,0006
writers 2,9957 0,0011
livestream 4,6052 0,0018
structure 0,7765 0,0003
eiger 4,6052 0,0018
narrator 4,6052 0,0018
due 0,5108 0,0002
bytes 0,0408 0,0000
online 0,7340 0,0003
properties 0,8210 0,0003
duo 3,2189 0,0012
antivirus 2,8134 0,0011
logon 4,6052 0,0018
sellin 4,6052 0,0018
danger 2,6593 0,0010
crash 1,6094 0,0006
quotes 0,0101 0,0000
patch 2,4079 0,0009
accessing 1,5141 0,0006
agudlp 4,6052 0,0018
character 1,4697 0,0006
competitors 2,2073 0,0008
reflect 1,6607 0,0006
bitlocker 4,6052 0,0018
dvd 2,9957 0,0011
sizes 1,6607 0,0006
devops 1,3863 0,0005
above 1,0788 0,0004
playback 3,2189 0,0012
recursion 0,0513 0,0000
released 0,5447 0,0002
czech 0,9163 0,0003
height 0,0101 0,0000
proton 2,4079 0,0009
boxes 2,4079 0,0009
based 0,0834 0,0000
dvr 4,6052 0,0018
august 0,0000 0,0000
module 0,0000 0,0000
wikibase 0,0619 0,0000
execute 1,2040 0,0005
yupi 3,5066 0,0013
intention 2,6593 0,0010
scalar 3,5066 0,0013
installer 3,2189 0,0012
miller 1,7720 0,0007
frontline 4,6052 0,0018
highest 0,0513 0,0000
except 1,5141 0,0006
hrvatski 0,7550 0,0003
programs 0,6931 0,0003
understandable 2,6593 0,0010
allies 2,9957 0,0011
shared 0,8440 0,0003
components 0,5276 0,0002
crossover 3,9120 0,0015
notheme 0,3711 0,0001
fact 1,1712 0,0004
scan 2,5257 0,0010
fundamental 1,5141 0,0006
global 0,7985 0,0003
industry 0,8440 0,0003
wsus 4,6052 0,0018
long 0,5621 0,0002
occitan 1,8326 0,0007
into 0,1985 0,0001
outline 0,9676 0,0004
min 0,1165 0,0000
partition 1,6094 0,0006
ian 1,7148 0,0007
operating 0,4308 0,0002
free 0,0000 0,0000
mix 2,1203 0,0008
middle 0,7765 0,0003
though 0,8440 0,0003
blizzard 3,5066 0,0013
bundling 3,2189 0,0012
many 0,2357 0,0001
broadest 4,6052 0,0018
people 0,5276 0,0002
releases 1,2379 0,0005
appear 1,2730 0,0005
ibm 0,5621 0,0002
inspire 3,5066 0,0013
increasing 1,2379 0,0005
troubleshooting 3,5066 0,0013
experts 1,8326 0,0007
gadgets 3,2189 0,0012
open 0,1625 0,0001
azyxxi 3,5066 0,0013
announces 1,4697 0,0006
folders 2,9957 0,0011
mojave 2,9957 0,0011
tbody 0,6931 0,0003
chronology 3,9120 0,0015
project 0,3011 0,0001
atelier 3,5066 0,0013
inside 0,0101 0,0000
mainly 1,5141 0,0006
specs 2,8134 0,0011
swapped 3,5066 0,0013
roughly 1,7720 0,0007
wikiversity 0,9676 0,0004
california 1,2379 0,0005
vermeer 3,5066 0,0013
bare 2,9957 0,0011
obsidian 3,5066 0,0013
maps 1,6607 0,0006
redesigned 3,5066 0,0013
solutions 0,7765 0,0003
revealing 3,5066 0,0013
guis 2,8134 0,0011
owing 4,6052 0,0018
please 0,8210 0,0003
collection 0,7765 0,0003
replacing 1,9661 0,0008
idg 2,1203 0,0008
look 1,1394 0,0004
announced 0,7985 0,0003
dcom 3,5066 0,0013
channels 2,3026 0,0009
extends 1,7148 0,0007
ido 1,2730 0,0005
bungie 3,5066 0,0013
campaign 2,3026 0,0009
commits 1,8326 0,0007
internet 0,5447 0,0002
allow 0,4155 0,0002
installed 1,5141 0,0006
wired 1,1712 0,0004
pinned 0,0000 0,0000
reasons 1,1394 0,0004
lawsuit 2,8134 0,0011
needed 0,3285 0,0001
isbn 0,1054 0,0000
rule 0,6931 0,0003
update 0,6733 0,0003
assistance 2,8134 0,0011
linus 2,4079 0,0009
speed 1,0498 0,0004
scheduler 1,6607 0,0006
apple 1,1712 0,0004
common 0,3711 0,0001
interest 1,1394 0,0004
linux 0,8916 0,0003
schedules 2,6593 0,0010
themselves 1,1394 0,0004
placeholder 0,0000 0,0000
every 0,6162 0,0002
registry 2,5257 0,0010
canary 3,9120 0,0015
windowing 3,5066 0,0013
answered 3,5066 0,0013
apply 0,0000 0,0000
sandi 3,5066 0,0013
mary 2,3026 0,0009
lionhead 3,5066 0,0013
purble 4,6052 0,0018
money 1,6094 0,0006
ifs 4,6052 0,0018
catering 4,6052 0,0018
jason 1,7148 0,0007
removal 1,7148 0,0007
mark 0,8210 0,0003
ransomware 2,8134 0,0011
base 0,0513 0,0000
anand 3,2189 0,0012
runa 0,9416 0,0004
estates 3,5066 0,0013
trend 1,8971 0,0007
cardfile 4,6052 0,0018
colloquis 3,5066 0,0013
discussions 2,1203 0,0008
whole 1,2040 0,0005
during 0,5447 0,0002
revolution 1,7148 0,0007
movies 2,4079 0,0009
reliable 0,7765 0,0003
compatible 1,2040 0,0005
rump 2,3026 0,0009
permissions 2,1203 0,0008
sidebar 0,0000 0,0000
limitreport 0,0000 0,0000
winfs 3,9120 0,0015
games 1,1394 0,0004
decoration 0,0619 0,0000
reflist 0,0101 0,0000
azure 1,2730 0,0005
calculator 2,8134 0,0011
still 0,5447 0,0002
worm 3,5066 0,0013
var 0,0000 0,0000
work 0,3285 0,0001
matt 1,7720 0,0007
reduced 0,0305 0,0000
agree 0,0101 0,0000
focusing 1,9661 0,0008
packs 2,9957 0,0011
wgulsislanguageselectorempty 0,0000 0,0000
filing 2,6593 0,0010
books 0,9163 0,0003
vba 3,5066 0,0013
spectrum 1,9661 0,0008
versions 0,5798 0,0002
among 0,5276 0,0002
srpski 0,3711 0,0001
registration 0,0101 0,0000
valve 3,2189 0,0012
word 0,0101 0,0000
theory 1,0217 0,0004
extension 0,7133 0,0003
foundation 0,0000 0,0000
privilege 2,2073 0,0008
requests 0,9676 0,0004
carnegie 2,6593 0,0010
iis 4,6052 0,0018
fall 1,5606 0,0006
installation 1,6607 0,0006
writing 0,8210 0,0003
event 0,7985 0,0003
multilingual 2,9957 0,0011
replication 1,9661 0,0008
include 0,0202 0,0000
alongside 1,6607 0,0006
caused 1,7148 0,0007
torvalds 2,4079 0,0009
scandisk 4,6052 0,0018
ipados 2,8134 0,0011
toggle 0,0000 0,0000
incremental 1,6607 0,0006
appearance 0,0000 0,0000
wikileaks 3,5066 0,0013
classname 0,0000 0,0000
ebs 3,5066 0,0013
kinsman 4,6052 0,0018
runs 1,0498 0,0004
first 0,0408 0,0000
defender 3,9120 0,0015
voice 1,6607 0,0006
msi 3,5066 0,0013
nowrap 0,0408 0,0000
allen 2,0402 0,0008
roman 0,0101 0,0000
msn 2,3026 0,0009
msp 3,9120 0,0015
wgrelevantpageisprobablyeditable 0,0000 0,0000
float 0,0101 0,0000
forensic 2,2073 0,0008
bowden 4,6052 0,0018
transclusion 0,0619 0,0000
space 0,0408 0,0000
reference 0,7340 0,0003
unqualified 3,9120 0,0015
msx 4,6052 0,0018
spite 3,9120 0,0015
ambox 0,7133 0,0003
theater 3,5066 0,0013
naraine 4,6052 0,0018
html 0,4463 0,0002
donthini 4,6052 0,0018
devblogs 4,6052 0,0018
viruses 2,6593 0,0010
christy 4,6052 0,0018
bottom 0,0000 0,0000
sequentially 2,9957 0,0011
workstation 2,6593 0,0010
finished 2,2073 0,0008
published 0,5798 0,0002
barrelfish 3,9120 0,0015
fostered 4,6052 0,0018
revision 0,0000 0,0000
fixture 3,9120 0,0015
magyar 0,3425 0,0001
shipped 2,1203 0,0008
wintel 4,6052 0,0018
publisher 0,0000 0,0000
ime 4,6052 0,0018
img 0,0408 0,0000
vfs 3,9120 0,0015
configuration 0,8440 0,0003
according 0,5108 0,0002
frequent 2,3026 0,0009
statements 0,4308 0,0002
stolee 4,6052 0,0018
linkedin 2,5257 0,0010
rlstate 0,0000 0,0000
error 0,0101 0,0000
platform 0,0000 0,0000
stricter 2,8134 0,0011
differential 2,0402 0,0008
network 0,3711 0,0001
rust 1,6094 0,0006
operations 0,6162 0,0002
shortcut 2,6593 0,0010
zazaki 2,2073 0,0008
paper 1,0217 0,0004
public 0,4155 0,0002
talks 2,4079 0,0009
shimpi 4,6052 0,0018
track 1,3863 0,0005
crowdstrike 3,9120 0,0015
ina 4,6052 0,0018
redirection 3,9120 0,0015
value 0,0000 0,0000
monolithic 2,0402 0,0008
hpfs 3,9120 0,0015
ink 3,5066 0,0013
resources 0,5447 0,0002
instead 0,4463 0,0002
ultimately 2,2073 0,0008
command 0,8675 0,0003
expensive 0,0408 0,0000
efs 3,5066 0,0013
performance 0,3425 0,0001
round 1,3471 0,0005
virtualized 3,2189 0,0012
maint 0,0101 0,0000
verifier 4,6052 0,0018
unveiled 3,2189 0,0012
wiktionary 0,5798 0,0002
loyd 4,6052 0,0018
platformversion 0,0000 0,0000
aiming 2,6593 0,0010
vakaviti 2,9957 0,0011
hands 2,0402 0,0008
smartphone 2,6593 0,0010
references 0,0101 0,0000
saved 0,0619 0,0000
year 0,7550 0,0003
allowed 0,9676 0,0004
aglp 4,6052 0,0018
straub 3,9120 0,0015
ios 1,8971 0,0007
laptop 2,5257 0,0010
resolution 1,9661 0,0008
building 0,4943 0,0002
iot 1,9661 0,0008
via 0,3011 0,0001
properly 1,3471 0,0005
hornjoserbsce 2,6593 0,0010
music 1,7720 0,0007
visual 0,9416 0,0004
because 0,0000 0,0000
diagnostic 3,2189 0,0012
ipc 2,1203 0,0008
moving 1,1712 0,0004
ran 2,6593 0,0010
shortest 2,3026 0,0009
agreement 1,3471 0,0005
upgrade 1,7720 0,0007
google 0,4005 0,0002
sideshow 4,6052 0,0018
community 0,0000 0,0000
packages 1,4271 0,0005
packet 3,2189 0,0012
subfamilies 4,6052 0,0018
version 0,0000 0,0000
brezhoneg 1,7148 0,0007
taskbar 3,9120 0,0015
contains 0,7550 0,0003
folder 2,5257 0,0010
wgcategories 0,0000 0,0000
eesti 0,3285 0,0001
detail 1,6607 0,0006
vista 2,4079 0,0009
shortly 2,6593 0,0010
exfat 3,9120 0,0015
providing 0,8440 0,0003
nashville 4,6052 0,0018
successors 3,2189 0,0012
subsequently 1,6094 0,0006
variations 2,1203 0,0008
targeted 1,6607 0,0006
smartphones 2,3026 0,0009
wikipedia 0,0000 0,0000
scott 1,0217 0,0004
scots 1,8971 0,0007
afrikaans 0,9416 0,0004
computers 0,8210 0,0003
perceptive 3,5066 0,0013
website 0,3857 0,0001
brands 0,0000 0,0000
awarded 2,9957 0,0011
copyrights 2,9957 0,0011
learn 0,0000 0,0000
fasa 3,5066 0,0013
photo 2,4079 0,0009
resiliency 3,2189 0,0012
mahjong 4,6052 0,0018
logical 1,6607 0,0006
newer 1,3093 0,0005
fast 0,6733 0,0003
netware 3,5066 0,0013
christoffel 4,6052 0,0018
nine 2,1203 0,0008
controls 1,0788 0,0004
notes 0,6349 0,0002
republic 0,8916 0,0003
moved 1,5141 0,0006
official 0,6162 0,0002
pandemic 2,0402 0,0008
jscript 3,2189 0,0012
assessment 1,7720 0,0007
post 0,0202 0,0000
fitness 2,4079 0,0009
incorporated 1,7148 0,0007
add 0,0000 0,0000
winhec 3,5066 0,0013
sonic 3,2189 0,0012
need 0,3711 0,0001
its 0,0726 0,0000
originally 0,8675 0,0003
often 0,2877 0,0001
newspapers 1,6607 0,0006
consent 2,9957 0,0011
elt 0,6931 0,0003
article 0,0000 0,0000
users 0,3567 0,0001
volume 1,2040 0,0005
riskiq 3,5066 0,0013
transact 2,9957 0,0011
pinyin 3,9120 0,0015
parser 0,0000 0,0000
ninja 2,9957 0,0011
port 2,0402 0,0008
shell 1,1712 0,0004
neptune 2,9957 0,0011
http 0,0000 0,0000
parsed 0,0619 0,0000
decimal 0,0101 0,0000
wggetopicsmatchmodeenabled 0,0000 0,0000
technical 0,6349 0,0002
companion 2,3026 0,0009
united 0,4780 0,0002
directors 2,3026 0,0009
directory 1,6094 0,0006
wghostname 0,0000 0,0000
prevent 1,0498 0,0004
gates 2,6593 0,0010
vol 1,1712 0,0004
previously 1,1712 0,0004
wgtitle 0,0000 0,0000
intentionally 2,3026 0,0009
end 0,3425 0,0001
satellite 2,8134 0,0011
surveillance 2,5257 0,0010
havok 3,5066 0,0013
incapable 4,6052 0,0018
laptops 2,2073 0,0008
vox 2,6593 0,0010
mistake 2,5257 0,0010
memphis 4,6052 0,0018
recorder 3,9120 0,0015
capabilities 0,9676 0,0004
vfsforgit 4,6052 0,0018
wgdigittransformtable 0,0000 0,0000
hlist 0,0408 0,0000
label 0,0000 0,0000
message 0,4943 0,0002
special 0,0000 0,0000
codenamed 2,9957 0,0011
modify 1,3863 0,0005
activex 2,5257 0,0010
environment 0,5978 0,0002
moves 1,8326 0,0007
rlconf 0,0000 0,0000
unpatched 3,5066 0,0013
clone 2,9957 0,0011
visited 0,0619 0,0000
vps 3,2189 0,0012
achieved 1,5141 0,0006
progressive 1,0788 0,0004
contributors 0,0000 0,0000
collectively 2,0402 0,0008
family 1,0217 0,0004
referred 0,7340 0,0003
slightly 1,8326 0,0007
backup 2,5257 0,0010
career 2,9957 0,0011
education 1,0788 0,0004
bahasa 0,3285 0,0001
called 0,2744 0,0001
movie 2,9957 0,0011
configurations 2,0402 0,0008
release 0,4005 0,0002
ago 0,7765 0,0003
caption 0,3711 0,0001
shah 2,3026 0,0009
faulty 3,9120 0,0015
preemptive 2,3026 0,0009
variation 2,6593 0,0010
years 0,3425 0,0001
turns 2,5257 0,0010
newly 2,3026 0,0009
gradually 2,1203 0,0008
number 0,0101 0,0000
wgbackendresponsetime 0,0000 0,0000
advogato 4,6052 0,0018
businesses 1,5606 0,0006
infoworld 1,6094 0,0006
shorter 1,8971 0,0007
similar 0,4780 0,0002
testing 0,5798 0,0002
distributed 0,3857 0,0001
isolation 1,6607 0,0006
system 0,0305 0,0000
driver 1,7720 0,0007
issn 0,7765 0,0003
jenks 4,6052 0,0018
fundamentals 1,3863 0,0005
algorithms 1,0498 0,0004
swiftkey 3,5066 0,0013
other 0,0000 0,0000
aim 1,3093 0,0005
city 1,5606 0,0006
against 0,6931 0,0003
creators 2,3026 0,0009
loadable 2,3026 0,0009
cell 0,4308 0,0002
dianmsft 4,6052 0,0018
local 0,7985 0,0003
retail 2,0402 0,0008
screenshots 3,9120 0,0015
segments 2,0402 0,0008
yammer 3,5066 0,0013
asked 1,5606 0,0006
rights 1,4271 0,0005
electronic 1,0788 0,0004
share 0,7765 0,0003
daytona 4,6052 0,0018
deployment 0,8675 0,0003
synthesis 2,1203 0,0008
msix 4,6052 0,0018
stores 1,2730 0,0005
chairman 2,4079 0,0009
workstations 2,5257 0,0010
belfiore 3,5066 0,0013
removed 0,7985 0,0003
future 0,6349 0,0002
rlq 0,0000 0,0000
cite 0,0000 0,0000
objected 4,6052 0,0018
penton 3,9120 0,0015
alleging 3,5066 0,0013
spun 4,6052 0,0018
rating 3,2189 0,0012
screen 0,0101 0,0000
body 0,0000 0,0000
vandalism 2,6593 0,0010
mode 0,0000 0,0000
amongst 2,1203 0,0008
copies 2,4079 0,0009
pages 0,0000 0,0000
updating 1,3471 0,0005
enhancements 0,0101 0,0000
implemented 0,6349 0,0002
modified 1,2730 0,0005
neo 2,6593 0,0010
links 0,0000 0,0000
longhorn 3,9120 0,0015
maintained 0,9676 0,0004
net 0,9416 0,0004
newpp 0,0619 0,0000
all 0,0408 0,0000
border 0,0000 0,0000
new 0,0000 0,0000
settings 1,6607 0,0006
hyperterminal 4,6052 0,0018
read 0,0000 0,0000
already 1,1087 0,0004
domains 1,7148 0,0007
touch 2,1203 0,0008
clock 2,6593 0,0010
real 0,0408 0,0000
clientpref 0,0000 0,0000
tool 0,6931 0,0003
rewrote 4,6052 0,0018
tony 1,8326 0,0007
driving 2,2073 0,0008
intervals 2,8134 0,0011
unit 0,7550 0,0003
hybrid 1,4697 0,0006
apis 0,9676 0,0004
acpi 3,9120 0,0015
svenska 0,3857 0,0001
franklin 2,9957 0,0011
unix 1,3093 0,0005
leznek 4,6052 0,0018
influenced 1,7720 0,0007
extremetech 3,9120 0,0015
wgpagecontentlanguage 0,0000 0,0000
media 0,2485 0,0001
amy 2,4079 0,0009
around 0,6931 0,0003
lightweight 1,6094 0,0006
running 0,7340 0,0003
wgisarticle 0,0000 0,0000
today 1,0788 0,0004
tokens 2,2073 0,0008
row 0,5276 0,0002
harder 2,4079 0,0009
universal 1,4271 0,0005
interlingua 1,3093 0,0005
declared 2,0402 0,0008
paged 3,9120 0,0015
tuner 4,6052 0,0018
abstraction 1,2040 0,0005
lewis 2,4079 0,0009
specific 0,2877 0,0001
any 0,2107 0,0001
application 0,1393 0,0001
wgflaggedrevsparams 0,0000 0,0000
sardu 2,8134 0,0011
consists 1,1712 0,0004
msmq 4,6052 0,0018
until 0,7765 0,0003
strategy 0,9676 0,0004
unikernel 2,4079 0,0009
collapse 0,0408 0,0000
hotmail 3,5066 0,0013
thought 1,5606 0,0006
ring 2,2073 0,0008
legend 2,2073 0,0008
wgrelevantarticleid 0,0000 0,0000
preprocessor 0,0513 0,0000
sysprep 4,6052 0,0018
zune 4,6052 0,0018
navision 3,5066 0,0013
mbox 0,7133 0,0003
professional 1,1087 0,0004
decided 1,5141 0,0006
powerset 3,5066 0,0013
limburgs 3,9120 0,0015
exe 3,2189 0,0012
onenote 4,6052 0,0018
multikernel 2,5257 0,0010
builds 1,6607 0,0006
english 0,0000 0,0000
api 0,4155 0,0002
counterpane 4,6052 0,0018
app 1,2379 0,0005
cache 0,0305 0,0000
margin 0,0000 0,0000
suomi 0,2107 0,0001
using 0,0000 0,0000
wgrequestid 0,0000 0,0000
wgbreakframes 0,0000 0,0000
xamarin 3,2189 0,0012
containing 0,6931 0,0003
hosts 1,9661 0,0008
patches 1,8326 0,0007
completed 1,3471 0,0005
rlpagemodules 0,0000 0,0000
mount 2,6593 0,0010
quattro 4,6052 0,0018
viaf 2,4079 0,0009
geek 2,8134 0,0011
wanted 1,6094 0,0006
neowin 4,6052 0,0018
succeeded 2,8134 0,0011
wgwikibaseitemid 0,0000 0,0000
sizing 0,0408 0,0000
feels 2,9957 0,0011
mobility 2,8134 0,0011
schneier 3,2189 0,0012
increased 1,0217 0,0004
frequently 1,0788 0,0004
another 0,3567 0,0001
automatically 0,7765 0,0003
predecessor 3,2189 0,0012
webarchive 0,7985 0,0003
default 0,6931 0,0003
corrupting 3,9120 0,0015
releasing 1,8326 0,0007
encryption 1,1712 0,0004
vendor 1,4697 0,0006
kinect 3,5066 0,0013
came 1,4697 0,0006
catherine 2,6593 0,0010
structured 0,8440 0,0003
appx 4,6052 0,0018
disabled 0,0000 0,0000
where 0,2744 0,0001
attribute 1,3471 0,0005
takes 0,8916 0,0003
arm 1,8971 0,0007
perforce 2,9957 0,0011
popular 0,6539 0,0002
apps 1,3093 0,0005
timestamp 0,0000 0,0000
art 1,3093 0,0005
scaling 1,4697 0,0006
ars 1,3471 0,0005
malware 2,1203 0,0008
complications 0,0513 0,0000
gram 4,6052 0,0018
rtm 4,6052 0,0018
xbox 3,2189 0,0012
describes 1,0217 0,0004
jawa 2,0402 0,0008
such 0,0943 0,0000
diagnostics 2,4079 0,0009
cnet 1,7720 0,0007
refs 2,8134 0,0011
codebase 2,8134 0,0011
supported 0,7765 0,0003
resulted 2,2073 0,0008
through 0,2107 0,0001
featured 2,6593 0,0010
agdlp 4,6052 0,0018
documents 1,1087 0,0004
officer 2,1203 0,0008
chishona 3,5066 0,0013
run 0,5447 0,0002
microsoft 0,4005 0,0002
research 0,5621 0,0002
lifecycle 1,8971 0,0007
sandboxing 2,9957 0,0011
features 0,3857 0,0001
mouse 2,1203 0,0008
either 0,5621 0,0002
view 0,0000 0,0000
white 0,0305 0,0000
unrestricted 2,9957 0,0011
counterpart 3,2189 0,0012
segment 2,8134 0,0011
padmasree 3,5066 0,0013
huge 1,8326 0,0007
donate 0,0000 0,0000
those 0,5108 0,0002
revamped 3,9120 0,0015
cater 3,5066 0,0013
winternals 3,5066 0,0013
coursey 4,6052 0,0018
bold 0,0408 0,0000
engineering 0,3711 0,0001
significant 0,6931 0,0003
sharing 1,0217 0,0004
downloaded 2,4079 0,0009
imaging 2,5257 0,0010
decrease 2,8134 0,0011
altspacevr 3,5066 0,0013
improving 1,3471 0,0005
longer 1,0217 0,0004
galego 0,7550 0,0003
instability 3,5066 0,0013
name 0,0000 0,0000
parties 1,2379 0,0005
spaces 2,0402 0,0008
selling 2,0402 0,0008
worst 2,8134 0,0011
cputime 0,0000 0,0000
reid 3,5066 0,0013
watchlist 0,0000 0,0000
involving 1,7148 0,0007
next 0,5798 0,0002
itanium 3,2189 0,0012
color 0,0101 0,0000
hidden 0,0000 0,0000
android 1,4697 0,0006
book 0,5978 0,0002
multilevel 2,5257 0,0010
show 0,0834 0,0000
description 0,0000 0,0000
edition 0,8440 0,0003
caps 0,0619 0,0000
alma 4,6052 0,0018
not 0,0101 0,0000
central 0,9416 0,0004
street 1,5606 0,0006
now 0,4308 0,0002
plains 3,5066 0,0013
statement 0,0000 0,0000
gregg 2,9957 0,0011
trademark 0,0101 0,0000
supporting 0,7765 0,0003
boot 1,8326 0,0007
derived 1,2379 0,0005
dotted 0,8675 0,0003
greek 0,0101 0,0000
news 0,4620 0,0002
interfaces 0,6162 0,0002
effectively 1,3093 0,0005
introduce 1,7720 0,0007
placeware 3,5066 0,0013
estimated 1,6607 0,0006
npm 2,4079 0,0009
rodriguez 2,9957 0,0011
grew 1,8326 0,0007
way 0,3285 0,0001
target 0,0101 0,0000
sibling 3,5066 0,0013
what 0,0000 0,0000
detailed 1,4697 0,0006
furthermore 1,6607 0,0006
refer 1,3471 0,0005
restricted 1,5606 0,0006
risk 1,0498 0,0004
window 1,7148 0,0007
rise 1,4271 0,0005
penny 3,5066 0,0013
container 0,0000 0,0000
play 1,4697 0,0006
developers 0,0000 0,0000
criteria 1,5606 0,0006
usage 0,0000 0,0000
cernuda 3,5066 0,0013
charles 1,2730 0,0005
wgmediaviewerenabledbydefault 0,0000 0,0000
issues 0,5978 0,0002
nearby 0,0000 0,0000
when 0,0834 0,0000
kathleen 2,6593 0,0010
logged 0,0000 0,0000
far 1,3093 0,0005
faq 1,6094 0,0006
powershell 2,6593 0,0010
titans 3,5066 0,0013
broad 1,3863 0,0005
fat 2,6593 0,0010
whea 4,6052 0,0018
fax 4,6052 0,0018
greater 1,3471 0,0005
case 0,4155 0,0002
dashboard 2,3026 0,0009
internetnews 4,6052 0,0018
generation 1,2379 0,0005
nokia 2,0402 0,0008
images 1,3093 0,0005
item 0,0000 0,0000
wgmediavieweronclick 0,0000 0,0000
depends 1,5606 0,0006
redirected 2,9957 0,0011
double 1,1087 0,0004
wgulsposition 0,0000 0,0000
rendering 0,0513 0,0000
melayu 0,6349 0,0002
davis 1,7148 0,0007
guthrie 3,2189 0,0012
powertoys 3,9120 0,0015
phone 1,8326 0,0007
rely 1,3863 0,0005
carl 2,9957 0,0011
metro 3,5066 0,0013
pinball 3,5066 0,0013
utilize 2,1203 0,0008
italiano 0,1278 0,0000
sticky 0,0000 0,0000
style 0,0000 0,0000
suit 2,9957 0,0011
searchinput 0,0000 0,0000
sentences 0,0000 0,0000
guard 3,5066 0,0013
harry 2,5257 0,0010
repo 3,2189 0,0012
commons 0,0000 0,0000
enabled 0,0000 0,0000
web 0,1165 0,0000
arabic 2,6593 0,0010
farecast 3,5066 0,0013
older 1,1712 0,0004
categories 0,0000 0,0000
protect 1,6607 0,0006
licensing 1,7148 0,0007
architecture 0,0000 0,0000
dial 3,5066 0,0013
insider 1,5606 0,0006
shortcomings 3,2189 0,0012
more 0,0000 0,0000
display 0,0000 0,0000
nast 3,5066 0,0013
anytime 4,6052 0,0018
great 1,3863 0,0005
syskey 4,6052 0,0018
organization 0,0000 0,0000
width 0,0000 0,0000
accounts 1,5606 0,0006
nash 3,9120 0,0015
superseded 2,3026 0,0009
certain 0,6162 0,0002
board 1,0217 0,0004
levels 0,0000 0,0000
statistics 0,0000 0,0000
dice 3,9120 0,0015
cortana 4,6052 0,0018
section 0,7985 0,0003
simple 0,2357 0,0001
rework 3,5066 0,0013
used 0,0619 0,0000
cloud 0,6349 0,0002
protocol 0,7133 0,0003
brandon 2,6593 0,0010
overflow 0,3857 0,0001
nsakey 3,5066 0,0013
percentage 2,3026 0,0009
shum 3,5066 0,0013
few 0,8916 0,0003
undead 3,5066 0,0013
hyper 2,4079 0,0009
bott 4,6052 0,0018
package 1,2379 0,0005
visible 0,0101 0,0000
kind 1,2040 0,0005
exceptionally 3,9120 0,0015
ripoarisch 3,2189 0,0012
both 0,0305 0,0000
important 0,0101 0,0000
market 1,0217 0,0004
most 0,2107 0,0001
homegroup 4,6052 0,0018
iexpress 4,6052 0,0018
pixels 3,2189 0,0012
transfer 0,9943 0,0004
corrections 2,8134 0,0011
refers 1,0217 0,0004
effect 1,1394 0,0004
keep 1,0217 0,0004
topic 0,0000 0,0000
ipad 2,9957 0,0011
automotive 1,8971 0,0007
job 1,3471 0,0005
option 1,3093 0,0005
who 0,5621 0,0002
joe 1,7720 0,0007
largest 1,4697 0,0006
game 1,0498 0,0004
globally 1,9661 0,0008
contribute 0,0000 0,0000
shortcuts 2,8134 0,0011
telephones 3,5066 0,0013
affecting 2,2073 0,0008
why 0,6733 0,0003
founders 1,9661 0,0008
whiteboard 3,5066 0,0013
integrated 0,6733 0,0003
interactions 1,4271 0,0005
highlight 2,8134 0,0011
administrator 2,1203 0,0008
database 0,4943 0,0002
along 0,7340 0,0003
fonts 2,9957 0,0011
consoles 2,9957 0,0011
david 0,5798 0,0002
scripts 1,6094 0,0006
designed 0,4620 0,0002
win 2,3026 0,0009
malti 3,5066 0,0013
wgseparatortransformtable 0,0000 0,0000
san 1,2379 0,0005
move 0,0000 0,0000
original 0,0943 0,0000
sysop 2,9957 0,0011
also 0,0202 0,0000
discontinued 1,3471 0,0005
enough 0,9676 0,0004
terminal 1,8326 0,0007
catapulted 3,9120 0,0015
gets 1,4697 0,0006
onfolio 3,5066 0,0013
contained 1,3471 0,0005
verloy 4,6052 0,0018
inline 0,0408 0,0000
favor 1,6094 0,0006
various 0,3857 0,0001
visio 3,5066 0,0013
uses 0,2485 0,0001
user 0,0000 0,0000
integrates 2,4079 0,0009
simply 0,9676 0,0004
equivalent 1,5141 0,0006
projects 0,0000 0,0000
tooltip 0,8675 0,0003
edwards 2,4079 0,0009
hausa 1,8971 0,0007
offer 0,8916 0,0003
campaigns 2,8134 0,0011
fix 1,0498 0,0004
ziff 2,8134 0,0011
complex 0,5621 0,0002
warfare 2,5257 0,0010
manufacturing 1,8971 0,0007
giant 2,2073 0,0008
elmcip 2,3026 0,0009
addition 0,6931 0,0003
surf 2,6593 0,0010
league 3,5066 0,0013
personal 0,0000 0,0000
former 1,3093 0,0005
proxy 1,8971 0,0007
lindows 3,5066 0,0013
aaron 2,1203 0,0008
imageobject 0,0000 0,0000
turning 2,4079 0,0009
switched 2,5257 0,0010
simultaneously 1,6094 0,0006
compression 1,5141 0,0006
drive 1,3471 0,0005
higgins 3,5066 0,0013
optimizations 2,4079 0,0009
strong 1,0498 0,0004
scheme 0,0101 0,0000
affect 1,6607 0,0006
icon 0,0101 0,0000
expansiondepth 0,0000 0,0000
dead 1,7148 0,0007
altamira 3,5066 0,0013
virus 2,6593 0,0010
proved 2,2073 0,0008
communications 0,9943 0,0004
search 0,0000 0,0000
see 0,0408 0,0000
wmi 4,6052 0,0018
spacing 0,0619 0,0000
offered 1,1087 0,0004
systems 0,1054 0,0000
wgrelevantpagename 0,0000 0,0000
popularity 1,3093 0,0005
national 0,4463 0,0002
segmentation 2,3026 0,0009
subsequent 1,6094 0,0006
customers 1,0788 0,0004
typescript 1,8971 0,0007
panel 2,8134 0,0011
compared 1,0788 0,0004
bluekeep 4,6052 0,0018
contain 0,0101 0,0000
set 0,2485 0,0001
shqip 0,6931 0,0003
column 0,0101 0,0000
midori 2,4079 0,0009
food 2,1203 0,0008
integrate 1,3471 0,0005
booting 2,8134 0,0011
pearson 1,7720 0,0007
redistributable 4,6052 0,0018
wgaction 0,0000 0,0000
unfit 1,8326 0,0007
acquisitions 1,8326 0,0007
spider 3,5066 0,0013
font 0,0000 0,0000
carlos 2,5257 0,0010
subscriptions 3,5066 0,0013
admits 3,5066 0,0013
ben 1,3093 0,0005
language 0,0000 0,0000
graphics 1,3471 0,0005
navbox 0,0943 0,0000
developed 0,2357 0,0001
listitem 0,0408 0,0000
japanese 2,0402 0,0008
accounted 2,8134 0,0011
repositories 1,6094 0,0006
unworkable 4,6052 0,0018
contact 0,0000 0,0000
rare 1,8971 0,0007
france 0,8675 0,0003
alcatel 3,5066 0,0013
criticism 1,2379 0,0005
modal 3,5066 0,0013
programming 0,2614 0,0001
needs 0,5108 0,0002
image 0,0202 0,0000
typically 0,3857 0,0001
ribbon 3,5066 0,0013
polaris 4,6052 0,0018
workgroups 4,6052 0,0018
browsers 1,7720 0,0007
autoplay 4,6052 0,0018
never 1,1712 0,0004
parts 0,6349 0,0002
thurrott 4,6052 0,0018
party 0,7550 0,0003
little 1,0788 0,0004
publicised 4,6052 0,0018
cursor 0,0619 0,0000
however 0,3011 0,0001
killers 3,9120 0,0015
sources 0,5447 0,0002
origin 0,0000 0,0000
india 1,4271 0,0005
packing 3,5066 0,0013
walltime 0,0000 0,0000
interlanguage 0,0000 0,0000
content 0,0000 0,0000
retrieving 2,3026 0,0009
getting 1,3471 0,0005
hover 3,9120 0,0015
random 0,0000 0,0000
wikibooks 0,8210 0,0003
relinquished 3,9120 0,0015
desktop 1,0788 0,0004
venus 4,6052 0,0018
related 0,0000 0,0000
confirms 2,5257 0,0010
client 0,0000 0,0000
northrup 4,6052 0,0018
class 0,0000 0,0000
posix 2,3026 0,0009
reporting 1,6094 0,0006
volometrix 3,5066 0,0013
digital 0,6162 0,0002
over 0,3285 0,0001
dejablue 4,6052 0,0018
six 1,4271 0,0005
false 0,0000 0,0000
specification 0,8210 0,0003
counter 0,0408 0,0000
parse 1,3863 0,0005
patrizio 4,6052 0,0018
srpskohrvatski 0,9163 0,0003
fork 1,4697 0,0006
form 0,3711 0,0001
management 0,2231 0,0001
publish 1,6607 0,0006
setup 2,0402 0,0008
developer 0,4005 0,0002
avoid 0,0101 0,0000
renew 4,6052 0,0018
informit 3,5066 0,0013
prompt 2,4079 0,0009
significantly 1,5141 0,0006
elaborate 2,6593 0,0010
very 0,5978 0,0002
worms 2,9957 0,0011
triggered 0,0513 0,0000
congress 2,3026 0,0009
bit 1,4697 0,0006
clipboard 3,9120 0,0015
upgrades 2,5257 0,0010
wsh 4,6052 0,0018
improved 1,0498 0,0004
output 0,0000 0,0000
datatable 4,6052 0,0018
four 0,9676 0,0004
peterson 2,8134 0,0011
technet 3,2189 0,0012
context 0,6539 0,0002
easily 1,2040 0,0005
pritzker 3,5066 0,0013
majority 1,5141 0,0006
model 0,0000 0,0000
https 0,0000 0,0000
portal 0,0000 0,0000
french 2,3026 0,0009
tasks 0,9416 0,0004
kern 0,0101 0,0000
large 0,3425 0,0001
surface 2,4079 0,0009
winusb 4,6052 0,0018
literally 3,2189 0,0012
lower 0,0101 0,0000
kerr 3,9120 0,0015
metal 2,6593 0,0010
vera 4,6052 0,0018
aimed 2,1203 0,0008
drink 3,9120 0,0015
odd 0,0943 0,0000
resulting 0,9943 0,0004
messaging 1,4271 0,0005
phil 2,3026 0,0009
operate 1,4271 0,0005
slm 4,6052 0,0018
exclusively 1,6607 0,0006
vail 4,6052 0,0018
john 0,5276 0,0002
wgvisualeditor 0,0000 0,0000
become 0,6931 0,0003
template 0,0000 0,0000
viewer 2,9957 0,0011
enwiki 0,0619 0,0000
indefinitely 1,9661 0,0008
eventually 1,1394 0,0004
subscription 0,0101 0,0000
cycle 1,5141 0,0006
library 0,5621 0,0002
navbar 0,0202 0,0000
world 0,3857 0,0001
ftc 2,6593 0,0010
sphere 2,9957 0,0011
oem 3,2189 0,0012
subbox 0,6931 0,0003
december 0,0000 0,0000
ability 0,7765 0,0003
camera 2,5257 0,0010
everything 1,2730 0,0005
bundle 2,2073 0,0008
implementations 0,7985 0,0003
macos 1,6607 0,0006
revealable 4,6052 0,0018
table 0,0000 0,0000
taqbaylit 2,4079 0,0009
prefers 0,0101 0,0000
side 0,3567 0,0001
roaming 4,6052 0,0018
gaeilge 1,2040 0,0005
break 0,0101 0,0000
implementing 1,2040 0,0005
change 0,4463 0,0002
winhelp 4,6052 0,0018
printable 0,0000 0,0000
gamespot 4,6052 0,0018
off 0,9943 0,0004
generally 0,5447 0,0002
hide 0,0000 0,0000
multimedia 1,5606 0,0006
turner 2,9957 0,0011
corporate 1,4697 0,0006
overlapping 2,3026 0,0009
report 0,0305 0,0000
outercurve 3,5066 0,0013
onedrive 2,4079 0,0009
complete 0,6931 0,0003
patton 3,9120 0,0015
transaction 1,4271 0,0005
improvements 1,2040 0,0005
freestyle 4,6052 0,0018
maluuba 3,5066 0,0013
auto 0,0726 0,0000
notepad 3,9120 0,0015
several 0,4155 0,0002
cardspace 4,6052 0,0018
office 1,0788 0,0004
wgcanonicalspecialpagename 0,0000 0,0000
while 0,2614 0,0001
photos 2,4079 0,0009
second 0,7550 0,0003
ported 2,4079 0,0009
download 0,0000 0,0000
edge 1,3863 0,0005
faster 0,9163 0,0003
high 0,3425 0,0001
split 0,0000 0,0000
encounters 3,5066 0,0013
than 0,2357 0,0001
limit 0,0000 0,0000
champagne 3,5066 0,0013
signalled 4,6052 0,0018
bnf 0,9163 0,0003
freecell 4,6052 0,0018
brian 1,2730 0,0005
different 0,0513 0,0000
directly 0,5108 0,0002
administrators 1,8326 0,0007
officially 1,8971 0,0007
months 0,8210 0,0003
level 0,0000 0,0000
author 0,0000 0,0000
follows 1,3471 0,0005
restrictions 1,5606 0,0006
thrown 3,2189 0,0012
cybersecurity 2,4079 0,0009
permanently 2,0402 0,0008
plus 1,6607 0,0006
expansion 0,0619 0,0000
keizer 3,9120 0,0015
license 0,0000 0,0000
disk 1,4271 0,0005
expand 0,0513 0,0000
bob 1,8326 0,0007
dream 2,8134 0,0011
focused 1,3863 0,0005
plug 2,5257 0,0010
lsass 4,6052 0,0018
tablets 2,3026 0,0009
heat 2,8134 0,0011
behind 1,2730 0,0005
code 0,0000 0,0000
legacy 1,5141 0,0006
student 1,8971 0,0007
tilley 4,6052 0,0018
wgdefaultdateformat 0,0000 0,0000
box 0,0408 0,0000
mixed 1,5141 0,0006
storage 0,3711 0,0001
installing 2,0402 0,0008
oems 3,5066 0,0013
sql 1,0788 0,0004
switch 1,2730 0,0005
dialog 2,9957 0,0011
total 0,0000 0,0000
deutsch 0,0943 0,0000
goldshtein 4,6052 0,0018
playground 2,9957 0,0011
consumers 1,7148 0,0007
revisions 2,1203 0,0008
singularity 3,2189 0,0012
consumer 1,6607 0,0006
fight 2,6593 0,0010
highly 1,1712 0,0004
unofficial 2,2073 0,0008
allows 0,3425 0,0001
console 1,8326 0,0007
keyboard 1,9661 0,0008
siechert 4,6052 0,0018
exokernel 2,5257 0,0010
initiative 1,1087 0,0004
sports 2,6593 0,0010
nature 1,0498 0,0004
social 0,8210 0,0003
src 0,6349 0,0002
control 0,1744 0,0001
families 3,5066 0,0013
autoconfirmed 1,9661 0,0008
editions 2,2073 0,0008
zack 3,5066 0,0013
attribution 0,0000 0,0000
infringement 2,6593 0,0010
architectures 0,9416 0,0004
reece 4,6052 0,0018
vary 0,0619 0,0000
upper 0,0101 0,0000
paint 3,9120 0,0015
registered 0,0101 0,0000
netbooks 3,5066 0,0013
promised 2,9957 0,0011
smss 4,6052 0,0018
dynamics 1,8326 0,0007
freeze 3,2189 0,0012
composite 2,4079 0,0009
expiry 0,0619 0,0000
hundreds 1,6094 0,0006
minerva 0,0101 0,0000
brand 2,1203 0,0008
recent 0,0000 0,0000
they 0,1508 0,0001
trends 1,4271 0,0005
browsing 1,8326 0,0007
github 0,7340 0,0003
grouped 2,9957 0,0011
modular 1,5141 0,0006
multitask 3,5066 0,0013
bundled 2,5257 0,0010
edit 0,0000 0,0000
old 1,2040 0,0005
settled 2,9957 0,0011
ole 4,6052 0,0018
them 0,3285 0,0001
decentralized 2,2073 0,0008
portable 1,8971 0,0007
then 0,3567 0,0001
remaining 1,6607 0,0006
node 0,0513 0,0000
concepts 0,5978 0,0002
adopt 2,3026 0,0009
drivespace 4,6052 0,0018
starting 1,1394 0,0004
device 1,0217 0,0004
access 0,3011 0,0001
ilokano 2,8134 0,0011
simi 0,9416 0,0004
dreamcast 4,6052 0,0018
extended 0,9163 0,0003
seen 1,2040 0,0005
archived 0,0943 0,0000
offline 2,5257 0,0010
selflink 0,0101 0,0000
current 0,0000 0,0000
defunct 1,9661 0,0008
kel 3,9120 0,0015
nynorsk 1,2379 0,0005
minimalistic 3,9120 0,0015
actively 2,6593 0,0010
george 1,6607 0,0006
mclean 3,9120 0,0015
thompson 1,8326 0,0007
vector 0,0000 0,0000
conferences 1,6607 0,0006
key 0,0305 0,0000
calendar 2,9957 0,0011
cachereport 0,0000 0,0000
unions 2,3026 0,0009
manager 1,0498 0,0004
necessary 0,8440 0,0003
jose 2,0402 0,0008
one 0,0943 0,0000
analyzed 2,3026 0,0009
garage 3,2189 0,0012
maker 2,1203 0,0008
started 0,8440 0,0003
store 0,8210 0,0003
winaray 1,7720 0,0007
svp 3,5066 0,0013
segoe 4,6052 0,0018
tagalog 1,2040 0,0005
bosanski 0,8916 0,0003
single 0,3147 0,0001
entityaccesscount 0,0000 0,0000
hill 1,7148 0,0007
walmsley 3,5066 0,0013
iloo 3,5066 0,0013
bug 1,3093 0,0005
assist 2,4079 0,0009
closed 1,2040 0,0005
fourth 1,8971 0,0007
contacts 2,8134 0,0011
partially 1,8971 0,0007
story 1,5606 0,0006
bus 1,6607 0,0006
country 1,7148 0,0007
ignite 2,9957 0,0011
vxtreme 3,5066 0,0013
commercial 0,8440 0,0003
separate 0,7133 0,0003
loader 2,0402 0,0008
buy 1,8971 0,0007
generations 3,2189 0,0012
available 0,0000 0,0000
express 1,5141 0,0006
rules 0,6349 0,0002
loaded 0,0305 0,0000
zero 1,1087 0,0004
soomaaliga 2,4079 0,0009
variant 0,0619 0,0000
sega 4,6052 0,0018
details 0,8675 0,0003
written 0,3147 0,0001
unusual 2,5257 0,0010
treated 2,1203 0,0008
shortened 0,0000 0,0000
studios 2,5257 0,0010
degree 2,1203 0,0008
norsk 0,3285 0,0001
stanton 3,5066 0,0013
enhanced 1,6094 0,0006
memusage 0,0000 0,0000
especially 0,8210 0,0003
once 0,7985 0,0003
hint 2,9957 0,0011
know 0,7340 0,0003
region 2,5257 0,0010
support 0,2107 0,0001
changed 1,0788 0,0004
higher 0,7985 0,0003
drop 1,8326 0,0007
implements 1,3471 0,0005
preview 1,7720 0,0007
basics 2,1203 0,0008
streamlined 4,6052 0,0018
swatch 2,8134 0,0011
changes 0,0000 0,0000
polski 0,1165 0,0000
privacy 0,0000 0,0000
cold 2,8134 0,0011
learning 0,7550 0,0003
vertical 0,7985 0,0003
pure 1,9661 0,0008
life 0,9943 0,0004
inkball 4,6052 0,0018
kin 2,8134 0,0011
establishments 3,5066 0,0013
proprietary 0,9676 0,0004
gap 1,2730 0,0005
xenix 3,2189 0,0012
scharf 3,5066 0,0013
successful 1,2379 0,0005
compulsion 3,5066 0,0013
connectix 3,5066 0,0013
normal 0,0202 0,0000
allocation 1,8971 0,0007
previous 1,1712 0,0004
reading 0,5621 0,0002
reapplying 4,6052 0,0018
functioning 2,9957 0,0011
litigation 2,4079 0,0009
wgarticleid 0,0000 0,0000
desktops 2,8134 0,0011
migration 1,5141 0,0006
pagelanguagedir 0,0000 0,0000
wgcitereferencepreviewsactive 0,0000 0,0000
deeper 3,5066 0,0013
location 1,2730 0,0005
compromise 2,1203 0,0008
cutler 3,5066 0,0013
software 0,0000 0,0000
graphical 1,2730 0,0005
gigabyte 4,6052 0,0018
none 0,0101 0,0000
processors 1,7148 0,0007
repository 0,5978 0,0002
type 0,0000 0,0000
april 0,0000 0,0000
plagues 3,9120 0,0015
easytimeline 2,9957 0,0011
'em 4,6052 0,0018
odyssey 3,9120 0,0015
osr 4,6052 0,0018
feedback 1,3471 0,0005
hack 1,7148 0,0007
seconds 0,0619 0,0000
problem 0,6349 0,0002
credential 3,5066 0,0013
road 1,8326 0,0007
terms 0,0000 0,0000
review 0,7340 0,0003
weather 2,4079 0,0009
connection 1,3093 0,0005
simulate 2,8134 0,0011
between 0,2107 0,0001
guide 0,3711 0,0001
pagevariantfallbacks 0,0000 0,0000
firefly 2,9957 0,0011
goal 1,0788 0,0004
method 0,4780 0,0002
teams 1,3471 0,0005
makers 2,5257 0,0010
iphone 2,9957 0,0011
push 0,0000 0,0000
samples 2,8134 0,0011
typeface 3,5066 0,0013
techrepublic 2,5257 0,0010
soundworks 3,5066 0,0013
following 0,3857 0,0001
logging 2,0402 0,0008
substantially 2,6593 0,0010
verve 4,6052 0,0018
drivers 1,6094 0,0006
filip 4,6052 0,0018
quinstreet 3,9120 0,0015
columns 0,0101 0,0000
sharepoint 4,6052 0,0018
distribution 1,0498 0,0004
hoffman 2,9957 0,0011
tools 0,0000 0,0000
out 0,0000 0,0000
weak 2,3026 0,0009
announcing 1,6607 0,0006
flaw 3,2189 0,0012
transcript 2,6593 0,0010
feature 0,0000 0,0000
ctfmon 4,6052 0,0018
screens 3,2189 0,0012
ifilter 4,6052 0,0018
labeling 3,2189 0,0012
cached 0,0513 0,0000
get 0,0000 0,0000
continues 1,6607 0,0006
dark 0,0101 0,0000
copy 1,3093 0,0005
place 0,8440 0,0003
power 0,7985 0,0003
regular 1,2379 0,0005
marketed 2,9957 0,0011
sell 1,9661 0,0008
twisted 2,9957 0,0011
continued 1,5141 0,0006
token 1,9661 0,0008
filter 1,6094 0,0006
help 0,0000 0,0000
site 0,0000 0,0000
cebuano 2,6593 0,0010
depth 0,0000 0,0000
massive 1,8326 0,0007
unified 1,7148 0,0007
ended 2,3026 0,0009
dybeck 3,5066 0,0013
architectural 1,5141 0,0006
minimum 2,2073 0,0008
scarce 3,5066 0,0013
queue 1,2379 0,0005
sharealike 0,0000 0,0000
date 0,7985 0,0003
addresses 1,3863 0,0005
argument 0,0513 0,0000
data 0,0000 0,0000
depot 3,9120 0,0015
own 0,5276 0,0002
sound 1,5606 0,0006
wiki 1,2730 0,0005
begun 2,2073 0,0008
subsystem 2,2073 0,0008
wgpageviewlanguage 0,0000 0,0000
blog 0,7133 0,0003
sales 1,8326 0,0007
translate 2,0402 0,0008
growing 1,3093 0,0005
schofield 4,6052 0,0018
accesskey 0,0000 0,0000
snipping 4,6052 0,0018
only 0,2107 0,0001
should 0,3711 0,0001
create 0,0000 0,0000
cory 2,6593 0,0010
development 0,1393 0,0001
like 0,2231 0,0001
resource 0,7550 0,0003
profiles 3,2189 0,0012
appxbundle 4,6052 0,0018
towards 1,2040 0,0005
caters 3,9120 0,0015
wordpad 4,6052 0,0018
sent 1,2040 0,0005
tay 2,9957 0,0011
kiriaty 4,6052 0,0018
crypto 2,3026 0,0009
pando 3,5066 0,0013
core 0,5978 0,0002
purposes 1,2730 0,0005
safe 0,9163 0,0003
files 0,8440 0,0003
inxile 3,5066 0,0013
numoto 3,5066 0,0013
interix 3,2189 0,0012
potentially 0,7765 0,0003
here 0,0000 0,0000
note 0,9416 0,0004
dave 1,5141 0,0006
week 1,4697 0,0006
challenges 0,9676 0,0004
line 0,0101 0,0000
link 0,0000 0,0000
macgregor 3,5066 0,0013
recovery 1,6607 0,0006
robin 1,7720 0,0007
can 0,0408 0,0000
computing 0,4005 0,0002
security 0,3285 0,0001
git 1,8971 0,0007
servers 0,7985 0,0003
challenged 1,5141 0,0006
wgcanonicalnamespace 0,0000 0,0000
flex 0,5276 0,0002
ready 0,0000 0,0000
hearts 4,6052 0,0018
vintzel 4,6052 0,0018
studies 1,5141 0,0006
said 1,0788 0,0004
player 2,2073 0,0008
aims 1,2379 0,0005
manufacturers 2,3026 0,0009
wgisredirect 0,0000 0,0000
idle 2,6593 0,0010
limited 0,0000 0,0000
will 0,2485 0,0001
february 0,0000 0,0000
implementation 0,3425 0,0001
arbitrary 1,3863 0,0005
fault 1,2379 0,0005
groups 0,7985 0,0003
allowing 0,6349 0,0002
satya 3,5066 0,0013
tuesday 3,5066 0,0013
response 0,8675 0,0003
counterparts 2,8134 0,0011
responsive 0,0202 0,0000
namespace 1,8326 0,0007
category 0,3147 0,0001
metaswitch 3,5066 0,0013
wikidata 0,0000 0,0000
