cca 3,9120 0,0021
prepare 2,5257 0,0014
unavailable 2,3026 0,0012
upload 0,0000 0,0000
wggelevelingupenabledforuser 0,0000 0,0000
owners 1,8326 0,0010
wgrestrictionmove 0,0000 0,0000
your 0,6931 0,0004
pollution 2,8134 0,0015
remote 0,9163 0,0005
without 0,2744 0,0001
these 0,1278 0,0001
contributions 0,0000 0,0000
protected 1,6094 0,0009
would 0,3425 0,0002
kerner 3,5066 0,0019
stapling 4,6052 0,0025
persistent 1,5141 0,0008
wgstablerevisionid 2,8134 0,0015
solid 0,0202 0,0000
thus 0,7550 0,0004
devices 0,8916 0,0005
sniff 3,9120 0,0021
investment 1,5606 0,0008
neutral 0,5447 0,0003
require 0,0000 0,0000
analysis 0,5108 0,0003
netcaptor 2,8134 0,0015
scribunto 0,0000 0,0000
standards 0,6539 0,0004
size 0,0000 0,0000
left 0,0101 0,0000
cdx 0,0000 0,0000
historically 2,0402 0,0011
qtweb 2,8134 0,0015
accessible 1,1712 0,0006
telling 3,2189 0,0017
rolf 3,9120 0,0021
authenticate 2,9957 0,0016
lombard 1,1712 0,0006
netpositive 2,8134 0,0015
hosting 1,6607 0,0009
example 0,2744 0,0001
gehomepagesuggestededitsenabletopics 0,0000 0,0000
same 0,2357 0,0001
after 0,0305 0,0000
headline 0,0000 0,0000
connect 1,4271 0,0008
policy 0,0000 0,0000
imap 3,5066 0,0019
address 0,8210 0,0004
pagelanguagecode 0,0000 0,0000
gnu 1,1087 0,0006
transientcontent 0,0000 0,0000
subtle 0,3285 0,0002
seth 2,4079 0,0013
suite 1,3471 0,0007
deploying 1,7720 0,0010
persistence 2,4079 0,0013
information 0,0000 0,0000
wrap 0,0101 0,0000
november 0,0000 0,0000
cgi 2,8134 0,0015
kidzui 2,8134 0,0015
reader 1,8971 0,0010
winwap 2,8134 0,0015
xombrero 2,8134 0,0015
rsvp 3,5066 0,0019
deploy 1,6607 0,0009
empty 0,0305 0,0000
pac 3,5066 0,0019
fullversionlist 0,0000 0,0000
tim 1,0498 0,0006
implement 0,7133 0,0004
lite 2,4079 0,0013
export 0,0000 0,0000
conversation 2,1203 0,0011
jakarta 2,5257 0,0014
others 0,4463 0,0002
cryptography 1,7148 0,0009
list 0,0000 0,0000
onto 1,8971 0,0010
wgusergroups 0,0000 0,0000
external 0,1863 0,0001
labs 1,0788 0,0006
authority 0,4780 0,0003
permitting 3,2189 0,0017
child 0,0202 0,0000
eavesdropper 3,9120 0,0021
ankney 4,6052 0,0025
mainentity 0,0000 0,0000
provided 0,7765 0,0004
mashup 2,4079 0,0013
interface 0,3425 0,0002
greenbrowser 2,8134 0,0015
disclaimers 0,0000 0,0000
expanded 0,2231 0,0001
samsung 2,2073 0,0012
secrecy 3,5066 0,0019
provides 0,3711 0,0002
defaulted 3,9120 0,0021
root 0,4943 0,0003
wgisprobablyeditable 0,0000 0,0000
headers 2,6593 0,0014
citation 0,0101 0,0000
blocks 1,2379 0,0007
sslstrip 4,6052 0,0025
mobile 0,0000 0,0000
maxthon 2,8134 0,0015
magnet 3,9120 0,0021
plainlist 0,4463 0,0002
pdf 0,0000 0,0000
china 1,6094 0,0009
service 0,2231 0,0001
coffee 2,8134 0,0015
there 0,2614 0,0001
syntax 1,2040 0,0006
well 0,3011 0,0002
tls 2,3026 0,0012
hellman 3,5066 0,0019
inject 3,9120 0,0021
taking 1,5141 0,0008
bitness 0,0000 0,0000
rgba 0,0101 0,0000
named 0,8916 0,0005
considered 0,5798 0,0003
channel 1,5606 0,0008
snmp 3,5066 0,0019
changing 1,1712 0,0006
entire 0,8675 0,0005
collapsible 2,4079 0,0013
ppvisitednodes 0,0000 0,0000
block 0,0408 0,0000
flow 0,3857 0,0002
order 0,4620 0,0002
cli 1,5141 0,0008
aria 0,0000 0,0000
boxtext 0,0619 0,0000
xmlhttprequest 2,4079 0,0013
wgmfdisplaywikibasedescriptions 0,0000 0,0000
underlying 0,9163 0,0005
dnscrypt 4,6052 0,0025
indonesia 0,3567 0,0002
million 1,0498 0,0006
even 0,0513 0,0000
install 1,9661 0,0011
prohibited 2,6593 0,0014
transparency 1,8326 0,0010
integration 0,4620 0,0002
spots 3,2189 0,0017
owin 2,9957 0,0016
tagline 0,0000 0,0000
wgpopupsflags 0,0000 0,0000
indication 3,2189 0,0017
pfs 3,9120 0,0021
regexp 0,0000 0,0000
subsection 0,1508 0,0001
wgeditsubmitbuttonlabelpublish 0,0000 0,0000
toc 0,0000 0,0000
kinds 1,4271 0,0008
protection 0,4620 0,0002
isapi 2,9957 0,0016
wgpagecontentmodel 0,0000 0,0000
hypertext 2,1203 0,0011
goto 3,5066 0,0019
walls 3,5066 0,0019
top 0,0000 0,0000
acquiring 2,5257 0,0014
tor 2,5257 0,0014
consequence 1,9661 0,0011
dooble 2,8134 0,0015
heading 1,2730 0,0007
wgnamespacenumber 0,0000 0,0000
framework 0,4155 0,0002
names 0,8210 0,0004
trusts 4,6052 0,0025
bullrun 4,6052 0,0025
coc 2,8134 0,0015
requiring 1,1087 0,0006
wgwmepagelength 0,0000 0,0000
zeronet 4,6052 0,0025
entity 1,5141 0,0008
com 0,8210 0,0004
predecessors 3,2189 0,0017
expensivefunctioncount 0,0000 0,0000
smuggling 3,5066 0,0019
upon 0,8916 0,0005
identical 2,0402 0,0011
timeusage 0,0000 0,0000
passwords 2,0402 0,0011
whether 0,7765 0,0004
function 0,0000 0,0000
traffic 1,5606 0,0008
matthew 1,9661 0,0011
comparison 0,4155 0,0002
including 0,1985 0,0001
law 1,2379 0,0007
icecat 2,6593 0,0014
italics 2,4079 0,0013
botan 4,6052 0,0025
defeats 4,6052 0,0025
improve 0,3857 0,0002
october 0,0000 0,0000
basic 0,6539 0,0004
taxation 3,5066 0,0019
footer 2,9957 0,0016
university 0,5621 0,0003
latency 1,7720 0,0010
jquery 0,0000 0,0000
pki 4,6052 0,0025
effective 1,0217 0,0005
scripting 1,2040 0,0006
times 0,5447 0,0003
crl 4,6052 0,0025
says 1,3863 0,0007
timeless 0,0101 0,0000
gnome 2,4079 0,0013
webmaster 4,6052 0,0025
chief 1,6607 0,0009
surgeries 4,6052 0,0025
wgwmeschemaeditattemptstepoversample 0,0000 0,0000
despite 1,3093 0,0007
ttl 0,0000 0,0000
encyclopedia 0,0000 0,0000
conduct 0,0000 0,0000
formerly 1,2040 0,0006
maintenance 0,6733 0,0004
tenfourfox 2,8134 0,0015
abovebelow 0,0943 0,0001
css 1,8971 0,0010
led 0,5978 0,0003
quic 3,5066 0,0019
ajax 1,7148 0,0009
supply 1,7148 0,0009
hostname 3,5066 0,0019
integrity 1,3863 0,0007
password 2,3026 0,0012
docs 1,6094 0,0009
stats 2,4079 0,0013
medications 4,6052 0,0025
pref 0,0000 0,0000
lawrence 2,3026 0,0012
let 1,3863 0,0007
n't 0,7765 0,0004
csrftoken 0,0000 0,0000
press 0,5798 0,0003
worker 2,3026 0,0012
events 0,0000 0,0000
element 0,0000 0,0000
edited 0,0000 0,0000
night 0,0000 0,0000
each 0,1393 0,0001
javascript 0,9416 0,0005
mediawiki 1,0788 0,0006
input 0,0000 0,0000
swiftweasel 2,8134 0,0015
wang 2,1203 0,0011
offering 1,1087 0,0006
comparisons 1,8971 0,0010
difference 1,2379 0,0007
reality 1,5606 0,0008
must 0,4620 0,0002
styles 0,0834 0,0000
actions 0,0000 0,0000
items 0,5108 0,0003
unpinned 0,0000 0,0000
sophisticated 1,8326 0,0010
artech 3,9120 0,0021
revelations 3,9120 0,0021
networks 0,8210 0,0004
two 0,2744 0,0001
pop 1,7720 0,0010
found 0,6162 0,0003
attack 1,4697 0,0008
does 0,2744 0,0001
encrypt 2,8134 0,0015
pusep 4,6052 0,0025
datepublished 0,0000 0,0000
latest 0,9676 0,0005
receive 1,2730 0,0007
languages 0,0000 0,0000
authenticity 3,9120 0,0021
forbidden 2,8134 0,0015
services 0,3425 0,0002
entirely 1,5141 0,0008
ppp 3,5066 0,0019
automated 0,8916 0,0005
tribler 4,6052 0,0025
wgusername 0,0000 0,0000
decrypt 2,9957 0,0016
fashion 2,0402 0,0011
source 0,2107 0,0001
align 0,0101 0,0000
secure 1,2040 0,0006
ieee 0,8440 0,0005
kevin 1,5606 0,0008
continue 1,3471 0,0007
last 0,0000 0,0000
suites 2,5257 0,0014
imageright 0,2614 0,0001
widely 0,7985 0,0004
eric 1,1394 0,0006
mozilla 1,8326 0,0010
weight 0,0101 0,0000
secrets 2,5257 0,0014
technologies 0,5978 0,0003
suited 1,9661 0,0011
page 0,0000 0,0000
full 0,0202 0,0000
venkat 3,9120 0,0021
seamonkey 2,8134 0,0015
asking 2,8134 0,0015
scientist 1,6094 0,0009
effort 1,2040 0,0006
indexeddb 2,3026 0,0012
video 0,8440 0,0005
house 1,5141 0,0008
freak 3,9120 0,0021
minimal 1,2730 0,0007
mshtml 2,8134 0,0015
stronger 2,9957 0,0016
perl 1,3093 0,0007
sameas 0,0000 0,0000
overview 0,5447 0,0003
center 0,0000 0,0000
netsurf 2,8134 0,0015
windows 0,7340 0,0004
ptp 3,5066 0,0019
ospf 3,5066 0,0019
manage 0,8675 0,0005
sneakernet 4,6052 0,0025
infrastructure 0,6931 0,0004
wikimedia 0,0000 0,0000
origyn 2,8134 0,0015
paid 1,8326 0,0010
short 0,0000 0,0000
time 0,0000 0,0000
applications 0,2231 0,0001
greatfire 4,6052 0,0025
measured 1,8326 0,0010
schannel 4,6052 0,0025
enwikimwclientpreferences 0,0000 0,0000
interactive 0,4463 0,0002
governments 1,9661 0,0011
program 0,4155 0,0002
semantics 1,4271 0,0008
revoked 2,9957 0,0016
put 1,1712 0,0006
required 0,5108 0,0003
multi 2,2073 0,0012
unencrypted 2,6593 0,0014
elena 3,5066 0,0019
twitter 1,7720 0,0010
her 2,2073 0,0012
authorized 2,1203 0,0011
mqtt 2,9957 0,0016
options 1,3863 0,0007
payment 2,2073 0,0012
supermium 2,8134 0,0015
gallery 2,6593 0,0014
pale 2,8134 0,0015
identifier 1,7148 0,0009
identifies 1,9661 0,0011
sessions 2,6593 0,0014
dates 0,5798 0,0003
creative 0,0000 0,0000
nederlands 0,1985 0,0001
coast 2,5257 0,0014
provide 0,3857 0,0002
passenger 2,3026 0,0012
requires 0,5798 0,0003
adams 2,9957 0,0016
pirate 3,5066 0,0019
pant 3,9120 0,0021
log 0,0000 0,0000
enterprise 0,4463 0,0002
methods 0,6162 0,0003
wgcheckuserclienthintsheadersjsapi 0,0000 0,0000
bugzilla 3,5066 0,0019
euskara 0,5108 0,0003
gallerybox 4,6052 0,0025
layer 0,8916 0,0005
lot 1,6607 0,0009
computer 0,2231 0,0001
ways 0,8210 0,0004
timingprofile 0,0000 0,0000
carlsson 4,6052 0,0025
theme 0,0000 0,0000
cryptographic 2,1203 0,0011
graphql 2,6593 0,0014
clicking 2,9957 0,0016
meant 1,7148 0,0009
means 0,5621 0,0003
postexpandincludesize 0,0000 0,0000
chain 1,5606 0,0008
disclosure 2,8134 0,0015
indexing 1,7148 0,0009
entirety 2,8134 0,0015
unstrip 0,0000 0,0000
citrio 2,8134 0,0015
ircs 3,9120 0,0021
vivaldi 2,8134 0,0015
performed 1,0788 0,0006
psiphon 4,6052 0,0025
templateargumentsize 0,0000 0,0000
unsourced 0,5621 0,0003
firewall 2,5257 0,0014
january 0,0000 0,0000
permanent 0,0000 0,0000
skweezer 2,8134 0,0015
disclosures 3,2189 0,0017
prevalent 3,2189 0,0017
small 0,0305 0,0000
before 0,0305 0,0000
tell 1,9661 0,0011
techdows 4,6052 0,0025
italic 0,1278 0,0001
launched 1,3863 0,0007
xmpp 2,9957 0,0016
his 0,7550 0,0004
major 0,5621 0,0003
shown 1,7148 0,0009
checked 1,6094 0,0009
feasible 2,9957 0,0016
day 0,0000 0,0000
potential 1,0788 0,0006
gopher 3,5066 0,0019
combination 1,1087 0,0006
group 0,0408 0,0000
schoen 4,6052 0,0025
avast 2,6593 0,0014
created 0,4155 0,0002
format 0,0101 0,0000
particular 0,5978 0,0003
history 0,0000 0,0000
ooni 4,6052 0,0025
hydration 2,5257 0,0014
creates 1,5606 0,0008
dhtml 2,4079 0,0013
udp 2,9957 0,0016
request 1,1712 0,0006
convergence 2,8134 0,0015
wgrestrictionedit 0,0000 0,0000
part 0,2231 0,0001
wgpageparsereport 0,0000 0,0000
their 0,1165 0,0001
webkit 2,5257 0,0014
point 0,7550 0,0004
thirteen 4,6052 0,0025
principal 2,2073 0,0012
general 0,0000 0,0000
visits 2,9957 0,0016
east 2,3026 0,0012
september 0,0000 0,0000
relies 1,3471 0,0007
ymsgr 3,9120 0,0021
browser 1,0217 0,0005
dated 1,1087 0,0006
possessing 3,9120 0,0021
fooled 3,9120 0,0021
editors 0,0000 0,0000
introduction 0,5798 0,0003
chen 1,7148 0,0009
padding 0,0000 0,0000
requirements 0,6349 0,0003
srware 2,8134 0,0015
clear 0,0101 0,0000
ltr 0,0000 0,0000
decrypted 3,5066 0,0019
shadowsocks 4,6052 0,0025
webxr 2,4079 0,0013
third 0,5621 0,0003
netfront 2,8134 0,0015
further 0,3567 0,0002
account 0,0000 0,0000
webcl 2,6593 0,0014
been 0,2231 0,0001
stack 0,7765 0,0004
servlet 2,6593 0,0014
dansk 0,5798 0,0003
evolved 1,6094 0,0009
elinks 2,8134 0,0015
toggled 4,6052 0,0025
messmer 4,6052 0,0025
ambiguous 2,0402 0,0011
ibrowse 2,8134 0,0015
finds 2,2073 0,0012
telnet 3,5066 0,0019
webgpu 2,3026 0,0012
examining 2,2073 0,0012
abbr 0,0619 0,0000
strict 1,7148 0,0009
you 0,0101 0,0000
jump 0,0000 0,0000
knowledge 0,7340 0,0004
limitations 1,0788 0,0006
iris 2,5257 0,0014
classilla 2,8134 0,0015
past 1,8326 0,0010
impact 0,9676 0,0005
profile 1,1394 0,0006
active 0,8210 0,0004
july 0,0000 0,0000
rtsp 3,5066 0,0019
easy 1,1087 0,0006
tags 0,0000 0,0000
mediabrowser 2,8134 0,0015
trying 1,7720 0,0010
domain 0,6931 0,0004
netscape 2,3026 0,0012
subgroup 0,0513 0,0000
hot 2,6593 0,0014
transparent 0,0619 0,0000
thunderhawk 2,8134 0,0015
how 0,0834 0,0000
adoption 0,8675 0,0005
peter 0,8210 0,0004
blocking 2,0402 0,0011
hotel 2,9957 0,0016
term 0,5798 0,0003
embedded 0,9416 0,0005
dhe 4,6052 0,0025
business 0,3567 0,0002
mini 0,0619 0,0000
arachne 2,8134 0,0015
possible 0,5276 0,0003
right 0,0101 0,0000
march 0,0000 0,0000
stealing 3,2189 0,0017
transition 1,6607 0,0009
rsync 3,9120 0,0021
june 0,0000 0,0000
wikitext 0,0000 0,0000
wggestructuredtaskrejectionreasontextinputenabled 0,0000 0,0000
under 0,0101 0,0000
ryan 1,6094 0,0009
added 0,4308 0,0002
sometimes 0,6931 0,0004
wsgi 2,8134 0,0015
libressl 4,6052 0,0025
retrieved 0,0000 0,0000
autocapitalize 0,0000 0,0000
launching 2,6593 0,0014
div 0,0000 0,0000
correctly 1,5606 0,0008
later 0,3857 0,0002
prior 1,3093 0,0007
legal 1,1712 0,0006
wgpagename 0,0000 0,0000
talk 0,0000 0,0000
injecting 3,9120 0,0021
telex 4,6052 0,0025
signal 1,5606 0,0008
info 2,4079 0,0013
dolphin 2,5257 0,0014
static 1,0217 0,0005
enforcement 2,0402 0,0011
hatnote 0,2107 0,0001
publicly 1,6094 0,0009
pinnable 0,0000 0,0000
vision 1,1712 0,0006
beneficial 3,2189 0,0017
wgrevisionid 0,0000 0,0000
asgi 2,8134 0,0015
expiration 4,6052 0,0025
ietf 2,4079 0,0013
some 0,1744 0,0001
virtual 0,4620 0,0002
beginning 1,1712 0,0006
session 1,9661 0,0011
additional 0,0000 0,0000
wgmonthnames 0,0000 0,0000
title 0,0000 0,0000
patroltoken 0,0000 0,0000
primarily 0,9943 0,0005
states 0,4463 0,0002
duration 2,4079 0,0013
load 1,3863 0,0007
alpha 0,0101 0,0000
exposed 2,3026 0,0012
owner 1,5606 0,0008
custom 0,0000 0,0000
wolfssl 4,6052 0,0025
strictly 2,0402 0,0011
home 0,8916 0,0005
michael 0,7133 0,0004
print 0,0000 0,0000
nodes 1,3471 0,0007
although 0,6162 0,0003
inherit 0,0101 0,0000
hue 4,6052 0,0025
hsts 4,6052 0,0025
articles 0,0000 0,0000
injection 1,8326 0,0010
upcoming 2,2073 0,0012
dccp 3,5066 0,0019
dropped 1,7720 0,0010
zhang 2,1203 0,0011
shiira 2,8134 0,0015
soon 1,5606 0,0008
dmy 0,0000 0,0000
navigation 0,0000 0,0000
revealed 2,4079 0,0013
lock 0,0101 0,0000
text 0,0000 0,0000
usually 0,4780 0,0003
whereas 1,4271 0,0008
validation 1,4271 0,0008
onionshare 4,6052 0,0025
uproxy 4,6052 0,0025
python 0,6539 0,0004
cookie 0,0000 0,0000
researchers 1,3093 0,0007
mitm 3,9120 0,0021
dns 2,0402 0,0011
signed 1,7720 0,0010
being 0,3147 0,0002
dnt 3,9120 0,0021
sensitive 1,2730 0,0007
loading 0,0000 0,0000
brackets 0,0619 0,0000
julien 3,2189 0,0017
contents 0,0000 0,0000
served 2,2073 0,0012
explorer 1,7148 0,0009
invalid 2,2073 0,0012
legitimate 2,6593 0,0014
doi 0,4155 0,0002
status 0,0000 0,0000
server 0,4463 0,0002
shield 2,9957 0,0016
dom 1,6094 0,0009
rustls 4,6052 0,0025
curve 2,1203 0,0011
operates 1,6607 0,0009
skin 0,0000 0,0000
mac 1,3471 0,0007
robert 0,9676 0,0005
file 0,0000 0,0000
known 0,3147 0,0002
ciphers 3,2189 0,0017
crime 2,6593 0,0014
portlet 2,9957 0,0016
man 1,8971 0,0010
wgnoticeproject 0,0000 0,0000
may 0,0000 0,0000
max 0,0513 0,0000
could 0,4780 0,0003
forward 1,3093 0,0007
topics 1,1087 0,0006
attackers 2,8134 0,0015
phusion 2,6593 0,0014
torch 2,5257 0,0014
menu 0,0000 0,0000
uri 2,3026 0,0012
url 0,0000 0,0000
urn 3,9120 0,0021
entities 0,0305 0,0000
trusted 1,8326 0,0010
able 0,9943 0,0005
websites 1,2379 0,0007
wgulsiscompactlinksenabled 0,0000 0,0000
return 0,0000 0,0000
codes 2,1203 0,0011
rotate 4,6052 0,0025
bidirectional 2,8134 0,0015
opera 2,5257 0,0014
usb 2,0402 0,0011
webgl 2,3026 0,0012
subject 1,1087 0,0006
use 0,0000 0,0000
main 0,0000 0,0000
networking 1,0498 0,0006
serve 1,4271 0,0008
drown 3,9120 0,0021
intercepted 3,5066 0,0019
microservices 1,9661 0,0011
confused 1,2730 0,0007
solution 0,8916 0,0005
ambarish 4,6052 0,0025
negotiation 3,2189 0,0017
uzbl 2,8134 0,0015
logo 0,0000 0,0000
regardless 1,7720 0,0010
alter 2,1203 0,0011
ideal 2,2073 0,0012
utc 0,0000 0,0000
includes 0,5276 0,0003
sistersitebox 0,6539 0,0004
feed 2,2073 0,0012
wgcurrevisionid 0,0000 0,0000
task 0,7550 0,0004
null 0,0000 0,0000
infer 2,5257 0,0014
background 0,0101 0,0000
transit 2,8134 0,0015
principles 0,8916 0,0005
true 0,0000 0,0000
webauthn 2,2073 0,0012
header 0,0000 0,0000
watchtoken 0,0000 0,0000
present 0,9676 0,0005
eitan 4,6052 0,0025
galeon 2,6593 0,0014
problems 0,6349 0,0003
since 0,3425 0,0002
certificate 2,6593 0,0014
appears 1,7720 0,0010
ellen 2,9957 0,0016
delete 0,5447 0,0003
justinsomnia 4,6052 0,0025
foreach 0,0000 0,0000
repeat 0,0101 0,0000
physical 1,0498 0,0006
included 0,6931 0,0004
make 0,3857 0,0002
beta 1,3863 0,0007
poodle 3,9120 0,0021
microb 2,8134 0,0015
beaker 2,8134 0,0015
surveyed 2,9957 0,0016
ruby 1,0217 0,0005
online 0,7340 0,0004
properties 0,8210 0,0004
kehuan 4,6052 0,0025
webassembly 1,7720 0,0010
observed 1,8971 0,0010
quotes 0,0101 0,0000
patch 2,4079 0,0013
accessing 1,5141 0,0008
psgi 2,9957 0,0016
sizes 1,6607 0,0009
zac 2,6593 0,0014
height 0,0101 0,0000
based 0,0834 0,0000
august 0,0000 0,0000
module 0,0000 0,0000
outer 1,2040 0,0006
received 1,4271 0,0008
wsrp 2,9957 0,0016
certificates 2,6593 0,0014
highest 0,0513 0,0000
meta 1,4271 0,0008
dtls 3,9120 0,0021
asymmetric 3,5066 0,0019
hrvatski 0,7550 0,0004
switching 2,0402 0,0011
nevertheless 2,4079 0,0013
notheme 0,3711 0,0002
fact 1,1712 0,0006
safari 2,1203 0,0011
global 0,7985 0,0004
long 0,5621 0,0003
into 0,1985 0,0001
outline 0,9676 0,0005
identities 2,3026 0,0012
min 0,1165 0,0001
mis 3,5066 0,0019
operating 0,4308 0,0002
free 0,0000 0,0000
middle 0,7765 0,0004
though 0,8440 0,0005
subverts 4,6052 0,0025
many 0,2357 0,0001
people 0,5276 0,0003
stay 2,4079 0,0013
actually 1,3093 0,0007
ibm 0,5621 0,0003
ranking 2,3026 0,0012
operation 0,9676 0,0005
open 0,1625 0,0001
protects 2,8134 0,0015
cannon 3,5066 0,0019
navigator 2,8134 0,0015
numbers 0,9416 0,0005
project 0,3011 0,0002
arena 2,2073 0,0012
inside 0,0101 0,0000
zen 2,6593 0,0014
invert 2,9957 0,0016
idl 2,8134 0,0015
announced 0,7985 0,0004
channels 2,3026 0,0012
campaign 2,3026 0,0012
statuses 3,9120 0,0021
secured 2,5257 0,0014
internet 0,5447 0,0003
allow 0,4155 0,0002
appliance 1,8971 0,0010
wired 1,1712 0,0006
expires 3,5066 0,0019
pinned 0,0000 0,0000
reasons 1,1394 0,0006
needed 0,3285 0,0002
father 3,5066 0,0019
isbn 0,1054 0,0001
mass 1,9661 0,0011
update 0,6733 0,0004
beast 3,9120 0,0021
apple 1,1712 0,0006
common 0,3711 0,0002
cimpanu 2,8134 0,0015
placeholder 0,0000 0,0000
every 0,6162 0,0003
slimbrowser 2,8134 0,0015
apply 0,0000 0,0000
mark 0,8210 0,0004
base 0,0513 0,0000
indiana 3,5066 0,0019
ocsp 2,8134 0,0015
mod 3,2189 0,0017
scgi 2,9957 0,0016
webdav 2,8134 0,0015
relation 1,8971 0,0010
pogo 2,8134 0,0015
ssleay 4,6052 0,0025
safety 1,3093 0,0007
sidebar 0,0000 0,0000
limitreport 0,0000 0,0000
taher 4,6052 0,0025
decoration 0,0619 0,0000
reflist 0,0101 0,0000
still 0,5447 0,0003
var 0,0000 0,0000
agree 0,0101 0,0000
wgulsislanguageselectorempty 0,0000 0,0000
fail 1,8326 0,0010
itself 0,6539 0,0004
books 0,9163 0,0005
knowing 2,5257 0,0014
versions 0,5798 0,0003
anyone 1,7148 0,0009
srpski 0,3711 0,0002
registration 0,0101 0,0000
word 0,0101 0,0000
theory 1,0217 0,0005
redcore 2,8134 0,0015
webpositive 2,8134 0,0015
flock 2,8134 0,0015
steel 2,8134 0,0015
extension 0,7133 0,0004
kylo 2,8134 0,0015
thumb 3,5066 0,0019
foundation 0,0000 0,0000
secret 1,8326 0,0010
specified 0,9163 0,0005
across 0,5798 0,0003
uniform 1,7148 0,0009
slava 3,9120 0,0021
orbot 4,6052 0,0025
identity 1,3863 0,0007
causes 1,7148 0,0009
verify 1,8971 0,0010
established 1,1712 0,0006
finger 3,5066 0,0019
agency 1,7720 0,0010
countermeasure 3,9120 0,0021
facebook 1,3863 0,0007
toggle 0,0000 0,0000
sends 1,9661 0,0011
lots 3,5066 0,0019
appearance 0,0000 0,0000
classname 0,0000 0,0000
anonymous 2,1203 0,0011
exists 1,3093 0,0007
fake 2,6593 0,0014
first 0,0408 0,0000
mse 2,3026 0,0012
nowrap 0,0408 0,0000
perfect 2,5257 0,0014
illnesses 4,6052 0,0025
roman 0,0101 0,0000
spdy 3,9120 0,0021
lotus 2,5257 0,0014
msn 2,3026 0,0012
npruntime 2,9957 0,0016
wgrelevantpageisprobablyeditable 0,0000 0,0000
float 0,0101 0,0000
space 0,0408 0,0000
reference 0,7340 0,0004
ecn 3,5066 0,0019
inferred 3,5066 0,0019
html 0,4463 0,0002
discover 1,8971 0,0010
bottom 0,0000 0,0000
qutebrowser 2,8134 0,0015
published 0,5798 0,0003
revision 0,0000 0,0000
gemini 2,5257 0,0014
magyar 0,3425 0,0002
opining 4,6052 0,0025
freenet 4,6052 0,0025
publisher 0,0000 0,0000
img 0,0408 0,0000
minimo 2,8134 0,0015
arrival 2,8134 0,0015
gnutls 4,6052 0,0025
mercury 2,6593 0,0014
according 0,5108 0,0003
statements 0,4308 0,0002
rlstate 0,0000 0,0000
error 0,0101 0,0000
circumvention 3,5066 0,0019
platform 0,0000 0,0000
network 0,3711 0,0002
trace 2,3026 0,0012
paper 1,0217 0,0005
public 0,4155 0,0002
validated 2,3026 0,0012
parameter 1,8326 0,0010
value 0,0000 0,0000
dhcp 3,5066 0,0019
spacetime 2,5257 0,0014
eff 3,2189 0,0017
advantage 1,2379 0,0007
verified 2,5257 0,0014
instead 0,4463 0,0002
command 0,8675 0,0005
expensive 0,0408 0,0000
currently 1,0788 0,0006
lunascape 2,8134 0,0015
serial 2,8134 0,0015
maint 0,0101 0,0000
wiktionary 0,5798 0,0003
greene 3,2189 0,0017
platformversion 0,0000 0,0000
providers 1,5141 0,0008
normally 1,6094 0,0009
exception 1,5141 0,0008
vague 1,8971 0,0010
authenticated 2,8134 0,0015
hands 2,0402 0,0011
references 0,0101 0,0000
sufficiently 2,5257 0,0014
pierre 2,9957 0,0016
via 0,3011 0,0002
properly 1,3471 0,0007
refraction 4,6052 0,0025
khronos 2,9957 0,0016
because 0,0000 0,0000
moving 1,1712 0,0006
aebrahim 4,6052 0,0025
google 0,4005 0,0002
community 0,0000 0,0000
packet 3,2189 0,0017
version 0,0000 0,0000
authorities 2,5257 0,0014
contains 0,7550 0,0004
extensions 1,1394 0,0006
wgcategories 0,0000 0,0000
eesti 0,3285 0,0002
science 0,5447 0,0003
deepfish 2,8134 0,0015
vista 2,4079 0,0013
acct 3,9120 0,0021
providing 0,8440 0,0005
konigsburg 4,6052 0,0025
conkeror 2,8134 0,0015
certifies 4,6052 0,0025
measurement 2,5257 0,0014
variations 2,1203 0,0011
aspect 1,7720 0,0010
irc 2,8134 0,0015
wikipedia 0,0000 0,0000
hpkp 4,6052 0,0025
afrikaans 0,9416 0,0005
ghostzilla 2,8134 0,0015
website 0,3857 0,0002
brands 0,0000 0,0000
learn 0,0000 0,0000
strata 2,8134 0,0015
whatwg 2,3026 0,0012
newer 1,3093 0,0007
fast 0,6733 0,0004
sleipnir 2,8134 0,0015
notes 0,6349 0,0003
moved 1,5141 0,0008
official 0,6162 0,0003
eavesdroppers 3,9120 0,0021
bookmarks 2,6593 0,0014
transmission 2,4079 0,0013
post 0,0202 0,0000
insecure 2,2073 0,0012
layers 1,7148 0,0009
protocols 1,1394 0,0006
add 0,0000 0,0000
xbap 2,9957 0,0016
need 0,3711 0,0002
its 0,0726 0,0000
originally 0,8675 0,0005
blazer 2,8134 0,0015
often 0,2877 0,0002
article 0,0000 0,0000
rfc 1,9661 0,0011
users 0,3567 0,0002
ads 2,6593 0,0014
mutual 3,2189 0,0017
parser 0,0000 0,0000
port 2,0402 0,0011
shell 1,1712 0,0006
neverssl 4,6052 0,0025
guys 2,8134 0,0015
http 0,0000 0,0000
therefore 0,7985 0,0004
exchange 1,1712 0,0006
decimal 0,0101 0,0000
eme 2,4079 0,0013
income 2,4079 0,0013
trust 1,5141 0,0008
private 0,8210 0,0004
wggetopicsmatchmodeenabled 0,0000 0,0000
technical 0,6349 0,0003
united 0,4780 0,0003
carlisle 4,6052 0,0025
mbed 4,6052 0,0025
wghostname 0,0000 0,0000
liveconnect 2,9957 0,0016
prevent 1,0498 0,0006
urls 2,4079 0,0013
vol 1,1712 0,0006
wgtitle 0,0000 0,0000
engine 0,6539 0,0004
mixture 2,9957 0,0016
puffin 2,8134 0,0015
surveillance 2,5257 0,0014
fails 1,8326 0,0010
cipher 3,2189 0,0017
identify 1,2730 0,0007
wgdigittransformtable 0,0000 0,0000
attacker 2,6593 0,0014
rich 1,3863 0,0007
hlist 0,0408 0,0000
label 0,0000 0,0000
message 0,4943 0,0003
recorded 1,6607 0,0009
forum 1,5141 0,0008
special 0,0000 0,0000
modify 1,3863 0,0007
activex 2,5257 0,0014
environment 0,5978 0,0003
vouch 4,6052 0,0025
fronting 4,6052 0,0025
vpn 2,8134 0,0015
rlconf 0,0000 0,0000
progressive 1,0788 0,0006
sctp 3,5066 0,0019
timberwolf 2,8134 0,0015
contributors 0,0000 0,0000
family 1,0217 0,0005
referred 0,7340 0,0004
tries 2,3026 0,0012
education 1,0788 0,0006
bahasa 0,3285 0,0002
called 0,2744 0,0001
release 0,4005 0,0002
caption 0,3711 0,0002
accessed 1,1087 0,0006
kvochko 3,9120 0,0021
eavesdropping 2,9957 0,0016
elgamal 4,6052 0,0025
number 0,0101 0,0000
webexplorer 2,8134 0,0015
wgbackendresponsetime 0,0000 0,0000
acme 4,6052 0,0025
property 1,3471 0,0007
rip 3,2189 0,0017
brave 2,8134 0,0015
softpedia 3,9120 0,0021
sockets 2,9957 0,0016
splitting 2,2073 0,0012
cryptlib 4,6052 0,0025
distributed 0,3857 0,0002
aggregated 2,9957 0,0016
system 0,0305 0,0000
spot 2,3026 0,0012
etag 3,9120 0,0021
deepnet 2,8134 0,0015
algorithms 1,0498 0,0006
other 0,0000 0,0000
against 0,6931 0,0004
creators 2,3026 0,0012
abaco 2,8134 0,0015
guaay 4,6052 0,0025
cell 0,4308 0,0002
login 2,4079 0,0013
local 0,7985 0,0004
singel 3,9120 0,0021
healthcare 2,0402 0,0011
valid 1,4271 0,0008
withstand 4,6052 0,0025
motivations 2,5257 0,0014
encourage 2,1203 0,0011
indicates 2,4079 0,0013
administer 2,9957 0,0016
electronic 1,0788 0,0006
freegate 4,6052 0,0025
snowflake 3,2189 0,0017
ajp 2,9957 0,0016
nacl 2,6593 0,0014
mitzvah 4,6052 0,0025
future 0,6349 0,0003
rlq 0,0000 0,0000
cite 0,0000 0,0000
ndp 3,5066 0,0019
signing 2,9957 0,0016
webusb 2,9957 0,0016
referer 3,9120 0,0021
heartbleed 4,6052 0,0025
screen 0,0101 0,0000
bordered 2,4079 0,0013
body 0,0000 0,0000
points 1,3093 0,0007
mode 0,0000 0,0000
pages 0,0000 0,0000
updating 1,3471 0,0007
enhancements 0,0101 0,0000
websocket 2,2073 0,0012
links 0,0000 0,0000
net 0,9416 0,0005
all 0,0408 0,0000
always 0,9416 0,0005
border 0,0000 0,0000
new 0,0000 0,0000
settings 1,6607 0,0009
read 0,0000 0,0000
below 0,7550 0,0004
alt 2,6593 0,0014
domains 1,7148 0,0009
prompted 2,9957 0,0016
clientpref 0,0000 0,0000
tool 0,6931 0,0004
apis 0,9676 0,0005
svenska 0,3857 0,0002
nfs 2,9957 0,0016
xpconnect 2,9957 0,0016
leverage 2,1203 0,0011
roa 2,8134 0,0015
communicates 2,9957 0,0016
responds 2,6593 0,0014
wgpagecontentlanguage 0,0000 0,0000
media 0,2485 0,0001
floorp 2,8134 0,0015
wgisarticle 0,0000 0,0000
today 1,0788 0,0006
linchpin 4,6052 0,0025
row 0,5276 0,0003
fifteen 3,5066 0,0019
frontier 2,0402 0,0011
pinning 4,6052 0,0025
crid 3,9120 0,0021
rpc 3,2189 0,0017
transport 1,7148 0,0009
specific 0,2877 0,0002
huawei 2,2073 0,0012
application 0,1393 0,0001
encrypted 1,7148 0,0009
wlan 4,6052 0,0025
wgflaggedrevsparams 0,0000 0,0000
dillo 2,8134 0,0015
formally 2,0402 0,0011
collapse 0,0408 0,0000
aol 2,2073 0,0012
reason 1,3093 0,0007
myers 4,6052 0,0025
eww 2,8134 0,0015
wgrelevantarticleid 0,0000 0,0000
galperin 4,6052 0,0025
skyfire 2,8134 0,0015
cake 2,8134 0,0015
crls 4,6052 0,0025
english 0,0000 0,0000
jap 4,6052 0,0025
proxies 2,5257 0,0014
api 0,4155 0,0002
fully 0,8210 0,0004
cache 0,0305 0,0000
margin 0,0000 0,0000
suomi 0,2107 0,0001
using 0,0000 0,0000
verifying 2,8134 0,0015
wgrequestid 0,0000 0,0000
wgbreakframes 0,0000 0,0000
containing 0,6931 0,0004
hosts 1,9661 0,0011
remain 1,4697 0,0008
proxify 4,6052 0,0025
rlpagemodules 0,0000 0,0000
slow 1,3471 0,0007
wanted 1,6094 0,0009
turkey 3,2189 0,0017
exchanged 2,6593 0,0014
flash 2,1203 0,0011
wgwikibaseitemid 0,0000 0,0000
sizing 0,0408 0,0000
ppapi 2,9957 0,0016
frequently 1,0788 0,0006
automatically 0,7765 0,0004
guarantee 2,1203 0,0011
cookies 2,6593 0,0014
otter 2,6593 0,0014
default 0,6931 0,0004
arc 2,6593 0,0014
encryption 1,1712 0,0006
captive 4,6052 0,0025
disabled 0,0000 0,0000
where 0,2744 0,0001
attribute 1,3471 0,0007
mechanism 1,0217 0,0005
popular 0,6539 0,0004
arp 3,2189 0,0017
websockets 2,8134 0,0015
timestamp 0,0000 0,0000
dnssec 4,6052 0,0025
malware 2,1203 0,0011
holder 2,6593 0,0014
rtp 3,5066 0,0019
such 0,0943 0,0001
asp 2,5257 0,0014
supported 0,7765 0,0004
newnes 4,6052 0,0025
through 0,2107 0,0001
becoming 1,5606 0,0008
castle 3,9120 0,0021
rui 4,6052 0,0025
encrypting 2,6593 0,0014
icab 2,8134 0,0015
run 0,5447 0,0003
microsoft 0,4005 0,0002
operator 1,4271 0,0008
research 0,5621 0,0003
features 0,3857 0,0002
either 0,5621 0,0003
view 0,0000 0,0000
vulnerable 1,7720 0,0010
white 0,0305 0,0000
donate 0,0000 0,0000
correctness 2,0402 0,0011
might 0,7340 0,0004
bold 0,0408 0,0000
engineering 0,3711 0,0002
longer 1,0217 0,0005
gecko 2,8134 0,0015
signals 2,1203 0,0011
everywhere 2,5257 0,0014
galego 0,7550 0,0004
name 0,0000 0,0000
parties 1,2379 0,0007
bolt 2,5257 0,0014
cputime 0,0000 0,0000
fields 1,2040 0,0006
parameters 1,5141 0,0008
watchlist 0,0000 0,0000
decrypts 4,6052 0,0025
color 0,0101 0,0000
hidden 0,0000 0,0000
android 1,4697 0,0008
nearly 1,4697 0,0008
show 0,0834 0,0000
description 0,0000 0,0000
blink 2,5257 0,0014
disappear 3,5066 0,0019
caps 0,0619 0,0000
button 2,1203 0,0011
malicious 2,1203 0,0011
not 0,0101 0,0000
central 0,9416 0,0005
now 0,4308 0,0002
statement 0,0000 0,0000
trademark 0,0101 0,0000
ensures 1,8971 0,0010
greek 0,0101 0,0000
konqueror 2,8134 0,0015
news 0,4620 0,0002
interfaces 0,6162 0,0003
rack 2,5257 0,0014
eckersley 4,6052 0,0025
way 0,3285 0,0002
target 0,0101 0,0000
what 0,0000 0,0000
amaya 2,6593 0,0014
detailed 1,4697 0,0008
vulnerabilities 1,5606 0,0008
delivers 2,3026 0,0012
window 1,7148 0,0009
container 0,0000 0,0000
colin 2,8134 0,0015
developers 0,0000 0,0000
deprecated 1,6607 0,0009
usage 0,0000 0,0000
wgmediaviewerenabledbydefault 0,0000 0,0000
nearby 0,0000 0,0000
when 0,0834 0,0000
wordfilter 4,6052 0,0025
bouncy 4,6052 0,0025
logged 0,0000 0,0000
far 1,3093 0,0007
faq 1,6094 0,0009
case 0,4155 0,0002
nokia 2,0402 0,0011
canvas 2,3026 0,0012
images 1,3093 0,0007
item 0,0000 0,0000
wgmediavieweronclick 0,0000 0,0000
depends 1,5606 0,0008
rockmelt 2,8134 0,0015
wgulsposition 0,0000 0,0000
epic 2,0402 0,0011
matches 0,9416 0,0005
tunnels 3,5066 0,0019
moon 2,6593 0,0014
italiano 0,1278 0,0001
sticky 0,0000 0,0000
style 0,0000 0,0000
completely 1,4271 0,0008
nsa 2,8134 0,0015
damage 2,8134 0,0015
alpn 3,9120 0,0021
searchinput 0,0000 0,0000
sentences 0,0000 0,0000
commons 0,0000 0,0000
enabled 0,0000 0,0000
gain 1,5606 0,0008
nss 3,9120 0,0021
leaks 1,7720 0,0010
freedom 2,0402 0,0011
modern 0,7340 0,0004
web 0,1165 0,0001
criminals 2,5257 0,0014
seldom 3,5066 0,0019
npapi 2,9957 0,0016
older 1,1712 0,0006
categories 0,0000 0,0000
gallagher 3,5066 0,0019
protect 1,6607 0,0009
architecture 0,0000 0,0000
enables 0,7133 0,0004
more 0,0000 0,0000
display 0,0000 0,0000
ntp 3,5066 0,0019
great 1,3863 0,0007
ultrasurf 4,6052 0,0025
igmp 3,5066 0,0019
bsafe 4,6052 0,0025
organization 0,0000 0,0000
width 0,0000 0,0000
accounts 1,5606 0,0008
tampering 3,5066 0,0019
certain 0,6162 0,0003
diffie 3,5066 0,0019
levels 0,0000 0,0000
statistics 0,0000 0,0000
section 0,7985 0,0004
simple 0,2357 0,0001
used 0,0619 0,0000
cloud 0,6349 0,0003
netblocks 4,6052 0,0025
protocol 0,7133 0,0004
overflow 0,3857 0,0002
whale 2,5257 0,0014
ldap 2,6593 0,0014
presented 1,2730 0,0007
few 0,8916 0,0005
shuo 3,9120 0,0021
connections 1,4271 0,0008
hyper 2,4079 0,0013
described 0,5108 0,0003
configured 1,8326 0,0010
otherwise 1,3863 0,0007
visible 0,0101 0,0000
timing 2,5257 0,0014
sublayer 4,6052 0,0025
both 0,0305 0,0000
important 0,0101 0,0000
most 0,2107 0,0001
transfer 0,9943 0,0005
mgcp 3,5066 0,0019
refers 1,0217 0,0005
keep 1,0217 0,0005
topic 0,0000 0,0000
contribute 0,0000 0,0000
generator 1,8971 0,0010
why 0,6733 0,0004
necessarily 1,7720 0,0010
administrator 2,1203 0,0011
database 0,4943 0,0003
along 0,7340 0,0004
opportunistic 2,9957 0,0016
jsgi 2,4079 0,0013
kazakhstan 3,5066 0,0019
scripts 1,6094 0,0009
designed 0,4620 0,0002
authentication 1,3863 0,0007
wgseparatortransformtable 0,0000 0,0000
breach 1,8971 0,0010
rest 1,1087 0,0006
amount 1,0498 0,0006
chromium 2,3026 0,0012
move 0,0000 0,0000
original 0,0943 0,0001
also 0,0202 0,0000
discontinued 1,3471 0,0007
recommended 1,8326 0,0010
swiftfox 2,8134 0,0015
inline 0,0408 0,0000
yandex 2,1203 0,0011
organizations 0,8440 0,0005
attention 1,7148 0,0009
uses 0,2485 0,0001
user 0,0000 0,0000
frontend 2,4079 0,0013
notaries 4,6052 0,0025
projects 0,0000 0,0000
bad 1,7148 0,0009
icmp 3,5066 0,0019
nntp 3,5066 0,0019
bar 1,4697 0,0008
fix 1,0498 0,0006
fluid 2,3026 0,0012
bay 3,5066 0,0019
piratebrowser 2,8134 0,0015
surf 2,6593 0,0014
lynx 2,6593 0,0014
boringssl 4,6052 0,0025
personal 0,0000 0,0000
empowering 3,2189 0,0017
proxy 1,8971 0,0010
imageobject 0,0000 0,0000
ipsec 3,5066 0,0019
compression 1,5141 0,0008
strong 1,0498 0,0006
scheme 0,0101 0,0000
icon 0,0101 0,0000
expansiondepth 0,0000 0,0000
mixmaster 4,6052 0,0025
dead 1,7148 0,0009
icedragon 2,8134 0,0015
sec 2,8134 0,0015
revocation 3,9120 0,0021
advertisements 2,6593 0,0014
communications 0,9943 0,0005
search 0,0000 0,0000
see 0,0408 0,0000
stripping 3,9120 0,0021
spacing 0,0619 0,0000
systems 0,1054 0,0001
whitebg 4,6052 0,0025
wgrelevantpagename 0,0000 0,0000
arxiv 1,3471 0,0007
national 0,4463 0,0002
customers 1,0788 0,0006
contain 0,0101 0,0000
shqip 0,6931 0,0004
column 0,0101 0,0000
midori 2,4079 0,0013
plaintext 3,5066 0,0019
nsapi 2,9957 0,0016
validity 2,6593 0,0014
wgaction 0,0000 0,0000
unfit 1,8326 0,0010
decryption 3,5066 0,0019
font 0,0000 0,0000
arora 2,5257 0,0014
transferred 2,1203 0,0011
omniweb 2,8134 0,0015
woa 2,9957 0,0016
language 0,0000 0,0000
sites 1,6094 0,0009
navbox 0,0943 0,0001
developed 0,2357 0,0001
goagent 4,6052 0,0025
listitem 0,0408 0,0000
attacks 1,5141 0,0008
contact 0,0000 0,0000
warning 1,9661 0,0011
encrypts 3,9120 0,0021
needs 0,5108 0,0003
image 0,0202 0,0000
chrome 2,2073 0,0012
typically 0,3857 0,0002
browsers 1,7720 0,0010
exploited 2,1203 0,0011
party 0,7550 0,0004
cursor 0,0619 0,0000
however 0,3011 0,0002
lucky 2,9957 0,0016
identifying 1,5141 0,0008
visiting 2,6593 0,0014
origin 0,0000 0,0000
waterfox 2,8134 0,0015
bgp 3,5066 0,0019
walltime 0,0000 0,0000
interlanguage 0,0000 0,0000
content 0,0000 0,0000
duckduckgo 2,6593 0,0014
intranet 3,9120 0,0021
symposium 1,6607 0,0009
random 0,0000 0,0000
wikibooks 0,8210 0,0004
related 0,0000 0,0000
alert 2,2073 0,0012
mosaic 2,6593 0,0014
client 0,0000 0,0000
foss 1,8971 0,0010
sip 3,2189 0,0017
class 0,0000 0,0000
digital 0,6162 0,0003
over 0,3285 0,0002
bho 2,9957 0,0016
false 0,0000 0,0000
counter 0,0408 0,0000
srpskohrvatski 0,9163 0,0005
form 0,3711 0,0002
management 0,2231 0,0001
setup 2,0402 0,0011
developer 0,4005 0,0002
avoid 0,0101 0,0000
gate 3,2189 0,0017
matrixssl 4,6052 0,0025
rajiv 3,9120 0,0021
presents 1,6607 0,0009
practice 0,7550 0,0004
modes 1,6607 0,0009
authorization 2,1203 0,0011
output 0,0000 0,0000
jondonym 4,6052 0,0025
orion 2,3026 0,0012
piggybacks 4,6052 0,0025
wss 3,9120 0,0021
context 0,6539 0,0004
majority 1,5141 0,0008
model 0,0000 0,0000
https 0,0000 0,0000
portal 0,0000 0,0000
gears 2,4079 0,0013
reduce 0,9676 0,0005
asapi 2,9957 0,0016
issue 0,8675 0,0005
kern 0,0101 0,0000
lower 0,0101 0,0000
tomorrow 2,9957 0,0016
ordinary 2,1203 0,0011
schemes 1,9661 0,0011
transactions 1,1087 0,0006
odd 0,0943 0,0001
certification 2,0402 0,0011
messaging 1,4271 0,0008
telemetry 3,2189 0,0017
compromised 3,2189 0,0017
begin 1,4697 0,0008
wgvisualeditor 0,0000 0,0000
template 0,0000 0,0000
works 0,9416 0,0005
subscription 0,0101 0,0000
basilisk 2,4079 0,0013
thinking 2,2073 0,0012
falkon 2,8134 0,0015
delegate 2,6593 0,0014
navbar 0,0202 0,0000
world 0,3857 0,0002
digest 2,9957 0,0016
december 0,0000 0,0000
implementations 0,7985 0,0004
table 0,0000 0,0000
charon 2,8134 0,0015
prefers 0,0101 0,0000
side 0,3567 0,0002
ftp 2,4079 0,0013
gaeilge 1,2040 0,0006
break 0,0101 0,0000
librewolf 2,8134 0,0015
jsse 4,6052 0,0025
beonex 2,8134 0,0015
lantern 3,9120 0,0021
printable 0,0000 0,0000
generally 0,5447 0,0003
sni 4,6052 0,0025
hide 0,0000 0,0000
meleon 2,8134 0,0015
corporate 1,4697 0,0008
malpani 4,6052 0,0025
transaction 1,4271 0,0008
improvements 1,2040 0,0006
auto 0,0726 0,0000
several 0,4155 0,0002
sign 1,6607 0,0009
wgcanonicalspecialpagename 0,0000 0,0000
while 0,2614 0,0001
suggests 1,7148 0,0009
download 0,0000 0,0000
edge 1,3863 0,0007
high 0,3425 0,0002
split 0,0000 0,0000
www 1,7720 0,0010
than 0,2357 0,0001
limit 0,0000 0,0000
reviewed 1,8326 0,0010
communication 0,6931 0,0004
different 0,0513 0,0000
months 0,8210 0,0004
dpktf 4,6052 0,0025
level 0,0000 0,0000
author 0,0000 0,0000
establish 1,8326 0,0010
permanently 2,0402 0,0011
amazon 1,0498 0,0006
relevant 1,2040 0,0006
license 0,0000 0,0000
salamweb 2,8134 0,0015
code 0,0000 0,0000
legacy 1,5141 0,0008
wgdefaultdateformat 0,0000 0,0000
keys 1,5141 0,0008
box 0,0408 0,0000
sean 1,9661 0,0011
storage 0,3711 0,0002
sql 1,0788 0,0006
head 1,3471 0,0007
dialog 2,9957 0,0016
total 0,0000 0,0000
ipstack 4,6052 0,0025
deutsch 0,0943 0,0001
backend 1,8326 0,0010
korzhitskii 4,6052 0,0025
xiaofeng 3,2189 0,0017
unofficial 2,2073 0,0012
allows 0,3425 0,0002
src 0,6349 0,0003
control 0,1744 0,0001
symbian 2,2073 0,0012
drew 2,5257 0,0014
attribution 0,0000 0,0000
issuance 3,2189 0,0017
pulse 2,8134 0,0015
easier 1,0498 0,0006
communicating 2,5257 0,0014
mailto 3,9120 0,0021
duncan 3,2189 0,0017
geolocation 2,3026 0,0012
handler 2,3026 0,0012
increasingly 1,4271 0,0008
metadata 1,5606 0,0008
sse 2,9957 0,0016
upper 0,0101 0,0000
registered 0,0101 0,0000
ssh 2,3026 0,0012
ssl 2,4079 0,0013
speaking 2,1203 0,0011
hundreds 1,6094 0,0009
minerva 0,0101 0,0000
recent 0,0000 0,0000
they 0,1508 0,0001
forks 1,6607 0,0009
browsing 1,8326 0,0010
github 0,7340 0,0004
edit 0,0000 0,0000
grigorik 3,9120 0,0021
them 0,3285 0,0002
then 0,3567 0,0002
remaining 1,6607 0,0009
accept 1,7148 0,0009
crawler 3,5066 0,0019
maliciously 3,9120 0,0021
starting 1,1394 0,0006
device 1,0217 0,0005
discovered 1,8326 0,0010
access 0,3011 0,0002
blackhat 4,6052 0,0025
conference 0,3567 0,0002
webrtc 2,3026 0,0012
extended 0,9163 0,0005
gazelle 2,8134 0,0015
archived 0,0943 0,0001
selflink 0,0101 0,0000
current 0,0000 0,0000
poisoning 3,9120 0,0021
lecture 1,6607 0,0009
vector 0,0000 0,0000
audio 1,2379 0,0007
key 0,0305 0,0000
issuing 2,6593 0,0014
silk 2,2073 0,0012
cachereport 0,0000 0,0000
pretitle 1,3471 0,0007
smtp 3,5066 0,0019
necessary 0,8440 0,0005
onc 3,2189 0,0017
svg 1,0788 0,0006
one 0,0943 0,0001
loads 2,6593 0,0014
hotjava 2,8134 0,0015
started 0,8440 0,0005
tagalog 1,2040 0,0006
fcgi 2,9957 0,0016
single 0,3147 0,0002
entityaccesscount 0,0000 0,0000
catalin 2,8134 0,0015
censorship 2,6593 0,0014
commercial 0,8440 0,0005
webhook 2,6593 0,0014
separate 0,7133 0,0004
reasonable 2,1203 0,0011
available 0,0000 0,0000
freeweibo 4,6052 0,0025
loaded 0,0305 0,0000
apache 1,0788 0,0006
embracing 2,8134 0,0015
stunnel 4,6052 0,0025
variant 0,0619 0,0000
dynamic 0,7133 0,0004
generate 1,2730 0,0007
shortened 0,0000 0,0000
oracle 0,8916 0,0005
query 1,3471 0,0007
norsk 0,3285 0,0002
wireguard 4,6052 0,0025
modules 1,0788 0,0006
memusage 0,0000 0,0000
especially 0,8210 0,0004
know 0,7340 0,0004
support 0,2107 0,0001
ecdhe 4,6052 0,0025
higher 0,7985 0,0004
drop 1,8326 0,0010
implements 1,3471 0,0007
pending 2,4079 0,0013
changes 0,0000 0,0000
polski 0,1165 0,0001
privacy 0,0000 0,0000
logjam 4,6052 0,0025
life 0,9943 0,0005
proprietary 0,9676 0,0005
gap 1,2730 0,0007
anonymity 2,9957 0,0016
dane 3,9120 0,0021
normal 0,0202 0,0000
types 0,4780 0,0003
cases 0,8675 0,0005
webpages 3,2189 0,0017
wide 0,7133 0,0004
filters 2,4079 0,0013
technology 0,2357 0,0001
sips 3,9120 0,0021
ungoogled 2,8134 0,0015
wgarticleid 0,0000 0,0000
pagelanguagedir 0,0000 0,0000
wgcitereferencepreviewsactive 0,0000 0,0000
location 1,2730 0,0007
passing 1,7720 0,0010
compromise 2,1203 0,0011
software 0,0000 0,0000
none 0,0101 0,0000
type 0,0000 0,0000
april 0,0000 0,0000
terms 0,0000 0,0000
justify 1,8326 0,0010
connection 1,3093 0,0007
between 0,2107 0,0001
pagevariantfallbacks 0,0000 0,0000
stanislaw 4,6052 0,0025
wifi 2,8134 0,0015
kazehakase 2,8134 0,0015
method 0,4780 0,0003
comodo 2,8134 0,0015
come 0,9676 0,0005
baseline 1,8326 0,0010
push 0,0000 0,0000
exist 0,7985 0,0004
ladybird 2,8134 0,0015
following 0,3857 0,0002
openssl 4,6052 0,0025
piratebox 4,6052 0,0025
force 1,2730 0,0007
quinstreet 3,9120 0,0021
hotspot 2,9957 0,0016
columns 0,0101 0,0000
stealthnet 4,6052 0,0025
range 0,9416 0,0005
tools 0,0000 0,0000
derive 2,8134 0,0015
out 0,0000 0,0000
weak 2,3026 0,0012
geo 3,2189 0,0017
feature 0,0000 0,0000
get 0,0000 0,0000
dark 0,0101 0,0000
ilya 2,9957 0,0016
place 0,8440 0,0005
neoplanet 2,8134 0,0015
prominently 3,2189 0,0017
filter 1,6094 0,0009
help 0,0000 0,0000
forcing 2,8134 0,0015
site 0,0000 0,0000
depth 0,0000 0,0000
additionally 1,0498 0,0006
self 0,7133 0,0004
connecting 2,5257 0,0014
sharealike 0,0000 0,0000
addresses 1,3863 0,0007
cors 2,9957 0,0016
reveal 2,4079 0,0013
data 0,0000 0,0000
adequate 2,5257 0,0014
firefox 2,2073 0,0012
own 0,5276 0,0003
wiki 1,2730 0,0007
wgpageviewlanguage 0,0000 0,0000
alexa 2,6593 0,0014
blog 0,7133 0,0004
ldaps 3,9120 0,0021
hosted 1,3093 0,0007
netcraft 4,6052 0,0025
accesskey 0,0000 0,0000
plain 1,5141 0,0008
only 0,2107 0,0001
should 0,3711 0,0002
create 0,0000 0,0000
tag 2,1203 0,0011
development 0,1393 0,0001
individual 0,8916 0,0005
resource 0,7550 0,0004
accepted 1,6607 0,0009
datagram 3,2189 0,0017
regards 2,9957 0,0016
elliptic 2,9957 0,0016
potentially 0,7765 0,0004
here 0,0000 0,0000
caa 3,9120 0,0021
camino 2,8134 0,0015
cab 4,6052 0,0025
line 0,0101 0,0000
link 0,0000 0,0000
engaging 3,9120 0,0021
can 0,0408 0,0000
security 0,3285 0,0002
servers 0,7985 0,0004
cas 4,6052 0,0025
wgcanonicalnamespace 0,0000 0,0000
flex 0,5276 0,0003
ready 0,0000 0,0000
qualys 4,6052 0,0025
tcp 2,3026 0,0012
aims 1,2379 0,0007
wgisredirect 0,0000 0,0000
limited 0,0000 0,0000
will 0,2485 0,0001
sputnik 2,4079 0,0013
worldwideweb 2,8134 0,0015
february 0,0000 0,0000
implementation 0,3425 0,0002
allowing 0,6349 0,0003
passive 3,2189 0,0017
oppliger 3,5066 0,0019
response 0,8675 0,0005
responsive 0,0202 0,0000
york 0,8440 0,0005
challenge 1,5141 0,0008
category 0,3147 0,0002
wikidata 0,0000 0,0000
