cancel 2,4079 0,0018
belarus 3,9120 0,0029
references 0,0513 0,0000
saved 0,0619 0,0000
upload 0,0000 0,0000
year 0,2614 0,0004
wggelevelingupenabledforuser 0,0000 0,0000
wgrestrictionmove 0,0000 0,0000
via 0,3011 0,0002
quote 0,0101 0,0000
would 0,3425 0,0003
because 0,0000 0,0000
ten 1,6607 0,0012
unlikely 2,3026 0,0017
solid 0,0202 0,0000
ipo 3,2189 0,0024
neutral 0,5447 0,0004
circular 2,8134 0,0021
google 0,4005 0,0003
optional 1,3093 0,0010
require 0,0000 0,0000
community 0,0000 0,0000
version 0,0000 0,0000
scribunto 0,0000 0,0000
size 0,0000 0,0000
left 0,0408 0,0000
cdx 0,0000 0,0000
eesti 0,3285 0,0002
vista 2,4079 0,0018
hang 1,3863 0,0010
statistical 2,0402 0,0015
lombard 1,1712 0,0009
role 0,8916 0,0007
least 0,9676 0,0007
roll 1,9661 0,0014
utility 1,2730 0,0009
turn 1,0498 0,0015
manual 1,1394 0,0008
wgusergroup 0,0000 0,0000
wesley 0,8675 0,0006
optimistic 3,5066 0,0026
result 0,2231 0,0003
after 0,0305 0,0000
wikipedia 0,0000 0,0000
behavior 0,8210 0,0006
headline 0,0000 0,0000
solaris 1,7148 0,0013
policy 0,0000 0,0000
website 0,3711 0,0003
address 0,5621 0,0004
learn 0,0000 0,0000
sheraton 4,6052 0,0034
severalnines 4,6052 0,0034
pagelanguagecode 0,0000 0,0000
queries 3,2189 0,0024
concurrency 1,3471 0,0010
gnu 1,1087 0,0008
transientcontent 0,0000 0,0000
wipe 2,9957 0,0022
subtle 0,3285 0,0002
component 0,3147 0,0002
fast 0,4943 0,0007
suite 1,2040 0,0009
idhash 0,0619 0,0000
information 0,0000 0,0000
brandy 4,6052 0,0034
wrap 0,0101 0,0000
register 0,0000 0,0000
standard 0,2357 0,0002
november 0,0000 0,0000
notes 0,9943 0,0007
correct 1,2730 0,0009
resolve 1,6607 0,0012
official 0,6162 0,0005
pandemic 1,9661 0,0014
good 0,4155 0,0003
agpl 2,9957 0,0022
empty 0,0305 0,0000
acid 2,3026 0,0017
compute 0,6733 0,0005
red 1,2730 0,0009
ref 2,5257 0,0019
act 0,9416 0,0007
memcmp 4,6052 0,0034
post 0,0202 0,0000
leave 0,0101 0,0000
fullversionlist 0,0000 0,0000
tim 1,0498 0,0008
implement 0,3285 0,0005
export 0,0000 0,0000
add 0,0000 0,0000
gridfs 4,6052 0,0034
its 0,0726 0,0001
pay 1,1712 0,0009
list 0,0000 0,0000
article 0,0000 0,0000
external 0,1863 0,0001
mongofile 4,6052 0,0034
parser 0,0000 0,0000
shell 1,0788 0,0008
authority 0,4780 0,0004
http 0,0000 0,0000
decimal 0,0101 0,0000
vaughan 2,5257 0,0019
child 0,0202 0,0000
manning 1,6607 0,0012
technical 0,6349 0,0005
mainentity 0,0000 0,0000
production 0,9943 0,0007
united 0,4780 0,0004
germany 0,5798 0,0004
wallace 2,6593 0,0020
choose 0,8440 0,0006
nodejs 3,9120 0,0029
interface 0,2485 0,0004
remove 0,3711 0,0003
wghostname 0,0000 0,0000
behave 1,5606 0,0011
disclaimers 0,0000 0,0000
wgtitle 0,0000 0,0000
engine 0,4780 0,0007
intentionally 2,3026 0,0017
membrey 4,6052 0,0034
responsible 1,2040 0,0009
root 0,4780 0,0004
wgisprobablyeditable 0,0000 0,0000
end 0,3011 0,0002
nestjs 2,8134 0,0021
live 1,1712 0,0009
embrace 1,9661 0,0014
identify 0,6733 0,0005
wgdigittransformtable 0,0000 0,0000
citation 0,0101 0,0000
mobile 0,0000 0,0000
multiple 0,2485 0,0002
perform 0,4463 0,0003
expertstown 4,6052 0,0034
retrospective 3,2189 0,0024
hlist 0,0408 0,0000
label 0,0000 0,0000
improvement 0,9163 0,0007
expose 1,4271 0,0010
reshard 4,6052 0,0034
sharding 2,6593 0,0020
special 0,0000 0,0000
plainlist 0,4463 0,0003
environment 0,4308 0,0003
pdf 0,0000 0,0000
service 0,1393 0,0002
rlconf 0,0000 0,0000
there 0,2614 0,0002
well 0,2744 0,0002
bitness 0,0000 0,0000
rgba 0,0101 0,0000
bahasa 0,3285 0,0002
atlas 3,2189 0,0024
release 0,2744 0,0006
ago 0,7765 0,0006
optionally 2,1203 0,0016
caption 0,3567 0,0003
american 0,8440 0,0006
entire 0,8675 0,0006
kenny 3,9120 0,0029
approach 0,3711 0,0003
number 0,0000 0,0000
wgbackendresponsetime 0,0000 0,0000
shorten 0,0000 0,0000
russia 2,6593 0,0020
bottleneck 3,2189 0,0024
block 0,0408 0,0000
per 0,8440 0,0006
write 0,1508 0,0004
flow 0,3425 0,0003
order 0,4155 0,0003
similar 0,4780 0,0004
aria 0,0000 0,0000
boxtext 0,0619 0,0000
byte 0,0408 0,0000
specify 0,6349 0,0005
isolation 1,6607 0,0012
indonesia 0,3567 0,0003
tough 2,6593 0,0020
angular 2,5257 0,0019
system 0,0101 0,0000
driver 1,3471 0,0010
compose 1,5141 0,0011
drives 4,6052 0,0034
even 0,0513 0,0000
binary 0,9943 0,0015
integration 0,4620 0,0003
tagline 0,0000 0,0000
gui 1,3471 0,0010
hash 1,7720 0,0013
regexp 0,0000 0,0000
other 0,0000 0,0000
subsection 0,1508 0,0001
wgeditsubmitbuttonlabelpublish 0,0000 0,0000
city 1,4697 0,0011
against 0,6931 0,0005
toc 0,0000 0,0000
functionality 0,6539 0,0005
cell 0,4308 0,0003
scram 3,9120 0,0029
wgpagecontentmodel 0,0000 0,0000
top 0,0000 0,0000
native 0,8916 0,0007
technica 1,3093 0,0010
yield 2,0402 0,0030
have 0,2744 0,0002
share 0,4620 0,0007
shard 2,9957 0,0066
deployment 0,7985 0,0006
consequence 1,5606 0,0011
product 0,4005 0,0006
atomicity 2,9957 0,0022
nichols 2,4079 0,0018
opportunities 2,2073 0,0016
peek 3,5066 0,0026
wgnamespacenumber 0,0000 0,0000
framework 0,2877 0,0004
future 0,5978 0,0004
rlq 0,0000 0,0000
wgwmepagelength 0,0000 0,0000
cite 0,0000 0,0000
entity 0,0101 0,0000
thousand 1,5141 0,0011
com 0,8210 0,0006
covid 1,8326 0,0013
expensivefunctioncount 0,0000 0,0000
replica 2,8134 0,0041
arborian 4,6052 0,0034
screen 0,0101 0,0000
body 0,0000 0,0000
identical 2,0402 0,0015
mode 0,0000 0,0000
timeusage 0,0000 0,0000
pages 0,0000 0,0000
pin 0,0000 0,0000
function 0,0000 0,0000
visualize 2,6593 0,0020
pipe 2,9957 0,0022
sneak 3,5066 0,0026
newpp 0,0619 0,0000
all 0,0408 0,0000
always 0,9416 0,0007
border 0,0000 0,0000
new 0,0000 0,0000
comparison 0,4005 0,0003
read 0,0000 0,0000
cpu 0,0408 0,0000
infobox 0,6931 0,0005
real 0,0408 0,0000
basis 1,1087 0,0008
clientpref 0,0000 0,0000
pcache 0,0619 0,0000
tool 0,0000 0,0000
pirtle 4,6052 0,0034
tony 1,8326 0,0013
improve 0,2485 0,0002
svenska 0,3857 0,0003
violation 2,0402 0,0015
october 0,0000 0,0000
networked 2,8134 0,0021
unix 1,3093 0,0010
complication 0,0513 0,0000
indent 1,3863 0,0020
regency 4,6052 0,0034
wgpagecontentlanguage 0,0000 0,0000
media 0,2485 0,0002
jquery 0,0000 0,0000
effective 1,0217 0,0007
scripting 1,2040 0,0009
wgisarticle 0,0000 0,0000
times 1,3093 0,0010
convey 2,8134 0,0021
design 0,1393 0,0002
today 1,0788 0,0008
define 0,2744 0,0002
predict 1,6607 0,0012
victim 2,8134 0,0021
row 0,4943 0,0004
mongodb 2,0402 0,0015
render 0,0513 0,0000
bson 2,9957 0,0022
timeless 0,0101 0,0000
accord 0,5108 0,0004
wgwmeschemaeditattemptstepoversample 0,0000 0,0000
specific 0,2877 0,0002
any 0,2107 0,0002
ttl 0,0000 0,0000
rpm 3,2189 0,0024
encyclopedia 0,0000 0,0000
application 0,0943 0,0001
conduct 0,0000 0,0000
stable 0,7133 0,0005
wgflaggedrevsparams 0,0000 0,0000
until 0,7765 0,0006
strategy 0,7340 0,0005
clusterhq 4,6052 0,0034
collapse 0,0408 0,0000
cluster 1,2379 0,0018
abovebelow 0,0943 0,0001
hyatt 4,6052 0,0034
accessibility 1,4697 0,0011
maintain 0,3567 0,0005
wgrelevantarticleid 0,0000 0,0000
preprocessor 0,0513 0,0000
shift 1,4697 0,0011
concern 0,8210 0,0012
professional 0,9416 0,0007
manko 4,6052 0,0034
differently 2,4079 0,0018
docs 2,3026 0,0017
pref 0,0000 0,0000
annual 1,0788 0,0008
english 0,0000 0,0000
api 0,3425 0,0003
state 0,3425 0,0005
csrftoken 0,0000 0,0000
press 0,5621 0,0004
fully 0,8210 0,0006
element 0,0000 0,0000
cache 0,0305 0,0000
margin 0,0000 0,0000
suomi 0,2107 0,0002
wgrequestid 0,0000 0,0000
night 0,0000 0,0000
assemblyscript 2,9957 0,0022
enwikimwclientpreference 0,0000 0,0000
rlpagemodules 0,0000 0,0000
demand 1,1712 0,0009
each 0,1393 0,0001
javascript 0,9416 0,0007
nosql 1,8326 0,0013
viaf 2,4079 0,0018
input 0,0000 0,0000
midtown 4,6052 0,0034
atomic 2,0402 0,0015
offering 1,6607 0,0012
samea 0,0000 0,0000
must 0,4620 0,0003
wgwikibaseitemid 0,0000 0,0000
unpinned 0,0000 0,0000
anomaly 2,6593 0,0020
wgulsiscompactlinksenable 0,0000 0,0000
maybe 2,8134 0,0021
automatically 0,7765 0,0006
document 0,4463 0,0007
pagevariantfallback 0,0000 0,0000
guarantee 1,3093 0,0019
availability 1,1394 0,0008
two 0,2744 0,0002
default 0,6931 0,0010
encryption 1,1712 0,0009
scenario 1,4271 0,0010
attack 1,1712 0,0009
couchbase 3,9120 0,0029
wgmonthname 0,0000 0,0000
structured 1,7148 0,0013
disabled 0,0000 0,0000
distribute 0,3857 0,0003
mechanism 0,7550 0,0006
creation 0,7985 0,0006
datepublished 0,0000 0,0000
situation 1,2379 0,0009
timestamp 0,0000 0,0000
clause 2,2073 0,0016
coffeescript 2,6593 0,0020
portalleft 1,3093 0,0010
alternatively 2,4079 0,0018
ars 1,9661 0,0014
languages 1,3471 0,0010
consulting 2,4079 0,0018
meteor 2,8134 0,0021
team 0,4943 0,0007
entirely 1,5141 0,0011
call 0,0101 0,0000
such 0,0943 0,0001
wgusername 0,0000 0,0000
plugin 1,9661 0,0029
describe 0,2485 0,0002
administration 1,2730 0,0009
run 0,3011 0,0007
source 0,1393 0,0001
align 0,0101 0,0000
bitbucket 3,2189 0,0024
microsoft 0,4005 0,0003
mitch 3,9120 0,0029
operator 1,1712 0,0017
research 0,5621 0,0004
russo 3,2189 0,0024
view 0,0000 0,0000
late 0,4155 0,0003
white 0,0305 0,0000
hat 1,4697 0,0011
hilton 4,6052 0,0034
donate 0,0000 0,0000
spidermonkey 3,2189 0,0024
correctness 2,0402 0,0015
last 0,0000 0,0000
imageright 0,2614 0,0002
batch 1,7148 0,0013
weight 0,0101 0,0000
bold 0,0408 0,0000
develop 0,1863 0,0003
duplicate 1,8971 0,0028
warn 2,2073 0,0016
measure 0,9416 0,0007
krebs 4,6052 0,0034
name 0,0000 0,0000
cputime 0,0000 0,0000
page 0,0000 0,0000
fields 2,2073 0,0016
kerby 4,6052 0,0034
compatibility 0,9416 0,0007
watchlist 0,0000 0,0000
full 0,0202 0,0000
memory 0,0408 0,0000
color 0,0101 0,0000
string 1,2040 0,0009
submit 1,6094 0,0012
nearly 1,4697 0,0011
show 0,0513 0,0000
description 0,0000 0,0000
edition 0,7985 0,0012
malicious 2,1203 0,0016
not 0,0101 0,0000
nov 2,3026 0,0017
defend 2,8134 0,0021
now 0,4308 0,0003
sorting 2,9957 0,0022
statement 0,0000 0,0000
trademark 0,0101 0,0000
dirolf 4,6052 0,0034
analogous 1,7720 0,0013
early 0,4308 0,0003
enhance 0,8916 0,0007
greek 0,0101 0,0000
news 0,4620 0,0003
overview 0,5447 0,0004
election 2,6593 0,0020
effectively 1,3093 0,0010
introduce 0,3285 0,0002
center 0,0000 0,0000
locking 2,3026 0,0017
war 1,8326 0,0013
npm 2,4079 0,0018
configure 1,3093 0,0010
windows 0,7985 0,0006
pair 1,3863 0,0010
way 0,2485 0,0004
manage 0,3567 0,0003
target 0,0101 0,0000
what 0,0000 0,0000
fedora 2,2073 0,0016
furthermore 1,6607 0,0012
israel 0,7550 0,0006
wikimedia 0,0000 0,0000
short 0,0000 0,0000
risk 0,8916 0,0013
time 0,0000 0,0000
aws 1,3471 0,0010
configurable 2,8134 0,0021
container 0,0000 0,0000
developers 0,0000 0,0000
usage 0,0000 0,0000
interactive 0,4463 0,0003
jonathan 1,8326 0,0013
program 0,2614 0,0004
wgmediaviewerenabledbydefault 0,0000 0,0000
consistency 1,6094 0,0012
nearby 0,0000 0,0000
three 0,3711 0,0003
when 0,0834 0,0001
put 0,9416 0,0007
twitter 1,7720 0,0013
elevate 3,9120 0,0029
plan 0,7985 0,0006
case 0,3285 0,0002
hardware 0,5798 0,0004
give 0,4780 0,0004
item 0,0000 0,0000
wgmediavieweronclick 0,0000 0,0000
wgulsposition 0,0000 0,0000
destroy 2,2073 0,0016
davis 1,7148 0,0013
creative 0,0000 0,0000
nederlands 0,1985 0,0001
horizontally 3,2189 0,0024
provide 0,1625 0,0004
wgbreakframe 0,0000 0,0000
robomongo 4,6052 0,0034
italiano 0,1278 0,0001
sticky 0,0000 0,0000
addison 0,9163 0,0007
style 0,0000 0,0000
primary 0,7765 0,0006
explicitly 1,2040 0,0009
searchinput 0,0000 0,0000
log 0,0000 0,0000
enterprise 0,4463 0,0003
wgcheckuserclienthintsheadersjsapi 0,0000 0,0000
aggressively 3,9120 0,0029
euskara 0,5108 0,0004
commons 0,0000 0,0000
computer 0,1863 0,0001
pros 4,6052 0,0034
glasser 4,6052 0,0034
low 0,0101 0,0000
timingprofile 0,0000 0,0000
web 0,1165 0,0001
theme 0,0000 0,0000
licensing 1,7148 0,0013
architecture 0,0000 0,0000
wgcategory 0,0000 0,0000
editor 0,0000 0,0000
postexpandincludesize 0,0000 0,0000
indexing 1,7148 0,0013
initial 0,3857 0,0003
more 0,0000 0,0000
unstrip 0,0000 0,0000
apress 1,7148 0,0013
display 0,0000 0,0000
consistent 1,1712 0,0009
cosmos 3,2189 0,0024
templateargumentsize 0,0000 0,0000
pipeline 1,6607 0,0012
onward 3,9120 0,0029
january 0,0000 0,0000
grid 1,4697 0,0011
permanent 0,0000 0,0000
organization 0,0000 0,0000
width 0,0000 0,0000
choice 1,0498 0,0008
cyclic 4,6052 0,0034
statistics 0,0000 0,0000
small 0,0305 0,0000
alliance 1,8971 0,0014
before 0,0305 0,0000
replace 0,7340 0,0005
simple 0,2231 0,0002
italic 0,1278 0,0001
cloud 0,6349 0,0005
protocol 0,5621 0,0004
major 0,5621 0,0004
day 0,0000 0,0000
group 0,0408 0,0001
obtain 1,3471 0,0010
package 0,9943 0,0007
visible 0,0101 0,0000
orient 0,5447 0,0004
discriminatory 3,9120 0,0029
format 0,0101 0,0000
archive 0,0943 0,0001
history 0,0000 0,0000
plugge 4,6052 0,0034
both 0,0305 0,0000
important 0,0101 0,0000
most 0,2107 0,0002
square 2,1203 0,0016
affero 3,9120 0,0029
transfer 0,7985 0,0006
keep 0,6733 0,0005
topic 0,0000 0,0000
chodorow 4,6052 0,0034
who 0,5621 0,0004
classify 1,4271 0,0010
request 0,6733 0,0005
wgrestrictionedit 0,0000 0,0000
part 0,1985 0,0003
contribute 0,0000 0,0000
wgpageparsereport 0,0000 0,0000
why 0,6539 0,0005
general 0,0000 0,0000
administrator 1,6094 0,0012
database 0,2485 0,0004
september 0,0000 0,0000
geospatial 2,6593 0,0020
reject 2,1203 0,0016
david 0,5798 0,0004
introduction 0,5621 0,0004
authentication 1,3863 0,0010
wgseparatortransformtable 0,0000 0,0000
padding 0,0000 0,0000
move 0,0000 0,0000
process 0,1625 0,0002
original 0,0943 0,0001
clear 0,0101 0,0000
also 0,0202 0,0000
say 0,6733 0,0010
ltr 0,0000 0,0000
increase 0,4620 0,0003
inline 0,0408 0,0000
third 0,5447 0,0004
build 0,2357 0,0003
mean 0,4463 0,0007
lua 0,0513 0,0000
front 1,1394 0,0008
visit 0,0408 0,0000
user 0,0000 0,0000
account 0,0000 0,0000
customer 0,7550 0,0006
deb 3,5066 0,0026
stack 0,7340 0,0005
ottenheimer 4,6052 0,0034
portalborder 1,3093 0,0010
offer 0,4155 0,0009
bind 1,3863 0,0010
fix 0,5108 0,0007
record 0,7765 0,0006
abbr 0,0619 0,0000
chicago 2,4079 0,0018
mikita 4,6052 0,0034
rally 2,9957 0,0022
you 0,0000 0,0000
addition 0,6733 0,0005
announcement 1,9661 0,0014
jump 0,0000 0,0000
pass 0,8675 0,0006
documentation 0,6349 0,0005
july 0,0000 0,0000
personal 0,0000 0,0000
extend 0,6162 0,0005
ar 1,5141 0,0011
steven 1,4697 0,0011
imageobject 0,0000 0,0000
unicode 2,1203 0,0016
compression 1,5141 0,0011
greatly 1,8971 0,0014
hoc 2,4079 0,0018
jones 1,8971 0,0014
schema 1,6094 0,0012
strong 0,9943 0,0007
be 0,1508 0,0001
subgroup 0,0513 0,0000
scheme 0,0101 0,0000
freebsd 1,7720 0,0013
javits 4,6052 0,0034
ordering 2,6593 0,0020
icon 0,0101 0,0000
expansiondepth 0,0000 0,0000
transparent 0,0619 0,0000
how 0,0834 0,0001
search 0,0000 0,0000
see 0,0408 0,0000
spacing 0,0619 0,0000
peter 0,8210 0,0006
responsibility 1,3863 0,0010
wgrelevantpagename 0,0000 0,0000
hotel 2,9957 0,0022
national 0,4463 0,0003
term 0,0000 0,0000
typescript 1,8971 0,0014
icrunchdata 4,6052 0,0034
marketwatch 3,9120 0,0029
kristina 2,9957 0,0022
replicate 1,8971 0,0014
contain 0,0101 0,0000
set 0,2107 0,0003
mini 0,0619 0,0000
shqip 0,6931 0,0005
column 0,0101 0,0000
commonjs 2,8134 0,0021
serverless 1,9661 0,0014
geekwire 3,9120 0,0029
sspl 3,9120 0,0029
staff 1,7720 0,0013
possible 0,5276 0,0004
right 0,0101 0,0000
sample 1,5141 0,0011
idref 2,0402 0,0015
march 0,0000 0,0000
recreate 3,9120 0,0029
meen 2,9957 0,0022
june 0,0000 0,0000
wikitext 0,0000 0,0000
constantin 4,6052 0,0034
series 0,5798 0,0004
infoq 2,0402 0,0015
wgaction 0,0000 0,0000
under 0,0101 0,0000
unfit 1,8326 0,0013
config 3,2189 0,0024
font 0,0000 0,0000
encode 1,5141 0,0011
eelco 4,6052 0,0034
language 0,0000 0,0000
do 0,1625 0,0002
navbox 0,0943 0,0001
autocapitalize 0,0000 0,0000
observe 1,5141 0,0011
hold 0,7985 0,0006
listitem 0,0408 0,0000
div 0,0000 0,0000
later 0,4005 0,0003
prior 1,3093 0,0010
contact 0,0000 0,0000
bracket 0,0619 0,0000
wgpagename 0,0000 0,0000
france 0,8675 0,0006
talk 0,0000 0,0000
criticism 1,1394 0,0008
programming 0,2744 0,0002
image 0,0202 0,0000
test 0,4463 0,0007
count 0,0513 0,0000
hatnote 0,2107 0,0002
publicly 1,6094 0,0012
zones 3,9120 0,0029
sha 2,4079 0,0018
pinnable 0,0000 0,0000
take 0,2877 0,0002
month 0,7133 0,0005
wgrevisionid 0,0000 0,0000
party 0,6539 0,0005
cursor 0,0619 0,0000
however 0,3011 0,0002
some 0,1744 0,0001
venue 3,9120 0,0029
additional 0,0000 0,0000
origin 0,0000 0,0000
back 0,6349 0,0005
eventil 4,6052 0,0034
aggregation 2,5257 0,0019
mach 2,8134 0,0021
title 0,0000 0,0000
walltime 0,0000 0,0000
interlanguage 0,0000 0,0000
patroltoken 0,0000 0,0000
content 0,0000 0,0000
miss 1,3471 0,0010
states 0,4943 0,0004
random 0,0000 0,0000
desktop 1,0788 0,0008
load 0,0202 0,0000
sanction 2,4079 0,0018
zdnet 1,4697 0,0011
alpha 0,0101 0,0000
client 0,0000 0,0000
json 1,2379 0,0009
company 0,4308 0,0006
divide 1,4271 0,0010
class 0,0000 0,0000
just 0,4943 0,0004
gehomepagesuggestededitsenabletopic 0,0000 0,0000
retry 3,9120 0,0029
over 0,3285 0,0002
custom 0,0000 0,0000
false 0,0000 0,0000
go 0,9943 0,0007
packaging 2,1203 0,0016
counter 0,0408 0,0000
parse 0,0619 0,0000
michael 0,7133 0,0005
schedule 1,1087 0,0008
print 0,0000 0,0000
form 0,3011 0,0002
management 0,2231 0,0002
inherit 0,0101 0,0000
developer 0,1744 0,0003
avoid 0,0101 0,0000
withdraw 2,6593 0,0020
explain 1,1712 0,0009
ransom 2,9957 0,0044
baer 2,9957 0,0022
lodash 2,9957 0,0022
advanced 0,7985 0,0006
extortionists 4,6052 0,0034
output 0,0000 0,0000
dmy 0,0000 0,0000
bytewise 4,6052 0,0034
navigation 0,0000 0,0000
stale 3,9120 0,0029
balance 1,7148 0,0013
action 0,0000 0,0000
lock 0,0101 0,0000
majority 1,5141 0,0011
model 0,0000 0,0000
join 1,1087 0,0008
text 0,0000 0,0000
portal 0,0000 0,0000
manipulation 1,1712 0,0009
validation 1,3093 0,0010
reduce 0,0101 0,0000
sentence 0,0000 0,0000
python 0,6539 0,0005
ppvisitednode 0,0000 0,0000
cookie 0,0000 0,0000
issue 0,3425 0,0003
kern 0,0101 0,0000
large 0,2485 0,0002
index 1,0498 0,0031
loading 0,0000 0,0000
disputes 4,6052 0,0034
odd 0,0943 0,0001
readconcern 4,6052 0,0034
certification 2,0402 0,0015
operate 0,3567 0,0005
field 0,7550 0,0011
contents 0,0000 0,0000
contrast 0,9416 0,0007
doc 1,8326 0,0013
begin 0,5108 0,0007
evaluate 1,3093 0,0010
snapshot 2,5257 0,0019
wgvisualeditor 0,0000 0,0000
become 0,2877 0,0006
skew 3,2189 0,0024
status 0,0000 0,0000
template 0,0000 0,0000
trading 2,1203 0,0016
server 0,4005 0,0006
enwiki 0,0619 0,0000
linearizable 4,6052 0,0034
skin 0,0000 0,0000
eventually 1,1394 0,0008
subscription 0,0101 0,0000
dow 3,2189 0,0024
summer 1,6607 0,0012
mention 1,7148 0,0013
bibliography 2,2073 0,0016
file 0,0000 0,0000
library 0,3857 0,0003
navbar 0,0202 0,0000
world 0,3857 0,0003
subbox 0,6931 0,0005
member 0,9163 0,0007
december 0,0000 0,0000
map 0,8210 0,0006
wgnoticeproject 0,0000 0,0000
macos 1,6607 0,0012
table 0,0000 0,0000
together 0,5978 0,0004
side 0,3425 0,0003
may 0,0000 0,0000
break 0,0101 0,0000
max 0,0513 0,0000
within 0,3011 0,0002
could 0,4780 0,0004
change 0,0000 0,0000
trigger 0,0513 0,0000
menu 0,0000 0,0000
printable 0,0000 0,0000
url 0,0000 0,0000
hide 0,0000 0,0000
machine 0,2744 0,0002
able 0,9943 0,0007
report 0,0202 0,0000
return 0,0000 0,0000
transaction 1,0217 0,0015
auto 0,0726 0,0001
use 0,0000 0,0000
several 0,4155 0,0003
main 0,0000 0,0000
serve 1,0217 0,0007
downgrade 3,9120 0,0029
wgcanonicalspecialpagename 0,0000 0,0000
while 0,2614 0,0002
second 0,0408 0,0000
that 0,5108 0,0004
download 0,0000 0,0000
high 0,0101 0,0000
geographic 1,7148 0,0013
split 0,0000 0,0000
solution 0,5621 0,0008
find 0,3425 0,0003
host 0,6539 0,0005
limit 0,0000 0,0000
claim 0,9676 0,0014
logo 0,0000 0,0000
bnf 0,9163 0,0007
brian 1,2730 0,0009
directly 0,5108 0,0004
international 0,3011 0,0002
insofar 4,6052 0,0034
gigaom 2,8134 0,0021
ideal 2,1203 0,0016
nginx 3,2189 0,0024
level 0,0000 0,0000
utc 0,0000 0,0000
author 0,0000 0,0000
definitive 2,6593 0,0020
mdb 4,6052 0,0034
canonical 0,0408 0,0000
preserve 1,8326 0,0013
sistersitebox 0,6539 0,0005
expansion 0,0619 0,0000
amazon 1,0498 0,0008
malick 4,6052 0,0034
entry 0,8210 0,0006
license 0,0000 0,0000
expand 0,0101 0,0000
wgcurrevisionid 0,0000 0,0000
documentdb 3,5066 0,0026
null 0,0000 0,0000
compass 3,5066 0,0026
background 0,0101 0,0000
proclaim 4,6052 0,0034
true 0,0000 0,0000
wgmfdisplaywikibasedescription 0,0000 0,0000
header 0,0000 0,0000
retrieve 0,0000 0,0000
watchtoken 0,0000 0,0000
angularjs 2,5257 0,0019
since 0,3425 0,0003
datum 0,0408 0,0000
code 0,0000 0,0000
mdy 1,6094 0,0012
wgdefaultdateformat 0,0000 0,0000
box 0,0408 0,0000
storage 0,3711 0,0003
delete 0,4155 0,0003
sql 1,0788 0,0008
switch 0,9163 0,0013
head 0,7765 0,0006
foreach 0,0000 0,0000
fsync 4,6052 0,0034
total 0,0000 0,0000
deutsch 0,0943 0,0001
repeat 0,0101 0,0000
make 0,1165 0,0002
beta 1,3863 0,0010
wggestructuredtaskrejectionreasontextinputenable 0,0000 0,0000
unofficial 2,2073 0,0016
execution 0,7340 0,0005
initiative 1,0217 0,0007
determine 0,7985 0,0018
src 0,6349 0,0005
control 0,1625 0,0001
deviation 2,9957 0,0022
structure 0,4155 0,0003
master 1,0498 0,0008
acknowledge 2,4079 0,0018
editions 3,2189 0,0024
complicate 2,4079 0,0018
attribution 0,0000 0,0000
online 0,7340 0,0005
webassembly 1,7720 0,0013
vary 0,0619 0,0000
upper 0,0101 0,0000
cover 1,2040 0,0009
patch 1,5141 0,0022
contribution 0,0000 0,0000
engines 1,3471 0,0010
above 1,0788 0,0008
expiry 0,0619 0,0000
minerva 0,0101 0,0000
brand 0,0000 0,0000
recent 0,0000 0,0000
recursion 0,0513 0,0000
they 0,0619 0,0001
height 0,0101 0,0000
alibaba 1,8326 0,0013
deny 2,3026 0,0017
github 0,7340 0,0005
august 0,0000 0,0000
edit 0,0000 0,0000
betz 3,9120 0,0029
module 0,0000 0,0000
wikibase 0,0619 0,0000
execute 0,6733 0,0005
datemodify 0,0619 0,0000
antipov 4,6052 0,0034
secondary 1,5606 0,0023
node 0,0305 0,0000
cassandra 2,9957 0,0022
processing 0,6162 0,0005
functional 0,9943 0,0007
notheme 0,3711 0,0003
access 0,2877 0,0004
conference 0,3425 0,0003
eliminate 1,1712 0,0009
global 0,7985 0,0006
industry 0,7550 0,0006
believe 1,8326 0,0013
seek 1,4697 0,0011
into 0,1985 0,0001
selflink 0,0101 0,0000
current 0,0000 0,0000
min 0,1165 0,0001
unless 1,5606 0,0011
vector 0,0000 0,0000
free 0,0000 0,0000
key 0,0305 0,0000
dirty 2,9957 0,0022
cachereport 0,0000 0,0000
stiff 3,5066 0,0026
expression 1,3471 0,0010
middle 0,7765 0,0006
manager 0,8440 0,0006
one 0,0943 0,0001
launch 0,9943 0,0007
store 0,5447 0,0012
many 0,2357 0,0002
single 0,3147 0,0002
entityaccesscount 0,0000 0,0000
bug 0,8675 0,0006
operation 0,5108 0,0007
open 0,1625 0,0001
ukrainian 2,8134 0,0021
commercial 0,8440 0,0006
gorman 3,9120 0,0029
separate 0,6162 0,0005
tbody 0,6931 0,0005
available 0,0000 0,0000
project 0,0000 0,0000
enhancement 0,0101 0,0000
hawkins 4,6052 0,0034
inside 0,0101 0,0000
sharded 3,9120 0,0029
apache 1,0788 0,0008
techcrunch 1,3093 0,0010
variant 0,0619 0,0000
oracle 0,8916 0,0007
query 1,1394 0,0017
this 0,1278 0,0001
collection 0,6733 0,0010
idg 2,1203 0,0016
daemon 2,6593 0,0020
memusage 0,0000 0,0000
ops 4,6052 0,0034
once 0,7985 0,0006
failure 1,1087 0,0008
pluggable 2,9957 0,0022
support 0,1393 0,0003
kingsbury 3,9120 0,0029
allow 0,1863 0,0003
drop 1,1394 0,0008
mongo 3,9120 0,0029
wgpopupsflag 0,0000 0,0000
isbn 0,1054 0,0001
polski 0,1165 0,0001
privacy 0,0000 0,0000
update 0,4463 0,0003
vertical 0,7985 0,0006
proprietary 0,9676 0,0007
debian 1,9661 0,0014
linux 0,8916 0,0007
themselves 1,1394 0,0008
causal 3,2189 0,0024
placeholder 0,0000 0,0000
summary 1,6607 0,0012
normal 0,0202 0,0000
apply 0,0000 0,0000
licens 1,8971 0,0014
fastify 2,8134 0,0021
wgarticleid 0,0000 0,0000
lucian 3,9120 0,0029
jason 1,7148 0,0013
pagelanguagedir 0,0000 0,0000
wgcitereferencepreviewsactive 0,0000 0,0000
ransomware 2,8134 0,0021
base 0,0305 0,0000
jepsen 3,9120 0,0029
osi 3,2189 0,0024
software 0,0000 0,0000
frameworks 2,0402 0,0015
reach 1,2040 0,0018
graphical 1,2730 0,0009
ridiculously 3,9120 0,0029
none 0,0101 0,0000
repository 0,5276 0,0004
type 0,0000 0,0000
april 0,0000 0,0000
consist 0,6539 0,0005
problem 0,3285 0,0002
relate 0,0000 0,0000
optimization 0,8916 0,0007
enable 0,0000 0,0000
price 1,2730 0,0009
safety 1,3093 0,0010
sidebar 0,0000 0,0000
limitreport 0,0000 0,0000
connection 0,9676 0,0007
deeply 3,5066 0,0026
proof 1,7148 0,0013
decoration 0,0619 0,0000
guide 0,3711 0,0003
reflist 0,0101 0,0000
azure 1,2730 0,0009
cons 4,6052 0,0034
method 0,3147 0,0002
var 0,0000 0,0000
lose 1,3093 0,0019
changelog 3,2189 0,0024
wiredtiger 4,6052 0,0034
agree 0,0101 0,0000
banker 3,5066 0,0026
push 0,0000 0,0000
wgulsislanguageselectorempty 0,0000 0,0000
fail 0,9676 0,0014
itself 0,6539 0,0005
nasdaq 3,9120 0,0029
among 0,5276 0,0004
anyone 1,7148 0,0013
srpski 0,3711 0,0003
registration 0,0101 0,0000
word 0,0101 0,0000
internal 0,8210 0,0006
refbegin 1,4697 0,0011
range 0,8675 0,0013
portalbox 1,3093 0,0010
foundation 0,0000 0,0000
distribution 0,8916 0,0013
substitute 2,1203 0,0016
out 0,0000 0,0000
weak 2,1203 0,0016
across 0,5798 0,0004
feature 0,0000 0,0000
kyle 2,4079 0,0018
moreover 2,1203 0,0016
cached 0,4463 0,0003
get 0,0000 0,0000
installation 1,6094 0,0012
portalright 1,3093 0,0010
dark 0,0101 0,0000
violate 1,8971 0,0014
course 1,3093 0,0010
copy 1,1712 0,0017
event 0,0000 0,0000
regular 1,2379 0,0009
replication 1,9661 0,0014
dispute 1,6607 0,0012
include 0,0000 0,0000
witkowski 4,6052 0,0034
toggle 0,0000 0,0000
lead 0,2231 0,0002
help 0,0000 0,0000
site 0,0000 0,0000
appearance 0,0000 0,0000
depth 0,0000 0,0000
alexander 1,5606 0,0011
classname 0,0000 0,0000
wggetopicsmatchmodeenable 0,0000 0,0000
first 0,0408 0,0000
kenwalger 4,6052 0,0034
queue 1,1394 0,0017
sharealike 0,0000 0,0000
date 0,3011 0,0004
argument 0,0513 0,0000
nowrap 0,0408 0,0000
allen 2,0402 0,0015
data 0,0000 0,0000
prefer 0,0101 0,0000
roman 0,0101 0,0000
craft 2,9957 0,0022
wgpageviewlanguage 0,0000 0,0000
wgrelevantpageisprobablyeditable 0,0000 0,0000
blog 0,6349 0,0005
float 0,0101 0,0000
transclusion 0,0619 0,0000
space 0,0408 0,0000
reference 0,0101 0,0000
accesskey 0,0000 0,0000
only 0,2107 0,0002
should 0,3711 0,0003
create 0,0000 0,0000
collation 3,9120 0,0029
tag 0,0000 0,0000
localhost 3,9120 0,0029
development 0,1278 0,0001
like 0,2231 0,0002
bottom 0,0000 0,0000
dzone 3,5066 0,0026
towards 1,2040 0,0009
revision 0,0000 0,0000
magyar 0,3425 0,0003
arbiter 4,6052 0,0034
lighttpd 4,6052 0,0034
mapreduce 3,2189 0,0024
person 0,6162 0,0005
safe 0,8675 0,0006
publisher 0,0000 0,0000
insertion 2,5257 0,0019
send 0,7550 0,0006
here 0,0000 0,0000
note 0,4155 0,0003
img 0,0408 0,0000
configuration 0,7550 0,0006
o'reilly 0,6733 0,0005
purpose 0,5108 0,0004
steal 2,0402 0,0015
line 0,0101 0,0000
link 0,0000 0,0000
chunk 2,8134 0,0021
distinct 1,3471 0,0010
scale 0,4943 0,0004
recovery 1,6607 0,0012
rlstate 0,0000 0,0000
error 0,0101 0,0000
platform 0,0000 0,0000
network 0,3285 0,0002
can 0,0408 0,0000
rust 1,6094 0,0012
computing 0,4155 0,0003
security 0,3285 0,0002
cap 0,0619 0,0001
contributor 0,0000 0,0000
paper 0,9416 0,0007
public 0,4155 0,0003
wgcanonicalnamespace 0,0000 0,0000
flex 0,5276 0,0004
ready 0,0000 0,0000
value 0,0000 0,0000
davi 3,9120 0,0029
inc 1,3093 0,0010
lookup 2,4079 0,0018
wgisredirect 0,0000 0,0000
will 0,2485 0,0002
february 0,0000 0,0000
implementation 0,3147 0,0002
match 0,5276 0,0008
instead 0,4463 0,0003
expensive 0,0408 0,0000
balancing 2,4079 0,0018
performance 0,3425 0,0003
trade 1,3863 0,0010
maint 0,0101 0,0000
responsive 0,0202 0,0000
york 0,8440 0,0006
wiktionary 0,5798 0,0004
category 0,0000 0,0000
platformversion 0,0000 0,0000
wikidata 0,0000 0,0000
