upload 0,0000 0,0000
wggelevelingupenabledforuser 0,0000 0,0000
wgrestrictionmove 0,0000 0,0000
without 0,2744 0,0001
would 0,3425 0,0002
eyewitness 4,6052 0,0024
bhavsar 4,6052 0,0024
seligman 3,9120 0,0020
solid 0,0202 0,0000
thus 0,7550 0,0004
neutral 0,5447 0,0003
circular 2,8134 0,0015
require 0,0000 0,0000
scribunto 0,0000 0,0000
size 0,0000 0,0000
left 0,0408 0,0000
cdx 0,0000 0,0000
much 0,6931 0,0004
deduplicate 4,6052 0,0024
achieve 0,7985 0,0004
notable 1,1394 0,0006
turn 1,0498 0,0005
result 0,2231 0,0002
same 0,2357 0,0001
procedures 3,5066 0,0018
commission 1,4697 0,0008
after 0,0305 0,0000
headline 0,0000 0,0000
solaris 1,7148 0,0009
policy 0,0000 0,0000
hetal 4,6052 0,0024
union 1,3093 0,0014
pagelanguagecode 0,0000 0,0000
gnu 1,1087 0,0006
transientcontent 0,0000 0,0000
subtle 0,3285 0,0002
component 0,3147 0,0002
suite 1,2040 0,0006
idhash 0,0619 0,0000
information 0,0000 0,0000
rackspace 2,2073 0,0012
wrap 0,0101 0,0000
cge 4,6052 0,0024
standard 0,2357 0,0002
november 0,0000 0,0000
good 0,4155 0,0004
deploy 1,0217 0,0005
empty 0,0305 0,0000
compute 0,6733 0,0004
fullversionlist 0,0000 0,0000
implement 0,3285 0,0003
export 0,0000 0,0000
gpl 2,2073 0,0012
european 1,3471 0,0007
pay 1,1712 0,0012
check 0,7985 0,0004
list 0,0000 0,0000
lack 0,5447 0,0003
external 0,1863 0,0001
heidisql 4,6052 0,0024
htsql 3,9120 0,0020
authority 0,4780 0,0002
moglen 4,6052 0,0024
child 0,0202 0,0000
mainentity 0,0000 0,0000
germany 0,5798 0,0003
medium 1,4271 0,0007
interface 0,2485 0,0003
disclaimers 0,0000 0,0000
phpmyadmin 3,9120 0,0020
unsupported 2,3026 0,0012
jboss 4,6052 0,0024
provider 1,2730 0,0007
root 0,4780 0,0002
wgisprobablyeditable 0,0000 0,0000
citation 0,0101 0,0000
approval 2,1203 0,0011
mobile 0,0000 0,0000
multiple 0,2485 0,0001
perform 0,4463 0,0005
sharding 2,6593 0,0014
versus 1,7720 0,0009
plainlist 0,4463 0,0002
pdf 0,0000 0,0000
computerworld 1,7148 0,0009
service 0,1393 0,0001
there 0,2614 0,0001
automate 0,7340 0,0004
syntax 1,1394 0,0006
well 0,2744 0,0003
bitness 0,0000 0,0000
rgba 0,0101 0,0000
channel 1,3863 0,0007
utilities 3,2189 0,0017
ultra 2,9957 0,0016
referential 2,6593 0,0014
block 0,0408 0,0000
per 0,8440 0,0004
write 0,1508 0,0002
flow 0,3425 0,0002
cli 1,5141 0,0008
lexical 2,4079 0,0013
opensolaris 2,6593 0,0014
aria 0,0000 0,0000
boxtext 0,0619 0,0000
byte 0,0408 0,0000
corporation 1,0498 0,0005
libreoffice 2,8134 0,0015
sqlyog 4,6052 0,0024
indonesia 0,3567 0,0002
xvm 3,5066 0,0018
even 0,0513 0,0000
install 1,3093 0,0020
binary 0,9943 0,0005
esperanto 0,7133 0,0004
tagline 0,0000 0,0000
gui 1,3471 0,0007
innobase 4,6052 0,0024
regexp 0,0000 0,0000
subsection 0,1508 0,0001
wait 1,8326 0,0010
wgeditsubmitbuttonlabelpublish 0,0000 0,0000
save 1,3863 0,0014
toc 0,0000 0,0000
guy 2,2073 0,0012
functionality 0,6539 0,0003
wgpagecontentmodel 0,0000 0,0000
qube 3,9120 0,0020
tom 1,3863 0,0007
top 0,0000 0,0000
native 0,8916 0,0005
too 0,8916 0,0005
have 0,2744 0,0001
product 0,4005 0,0004
question 0,9416 0,0005
tpc 3,9120 0,0020
wgnamespacenumber 0,0000 0,0000
wgwmepagelength 0,0000 0,0000
php 1,3471 0,0007
constraint 1,5141 0,0008
readwriteweb 3,9120 0,0020
entity 0,0101 0,0000
myrocks 3,9120 0,0020
com 0,8210 0,0004
expensivefunctioncount 0,0000 0,0000
minor 1,7148 0,0009
almost 1,1087 0,0006
upon 0,8916 0,0005
platforms 1,4697 0,0008
timeusage 0,0000 0,0000
preprocess 2,4079 0,0013
ambitious 2,8134 0,0015
pin 0,0000 0,0000
lai 4,6052 0,0024
function 0,0000 0,0000
gpl'ed 3,9120 0,0020
cpm 4,6052 0,0024
comparison 0,4005 0,0002
law 1,2379 0,0006
basil 4,6052 0,0024
cpu 0,0408 0,0000
infobox 0,6931 0,0004
basis 1,1087 0,0006
pcache 0,0619 0,0000
andy 1,8326 0,0010
successive 2,8134 0,0015
condition 1,2040 0,0006
maatkit 4,6052 0,0024
improve 0,2485 0,0003
october 0,0000 0,0000
complication 0,0513 0,0000
university 0,5621 0,0003
resignal 4,6052 0,0024
jquery 0,0000 0,0000
effective 1,0217 0,0005
times 1,3093 0,0007
federated 2,4079 0,0013
savepoint 3,9120 0,0020
design 0,1393 0,0001
heroku 2,3026 0,0012
department 1,3863 0,0007
timeless 0,0101 0,0000
direction 1,2379 0,0006
plc 2,8134 0,0015
accord 0,5108 0,0003
luasandboxcallback 1,4271 0,0007
lamp 3,5066 0,0018
wgwmeschemaeditattemptstepoversample 0,0000 0,0000
ttl 0,0000 0,0000
encyclopedia 0,0000 0,0000
conduct 0,0000 0,0000
flickr 3,9120 0,0020
stable 0,7133 0,0004
sunopsis 3,9120 0,0020
respond 1,3471 0,0007
maintenance 0,6733 0,0004
walk 2,6593 0,0014
cluster 1,2379 0,0013
abovebelow 0,0943 0,0000
css 1,8971 0,0010
ankit 3,9120 0,0020
sparcclassic 3,9120 0,0020
csv 3,2189 0,0017
netbsd 2,5257 0,0013
concern 0,8210 0,0004
integrity 1,3863 0,0007
notation 1,4271 0,0007
merge 1,6607 0,0009
pref 0,0000 0,0000
state 0,3425 0,0002
csrftoken 0,0000 0,0000
press 0,5621 0,0003
element 0,0000 0,0000
night 0,0000 0,0000
picks 3,9120 0,0020
renegotiation 4,6052 0,0024
processor 1,1394 0,0006
each 0,1393 0,0001
javascript 0,9416 0,0005
mediawiki 1,0788 0,0006
input 0,0000 0,0000
toolkit 1,5141 0,0008
must 0,4620 0,0002
finley 2,9957 0,0016
datawrapper 1,6094 0,0008
unpinned 0,0000 0,0000
document 0,4463 0,0002
availability 1,1394 0,0006
screenshot 2,5257 0,0013
networks 1,2730 0,0007
blackhole 4,6052 0,0024
two 0,2744 0,0001
promote 1,3093 0,0014
found 1,2379 0,0006
distribute 0,3857 0,0002
creation 0,7985 0,0004
datepublished 0,0000 0,0000
receive 0,7340 0,0004
portalleft 1,3093 0,0007
languages 1,3471 0,0007
consulting 2,4079 0,0013
team 0,4943 0,0003
iiii 3,9120 0,0020
wgusername 0,0000 0,0000
larsson 4,6052 0,0024
pixo 3,9120 0,0020
safra 3,9120 0,0020
dbms 2,6593 0,0014
source 0,1393 0,0001
align 0,0101 0,0000
secure 1,0217 0,0005
compile 1,1712 0,0006
late 0,4155 0,0004
supersparc 3,9120 0,0020
school 1,5141 0,0008
continue 0,6931 0,0004
informationweek 2,3026 0,0012
meetup 3,5066 0,0018
glass 2,5257 0,0013
last 0,0000 0,0000
imageright 0,2614 0,0001
openvms 3,9120 0,0020
widely 0,7985 0,0004
eric 1,1394 0,0006
weight 0,0101 0,0000
develop 0,1863 0,0001
allegedly 4,6052 0,0024
netra 3,9120 0,0020
harrison 3,2189 0,0017
district 2,5257 0,0013
page 0,0000 0,0000
compatibility 0,9416 0,0005
full 0,0202 0,0000
warp 4,6052 0,0024
memory 0,0408 0,0000
concept 0,3711 0,0002
effort 0,8916 0,0009
jdbc 2,5257 0,0013
psm 3,5066 0,0018
minimal 1,2730 0,0007
sorting 2,9957 0,0016
perl 1,3093 0,0007
enhance 0,8916 0,0005
overview 0,5447 0,0003
llc 1,7720 0,0009
center 0,0000 0,0000
purchase 1,5141 0,0008
start 0,3011 0,0002
datacenter 2,8134 0,0015
windows 0,7985 0,0004
manage 0,3567 0,0007
infrastructure 0,6733 0,0004
wikimedia 0,0000 0,0000
typical 1,1394 0,0006
initially 1,0788 0,0006
short 0,0000 0,0000
time 0,0000 0,0000
studio 1,3471 0,0007
interactive 0,4463 0,0002
swedes 4,6052 0,0024
program 0,2614 0,0003
consistency 1,6094 0,0008
continually 2,6593 0,0014
three 0,3711 0,0002
put 0,9416 0,0005
multi 2,2073 0,0012
twitter 1,7720 0,0009
enter 1,2040 0,0006
hardware 0,5798 0,0003
standalone 2,0402 0,0011
dynamically 1,8326 0,0010
grouping 2,3026 0,0012
creative 0,0000 0,0000
nederlands 0,1985 0,0001
chris 1,2040 0,0006
provide 0,1625 0,0003
centos 2,8134 0,0015
primary 0,7765 0,0004
log 0,0000 0,0000
enterprise 0,4463 0,0002
falcon 3,5066 0,0018
reliability 1,1712 0,0006
wgcheckuserclienthintsheadersjsapi 0,0000 0,0000
cobalt 3,5066 0,0018
euskara 0,5108 0,0003
lom 3,9120 0,0020
mailing 1,8971 0,0010
computer 0,1863 0,0001
openjdk 2,8134 0,0015
low 0,0101 0,0000
timingprofile 0,0000 0,0000
sleepycat 3,2189 0,0017
theme 0,0000 0,0000
wgcategory 0,0000 0,0000
editor 0,0000 0,0000
means 1,0217 0,0005
postexpandincludesize 0,0000 0,0000
indexing 1,7148 0,0009
initial 0,3857 0,0002
unstrip 0,0000 0,0000
consistent 1,1712 0,0006
chintan 3,9120 0,0020
ansi 2,2073 0,0012
siebel 3,9120 0,0020
templateargumentsize 0,0000 0,0000
downtime 2,5257 0,0013
january 0,0000 0,0000
permanent 0,0000 0,0000
small 0,0305 0,0000
before 0,0305 0,0000
italic 0,1278 0,0001
major 0,5621 0,0003
zone 2,1203 0,0011
exadata 3,5066 0,0018
consider 0,4005 0,0002
day 0,0000 0,0000
combination 1,0788 0,0006
group 0,0408 0,0000
obtain 1,3471 0,0007
manually 1,5606 0,0008
ucs 4,6052 0,0024
format 0,0101 0,0000
tree 1,1394 0,0006
runtime 1,2040 0,0006
sunview 3,9120 0,0020
archive 0,0943 0,0001
history 0,0000 0,0000
novell 3,2189 0,0017
interference 2,8134 0,0015
ease 1,7720 0,0009
request 0,6733 0,0004
mike 1,2040 0,0006
wgrestrictionedit 0,0000 0,0000
part 0,1985 0,0001
wgpageparsereport 0,0000 0,0000
axmark 4,6052 0,0024
general 0,0000 0,0000
september 0,0000 0,0000
oops 3,5066 0,0018
padding 0,0000 0,0000
process 0,1625 0,0002
fugitive 4,6052 0,0024
alternative 0,6931 0,0004
clear 0,0101 0,0000
banner 3,2189 0,0017
lts 2,8134 0,0015
ltr 0,0000 0,0000
ddl 3,5066 0,0018
solidit 4,6052 0,0024
third 0,5447 0,0003
build 0,2357 0,0004
approve 1,7148 0,0018
mean 0,4463 0,0002
interaction 0,8210 0,0004
mazdak 4,6052 0,0024
lua 0,0513 0,0000
further 0,3711 0,0002
account 0,0000 0,0000
patti 4,6052 0,0024
pruning 3,9120 0,0020
stack 0,7340 0,0004
dec 2,0402 0,0011
coherence 2,9957 0,0016
allan 2,9957 0,0016
dansk 0,5798 0,0003
galera 4,6052 0,0024
portalborder 1,3093 0,0007
path 1,0498 0,0005
bind 1,3863 0,0007
dev 1,7720 0,0009
sqlbuddy 4,6052 0,0024
memcach 3,5066 0,0018
abbr 0,0619 0,0000
strict 1,5606 0,0008
you 0,0000 0,0000
jump 0,0000 0,0000
limitations 2,0402 0,0011
databases 2,0402 0,0011
pass 0,8675 0,0005
profile 1,0788 0,0006
bill 1,5606 0,0008
irix 3,2189 0,0017
july 0,0000 0,0000
court 1,9661 0,0010
adminer 3,9120 0,0020
senior 2,0402 0,0011
unicode 2,1203 0,0011
relative 1,6607 0,0009
average 1,8971 0,0010
mccrea 4,6052 0,0024
subgroup 0,0513 0,0000
transparent 0,0619 0,0000
how 0,0834 0,0000
capability 0,7765 0,0004
pave 3,5066 0,0018
peter 0,8210 0,0004
hearing 2,6593 0,0014
term 0,0000 0,0000
acquisition 1,2040 0,0013
sparc 2,4079 0,0013
mind 1,6094 0,0008
replicate 1,8971 0,0010
business 0,3425 0,0002
mini 0,0619 0,0000
partly 2,8134 0,0015
right 0,0101 0,0000
march 0,0000 0,0000
june 0,0000 0,0000
wikitext 0,0000 0,0000
inflexible 3,9120 0,0020
series 0,5798 0,0003
paul 0,7765 0,0004
under 0,0101 0,0000
autocapitalize 0,0000 0,0000
down 0,8440 0,0004
div 0,0000 0,0000
correctly 1,5606 0,0008
later 0,4005 0,0002
prior 1,3093 0,0007
bracket 0,0619 0,0000
legal 1,1712 0,0006
wgpagename 0,0000 0,0000
talk 0,0000 0,0000
signal 1,2730 0,0007
dolphin 2,5257 0,0013
commonly 0,6931 0,0004
test 0,4463 0,0002
monty 3,9120 0,0020
bray 2,8134 0,0015
planet 2,6593 0,0014
count 0,0513 0,0000
hatnote 0,2107 0,0001
pinnable 0,0000 0,0000
take 0,2877 0,0003
month 0,7133 0,0004
drupal 2,8134 0,0015
final 1,0788 0,0006
wgrevisionid 0,0000 0,0000
some 0,1744 0,0001
virtual 0,4620 0,0002
knowledgebase 4,6052 0,0024
additional 0,0000 0,0000
back 0,6349 0,0003
title 0,0000 0,0000
patroltoken 0,0000 0,0000
miss 1,3471 0,0007
states 0,4943 0,0003
load 0,0202 0,0000
optimizer 2,3026 0,0012
zdnet 1,4697 0,0008
alpha 0,0101 0,0000
ignore 1,4697 0,0008
company 0,4308 0,0004
enforceable 4,6052 0,0024
notice 1,6094 0,0008
owner 1,3863 0,0007
custom 0,0000 0,0000
getentity 2,6593 0,0014
monitor 1,2040 0,0006
raymond 1,9661 0,0010
home 0,8675 0,0005
michael 0,7133 0,0004
cursors 4,6052 0,0024
print 0,0000 0,0000
unconditionally 4,6052 0,0024
approximately 1,8971 0,0010
inherit 0,0101 0,0000
klint 2,9957 0,0016
iron 2,4079 0,0013
qfs 3,5066 0,0018
dmr 4,6052 0,0024
attempt 0,8440 0,0004
america 1,7720 0,0009
elliott 3,5066 0,0018
dmy 0,0000 0,0000
navigation 0,0000 0,0000
sbus 3,9120 0,0020
action 0,0000 0,0000
lock 0,0101 0,0000
text 0,0000 0,0000
sasha 3,5066 0,0018
python 0,6539 0,0003
ppvisitednode 0,0000 0,0000
cookie 0,0000 0,0000
brew 3,5066 0,0018
loading 0,0000 0,0000
contents 0,0000 0,0000
forkin 4,6052 0,0024
legitimate 2,6593 0,0014
transactional 2,5257 0,0013
doi 0,4155 0,0002
status 0,0000 0,0000
server 0,4005 0,0004
groklaw 4,6052 0,0024
millisecond 3,2189 0,0017
dot 0,8210 0,0004
skin 0,0000 0,0000
mention 1,7148 0,0018
products 1,4271 0,0007
file 0,0000 0,0000
government 1,2379 0,0006
member 0,9163 0,0005
stand 1,1712 0,0006
wgnoticeproject 0,0000 0,0000
together 0,5978 0,0003
may 0,0000 0,0000
max 0,0513 0,0000
positive 1,8971 0,0010
trigger 0,0513 0,0001
menu 0,0000 0,0000
url 0,0000 0,0000
machine 0,2744 0,0001
able 0,9943 0,0005
return 0,0000 0,0000
staroffice 3,9120 0,0020
openwindows 3,9120 0,0020
presumably 3,9120 0,0020
use 0,0000 0,0000
recognition 1,6607 0,0009
main 0,0000 0,0000
afara 3,9120 0,0020
blade 3,2189 0,0017
solution 0,5621 0,0006
berg 3,2189 0,0017
find 0,3425 0,0002
negotiation 2,5257 0,0013
host 0,6539 0,0007
logo 0,0000 0,0000
supplementary 3,2189 0,0017
international 0,3011 0,0002
javastation 3,9120 0,0020
combine 0,7340 0,0004
utc 0,0000 0,0000
malagasy 2,4079 0,0013
utf 2,5257 0,0013
joomla 3,2189 0,0017
canonical 0,0408 0,0000
pressure 2,4079 0,0025
sistersitebox 0,6539 0,0003
khosla 3,5066 0,0018
originate 1,6094 0,0008
wgcurrevisionid 0,0000 0,0000
task 0,5108 0,0003
null 0,0000 0,0000
background 0,0101 0,0000
true 0,0000 0,0000
header 0,0000 0,0000
watchtoken 0,0000 0,0000
present 0,5621 0,0003
since 0,3425 0,0002
belong 1,6607 0,0009
foreach 0,0000 0,0000
postgresql 2,3026 0,0012
repeat 0,0101 0,0000
make 0,1165 0,0002
beta 1,3863 0,0007
wggestructuredtaskrejectionreasontextinputenable 0,0000 0,0000
dtp 4,6052 0,0024
execution 0,7340 0,0004
pachev 4,6052 0,0024
structure 0,4155 0,0007
master 1,0498 0,0011
regulation 1,7720 0,0009
due 0,5108 0,0003
online 0,7340 0,0004
clustering 2,5257 0,0013
qnx 2,5257 0,0013
coming 3,9120 0,0020
majc 3,9120 0,0020
depend 0,7340 0,0004
sized 2,8134 0,0015
commit 1,2730 0,0020
crash 1,6094 0,0017
patch 1,5141 0,0008
character 1,1394 0,0006
mehta 3,5066 0,0018
contribution 0,0000 0,0000
constellation 3,2189 0,0017
bechtolsheim 3,5066 0,0018
fire 1,7148 0,0009
recursion 0,0513 0,0000
czech 0,9163 0,0005
height 0,0101 0,0000
injunction 4,6052 0,0024
august 0,0000 0,0000
sobel 4,6052 0,0024
module 0,0000 0,0000
wikibase 0,0619 0,0000
eben 4,6052 0,0024
execute 0,6733 0,0004
procom 3,9120 0,0020
datemodify 0,0619 0,0000
processing 0,6162 0,0003
hrvatski 0,7550 0,0004
shared 2,0402 0,0011
notheme 0,3711 0,0002
customization 2,5257 0,0013
global 0,7985 0,0004
long 0,4005 0,0002
into 0,1985 0,0001
min 0,1165 0,0001
partition 1,3471 0,0021
unless 1,5606 0,0008
operating 0,9416 0,0005
free 0,0000 0,0000
relationship 1,0788 0,0006
mix 1,2379 0,0006
kellan 4,6052 0,0024
middle 0,7765 0,0004
though 0,8440 0,0004
renewal 4,6052 0,0024
appeal 2,4079 0,0013
many 0,2357 0,0001
people 0,9943 0,0005
appear 0,8210 0,0009
evolve 1,0498 0,0005
abandon 2,0402 0,0011
ibm 0,5621 0,0003
progress 1,4271 0,0007
ranking 2,9957 0,0016
operation 0,5108 0,0005
open 0,1625 0,0002
wordpress 2,4079 0,0013
heatwave 4,6052 0,0024
tbody 0,6931 0,0004
project 0,0000 0,0000
enhancement 0,0101 0,0000
inside 0,0101 0,0000
saris 4,6052 0,0024
wikiversity 0,9676 0,0005
mysql 2,3026 0,0012
five 0,9943 0,0005
tuxedo 3,5066 0,0018
monospace 2,0402 0,0011
look 0,7765 0,0004
pluggable 2,9957 0,0016
wildeboer 4,6052 0,0024
allow 0,1863 0,0003
que 3,2189 0,0017
appliance 1,7148 0,0018
wired 1,2040 0,0006
defer 2,2073 0,0012
zfs 3,5066 0,0018
isbn 0,1054 0,0001
update 0,4463 0,0005
speed 0,9416 0,0005
scheduler 1,6607 0,0009
unixware 3,2189 0,0017
common 0,3711 0,0002
pamela 3,2189 0,0017
debian 1,9661 0,0010
linux 0,8916 0,0005
definition 0,4943 0,0003
placeholder 0,0000 0,0000
every 0,6162 0,0003
middleware 1,6607 0,0009
summary 1,6607 0,0009
apply 0,0000 0,0000
again 1,2379 0,0006
isam 3,9120 0,0020
jason 1,7148 0,0009
comment 1,2730 0,0007
relational 1,5606 0,0008
mark 0,6733 0,0004
base 0,0305 0,0000
guns 4,6052 0,0024
during 0,5447 0,0003
relation 1,6094 0,0008
relate 0,0000 0,0000
enable 0,0000 0,0000
price 1,2730 0,0007
sidebar 0,0000 0,0000
limitreport 0,0000 0,0000
preliminary 4,6052 0,0024
decoration 0,0619 0,0000
reflist 0,0101 0,0000
azure 1,2730 0,0007
still 0,5447 0,0003
var 0,0000 0,0000
work 0,2231 0,0003
agree 0,0101 0,0000
packt 1,8326 0,0010
finkle 3,9120 0,0020
wgulsislanguageselectorempty 0,0000 0,0000
itself 0,6539 0,0003
toward 1,5606 0,0008
storagetek 3,9120 0,0020
srpski 0,3711 0,0002
tortious 4,6052 0,0024
registration 0,0101 0,0000
swath 4,6052 0,0024
word 0,0101 0,0000
extension 0,6349 0,0007
internal 0,8210 0,0004
iie 3,2189 0,0017
sanos 4,6052 0,0024
iii 2,1203 0,0011
foundation 0,0000 0,0000
yoshinori 4,6052 0,0024
foreign 1,7720 0,0009
slave 3,2189 0,0034
across 0,5798 0,0003
installation 1,6094 0,0008
violate 1,8971 0,0010
event 0,0000 0,0000
replication 1,9661 0,0010
include 0,0000 0,0000
facebook 1,3863 0,0007
toggle 0,0000 0,0000
datakonsult 4,6052 0,0024
opinion 1,8971 0,0010
formatdate 4,6052 0,0024
appearance 0,0000 0,0000
wikileaks 3,5066 0,0018
classname 0,0000 0,0000
ebs 3,5066 0,0018
wggetopicsmatchmodeenable 0,0000 0,0000
first 0,0408 0,0000
nowrap 0,0408 0,0000
subquery 3,9120 0,0020
prefer 0,0101 0,0000
prepared 3,2189 0,0017
roman 0,0101 0,0000
opensparc 3,5066 0,0018
wgrelevantpageisprobablyeditable 0,0000 0,0000
float 0,0101 0,0000
transclusion 0,0619 0,0000
space 0,0408 0,0000
reference 0,0101 0,0000
html 0,4463 0,0002
gmbh 3,5066 0,0018
swedish 3,2189 0,0017
insights 2,9957 0,0016
ubuntu 2,2073 0,0012
bottom 0,0000 0,0000
workstation 2,0402 0,0011
lustre 3,5066 0,0018
revision 0,0000 0,0000
gemini 2,5257 0,0013
magyar 0,3425 0,0002
fortress 2,9957 0,0016
dbeav 3,9120 0,0020
publisher 0,0000 0,0000
squid 4,6052 0,0024
replacement 1,7148 0,0009
img 0,0408 0,0000
configuration 0,7550 0,0004
o'reilly 0,6733 0,0004
chunk 2,8134 0,0015
interact 1,1712 0,0012
linkedin 2,5257 0,0013
rlstate 0,0000 0,0000
error 0,0101 0,0000
platform 0,0000 0,0000
aggregate 1,9661 0,0010
network 0,3285 0,0002
jackson 2,6593 0,0014
public 0,4155 0,0002
value 0,0000 0,0000
toad 4,6052 0,0024
instead 0,4463 0,0002
command 0,7133 0,0007
jack 2,3026 0,0012
expensive 0,0408 0,0000
performance 0,3425 0,0002
maint 0,0101 0,0000
wiktionary 0,5798 0,0003
platformversion 0,0000 0,0000
references 0,0513 0,0000
saved 0,0619 0,0000
year 0,2614 0,0003
branch 1,5606 0,0016
setting 1,4697 0,0008
via 0,3011 0,0002
quote 0,0101 0,0000
poor 2,0402 0,0011
farm 2,4079 0,0013
visual 0,9416 0,0005
because 0,0000 0,0000
ipc 2,1203 0,0011
adapter 2,8134 0,0015
agreement 1,3093 0,0007
raq 3,9120 0,0020
google 0,4005 0,0002
concat 3,5066 0,0018
economy 2,1203 0,0011
ray 1,8971 0,0010
community 0,0000 0,0000
triggers 3,9120 0,0020
packager 4,6052 0,0024
version 0,0000 0,0000
ipx 3,9120 0,0020
posgresql 4,6052 0,0024
stop 1,1394 0,0006
eesti 0,3285 0,0002
matsunobu 4,6052 0,0024
boston 1,9661 0,0010
least 0,9676 0,0005
utility 1,2730 0,0007
manual 1,1394 0,0006
wgusergroup 0,0000 0,0000
dual 2,5257 0,0013
nashorn 2,9957 0,0016
irc 2,8134 0,0015
wikipedia 0,0000 0,0000
behavior 0,8210 0,0004
scott 1,0217 0,0005
close 0,8210 0,0004
afrikaans 0,9416 0,0005
minimize 1,4697 0,0008
website 0,3711 0,0004
learn 0,0000 0,0000
rdb 2,9957 0,0016
fast 0,4943 0,0003
maxine 3,5066 0,0018
netware 3,5066 0,0018
jeremy 2,2073 0,0012
crashing 4,6052 0,0024
register 0,0000 0,0000
rds 3,2189 0,0017
communicate 1,1394 0,0006
notes 0,9943 0,0005
republic 0,8916 0,0005
official 0,6162 0,0003
isv 3,9120 0,0020
acid 2,3026 0,0012
act 0,9416 0,0005
post 0,0202 0,0000
duck 3,2189 0,0017
leave 0,0101 0,0000
add 0,0000 0,0000
ecomstation 4,6052 0,0024
ell 3,9120 0,0020
matthias 2,5257 0,0013
need 0,1393 0,0001
its 0,0726 0,0000
originally 0,8675 0,0005
often 0,2877 0,0002
gather 1,7720 0,0009
article 0,0000 0,0000
rfc 1,9661 0,0010
fusion 1,9661 0,0010
parser 0,0000 0,0000
xtradb 4,6052 0,0024
catalyst 2,5257 0,0013
port 1,8326 0,0010
shell 1,0788 0,0006
neptune 2,9957 0,0016
http 0,0000 0,0000
decimal 0,0101 0,0000
vaughan 2,5257 0,0013
jelastic 2,2073 0,0012
production 0,9943 0,0005
united 0,4780 0,0002
choose 0,8440 0,0004
warehousing 3,2189 0,0017
wghostname 0,0000 0,0000
hoydalsvik 4,6052 0,0024
wgtitle 0,0000 0,0000
engine 0,4780 0,0005
scope 1,2730 0,0007
end 0,3011 0,0003
wgdigittransformtable 0,0000 0,0000
odbc 2,5257 0,0013
hlist 0,0408 0,0000
label 0,0000 0,0000
improvement 0,9163 0,0005
iplanet 3,9120 0,0020
forum 1,3863 0,0007
special 0,0000 0,0000
modify 0,7765 0,0004
environment 0,4308 0,0004
berkeley 1,6094 0,0008
rlconf 0,0000 0,0000
pledge 2,6593 0,0028
pronounce 2,5257 0,0013
family 1,0217 0,0005
backup 2,1203 0,0011
copyright 1,6607 0,0009
education 1,0788 0,0006
bahasa 0,3285 0,0002
release 0,2744 0,0004
ago 0,7765 0,0004
caption 0,3567 0,0002
shah 2,3026 0,0012
apex 3,2189 0,0017
gradually 2,1203 0,0011
number 0,0000 0,0000
wgbackendresponsetime 0,0000 0,0000
shorten 0,0000 0,0000
judge 2,5257 0,0013
infoworld 1,6094 0,0008
similar 0,4780 0,0002
nothing 1,6607 0,0009
programmer 0,9416 0,0005
testing 0,6733 0,0004
handle 0,6539 0,0007
system 0,0101 0,0000
connector 2,9957 0,0016
converge 2,6593 0,0014
driver 1,3471 0,0014
spot 2,1203 0,0011
partial 1,6607 0,0009
thomasch 4,6052 0,0024
other 0,0000 0,0000
rohan 3,9120 0,0020
aim 0,8210 0,0009
against 0,6931 0,0004
retain 2,1203 0,0011
cell 0,4308 0,0002
yacc 3,9120 0,0020
aix 2,5257 0,0013
administer 2,5257 0,0026
electronic 1,0788 0,0006
share 0,4620 0,0002
shard 2,9957 0,0016
rightnow 3,9120 0,0020
deployment 0,7985 0,0008
nichols 2,4079 0,0013
ndb 4,6052 0,0024
netsuite 3,9120 0,0020
powerful 1,4697 0,0008
future 0,5978 0,0003
rlq 0,0000 0,0000
cite 0,0000 0,0000
movement 1,4697 0,0008
tarantella 3,9120 0,0020
donald 1,7148 0,0009
naomi 3,2189 0,0017
ess 3,5066 0,0018
screen 0,0101 0,0000
bsdus 4,6052 0,0024
body 0,0000 0,0000
trial 2,4079 0,0013
mode 0,0000 0,0000
pages 0,0000 0,0000
optimize 1,0217 0,0005
enhancements 2,9957 0,0016
net 0,9416 0,0005
cable 2,8134 0,0015
newpp 0,0619 0,0000
all 0,0408 0,0000
border 0,0000 0,0000
new 0,0000 0,0000
numbering 3,5066 0,0018
read 0,0000 0,0000
ultrasparc 3,5066 0,0018
adhere 1,5141 0,0016
real 0,0408 0,0000
clientpref 0,0000 0,0000
tool 0,0000 0,0000
svenska 0,3857 0,0002
updatable 3,2189 0,0017
nfs 3,5066 0,0018
joseph 1,5141 0,0008
repetitive 3,5066 0,0018
collect 1,2730 0,0007
unix 1,3093 0,0007
facilitate 0,8440 0,0004
gridware 3,9120 0,0020
wgpagecontentlanguage 0,0000 0,0000
innodb 3,9120 0,0020
media 0,2485 0,0001
wgisarticle 0,0000 0,0000
federatedx 4,6052 0,0024
define 0,2744 0,0001
row 0,4943 0,0003
render 0,0513 0,0000
phpbb 3,9120 0,0020
binlog 4,6052 0,0024
specific 0,2877 0,0002
any 0,2107 0,0001
application 0,0943 0,0001
milestone 2,2073 0,0023
mcnealy 3,9120 0,0020
wgflaggedrevsparams 0,0000 0,0000
partitioning 3,2189 0,0017
until 0,7765 0,0004
strategy 0,7340 0,0004
collapse 0,0408 0,0000
forms 3,2189 0,0017
cerner 3,9120 0,0020
legend 2,2073 0,0012
maintain 0,3567 0,0006
synchronous 2,6593 0,0014
wgrelevantarticleid 0,0000 0,0000
preprocessor 0,0513 0,0000
ship 1,6094 0,0017
anywhere 2,0402 0,0011
java 0,6162 0,0003
jan 1,6094 0,0008
english 0,0000 0,0000
nis 3,9120 0,0020
api 0,3425 0,0004
semisynchronous 4,6052 0,0024
kanaracus 4,6052 0,0024
whitney 3,9120 0,0020
apr 2,8134 0,0015
cache 0,0305 0,0000
margin 0,0000 0,0000
suomi 0,2107 0,0001
wgrequestid 0,0000 0,0000
remain 0,7550 0,0004
enwikimwclientpreference 0,0000 0,0000
rlpagemodules 0,0000 0,0000
monitoring 1,6094 0,0008
nosql 1,8326 0,0010
slow 1,1087 0,0006
atomic 2,0402 0,0011
samea 0,0000 0,0000
fireplane 3,9120 0,0020
wgwikibaseitemid 0,0000 0,0000
wgulsiscompactlinksenable 0,0000 0,0000
frequently 1,0788 0,0006
another 0,3567 0,0002
pagevariantfallback 0,0000 0,0000
acquire 1,1087 0,0012
default 0,6931 0,0004
wgmonthname 0,0000 0,0000
disabled 0,0000 0,0000
where 0,2744 0,0001
popular 0,6539 0,0003
timestamp 0,0000 0,0000
black 1,5141 0,0008
nest 1,7720 0,0009
widenius 4,6052 0,0024
call 0,0101 0,0000
such 0,0943 0,0000
msql 4,6052 0,0024
cnet 1,7720 0,0009
plugin 1,9661 0,0021
metric 1,8326 0,0010
ask 1,0498 0,0005
asp 2,5257 0,0013
antecedent 4,6052 0,0024
through 0,2107 0,0001
microsystems 1,8971 0,0010
administration 1,2730 0,0007
lifetime 2,3026 0,0012
organisation 2,2073 0,0012
run 0,3011 0,0003
incorporate 1,1712 0,0012
microsoft 0,4005 0,0002
research 0,5621 0,0003
either 0,5621 0,0003
view 0,0000 0,0000
white 0,0305 0,0000
donate 0,0000 0,0000
throughput 2,3026 0,0012
bold 0,0408 0,0000
engineering 0,3857 0,0002
glossary 1,7148 0,0009
webmin 4,6052 0,0024
longer 2,3026 0,0012
galego 0,7550 0,0004
geir 3,9120 0,0020
name 0,0000 0,0000
cputime 0,0000 0,0000
larry 1,9661 0,0010
watchlist 0,0000 0,0000
mbus 3,9120 0,0020
next 0,5798 0,0003
color 0,0101 0,0000
hidden 1,6094 0,0008
string 1,2040 0,0006
submit 1,6094 0,0017
nearly 1,4697 0,0008
show 0,0513 0,0001
description 0,0000 0,0000
edition 0,7985 0,0008
simplicity 2,5257 0,0013
scalability 1,3093 0,0007
not 0,0101 0,0000
now 0,4308 0,0002
statement 0,0000 0,0000
trademark 0,0101 0,0000
greek 0,0101 0,0000
news 0,4620 0,0002
visualvm 3,9120 0,0020
introduce 0,3285 0,0002
futures 2,9957 0,0016
way 0,2485 0,0001
target 0,0101 0,0000
jeffrey 1,7148 0,0009
antitrust 2,8134 0,0015
finnish 2,9957 0,0016
what 0,0000 0,0000
fedora 2,2073 0,0012
duty 3,9120 0,0020
krill 2,5257 0,0013
milestones 3,9120 0,0020
container 0,0000 0,0000
play 1,1712 0,0006
leader 1,6607 0,0009
developers 0,0000 0,0000
usage 0,0000 0,0000
charles 1,2730 0,0007
wgmediaviewerenabledbydefault 0,0000 0,0000
nearby 0,0000 0,0000
when 0,0834 0,0000
jim 1,5141 0,0008
dveeden 4,6052 0,0024
far 1,2730 0,0007
faq 1,6094 0,0008
broad 1,1394 0,0006
embed 0,9163 0,0005
plan 0,7985 0,0004
case 0,3285 0,0002
item 0,0000 0,0000
wgmediavieweronclick 0,0000 0,0000
wgulsposition 0,0000 0,0000
melayu 0,6349 0,0003
hyperion 3,9120 0,0020
wgbreakframe 0,0000 0,0000
utilize 1,7148 0,0009
italiano 0,1278 0,0001
sticky 0,0000 0,0000
style 0,0000 0,0000
vertica 4,6052 0,0024
searchinput 0,0000 0,0000
portion 1,5141 0,0008
australian 3,2189 0,0017
direct 0,8440 0,0004
localized 3,9120 0,0020
settle 2,4079 0,0013
catz 3,9120 0,0020
commons 0,0000 0,0000
toolchain 2,6593 0,0014
dbforge 4,6052 0,0024
freedom 2,0402 0,0011
web 0,1165 0,0001
datadog 2,8134 0,0015
licensing 1,7148 0,0009
architecture 0,0000 0,0000
piana 4,6052 0,0024
acronym 2,6593 0,0014
more 0,0000 0,0000
display 0,0000 0,0000
sakila 4,6052 0,0024
babcock 4,6052 0,0024
wrong 2,1203 0,0011
grid 1,4697 0,0008
organization 0,0000 0,0000
width 0,0000 0,0000
board 1,0217 0,0005
statistics 0,0000 0,0000
indicator 2,1203 0,0011
feb 2,0402 0,0011
simple 0,2231 0,0001
centralized 1,9661 0,0010
cloud 0,6349 0,0003
protocol 0,5621 0,0003
overflow 0,3567 0,0002
websystems 3,9120 0,0020
otherwise 1,3863 0,0007
package 0,9943 0,0010
visible 0,0101 0,0000
timing 2,4079 0,0013
both 0,0305 0,0000
important 0,0101 0,0000
most 0,2107 0,0001
dbedit 4,6052 0,0024
effect 0,8440 0,0004
keep 0,6733 0,0004
peoplesoft 3,9120 0,0020
topic 0,0000 0,0000
daughter 4,6052 0,0024
option 0,9416 0,0005
who 0,5621 0,0003
limitation 1,0498 0,0005
sponsor 2,0402 0,0011
downloadable 3,2189 0,0017
lighthouse 2,9957 0,0016
inbuilt 4,6052 0,0024
contribute 0,0000 0,0000
generator 1,7148 0,0009
insert 1,6607 0,0009
why 0,6539 0,0003
webscalesql 4,6052 0,0024
hurd 2,9957 0,0016
integrated 1,2379 0,0006
administrator 1,6094 0,0008
alone 1,7148 0,0009
candidate 1,6094 0,0008
database 0,2485 0,0003
along 0,7340 0,0004
supp 4,6052 0,0024
billion 1,3471 0,0007
joy 2,8134 0,0015
visually 2,3026 0,0012
david 0,5798 0,0003
win 1,7148 0,0009
wgseparatortransformtable 0,0000 0,0000
breach 1,6094 0,0008
move 0,0000 0,0000
comply 2,2073 0,0012
original 0,0943 0,0000
picojava 3,9120 0,0020
also 0,0202 0,0000
ellison 2,9957 0,0016
say 0,6733 0,0004
increase 0,4620 0,0002
grundfest 3,9120 0,0020
differ 1,5141 0,0008
spread 1,6607 0,0009
mariadb 3,5066 0,0018
inline 0,0408 0,0000
administrative 2,8134 0,0015
various 0,3857 0,0002
arrington 4,6052 0,0024
ourdelta 4,6052 0,0024
front 1,1394 0,0006
visit 0,0408 0,0000
user 0,0000 0,0000
equivalent 1,5141 0,0008
bring 0,9676 0,0005
tooltip 0,8675 0,0005
edwards 2,4079 0,0013
offer 0,4155 0,0007
fix 0,5108 0,0005
joab 4,6052 0,0024
rank 2,1203 0,0011
elmcip 2,3026 0,0012
sco 3,2189 0,0017
addition 0,6733 0,0004
scp 3,2189 0,0017
tokudb 4,6052 0,0024
documentation 0,6349 0,0003
personal 0,0000 0,0000
extend 0,6162 0,0010
steven 1,4697 0,0008
imageobject 0,0000 0,0000
unanimously 3,9120 0,0020
drive 0,4780 0,0002
jones 1,8971 0,0010
frank 1,4271 0,0007
schema 1,6094 0,0008
deal 1,1712 0,0006
strong 0,9943 0,0005
abuse 2,3026 0,0012
be 0,1508 0,0002
essbase 3,9120 0,0020
prove 1,3093 0,0007
scheme 0,0101 0,0000
freebsd 1,7720 0,0009
takeover 2,9957 0,0016
icon 0,0101 0,0000
expansiondepth 0,0000 0,0000
dead 1,7148 0,0009
kemp 3,5066 0,0018
slogans 3,9120 0,0020
search 0,0000 0,0000
see 0,0408 0,0000
spacing 0,0619 0,0000
responsibility 1,3863 0,0007
systems 0,4780 0,0002
wgrelevantpagename 0,0000 0,0000
national 0,4463 0,0002
coldfusion 3,2189 0,0017
innovation 1,2379 0,0006
completion 1,9661 0,0010
contain 0,0101 0,0000
rdbms 2,5257 0,0013
set 0,2107 0,0002
founder 1,4697 0,0015
shqip 0,6931 0,0004
column 0,0101 0,0000
alternate 2,8134 0,0015
procedure 0,9676 0,0010
integrate 0,5798 0,0006
partner 1,7720 0,0009
petition 3,5066 0,0018
wgaction 0,0000 0,0000
acquisitions 2,4079 0,0013
freely 1,8326 0,0010
bea 3,9120 0,0020
font 0,0000 0,0000
encode 1,5141 0,0008
ohloh 4,6052 0,0024
visualization 1,5606 0,0008
openserver 3,2189 0,0017
language 0,0000 0,0000
do 0,1625 0,0003
navbox 0,0943 0,0000
listitem 0,0408 0,0000
differentiate 2,3026 0,0012
contact 0,0000 0,0000
workbench 3,9120 0,0020
programming 0,2744 0,0001
image 0,0202 0,0000
mergers 3,2189 0,0017
internals 2,9957 0,0016
she 1,8326 0,0010
adjust 1,8971 0,0010
party 0,6539 0,0007
little 1,0788 0,0006
cursor 0,0619 0,0001
however 0,3011 0,0002
origin 0,0000 0,0000
sourcer 4,6052 0,0024
walltime 0,0000 0,0000
interlanguage 0,0000 0,0000
content 0,0000 0,0000
random 0,0000 0,0000
wikibooks 0,8210 0,0004
desktop 1,0788 0,0006
related 0,9676 0,0005
client 0,0000 0,0000
foss 1,8971 0,0010
json 1,2379 0,0006
unfair 3,2189 0,0017
class 0,0000 0,0000
molina 3,5066 0,0018
gehomepagesuggestededitsenabletopic 0,0000 0,0000
over 0,3285 0,0002
false 0,0000 0,0000
packaging 2,1203 0,0011
counter 0,0408 0,0000
parse 0,0619 0,0001
fork 1,1394 0,0018
clark 2,0402 0,0011
management 0,2231 0,0001
developer 0,1744 0,0002
avoid 0,0101 0,0000
he 0,6733 0,0004
prompt 1,5606 0,0008
merger 2,5257 0,0013
subset 1,1394 0,0006
big 0,7550 0,0004
very 0,5978 0,0003
select 0,9676 0,0005
bit 1,3863 0,0007
output 0,0000 0,0000
four 0,9676 0,0005
model 0,0000 0,0000
portal 0,0000 0,0000
sequel 3,9120 0,0020
reduce 0,0101 0,0000
sentence 0,0000 0,0000
oct 1,9661 0,0010
issue 0,3425 0,0004
kern 0,0101 0,0000
large 0,2485 0,0003
director 1,6607 0,0017
shareholder 3,9120 0,0020
announce 0,6733 0,0011
odd 0,0943 0,0000
certification 2,0402 0,0011
messaging 1,4271 0,0007
operate 0,3567 0,0002
fsf 3,2189 0,0017
begin 0,5108 0,0003
wgvisualeditor 0,0000 0,0000
become 0,2877 0,0002
template 0,0000 0,0000
enwiki 0,0619 0,0000
eventually 1,1394 0,0006
subscription 0,0101 0,0000
settlement 2,4079 0,0013
library 0,3857 0,0004
navbar 0,0202 0,0000
navicat 4,6052 0,0024
world 0,3857 0,0002
oem 2,9957 0,0016
smp 4,6052 0,0024
subbox 0,6931 0,0004
december 0,0000 0,0000
everything 1,2730 0,0007
bundle 1,6094 0,0008
modernize 3,9120 0,0020
macos 1,6607 0,0009
table 0,0000 0,0000
taqbaylit 2,4079 0,0013
hashemi 4,6052 0,0024
creator 1,2730 0,0013
side 0,3425 0,0002
gaeilge 1,2040 0,0006
break 0,0101 0,0000
change 0,0000 0,0000
weblogic 3,9120 0,0020
printable 0,0000 0,0000
generally 0,5447 0,0003
hide 0,0000 0,0000
corporate 1,4697 0,0008
instruction 1,1712 0,0006
report 0,0202 0,0000
complete 0,4780 0,0002
exalogic 3,9120 0,0020
transaction 1,0217 0,0011
vinod 3,5066 0,0018
auto 0,0726 0,0000
bmp 3,9120 0,0020
soa 2,4079 0,0013
arcaos 4,6052 0,0024
several 0,4155 0,0002
sign 1,2379 0,0006
wgcanonicalspecialpagename 0,0000 0,0000
while 0,2614 0,0001
second 0,0408 0,0000
download 0,0000 0,0000
high 0,0101 0,0000
reuters 2,2073 0,0012
split 0,0000 0,0000
www 1,7720 0,0009
than 0,2357 0,0001
limit 0,0000 0,0000
different 0,0513 0,0000
directly 0,5108 0,0003
proprietarily 4,6052 0,0024
lance 3,5066 0,0018
level 0,0000 0,0000
author 0,0000 0,0000
zaitsev 4,6052 0,0024
expansion 0,0619 0,0000
amazon 1,0498 0,0005
entry 0,8210 0,0004
license 0,0000 0,0000
expand 0,0101 0,0000
wgmfdisplaywikibasedescription 0,0000 0,0000
retrieve 0,0000 0,0000
savaje 3,9120 0,0020
datum 0,0408 0,0000
behind 1,2730 0,0007
code 0,0000 0,0000
hammer 3,5066 0,0018
wgdefaultdateformat 0,0000 0,0000
box 0,0408 0,0000
storage 0,3711 0,0002
sql 1,0788 0,0006
total 0,0000 0,0000
deutsch 0,0943 0,0000
backend 1,7720 0,0009
heap 2,4079 0,0013
hear 2,1203 0,0011
affidavit 4,6052 0,0024
src 0,6349 0,0003
control 0,1625 0,0001
symbian 2,2073 0,0012
editions 3,2189 0,0017
carlo 3,2189 0,0017
attribution 0,0000 0,0000
infringement 2,6593 0,0014
vary 0,0619 0,0000
upper 0,0101 0,0000
luasandbox 1,4271 0,0007
ssl 2,4079 0,0013
objective 1,3471 0,0007
extremely 1,7720 0,0009
engines 1,3471 0,0007
friend 1,8971 0,0010
expiry 0,0619 0,0000
minerva 0,0101 0,0000
brand 0,0000 0,0000
publishing 0,7550 0,0004
recent 0,0000 0,0000
they 0,0619 0,0001
github 0,7340 0,0004
closely 1,6094 0,0008
modular 1,5141 0,0008
edit 0,0000 0,0000
old 0,8675 0,0005
australia 1,8971 0,0010
then 0,3567 0,0002
secondary 1,5606 0,0008
node 0,0305 0,0000
bsd 1,8326 0,0010
percona 4,6052 0,0024
oppose 1,6094 0,0008
device 0,7550 0,0004
sub 1,9661 0,0010
sue 2,3026 0,0012
access 0,2877 0,0003
conference 0,3425 0,0002
sun 1,2730 0,0007
selflink 0,0101 0,0000
current 0,0000 0,0000
defunct 1,9661 0,0010
henley 3,9120 0,0020
variety 0,9943 0,0005
analyzer 2,9957 0,0016
managed 3,2189 0,0017
myisam 4,6052 0,0024
vector 0,0000 0,0000
netbeans 2,6593 0,0014
dtrace 3,9120 0,0020
key 0,0305 0,0000
cachereport 0,0000 0,0000
decision 0,8675 0,0005
one 0,0943 0,0000
maker 1,8971 0,0010
launch 0,9943 0,0005
reviewer 2,6593 0,0014
store 0,5447 0,0009
winaray 1,7720 0,0009
bosanski 0,8916 0,0005
confirm 1,6094 0,0008
connected 3,5066 0,0018
single 0,3147 0,0002
entityaccesscount 0,0000 0,0000
pull 1,5606 0,0008
unconditional 3,9120 0,0020
bug 0,8675 0,0009
elastic 2,3026 0,0012
commercial 0,8440 0,0004
joint 1,7148 0,0009
declare 1,6094 0,0008
buy 1,4271 0,0022
available 0,0000 0,0000
advocate 1,8971 0,0010
apache 1,0788 0,0006
sparcstation 3,9120 0,0020
variant 0,0619 0,0000
graphically 3,5066 0,0018
oracle 0,8916 0,0005
mainline 3,9120 0,0020
query 1,1394 0,0018
this 0,1278 0,0001
norsk 0,3285 0,0002
drizzle 3,5066 0,0018
memusage 0,0000 0,0000
extract 1,7720 0,0009
once 0,7985 0,0004
failure 1,1087 0,0006
solve 0,9416 0,0005
laboratories 2,9957 0,0016
know 0,2231 0,0001
support 0,1393 0,0003
drop 1,1394 0,0012
preview 1,6607 0,0009
swatch 2,8134 0,0015
nusphere 4,6052 0,0024
wgpopupsflag 0,0000 0,0000
bluej 3,5066 0,0018
boskin 3,9120 0,0020
polski 0,1165 0,0001
privacy 0,0000 0,0000
vertical 0,7985 0,0004
cole 3,5066 0,0018
life 0,9416 0,0005
we 1,3093 0,0007
webcenter 3,9120 0,0020
proprietary 0,9676 0,0005
gap 1,2040 0,0006
missing 2,4079 0,0013
monospaced 2,0402 0,0011
mysqladmin 4,6052 0,0024
normal 0,0202 0,0000
corrupt 2,2073 0,0012
previous 1,1712 0,0006
licens 1,8971 0,0010
technology 0,1863 0,0001
wgarticleid 0,0000 0,0000
pagelanguagedir 0,0000 0,0000
wgcitereferencepreviewsactive 0,0000 0,0000
ecosystem 1,2040 0,0006
software 0,0000 0,0000
frameworks 2,0402 0,0011
graphical 1,2730 0,0007
competition 1,9661 0,0010
gigabyte 2,9957 0,0016
none 0,0101 0,0000
processors 3,5066 0,0018
repository 0,5276 0,0003
type 0,0000 0,0000
april 0,0000 0,0000
beyond 1,0217 0,0005
feedback 1,3471 0,0007
pearce 3,9120 0,0020
problem 0,3285 0,0002
optimization 0,8916 0,0005
review 0,6162 0,0006
connection 0,9676 0,0005
proof 1,7148 0,0009
openbsd 2,3026 0,0012
between 0,2107 0,0001
guide 0,3711 0,0002
phase 1,2379 0,0006
inability 2,9957 0,0016
method 0,3147 0,0002
contract 1,4271 0,0015
come 0,4155 0,0002
procedural 2,0402 0,0011
timesten 3,9120 0,0020
push 0,0000 0,0000
exist 0,4155 0,0004
metapackage 4,6052 0,0024
ides 2,4079 0,0013
jdeveloper 3,5066 0,0018
hotspot 2,9957 0,0016
range 0,8675 0,0005
portalbox 1,3093 0,0007
distribution 0,8916 0,0009
out 0,0000 0,0000
rock 2,6593 0,0014
glassfish 3,5066 0,0018
feature 0,0000 0,0000
virtualbox 3,2189 0,0017
cached 0,4463 0,0002
get 0,0000 0,0000
portalright 1,3093 0,0007
dark 0,0101 0,0000
power 0,6733 0,0004
semi 2,6593 0,0014
regular 1,2379 0,0006
dispute 1,6607 0,0017
capttofu 4,6052 0,0024
lead 0,2231 0,0001
help 0,0000 0,0000
site 0,0000 0,0000
depth 0,0000 0,0000
feuerstein 4,6052 0,0024
microsparc 3,9120 0,0020
additionally 1,0498 0,0005
gelbmann 4,6052 0,0024
self 0,7133 0,0004
sharealike 0,0000 0,0000
date 0,3011 0,0003
argument 0,0513 0,0000
data 0,0000 0,0000
lucas 2,9957 0,0016
own 0,4780 0,0005
wiki 1,2730 0,0007
subsystem 2,0402 0,0011
wgpageviewlanguage 0,0000 0,0000
blog 0,6349 0,0003
router 1,8326 0,0010
accesskey 0,0000 0,0000
only 0,2107 0,0001
should 0,3711 0,0002
create 0,0000 0,0000
justice 2,4079 0,0013
tag 0,0000 0,0000
development 0,1278 0,0001
like 0,2231 0,0001
core 0,5621 0,0003
proposed 4,6052 0,0024
safe 0,8675 0,0005
sunos 2,9957 0,0016
potentially 0,7765 0,0004
here 0,0000 0,0000
youtube 1,5141 0,0008
note 0,4155 0,0002
purpose 0,5108 0,0003
line 0,0101 0,0000
link 0,0000 0,0000
scale 0,4943 0,0010
tune 2,3026 0,0012
can 0,0408 0,0000
computing 0,4155 0,0002
security 0,3285 0,0002
cap 0,0619 0,0000
contributor 0,0000 0,0000
wgcanonicalnamespace 0,0000 0,0000
organize 1,1712 0,0006
asynchronous 1,8326 0,0010
flex 0,5276 0,0003
ready 0,0000 0,0000
oza 3,9120 0,0020
bingham 3,9120 0,0020
wgisredirect 0,0000 0,0000
will 0,2485 0,0001
february 0,0000 0,0000
implementation 0,3147 0,0002
subhash 3,9120 0,0020
match 0,5276 0,0003
tcx 4,6052 0,0024
follow 0,2744 0,0001
montalvo 3,9120 0,0020
compliance 1,4271 0,0007
divest 3,9120 0,0020
responsive 0,0202 0,0000
york 0,8440 0,0004
challenge 0,6162 0,0003
petabyte 3,2189 0,0017
category 0,0000 0,0000
intend 0,6162 0,0003
wikidata 0,0000 0,0000
callparserfunction 1,4271 0,0007
