half 1,7148 0,0006
chips 4,6052 0,0017
upload 0,0000 0,0000
ummelas 4,6052 0,0017
wggelevelingupenabledforuser 0,0000 0,0000
wgrestrictionmove 0,0000 0,0000
without 0,2744 0,0001
protected 3,2189 0,0012
would 0,3425 0,0001
ten 1,6607 0,0006
sister 1,6094 0,0006
energy 1,4697 0,0005
successfully 1,5141 0,0006
solid 0,0202 0,0000
narrative 3,5066 0,0013
switzerland 2,4079 0,0009
investment 1,5141 0,0006
require 0,0000 0,0000
analysis 0,5108 0,0002
lion 3,2189 0,0012
scribunto 0,0000 0,0000
standards 1,1087 0,0004
correlation 2,8134 0,0010
exposure 2,4079 0,0009
moore 1,9661 0,0007
size 0,0000 0,0000
left 0,0408 0,0000
cdx 0,0000 0,0000
much 0,6931 0,0003
newspaper 1,5606 0,0006
commodity 2,4079 0,0009
lombard 1,1712 0,0004
cybernetics 3,2189 0,0012
independent 0,8440 0,0003
achieve 0,7985 0,0003
alleged 3,2189 0,0012
turn 1,0498 0,0004
elect 2,8134 0,0010
miner 2,9957 0,0022
example 0,2485 0,0001
weis 3,9120 0,0014
gold 2,6593 0,0010
result 0,2231 0,0002
same 0,2357 0,0001
after 0,0305 0,0000
headline 0,0000 0,0000
huang 2,8134 0,0010
cfa 3,9120 0,0014
hand 1,0217 0,0004
policy 0,0000 0,0000
editorial 2,6593 0,0010
address 0,5621 0,0004
fincen 4,6052 0,0017
vance 3,5066 0,0013
helium 2,9957 0,0011
union 1,3093 0,0005
abbreviation 2,5257 0,0009
pagelanguagecode 0,0000 0,0000
transientcontent 0,0000 0,0000
yorker 3,2189 0,0012
subtle 0,3285 0,0001
component 0,3147 0,0001
throw 2,5257 0,0009
idhash 0,0619 0,0000
fifth 2,0402 0,0008
information 0,0000 0,0000
wrap 0,0101 0,0000
thu 4,6052 0,0017
november 0,0000 0,0000
taipei 3,9120 0,0014
resolve 1,6607 0,0006
sharply 3,5066 0,0013
good 0,4155 0,0003
dominate 2,3026 0,0008
empty 0,0305 0,0000
compute 0,6733 0,0005
gox 3,9120 0,0014
institution 2,0402 0,0008
andrea 2,0402 0,0008
roubini 4,6052 0,0017
exceed 1,7148 0,0006
fullversionlist 0,0000 0,0000
tim 1,0498 0,0004
implement 0,3285 0,0001
export 0,0000 0,0000
chainlink 3,2189 0,0012
chi 2,6593 0,0010
pax 2,9957 0,0011
european 1,3471 0,0005
bellany 3,9120 0,0014
cryptography 1,7148 0,0006
pay 1,1712 0,0004
internationally 3,9120 0,0014
ccaf 4,6052 0,0017
check 0,7985 0,0003
list 0,0000 0,0000
governmental 2,8134 0,0010
external 0,1863 0,0001
spending 2,5257 0,0009
treasury 3,5066 0,0013
authority 0,4780 0,0004
xrp 3,2189 0,0012
chile 3,5066 0,0013
child 0,0202 0,0000
santos 2,9957 0,0011
mainentity 0,0000 0,0000
germany 0,5798 0,0002
obsolete 1,7720 0,0007
instrument 2,5257 0,0009
medium 1,4271 0,0005
dwork 3,2189 0,0012
remove 0,3711 0,0001
disclaimers 0,0000 0,0000
society 1,5141 0,0006
root 0,4780 0,0004
gavin 2,5257 0,0009
wgisprobablyeditable 0,0000 0,0000
hard 1,1394 0,0004
tutorial 1,5141 0,0006
bruce 1,8326 0,0007
lena 3,2189 0,0012
live 1,1712 0,0004
pct 4,6052 0,0017
ticker 2,8134 0,0010
citation 0,0101 0,0000
approval 2,1203 0,0008
blocks 2,9957 0,0011
mobile 0,0000 0,0000
multiple 0,2485 0,0001
perform 0,4463 0,0002
christianson 4,6052 0,0017
peak 3,2189 0,0012
colorado 3,2189 0,0012
expose 1,4271 0,0005
plainlist 0,4463 0,0002
footprint 2,5257 0,0009
pdf 0,0000 0,0000
china 1,6094 0,0006
computerworld 1,7148 0,0006
service 0,1393 0,0001
there 0,2614 0,0001
analyst 2,0402 0,0008
well 0,2744 0,0002
magazine 0,9943 0,0004
liebelson 4,6052 0,0017
outlook 3,2189 0,0012
bitness 0,0000 0,0000
rgba 0,0101 0,0000
qijun 4,6052 0,0017
unstripnowiki 3,5066 0,0013
lifespan 3,5066 0,0013
american 0,8440 0,0006
entire 0,8675 0,0003
pioneer 2,3026 0,0008
approach 0,3711 0,0001
experiment 1,7720 0,0007
williams 2,2073 0,0008
block 0,0408 0,0000
per 0,8440 0,0003
write 0,1508 0,0001
flow 0,3425 0,0001
order 0,4155 0,0003
period 1,4697 0,0005
sachs 3,5066 0,0013
pew 3,9120 0,0014
aria 0,0000 0,0000
boxtext 0,0619 0,0000
byte 0,0408 0,0000
understand 0,6162 0,0002
breuker 4,6052 0,0017
decentralize 2,5257 0,0009
indonesia 0,3567 0,0001
propose 1,0788 0,0004
reform 3,9120 0,0014
ever 1,3863 0,0005
sydney 2,9957 0,0011
winner 2,4079 0,0018
million 0,9416 0,0007
even 0,0513 0,0000
restriction 1,4271 0,0005
esperanto 0,7133 0,0003
tagline 0,0000 0,0000
cme 3,5066 0,0013
hash 1,7720 0,0013
regexp 0,0000 0,0000
hundred 1,4271 0,0005
subsection 0,1508 0,0001
wgeditsubmitbuttonlabelpublish 0,0000 0,0000
boarisch 1,9661 0,0007
toc 0,0000 0,0000
protection 0,4463 0,0002
respectively 1,3863 0,0005
functionality 0,6539 0,0002
restrict 1,5141 0,0017
wgpagecontentmodel 0,0000 0,0000
instant 2,5257 0,0009
ton 2,9957 0,0011
tom 1,3863 0,0005
top 0,0000 0,0000
technica 1,3093 0,0005
peer 1,8971 0,0007
have 0,2744 0,0001
tezos 3,2189 0,0012
hugely 3,9120 0,0014
cnn 2,1203 0,0008
question 0,9416 0,0007
ambacoin 3,2189 0,0012
ross 2,5257 0,0009
produce 0,6931 0,0008
verge 1,8326 0,0007
wgnamespacenumber 0,0000 0,0000
gandal 4,6052 0,0017
wgwmepagelength 0,0000 0,0000
entity 0,0101 0,0000
com 0,8210 0,0003
prohibit 2,3026 0,0008
capital 1,8326 0,0007
covid 1,8326 0,0007
expensivefunctioncount 0,0000 0,0000
almost 1,1087 0,0004
equally 2,8134 0,0010
fuel 2,3026 0,0008
laureate 4,6052 0,0034
anchorencode 2,8134 0,0010
associate 0,6931 0,0003
platforms 1,4697 0,0005
timeusage 0,0000 0,0000
pin 0,0000 0,0000
academic 1,3093 0,0010
frysk 2,6593 0,0010
whether 0,7765 0,0003
function 0,0000 0,0000
west 2,2073 0,0008
stock 1,8326 0,0013
verification 0,8440 0,0003
matthew 1,9661 0,0007
comparison 0,4005 0,0001
law 1,2379 0,0009
surge 2,3026 0,0017
cpu 0,0408 0,0000
infobox 0,6931 0,0003
less 0,6162 0,0002
basis 1,1087 0,0004
nonce 3,2189 0,0012
pcache 0,0619 0,0000
markets 3,5066 0,0013
coinbase 3,5066 0,0013
simplified 2,6593 0,0010
improve 0,2485 0,0002
obligation 2,8134 0,0010
october 0,0000 0,0000
rarely 2,3026 0,0008
basic 0,6539 0,0002
mcmillan 2,8134 0,0010
taxation 3,5066 0,0013
specialized 1,3471 0,0005
ahmed 3,2189 0,0012
complication 0,0513 0,0000
university 0,5621 0,0002
cause 0,6162 0,0002
combat 2,6593 0,0010
artificially 3,9120 0,0014
hanyecz 4,6052 0,0017
wikiquote 1,7148 0,0006
accidentally 2,6593 0,0010
jquery 0,0000 0,0000
scripting 1,2040 0,0004
times 1,3093 0,0005
design 0,1393 0,0001
working 1,3471 0,0005
lang 2,8134 0,0010
possibility 1,6094 0,0006
timeless 0,0101 0,0000
direction 1,2379 0,0005
vlams 3,2189 0,0012
burn 2,8134 0,0010
accord 0,5108 0,0002
luasandboxcallback 1,4271 0,0005
wgwmeschemaeditattemptstepoversample 0,0000 0,0000
despite 1,3093 0,0005
ttl 0,0000 0,0000
investor 2,4079 0,0009
vitalik 3,2189 0,0012
encyclopedia 0,0000 0,0000
qatar 3,5066 0,0013
bury 2,9957 0,0011
conduct 0,0000 0,0000
inflate 3,2189 0,0012
acsac 4,6052 0,0017
stable 0,7133 0,0003
canton 4,6052 0,0017
interested 1,8326 0,0007
wall 1,7148 0,0006
abovebelow 0,0943 0,0000
lee 1,3471 0,0005
supply 1,4697 0,0005
microbitcoin 4,6052 0,0017
circulate 2,9957 0,0011
concern 0,8210 0,0006
oversight 2,3026 0,0008
leo 3,2189 0,0012
pref 0,0000 0,0000
gofundme 4,6052 0,0017
let 0,9943 0,0004
remittance 3,9120 0,0014
state 0,3425 0,0004
csrftoken 0,0000 0,0000
snub 3,9120 0,0014
element 0,0000 0,0000
filecoin 3,2189 0,0012
environmental 1,8971 0,0007
night 0,0000 0,0000
want 0,8675 0,0006
gertrude 3,5066 0,0013
recognize 1,3471 0,0005
each 0,1393 0,0001
mediawiki 1,0788 0,0004
stecklow 4,6052 0,0017
input 0,0000 0,0000
stablecoin 3,5066 0,0013
musk 3,5066 0,0013
pisa 3,9120 0,0014
wang 2,1203 0,0008
hileman 3,9120 0,0014
offering 1,6607 0,0006
must 0,4620 0,0002
finley 2,9957 0,0011
datawrapper 1,6094 0,0006
fungibility 4,6052 0,0017
powell 3,5066 0,0013
dwolla 4,6052 0,0017
unpinned 0,0000 0,0000
cut 1,7720 0,0007
jurisdiction 2,6593 0,0020
natasha 3,5066 0,0013
alemannisch 2,3026 0,0008
facto 2,5257 0,0009
screenshot 2,5257 0,0009
ward 2,3026 0,0008
networks 1,2730 0,0005
prize 2,3026 0,0008
two 0,2744 0,0001
promote 1,3093 0,0005
found 1,2379 0,0005
attack 1,1712 0,0009
equihash 3,2189 0,0012
pow 3,5066 0,0013
currency 2,9957 0,0022
distribute 0,3857 0,0001
trillion 2,6593 0,0010
creation 0,7985 0,0003
datepublished 0,0000 0,0000
situation 1,2379 0,0005
validate 1,4697 0,0011
coinye 3,2189 0,0012
receive 0,7340 0,0005
espresso 3,9120 0,0014
dodd 4,6052 0,0017
krause 3,9120 0,0014
deflation 3,9120 0,0014
services 1,1087 0,0004
theft 2,4079 0,0018
wgusername 0,0000 0,0000
powerless 4,6052 0,0017
watch 1,6607 0,0006
thing 1,0788 0,0008
karame 3,9120 0,0014
ordinal 4,6052 0,0017
consortium 1,8326 0,0007
superscript 3,5066 0,0013
megabyte 3,5066 0,0013
goods 2,6593 0,0010
mukkamala 4,6052 0,0017
source 0,1393 0,0001
align 0,0101 0,0000
secure 1,0217 0,0004
ieee 0,8440 0,0003
hal 1,9661 0,0007
kevin 1,5606 0,0006
late 0,4155 0,0003
school 1,5141 0,0006
wolff 3,2189 0,0012
continue 0,6931 0,0003
hao 3,5066 0,0013
donation 3,2189 0,0012
hbar 3,2189 0,0012
erik 2,3026 0,0008
tech 1,2040 0,0004
hayek 3,9120 0,0014
unlock 2,4079 0,0009
last 0,0000 0,0000
imageright 0,2614 0,0001
eric 1,1394 0,0004
weight 0,0101 0,0000
develop 0,1863 0,0001
intrinsic 2,6593 0,0010
surprising 2,8134 0,0010
technologies 1,0788 0,0004
judmayer 4,6052 0,0017
measure 0,9416 0,0007
roberts 2,3026 0,0008
page 0,0000 0,0000
employees 3,9120 0,0014
full 0,0202 0,0000
cryptographer 3,5066 0,0026
away 1,4271 0,0005
memory 0,0408 0,0000
plural 4,6052 0,0017
scientist 1,3863 0,0005
concept 0,3711 0,0001
impossible 1,8971 0,0007
chewa 4,6052 0,0017
resistant 2,6593 0,0010
effort 0,8916 0,0003
seputyte 4,6052 0,0017
minimal 1,2730 0,0005
jacob 2,3026 0,0008
vote 2,4079 0,0009
early 0,4308 0,0003
enhance 0,8916 0,0003
convention 1,8971 0,0007
overview 0,5447 0,0002
center 0,0000 0,0000
purchase 1,5141 0,0011
start 0,3011 0,0003
contentious 3,5066 0,0013
volatile 2,9957 0,0011
langenheldt 4,6052 0,0017
generic 1,4697 0,0005
equal 1,9661 0,0007
fund 1,8971 0,0021
jerome 3,9120 0,0014
wikimedia 0,0000 0,0000
recipient 2,4079 0,0018
initially 1,0788 0,0004
short 0,0000 0,0000
time 0,0000 0,0000
vertcoin 3,2189 0,0012
quotation 1,7720 0,0007
finance 1,8326 0,0007
pricing 2,0402 0,0008
applications 1,3093 0,0005
rebecca 3,2189 0,0012
regulate 2,3026 0,0025
petr 4,6052 0,0017
infeasible 3,2189 0,0012
interactive 0,4463 0,0002
program 0,2614 0,0001
complementary 2,6593 0,0010
three 0,3711 0,0001
twitter 1,7720 0,0007
carbon 1,8971 0,0007
controversial 2,3026 0,0008
payment 2,0402 0,0015
enter 1,2040 0,0004
struggle 2,5257 0,0009
hardware 0,5798 0,0002
sociologist 3,9120 0,0014
hyperledger 2,9957 0,0011
cameron 2,5257 0,0009
iran 2,9957 0,0011
iraq 3,5066 0,0013
creative 0,0000 0,0000
nederlands 0,1985 0,0001
multiimageinner 3,2189 0,0012
allocate 1,5606 0,0006
wayback 0,7985 0,0003
arben 4,6052 0,0017
taproot 4,6052 0,0017
joule 3,5066 0,0013
loh 4,6052 0,0017
log 0,0000 0,0000
reliability 1,1712 0,0004
wgcheckuserclienthintsheadersjsapi 0,0000 0,0000
consume 1,3471 0,0010
euskara 0,5108 0,0002
mailing 1,8971 0,0007
layer 0,7340 0,0003
smart 1,2379 0,0005
proshares 3,9120 0,0014
unknown 1,4271 0,0005
computer 0,1863 0,0001
fundraising 3,9120 0,0014
andreas 2,5257 0,0009
low 0,0101 0,0000
timingprofile 0,0000 0,0000
theme 0,0000 0,0000
cryptographic 2,1203 0,0008
yin 3,5066 0,0013
ledger 2,8134 0,0010
wealth 2,9957 0,0011
wgcategory 0,0000 0,0000
editor 0,0000 0,0000
postexpandincludesize 0,0000 0,0000
chain 1,3471 0,0010
fiasco 4,6052 0,0017
funding 1,6607 0,0006
wallet 2,5257 0,0019
o'neill 4,6052 0,0017
initial 0,3857 0,0001
chair 2,5257 0,0009
unstrip 0,0000 0,0000
centre 2,4079 0,0009
reverse 1,7720 0,0007
adversary 2,6593 0,0020
harney 4,6052 0,0017
templateargumentsize 0,0000 0,0000
vedran 3,9120 0,0014
january 0,0000 0,0000
organizer 3,9120 0,0014
permanent 0,0000 0,0000
centralization 3,9120 0,0014
asturianu 1,2730 0,0005
nakamoto 3,5066 0,0013
chan 2,6593 0,0010
facility 1,0498 0,0004
clip 2,8134 0,0010
small 0,0305 0,0000
before 0,0305 0,0000
doom 2,6593 0,0010
theader 3,2189 0,0012
castillo 2,9957 0,0011
dai 2,9957 0,0011
italic 0,1278 0,0000
dan 0,9943 0,0004
hit 2,0402 0,0008
dao 3,2189 0,0012
bloom 3,2189 0,0012
emmanouil 4,6052 0,0017
major 0,5621 0,0002
papa 4,6052 0,0017
hiroko 3,9120 0,0014
scheuermann 4,6052 0,0017
day 0,0000 0,0000
potential 1,0788 0,0004
group 0,0408 0,0000
retailers 4,6052 0,0017
imports 4,6052 0,0017
island 2,6593 0,0010
numerically 3,9120 0,0014
workshop 1,5606 0,0006
format 0,0101 0,0000
klaus 2,9957 0,0011
archive 0,0943 0,0000
history 0,0000 0,0000
illegal 2,2073 0,0008
careless 3,5066 0,0013
square 2,1203 0,0008
twice 1,9661 0,0007
posner 4,6052 0,0017
interference 2,8134 0,0010
anarchist 4,6052 0,0034
classify 1,4271 0,0005
ease 1,7720 0,0007
credentials 2,2073 0,0008
mike 1,2040 0,0004
wgrestrictionedit 0,0000 0,0000
part 0,1985 0,0001
authers 4,6052 0,0017
wgpageparsereport 0,0000 0,0000
sheidlower 4,6052 0,0017
percent 1,7720 0,0007
debut 2,5257 0,0019
general 0,0000 0,0000
september 0,0000 0,0000
chen 1,7148 0,0006
padding 0,0000 0,0000
process 0,1625 0,0001
alternative 0,6931 0,0003
clear 0,0101 0,0000
ltr 0,0000 0,0000
behrendt 4,6052 0,0017
cymraeg 1,4697 0,0005
economics 2,2073 0,0008
third 0,5447 0,0002
build 0,2357 0,0001
approve 1,7148 0,0013
mean 0,4463 0,0003
earn 2,8134 0,0010
lua 0,0513 0,0000
cheng 2,3026 0,0008
cooper 2,6593 0,0010
further 0,3711 0,0001
account 0,0000 0,0000
hodl 4,6052 0,0017
mostly 1,2730 0,0005
dansk 0,5798 0,0002
mutually 2,8134 0,0010
del 3,2189 0,0012
uyghurche 1,9661 0,0007
den 2,8134 0,0010
vashek 4,6052 0,0017
advance 1,0788 0,0004
subunits 4,6052 0,0017
path 1,0498 0,0004
chia 2,8134 0,0010
record 0,7765 0,0009
fiat 3,5066 0,0013
abbr 0,0619 0,0000
chicago 2,4079 0,0009
you 0,0000 0,0000
announcement 1,9661 0,0007
jump 0,0000 0,0000
soft 2,1203 0,0008
happen 1,3471 0,0005
banks 2,9957 0,0011
nervos 3,2189 0,0012
impact 0,9163 0,0007
profile 1,0788 0,0004
active 0,7985 0,0003
bill 1,5606 0,0006
july 0,0000 0,0000
opportunity 1,8326 0,0007
enthusiast 2,9957 0,0011
gridcoin 3,2189 0,0012
easy 0,6733 0,0002
population 2,2073 0,0008
senior 2,0402 0,0008
route 1,6094 0,0006
valuation 2,8134 0,0010
domain 0,6931 0,0003
unicode 2,1203 0,0008
adult 3,5066 0,0013
relative 1,6607 0,0006
average 1,8971 0,0007
popper 2,8134 0,0010
subgroup 0,0513 0,0000
hot 2,6593 0,0010
investments 3,5066 0,0013
transparent 0,0619 0,0000
how 0,0834 0,0000
adoption 0,8675 0,0003
journal 0,4780 0,0002
spark 1,7720 0,0007
unlike 1,2040 0,0004
term 0,0000 0,0000
sparkes 4,6052 0,0017
mine 1,6607 0,0012
mind 1,6094 0,0006
business 0,3425 0,0003
mini 0,0619 0,0000
shumailov 4,6052 0,0017
staff 1,7720 0,0007
involve 0,6539 0,0007
possible 0,5276 0,0002
right 0,0101 0,0000
idref 2,0402 0,0008
march 0,0000 0,0000
yuan 3,9120 0,0014
june 0,0000 0,0000
wikitext 0,0000 0,0000
meet 0,9163 0,0007
series 0,5798 0,0002
junk 3,9120 0,0014
paul 0,7765 0,0003
under 0,0101 0,0000
represent 0,5978 0,0004
compete 2,0402 0,0008
die 2,6593 0,0010
ryan 1,6094 0,0006
tolerant 2,6593 0,0010
sometimes 0,6931 0,0003
promise 1,5141 0,0011
autocapitalize 0,0000 0,0000
down 0,8440 0,0003
deterministically 3,5066 0,0013
hold 0,7985 0,0006
div 0,0000 0,0000
chinese 1,5141 0,0006
ethereum 2,9957 0,0011
later 0,4005 0,0001
teth 3,2189 0,0012
raghava 4,6052 0,0017
blockade 4,6052 0,0017
bracket 0,0619 0,0000
legal 1,1712 0,0004
wgpagename 0,0000 0,0000
talk 0,0000 0,0000
tali 4,6052 0,0017
banff 4,6052 0,0017
computational 1,2040 0,0004
commonly 0,6931 0,0003
ecash 3,9120 0,0014
planet 2,6593 0,0010
sampson 4,6052 0,0017
count 0,0513 0,0000
enforcement 2,0402 0,0008
hatnote 0,2107 0,0001
ssrn 2,3026 0,0008
scholar 1,3863 0,0010
mazur 3,9120 0,0014
pinnable 0,0000 0,0000
take 0,2877 0,0003
danny 3,5066 0,0013
acceptance 1,9661 0,0007
month 0,7133 0,0005
wgrevisionid 0,0000 0,0000
cryptology 2,8134 0,0010
some 0,1744 0,0001
loan 3,9120 0,0014
virtual 0,4620 0,0002
rather 0,5978 0,0002
additional 0,0000 0,0000
laszlo 4,6052 0,0017
back 0,6349 0,0005
dominic 3,9120 0,0014
title 0,0000 0,0000
patroltoken 0,0000 0,0000
primarily 0,9943 0,0004
states 0,4943 0,0002
trow 3,2189 0,0012
load 0,0202 0,0000
goldman 2,8134 0,0010
alpha 0,0101 0,0000
ignore 1,4697 0,0005
company 0,4308 0,0003
maria 2,6593 0,0010
thomas 0,8675 0,0003
ricardo 3,5066 0,0013
just 0,4943 0,0002
owner 1,3863 0,0010
rediscover 3,9120 0,0014
custom 0,0000 0,0000
kiswahili 1,2730 0,0005
tron 3,2189 0,0012
home 0,8675 0,0003
michael 0,7133 0,0003
schedule 1,1087 0,0004
print 0,0000 0,0000
approximately 1,8971 0,0007
hua 4,6052 0,0017
beach 3,2189 0,0012
inherit 0,0101 0,0000
overwhelming 3,9120 0,0014
klint 2,9957 0,0011
alexandra 2,8134 0,0010
bitcoin 2,9957 0,0022
president 1,9661 0,0007
explain 1,1712 0,0004
unspent 4,6052 0,0017
suzanne 3,2189 0,0012
zhang 2,1203 0,0008
hope 2,1203 0,0008
attempt 0,8440 0,0006
payer 4,6052 0,0017
elliott 3,5066 0,0013
payee 4,6052 0,0017
dmy 0,0000 0,0000
executive 1,5606 0,0006
navigation 0,0000 0,0000
action 0,0000 0,0000
lock 0,0101 0,0000
text 0,0000 0,0000
usually 0,4780 0,0002
fear 2,8134 0,0021
gauge 2,9957 0,0011
ppvisitednode 0,0000 0,0000
cookie 0,0000 0,0000
researchers 3,9120 0,0014
electrical 1,4271 0,0005
protest 2,6593 0,0020
sensitive 1,2730 0,0005
bito 3,9120 0,0014
loading 0,0000 0,0000
bitcoins 3,2189 0,0012
contents 0,0000 0,0000
millibitcoin 4,6052 0,0017
explorer 1,7148 0,0006
safemoon 3,2189 0,0012
scrypt 3,2189 0,0012
doi 0,4155 0,0002
machinery 1,4271 0,0005
status 0,0000 0,0000
trading 2,1203 0,0008
server 0,4005 0,0001
satoshi 3,5066 0,0026
maidenberg 4,6052 0,0017
curve 2,1203 0,0008
dot 0,8210 0,0006
skin 0,0000 0,0000
eight 1,8326 0,0007
robert 0,9676 0,0004
file 0,0000 0,0000
government 1,2379 0,0009
known 2,6593 0,0010
joshua 1,8326 0,0007
herald 3,5066 0,0013
overpriced 4,6052 0,0017
steve 1,1394 0,0004
crime 2,2073 0,0008
man 1,8326 0,0007
map 0,8210 0,0003
wgnoticeproject 0,0000 0,0000
klein 3,2189 0,0012
renminbi 4,6052 0,0017
hannah 2,9957 0,0011
may 0,0000 0,0000
nigeria 2,8134 0,0010
max 0,0513 0,0000
socially 3,5066 0,0013
within 0,3011 0,0001
could 0,4780 0,0002
forward 1,2730 0,0005
trigger 0,0513 0,0000
menu 0,0000 0,0000
url 0,0000 0,0000
kroll 3,5066 0,0013
unidad 4,6052 0,0017
machine 0,2744 0,0001
bhutan 4,6052 0,0017
comparable 2,9957 0,0011
return 0,0000 0,0000
specialize 1,8971 0,0007
usa 1,6094 0,0006
instance 0,7765 0,0003
mail 2,2073 0,0008
stinging 4,6052 0,0017
subject 1,1087 0,0004
use 0,0000 0,0000
practically 2,6593 0,0010
usd 2,9957 0,0011
recognition 1,6607 0,0006
main 0,0000 0,0000
serve 1,0217 0,0008
nigel 3,2189 0,0012
injective 3,2189 0,0012
wright 2,0402 0,0008
solution 0,5621 0,0004
concentrated 4,6052 0,0017
find 0,3425 0,0003
monopoly 3,2189 0,0012
opponent 3,5066 0,0013
logo 0,0000 0,0000
international 0,3011 0,0001
intensive 2,2073 0,0008
alter 1,5141 0,0011
combine 0,7340 0,0003
dreyfuss 3,9120 0,0014
waste 2,4079 0,0009
feds 3,5066 0,0013
romain 3,5066 0,0013
titcoin 3,2189 0,0012
baht 4,6052 0,0017
divisible 4,6052 0,0017
utc 0,0000 0,0000
occur 0,7765 0,0006
difficult 0,9163 0,0003
establishment 2,3026 0,0008
canonical 0,0408 0,0000
film 1,8971 0,0007
ecrime 4,6052 0,0017
sistersitebox 0,6539 0,0002
originate 1,6094 0,0006
wgcurrevisionid 0,0000 0,0000
null 0,0000 0,0000
tmultus 3,2189 0,0012
background 0,0101 0,0000
true 0,0000 0,0000
header 0,0000 0,0000
nepal 3,9120 0,0014
valley 2,8134 0,0010
position 1,5141 0,0006
watchtoken 0,0000 0,0000
present 0,5621 0,0002
freelancer 3,9120 0,0014
since 0,3425 0,0001
petro 3,2189 0,0012
salvador 3,5066 0,0013
dangerous 2,4079 0,0009
bailout 4,6052 0,0017
ball 2,6593 0,0010
foreach 0,0000 0,0000
bali 2,8134 0,0010
criminalize 4,6052 0,0017
cardano 3,2189 0,0012
competitor 1,9661 0,0007
repeat 0,0101 0,0000
louis 2,5257 0,0009
justification 3,2189 0,0012
physical 1,0217 0,0004
make 0,1165 0,0002
frac 4,6052 0,0017
wggestructuredtaskrejectionreasontextinputenable 0,0000 0,0000
repeal 4,6052 0,0017
weippl 4,6052 0,0017
krugman 3,9120 0,0014
imeraj 4,6052 0,0017
structure 0,4155 0,0002
master 1,0498 0,0004
stake 2,4079 0,0009
conventional 1,6607 0,0006
regulation 1,7720 0,0013
conform 1,7148 0,0013
puzzle 2,5257 0,0009
circulation 3,9120 0,0014
online 0,7340 0,0003
simplify 1,1394 0,0004
threat 1,7148 0,0013
multisig 4,6052 0,0017
tamper 2,9957 0,0011
comst 4,6052 0,0017
judith 3,9120 0,0014
nuri 3,5066 0,0013
crash 1,6094 0,0012
lbry 3,2189 0,0012
messina 4,6052 0,0017
cover 1,2040 0,0004
bank 1,9661 0,0014
character 1,1394 0,0004
contribution 0,0000 0,0000
above 1,0788 0,0004
recursion 0,0513 0,0000
czech 0,9163 0,0003
height 0,0101 0,0000
maguder 4,6052 0,0017
august 0,0000 0,0000
module 0,0000 0,0000
namecoin 3,2189 0,0012
wikibase 0,0619 0,0000
invent 1,7720 0,0007
denationalisation 3,9120 0,0014
hijacking 2,9957 0,0011
benefit 0,9416 0,0007
datemodify 0,0619 0,0000
quality 0,8916 0,0003
illicit 3,2189 0,0012
unique 1,2379 0,0005
processing 0,6162 0,0002
hrvatski 0,7550 0,0003
shiller 3,9120 0,0014
katharina 4,6052 0,0017
notheme 0,3711 0,0001
ethan 2,9957 0,0011
fact 1,0217 0,0004
seizure 3,2189 0,0012
examine 1,5606 0,0006
tayal 4,6052 0,0017
association 1,0498 0,0004
scam 2,8134 0,0010
global 0,7985 0,0003
long 0,4005 0,0004
landfill 3,2189 0,0012
occitan 1,8326 0,0007
into 0,1985 0,0001
min 0,1165 0,0000
greece 2,8134 0,0010
christian 2,1203 0,0008
ian 1,7148 0,0006
mit 1,2040 0,0004
free 0,0000 0,0000
hijfte 4,6052 0,0017
ought 2,9957 0,0011
redirect 1,1087 0,0004
expression 1,3471 0,0005
though 0,8440 0,0003
slang 3,9120 0,0014
mann 2,8134 0,0010
many 0,2357 0,0001
people 0,9943 0,0004
firo 3,2189 0,0012
stay 2,1203 0,0008
velde 4,6052 0,0017
collaboration 1,1394 0,0004
recalibrate 4,6052 0,0017
associated 1,8326 0,0007
mismatch 2,1203 0,0008
vigna 3,2189 0,0012
oclc 1,2040 0,0004
untethered 3,9120 0,0014
open 0,1625 0,0001
circumvent 2,6593 0,0010
treat 1,3863 0,0010
tbody 0,6931 0,0003
invest 1,7720 0,0007
afterward 3,9120 0,0014
project 0,0000 0,0000
enhancement 0,0101 0,0000
inside 0,0101 0,0000
genesis 2,5257 0,0009
heckman 3,9120 0,0014
techcrunch 1,3093 0,0005
jean 1,8971 0,0007
monero 3,2189 0,0012
bernice 4,6052 0,0017
diana 2,9957 0,0011
five 0,9943 0,0004
invert 2,5257 0,0009
celebrate 3,2189 0,0012
monospace 2,0402 0,0008
wursthorn 4,6052 0,0017
look 0,7765 0,0003
modification 1,4271 0,0005
polkadot 3,2189 0,0012
ido 1,2730 0,0005
regulator 2,9957 0,0022
weindling 4,6052 0,0017
internet 0,5447 0,0002
allow 0,1863 0,0002
wired 1,2040 0,0004
delusion 4,6052 0,0017
displacing 4,6052 0,0017
isbn 0,1054 0,0000
buterin 3,2189 0,0012
proper 1,5606 0,0006
update 0,4463 0,0003
commerce 2,3026 0,0008
rouge 4,6052 0,0017
bitter 4,6052 0,0017
common 0,3711 0,0001
placeholder 0,0000 0,0000
every 0,6162 0,0002
rauchs 3,9120 0,0014
twin 2,6593 0,0010
basa 2,0402 0,0008
salvadorans 4,6052 0,0017
alvarez 4,6052 0,0017
apply 0,0000 0,0000
again 1,2379 0,0005
stockpile 3,9120 0,0014
money 1,6094 0,0006
disagree 3,5066 0,0013
zhe 4,6052 0,0017
xinhua 4,6052 0,0017
avalanche 3,2189 0,0012
step 0,7765 0,0003
andolfatto 4,6052 0,0017
chronological 3,2189 0,0012
mark 0,6733 0,0007
base 0,0305 0,0000
euphoria 3,9120 0,0014
simonite 3,5066 0,0013
larson 3,9120 0,0014
trend 1,7148 0,0006
desirable 2,3026 0,0008
whole 1,2040 0,0004
during 0,5447 0,0002
cryptocurrencies 3,2189 0,0012
incentive 2,0402 0,0008
relate 0,0000 0,0000
enable 0,0000 0,0000
price 1,2730 0,0009
safety 1,3093 0,0005
sidebar 0,0000 0,0000
treasuries 4,6052 0,0017
limitreport 0,0000 0,0000
decoration 0,0619 0,0000
reflist 0,0101 0,0000
slate 3,2189 0,0012
van 1,3093 0,0005
var 0,0000 0,0000
work 0,2231 0,0002
lose 1,3093 0,0014
matt 1,7720 0,0007
constitute 2,1203 0,0008
agree 0,0101 0,0000
heidelberg 2,6593 0,0010
wgulsislanguageselectorempty 0,0000 0,0000
kleiman 3,5066 0,0013
among 0,5276 0,0002
anyone 1,7148 0,0006
nedersaksies 2,9957 0,0011
iban 4,6052 0,0017
srpski 0,3711 0,0001
registration 0,0101 0,0000
word 0,0101 0,0000
theory 0,9416 0,0003
broadcast 2,8134 0,0010
metamask 3,2189 0,0012
spain 1,4271 0,0005
extension 0,6349 0,0002
algeria 3,9120 0,0014
olga 3,9120 0,0014
signature 1,8971 0,0007
seize 3,9120 0,0029
steem 3,2189 0,0012
oberman 4,6052 0,0017
foundation 0,0000 0,0000
secret 1,6607 0,0006
brickell 4,6052 0,0017
nick 1,8971 0,0007
across 0,5798 0,0002
uniform 1,7148 0,0006
fall 1,2379 0,0018
identity 1,2379 0,0009
moreover 2,1203 0,0008
mysterious 4,6052 0,0017
federal 1,7148 0,0006
violate 1,8971 0,0007
verify 1,5141 0,0011
collective 2,2073 0,0008
event 0,0000 0,0000
reward 2,5257 0,0009
computationally 2,6593 0,0010
include 0,0000 0,0000
alongside 1,6607 0,0006
agency 1,6607 0,0006
disagreement 3,5066 0,0013
massmutual 4,6052 0,0017
revisit 3,2189 0,0012
toggle 0,0000 0,0000
skeptic 3,9120 0,0014
mohammed 3,9120 0,0014
appearance 0,0000 0,0000
bitfinex 4,6052 0,0017
alexander 1,5606 0,0006
classname 0,0000 0,0000
stifter 4,6052 0,0017
culture 1,4271 0,0005
censor 3,9120 0,0014
anonymous 2,1203 0,0008
wggetopicsmatchmodeenable 0,0000 0,0000
spam 2,0402 0,0008
schmitt 3,9120 0,0014
first 0,0408 0,0000
algorand 3,2189 0,0012
span 1,2730 0,0005
nowrap 0,0408 0,0000
prefer 0,0101 0,0000
tirole 3,9120 0,0014
roman 0,0101 0,0000
existence 1,9661 0,0007
poll 3,5066 0,0013
wgrelevantpageisprobablyeditable 0,0000 0,0000
float 0,0101 0,0000
transclusion 0,0619 0,0000
space 0,0408 0,0000
reference 0,0101 0,0000
portfolio 2,6593 0,0010
toclimit 2,6593 0,0010
driebusch 4,6052 0,0017
ver 3,5066 0,0013
tether 3,2189 0,0012
bottom 0,0000 0,0000
libertarian 3,2189 0,0012
mining 1,9661 0,0007
fossil 2,8134 0,0010
argente 4,6052 0,0017
revision 0,0000 0,0000
magyar 0,3425 0,0001
misperception 4,6052 0,0017
provision 2,0402 0,0008
voorhees 3,5066 0,0013
publisher 0,0000 0,0000
leboa 3,9120 0,0014
permissive 2,2073 0,0008
arthur 2,2073 0,0008
img 0,0408 0,0000
imf 3,5066 0,0013
o'reilly 0,6733 0,0002
steal 2,0402 0,0015
rlstate 0,0000 0,0000
error 0,0101 0,0000
platform 0,0000 0,0000
vicky 4,6052 0,0017
network 0,3285 0,0001
toclevel 2,6593 0,0010
zazaki 2,2073 0,0008
paper 0,9416 0,0003
public 0,4155 0,0002
spend 1,3863 0,0015
craig 2,0402 0,0008
austrian 3,9120 0,0014
hajric 3,9120 0,0014
track 0,9676 0,0004
ashlee 3,9120 0,0014
value 0,0000 0,0000
faverio 4,6052 0,0017
mcgee 4,6052 0,0017
fortune 2,3026 0,0008
monetary 2,8134 0,0010
opaque 2,5257 0,0009
quantity 2,1203 0,0008
stifle 3,5066 0,0013
stijn 4,6052 0,0017
airdrop 2,8134 0,0010
resources 1,3471 0,0005
expensive 0,0408 0,0000
inu 3,2189 0,0012
performance 0,3425 0,0001
trade 1,3863 0,0015
round 1,3093 0,0005
maint 0,0101 0,0000
wiktionary 0,5798 0,0002
growth 1,2040 0,0004
platformversion 0,0000 0,0000
nandita 4,6052 0,0017
canaan 3,5066 0,0013
references 0,0513 0,0000
saved 0,0619 0,0000
year 0,2614 0,0002
urge 2,6593 0,0020
via 0,3011 0,0001
quote 0,0101 0,0000
because 0,0000 0,0000
springer 0,9676 0,0004
asharq 4,6052 0,0017
rao 3,2189 0,0012
unlikely 2,3026 0,0008
wences 3,5066 0,0013
upgrade 1,5141 0,0006
pool 2,0402 0,0015
merchant 3,5066 0,0013
economy 2,1203 0,0008
community 0,0000 0,0000
version 0,0000 0,0000
capitalize 3,2189 0,0012
vries 3,5066 0,0013
hamrick 4,6052 0,0017
stop 1,1394 0,0008
bjorn 4,6052 0,0017
eesti 0,3285 0,0001
science 0,5447 0,0002
institute 1,0498 0,0004
businessweek 2,5257 0,0009
criterion 1,5606 0,0006
primer 2,3026 0,0008
essence 3,2189 0,0012
least 0,9676 0,0004
swissinfo 4,6052 0,0017
zcash 3,2189 0,0012
wgusergroup 0,0000 0,0000
dollar 1,8971 0,0007
proponent 2,2073 0,0008
refuse 2,3026 0,0008
prohibition 3,5066 0,0013
browne 2,9957 0,0011
wikipedia 0,0000 0,0000
scots 1,8971 0,0007
afrikaans 0,9416 0,0003
fernando 3,5066 0,0013
website 0,3711 0,0001
tsmc 4,6052 0,0017
claypool 4,6052 0,0017
learn 0,0000 0,0000
unlimited 2,3026 0,0008
slam 3,9120 0,0014
fulfulde 4,6052 0,0017
fast 0,4943 0,0002
xinhuanet 4,6052 0,0017
spin 2,2073 0,0008
thumbinner 2,9957 0,0011
jeremy 2,2073 0,0008
register 0,0000 0,0000
nine 2,1203 0,0008
communicate 1,1394 0,0004
notes 0,9943 0,0004
iso 1,1394 0,0004
republic 0,8916 0,0003
mackenzie 2,9957 0,0011
historical 1,9661 0,0007
mohamed 3,2189 0,0012
official 0,6162 0,0005
acm 0,8675 0,0003
zug 3,9120 0,0014
assessment 1,7148 0,0006
blackrock 3,9120 0,0014
act 0,9416 0,0007
post 0,0202 0,0000
leave 0,0101 0,0000
chaining 4,6052 0,0017
protocols 2,0402 0,0008
add 0,0000 0,0000
shrem 3,5066 0,0013
need 0,1393 0,0002
cypherpunks 4,6052 0,0017
its 0,0726 0,0000
often 0,2877 0,0001
terrausd 4,6052 0,0017
article 0,0000 0,0000
volume 1,1712 0,0009
onecoin 3,2189 0,0012
transact 2,9957 0,0022
canada 1,6607 0,0006
parser 0,0000 0,0000
guideline 1,3471 0,0005
http 0,0000 0,0000
exchange 1,1087 0,0008
decimal 0,0101 0,0000
washington 1,5141 0,0006
useful 0,9943 0,0004
income 2,4079 0,0009
trust 1,2730 0,0005
private 0,8210 0,0003
technical 0,6349 0,0002
production 0,9943 0,0004
united 0,4780 0,0002
solana 3,2189 0,0012
wallace 2,6593 0,0010
choose 0,8440 0,0003
paste 3,9120 0,0014
wghostname 0,0000 0,0000
jaku 4,6052 0,0017
prevent 0,7340 0,0003
behave 1,5606 0,0006
benjamin 1,7720 0,0007
vol 1,1712 0,0004
accomplish 1,6607 0,0006
wgtitle 0,0000 0,0000
constituent 3,5066 0,0013
engine 0,4780 0,0002
responsible 1,2040 0,0004
end 0,3011 0,0001
identify 0,6733 0,0005
wgdigittransformtable 0,0000 0,0000
damian 3,9120 0,0014
hlist 0,0408 0,0000
label 0,0000 0,0000
special 0,0000 0,0000
modify 0,7765 0,0003
kohler 4,6052 0,0017
rlconf 0,0000 0,0000
odell 4,6052 0,0017
family 1,0217 0,0004
milda 4,6052 0,0017
deliberate 3,5066 0,0013
fomento 4,6052 0,0017
age 1,2730 0,0005
iranian 4,6052 0,0017
slightly 1,8326 0,0007
bahasa 0,3285 0,0001
movie 2,2073 0,0008
release 0,2744 0,0002
serwer 4,6052 0,0017
ago 0,7765 0,0003
caption 0,3567 0,0001
orcutt 3,9120 0,0014
investors 3,5066 0,0013
gervais 3,9120 0,0014
number 0,0000 0,0000
wgbackendresponsetime 0,0000 0,0000
shorten 0,0000 0,0000
chargeback 3,9120 0,0014
lingo 3,9120 0,0014
judge 2,5257 0,0009
proceedings 0,7550 0,0003
algorithm 0,8675 0,0003
vatrapu 4,6052 0,0017
similar 0,4780 0,0002
bradbury 4,6052 0,0017
litecoin 3,2189 0,0012
nothing 1,6607 0,0006
programmer 0,9416 0,0003
specify 0,6349 0,0002
neil 2,4079 0,0009
evelyn 2,8134 0,0010
forth 1,8971 0,0007
mieszko 4,6052 0,0017
nbc 3,2189 0,0012
relevance 3,2189 0,0012
script 1,2379 0,0005
microstrategy 4,6052 0,0017
system 0,0101 0,0000
issn 0,7765 0,0003
spot 2,1203 0,0008
silver 2,9957 0,0011
partial 1,6607 0,0006
other 0,0000 0,0000
city 1,4697 0,0005
against 0,6931 0,0003
confident 3,2189 0,0012
capkun 3,9120 0,0014
yaffe 3,9120 0,0014
local 0,7985 0,0003
valid 1,4271 0,0005
encourage 1,5141 0,0006
bubble 2,9957 0,0022
erc 3,2189 0,0012
electronic 1,0788 0,0004
share 0,4620 0,0002
elegant 2,8134 0,0010
synthesis 2,1203 0,0008
tender 3,9120 0,0014
techno 4,6052 0,0017
demographic 2,6593 0,0010
nist 2,6593 0,0010
standardisation 3,5066 0,0013
powerful 1,4697 0,0005
future 0,5978 0,0002
rlq 0,0000 0,0000
cite 0,0000 0,0000
governance 1,6094 0,0006
donald 1,7148 0,0006
rmb 4,6052 0,0017
precision 2,2073 0,0008
andresen 3,5066 0,0013
screen 0,0101 0,0000
autonomous 2,1203 0,0008
volatility 3,2189 0,0012
body 0,0000 0,0000
mode 0,0000 0,0000
pages 0,0000 0,0000
etf 3,9120 0,0029
neo 2,6593 0,0010
bureau 2,4079 0,0009
cable 2,8134 0,0010
newpp 0,0619 0,0000
ali 2,2073 0,0008
all 0,0408 0,0000
border 0,0000 0,0000
new 0,0000 0,0000
read 0,0000 0,0000
below 0,7550 0,0003
real 0,0408 0,0000
clientpref 0,0000 0,0000
tool 0,0000 0,0000
tony 1,8326 0,0007
unit 0,6539 0,0005
costelloe 3,9120 0,0014
alan 1,5606 0,0006
svenska 0,3857 0,0001
activate 2,2073 0,0008
joseph 1,5141 0,0006
collect 1,2730 0,0005
nft 3,2189 0,0012
finney 3,5066 0,0013
gear 3,5066 0,0013
stajano 4,6052 0,0017
cnbc 2,1203 0,0008
mandate 2,1203 0,0016
milmo 3,9120 0,0014
rob 2,3026 0,0008
financial 1,4697 0,0005
wgpagecontentlanguage 0,0000 0,0000
media 0,2485 0,0001
around 0,6931 0,0003
lifeline 4,6052 0,0017
lightweight 1,6094 0,0006
telegraph 2,8134 0,0010
rect 3,9120 0,0014
wgisarticle 0,0000 0,0000
negatively 2,9957 0,0011
shams 3,2189 0,0012
predict 1,6607 0,0006
row 0,4943 0,0002
render 0,0513 0,0000
interlingua 1,3093 0,0005
interlingue 3,2189 0,0012
egypt 3,2189 0,0012
vildana 3,9120 0,0014
ecdsa 3,2189 0,0012
quartz 2,5257 0,0009
effron 4,6052 0,0017
requirement 0,5798 0,0002
specific 0,2877 0,0001
any 0,2107 0,0001
minute 1,8326 0,0007
olivia 3,9120 0,0014
super 2,8134 0,0010
ulbricht 3,5066 0,0013
application 0,0943 0,0001
wgflaggedrevsparams 0,0000 0,0000
until 0,7765 0,0003
coindesk 3,5066 0,0013
strategy 0,7340 0,0003
collapse 0,0408 0,0000
reason 0,7985 0,0003
benchmarking 2,6593 0,0010
legend 2,2073 0,0008
maintain 0,3567 0,0005
millionth 4,6052 0,0017
wgrelevantarticleid 0,0000 0,0000
preprocessor 0,0513 0,0000
professional 0,9416 0,0003
oxford 1,7720 0,0007
jai 4,6052 0,0017
jan 1,6094 0,0006
annual 1,0788 0,0004
english 0,0000 0,0000
pivot 3,2189 0,0012
underbelly 4,6052 0,0017
lightning 2,8134 0,0010
cache 0,0305 0,0000
iota 3,2189 0,0012
margin 0,0000 0,0000
suomi 0,2107 0,0001
wgrequestid 0,0000 0,0000
nicholas 2,6593 0,0010
remain 0,7550 0,0006
enwikimwclientpreference 0,0000 0,0000
szabo 3,5066 0,0013
rlpagemodules 0,0000 0,0000
antonopoulos 3,5066 0,0013
alex 1,3863 0,0005
dictionary 1,2040 0,0004
hampton 3,9120 0,0014
letter 1,5606 0,0006
samea 0,0000 0,0000
philosophical 2,9957 0,0011
wgwikibaseitemid 0,0000 0,0000
accuse 3,2189 0,0012
wgulsiscompactlinksenable 0,0000 0,0000
frequently 1,0788 0,0004
another 0,3567 0,0001
pagevariantfallback 0,0000 0,0000
recommend 1,4697 0,0011
acquire 1,1087 0,0004
worth 2,5257 0,0009
webarchive 0,7985 0,0003
sybil 4,6052 0,0017
mingxiao 4,6052 0,0017
ernest 4,6052 0,0017
wgmonthname 0,0000 0,0000
disabled 0,0000 0,0000
where 0,2744 0,0001
mechanism 0,7550 0,0006
arm 1,6607 0,0006
paypal 3,5066 0,0013
popular 0,6539 0,0002
timestamp 0,0000 0,0000
scaling 2,0402 0,0008
vice 2,2073 0,0008
ars 1,9661 0,0007
black 1,5141 0,0006
aljosha 4,6052 0,0017
supporter 2,9957 0,0011
call 0,0101 0,0000
consensus 2,3026 0,0008
speculative 2,6593 0,0010
such 0,0943 0,0000
classic 1,3093 0,0005
wilson 2,1203 0,0008
ownership 2,2073 0,0008
absolute 2,0402 0,0008
ask 1,0498 0,0004
supervise 1,9661 0,0007
oliver 2,4079 0,0009
describe 0,2485 0,0002
through 0,2107 0,0001
administration 1,2730 0,0005
colloquial 4,6052 0,0017
nano 2,4079 0,0009
organisation 2,2073 0,0008
bomb 2,6593 0,0010
challenging 2,2073 0,0008
research 0,5621 0,0002
debate 1,7720 0,0007
segwit 3,2189 0,0012
mother 3,5066 0,0013
either 0,5621 0,0002
view 0,0000 0,0000
vulnerable 1,7720 0,0007
jep 4,6052 0,0017
white 0,0305 0,0000
cambridge 1,5141 0,0006
atm 3,2189 0,0012
donate 0,0000 0,0000
micah 4,6052 0,0017
seediq 4,6052 0,0017
bloomberg 1,7148 0,0006
might 0,7340 0,0003
spacex 3,5066 0,0013
bold 0,0408 0,0000
significant 0,6931 0,0003
difficulty 1,6607 0,0006
glossary 1,7148 0,0006
walther 4,6052 0,0017
galego 0,7550 0,0003
name 0,0000 0,0000
rallies 3,9120 0,0014
cputime 0,0000 0,0000
watchlist 0,0000 0,0000
bernard 2,8134 0,0010
color 0,0101 0,0000
import 1,5606 0,0006
string 1,2040 0,0004
boom 2,5257 0,0009
michelle 2,9957 0,0011
attract 2,9957 0,0011
nearly 1,4697 0,0005
show 0,0513 0,0001
description 0,0000 0,0000
disappear 2,9957 0,0011
summit 2,0402 0,0008
scalability 1,3093 0,0005
malicious 2,1203 0,0008
not 0,0101 0,0000
central 0,9416 0,0003
pizza 3,9120 0,0029
decentralization 3,2189 0,0012
impose 1,9661 0,0007
peercoin 3,2189 0,0012
florian 3,5066 0,0013
street 1,5606 0,0006
now 0,4308 0,0002
statement 0,0000 0,0000
trademark 0,0101 0,0000
greek 0,0101 0,0000
news 0,4620 0,0002
griffin 3,5066 0,0013
armstrong 2,5257 0,0009
race 1,8971 0,0007
naor 3,5066 0,0013
introduce 0,3285 0,0002
moni 3,5066 0,0013
way 0,2485 0,0001
irene 3,5066 0,0013
massively 2,5257 0,0009
target 0,0101 0,0000
what 0,0000 0,0000
guidance 1,8971 0,0007
refer 0,4155 0,0003
stellar 3,2189 0,0012
african 2,9957 0,0011
israel 0,7550 0,0003
hype 2,4079 0,0009
learner 2,8134 0,0010
mbtc 4,6052 0,0017
risk 0,8916 0,0007
bukele 3,9120 0,0014
rise 1,2379 0,0005
greg 2,0402 0,0008
tostring 3,9120 0,0014
container 0,0000 0,0000
discard 2,9957 0,0011
trump 2,6593 0,0010
developers 0,0000 0,0000
stiglitz 3,9120 0,0014
usage 0,0000 0,0000
fad 3,2189 0,0012
wgmediaviewerenabledbydefault 0,0000 0,0000
nearby 0,0000 0,0000
when 0,0834 0,0000
jin 3,5066 0,0013
apwg 4,6052 0,0017
far 1,2730 0,0005
broad 1,1394 0,0004
embed 0,9163 0,0003
cash 2,2073 0,0008
mazacoin 3,2189 0,0012
plan 0,7985 0,0003
case 0,3285 0,0001
fintechs 4,6052 0,0017
clinch 4,6052 0,0017
give 0,4780 0,0002
item 0,0000 0,0000
wgmediavieweronclick 0,0000 0,0000
double 1,0498 0,0004
wgulsposition 0,0000 0,0000
melayu 0,6349 0,0002
davis 1,7148 0,0006
fbi 3,2189 0,0012
wgbreakframe 0,0000 0,0000
italiano 0,1278 0,0000
sticky 0,0000 0,0000
style 0,0000 0,0000
card 1,3863 0,0005
implicit 2,0402 0,0008
study 0,9416 0,0003
searchinput 0,0000 0,0000
direct 0,8440 0,0003
pattern 0,5978 0,0002
tschorsch 4,6052 0,0017
commons 0,0000 0,0000
friedrich 3,2189 0,0012
rainer 3,2189 0,0012
confuse 1,2040 0,0004
freedom 2,0402 0,0008
web 0,1165 0,0000
arvind 2,6593 0,0010
wei 2,5257 0,0009
protect 1,1394 0,0004
berlin 1,8326 0,0007
architecture 0,0000 0,0000
insider 1,5606 0,0006
sakizaya 4,6052 0,0017
more 0,0000 0,0000
display 0,0000 0,0000
electricity 2,8134 0,0010
climate 2,4079 0,0009
great 0,8675 0,0006
bose 4,6052 0,0017
criticize 1,5141 0,0006
organization 0,0000 0,0000
forbes 1,5141 0,0006
rage 3,9120 0,0014
width 0,0000 0,0000
certain 0,6162 0,0002
board 1,0217 0,0004
economic 1,6607 0,0006
charlie 2,6593 0,0010
statistics 0,0000 0,0000
hunters 4,6052 0,0017
shut 2,6593 0,0010
arrest 3,2189 0,0012
distinction 2,0402 0,0008
fed 3,5066 0,0013
tesla 2,6593 0,0010
fee 2,2073 0,0016
baidu 2,4079 0,0009
simple 0,2231 0,0001
dawson 3,5066 0,0013
used 2,3026 0,0008
centralized 1,9661 0,0007
monetarists 4,6052 0,0017
protocol 0,5621 0,0002
overflow 0,3567 0,0001
whale 2,5257 0,0019
kharif 3,9120 0,0014
percentage 2,2073 0,0008
krombholz 4,6052 0,0017
few 0,7133 0,0003
adam 1,5606 0,0006
davey 4,6052 0,0017
visible 0,0101 0,0000
marketplace 2,3026 0,0008
king 2,6593 0,0010
narayanan 2,9957 0,0011
both 0,0305 0,0000
important 0,0101 0,0000
market 0,9943 0,0007
most 0,2107 0,0001
shill 3,9120 0,0014
transfer 0,7985 0,0006
daily 1,8326 0,0007
effect 0,8440 0,0003
keep 0,6733 0,0010
topic 0,0000 0,0000
divisibility 4,6052 0,0017
who 0,5621 0,0002
politics 2,3026 0,0008
diem 3,2189 0,0012
game 0,7765 0,0003
crucial 2,1203 0,0008
contribute 0,0000 0,0000
jon 1,6607 0,0006
why 0,6539 0,0002
invests 4,6052 0,0017
highlight 1,3093 0,0005
administrator 1,6094 0,0006
database 0,2485 0,0001
sigalos 3,5066 0,0013
along 0,7340 0,0003
inversion 2,6593 0,0010
billion 1,3471 0,0005
reject 2,1203 0,0008
inventor 2,4079 0,0009
david 0,5798 0,0002
win 1,7148 0,0006
sam 1,8326 0,0007
harlev 4,6052 0,0017
malti 3,5066 0,0013
wgseparatortransformtable 0,0000 0,0000
breach 1,6094 0,0006
rest 1,0788 0,0004
amount 0,9416 0,0007
move 0,0000 0,0000
comply 2,2073 0,0008
original 0,0943 0,0000
hashgraph 3,2189 0,0012
malte 3,9120 0,0014
also 0,0202 0,0000
say 0,6733 0,0010
nxt 3,2189 0,0012
terminal 1,7720 0,0007
increase 0,4620 0,0005
jasper 4,6052 0,0017
primecoin 3,2189 0,0012
inline 0,0408 0,0000
various 0,3857 0,0001
attention 1,7148 0,0006
printout 3,9120 0,0014
visit 0,0408 0,0000
rasool 4,6052 0,0017
timothy 1,9661 0,0007
user 0,0000 0,0000
simply 0,9676 0,0004
customer 0,7550 0,0003
bad 1,4271 0,0005
bring 0,9676 0,0004
tooltip 0,8675 0,0003
brink 4,6052 0,0017
hausa 1,8971 0,0007
kashmir 3,5066 0,0013
ban 2,3026 0,0017
offer 0,4155 0,0003
pham 3,9120 0,0014
denver 3,5066 0,0013
bar 1,3863 0,0010
estonia 3,9120 0,0014
fix 0,5108 0,0002
complex 0,5621 0,0002
theron 4,6052 0,0017
bbc 1,9661 0,0007
grow 0,8675 0,0006
sure 2,1203 0,0008
newport 3,2189 0,0012
personal 0,0000 0,0000
former 1,3093 0,0005
kelion 4,6052 0,0017
panic 2,8134 0,0010
extend 0,6162 0,0002
delay 1,8326 0,0007
globe 2,6593 0,0010
imageobject 0,0000 0,0000
interpretation 2,2073 0,0008
patten 4,6052 0,0017
trucker 4,6052 0,0034
drive 0,4780 0,0004
brother 3,9120 0,0014
jones 1,8971 0,0007
frank 1,4271 0,0005
fundraiser 4,6052 0,0017
be 0,1508 0,0002
scheme 0,0101 0,0000
isabella 4,6052 0,0017
affect 1,0217 0,0004
pseudonymous 3,5066 0,0013
scarcity 3,5066 0,0013
icon 0,0101 0,0000
mansoor 4,6052 0,0017
expansiondepth 0,0000 0,0000
sec 2,8134 0,0010
communications 1,2040 0,0004
search 0,0000 0,0000
see 0,0408 0,0000
spacing 0,0619 0,0000
laundering 3,5066 0,0013
systems 0,4780 0,0002
fool 2,5257 0,0009
wgrelevantpagename 0,0000 0,0000
franc 4,6052 0,0017
national 0,4463 0,0002
subsequent 1,6094 0,0006
unbordered 2,5257 0,0009
innovation 1,2379 0,0005
charge 1,6094 0,0006
contain 0,0101 0,0000
ostroff 3,5066 0,0013
founder 1,4697 0,0005
shqip 0,6931 0,0003
edgar 2,8134 0,0010
column 0,0101 0,0000
procedure 0,9676 0,0004
river 1,8326 0,0007
validity 2,6593 0,0010
wgaction 0,0000 0,0000
byzantine 3,5066 0,0013
font 0,0000 0,0000
christin 4,6052 0,0017
encode 1,5141 0,0011
terra 3,2189 0,0012
cynthia 2,8134 0,0010
language 0,0000 0,0000
do 0,1625 0,0001
navbox 0,0943 0,0000
denomination 4,6052 0,0017
listitem 0,0408 0,0000
differentiate 2,3026 0,0008
japanese 2,0402 0,0008
davradakis 4,6052 0,0017
contact 0,0000 0,0000
rare 1,8971 0,0007
useless 2,6593 0,0010
france 0,8675 0,0003
lavin 4,6052 0,0017
warning 1,8326 0,0007
michel 3,2189 0,0012
ed 1,5141 0,0006
srdjan 3,9120 0,0014
image 0,0202 0,0000
coinage 3,9120 0,0014
typically 0,3857 0,0001
dillet 3,5066 0,0013
tumbler 3,2189 0,0012
sha 2,4079 0,0009
cryptocurrency 2,5257 0,0019
auroracoin 3,2189 0,0012
adjust 1,8971 0,0007
western 2,2073 0,0008
finances 3,9120 0,0014
party 0,6539 0,0002
little 1,0788 0,0004
cursor 0,0619 0,0000
however 0,3011 0,0001
deep 1,3863 0,0005
origin 0,0000 0,0000
regulatory 2,5257 0,0009
walltime 0,0000 0,0000
interlanguage 0,0000 0,0000
content 0,0000 0,0000
luna 2,9957 0,0011
ethash 3,2189 0,0012
random 0,0000 0,0000
alert 1,8326 0,0007
rate 1,2730 0,0005
sanction 2,4079 0,0009
jersey 2,4079 0,0009
await 2,9957 0,0011
client 0,0000 0,0000
foss 1,8971 0,0007
class 0,0000 0,0000
gehomepagesuggestededitsenabletopic 0,0000 0,0000
outlawed 3,9120 0,0014
conversion 1,9661 0,0007
sit 2,9957 0,0011
digital 0,6162 0,0002
over 0,3285 0,0001
stablecoins 3,2189 0,0012
lowercase 2,9957 0,0011
casares 3,5066 0,0013
gamble 3,9120 0,0014
nikolai 3,9120 0,0014
false 0,0000 0,0000
go 0,9943 0,0007
elon 3,5066 0,0013
counter 0,0408 0,0000
parse 0,0619 0,0000
srpskohrvatski 0,9163 0,0003
fork 1,1394 0,0013
clark 2,0402 0,0008
form 0,3011 0,0002
management 0,2231 0,0001
publish 0,4463 0,0002
pyramid 2,6593 0,0010
jofi 4,6052 0,0017
developer 0,1744 0,0001
avoid 0,0101 0,0000
fresh 2,2073 0,0008
he 0,6733 0,0002
prompt 1,5606 0,0006
big 0,7550 0,0003
very 0,5978 0,0002
philipp 3,9120 0,0014
practice 0,6349 0,0002
advanced 0,7985 0,0003
congress 2,3026 0,0008
canadian 2,2073 0,0008
bit 1,3863 0,0005
legislative 3,2189 0,0012
improved 2,9957 0,0011
output 0,0000 0,0000
carol 2,9957 0,0011
inactive 2,5257 0,0009
else 2,0402 0,0008
four 0,9676 0,0004
ravi 2,9957 0,0011
recognise 3,2189 0,0012
majority 1,5141 0,0006
model 0,0000 0,0000
join 1,1087 0,0004
portal 0,0000 0,0000
augur 3,2189 0,0012
manipulation 1,1712 0,0004
french 2,3026 0,0008
reduce 0,0101 0,0000
sentence 0,0000 0,0000
issue 0,3425 0,0003
kern 0,0101 0,0000
large 0,2485 0,0003
gruber 3,5066 0,0013
edelman 3,9120 0,0014
leaderless 3,9120 0,0014
odd 0,0943 0,0000
conservation 4,6052 0,0017
traditional 0,7985 0,0003
operate 0,3567 0,0003
celsius 3,9120 0,0014
contrast 0,9416 0,0003
exclusively 1,6607 0,0006
john 0,5276 0,0002
begin 0,5108 0,0006
wgvisualeditor 0,0000 0,0000
become 0,2877 0,0003
template 0,0000 0,0000
enwiki 0,0619 0,0000
smc 3,9120 0,0014
eventually 1,1394 0,0004
ilia 4,6052 0,0017
subscription 0,0101 0,0000
literature 1,9661 0,0007
library 0,3857 0,0001
navbar 0,0202 0,0000
world 0,3857 0,0001
inquiry 3,2189 0,0012
subbox 0,6931 0,0003
slump 3,9120 0,0014
december 0,0000 0,0000
hien 4,6052 0,0017
everything 1,2730 0,0005
guardian 1,8326 0,0007
montag 4,6052 0,0017
table 0,0000 0,0000
berber 4,6052 0,0017
creator 1,2730 0,0005
side 0,3425 0,0001
gaeilge 1,2040 0,0004
break 0,0101 0,0000
halve 3,5066 0,0013
change 0,0000 0,0000
restaurant 4,6052 0,0034
nobel 3,9120 0,0014
katie 2,5257 0,0009
printable 0,0000 0,0000
generally 0,5447 0,0002
hide 0,0000 0,0000
nathaniel 2,6593 0,0010
polygon 2,8134 0,0010
shiba 3,2189 0,0012
tunisia 3,9120 0,0014
report 0,0202 0,0000
complete 0,4780 0,0002
transaction 1,0217 0,0008
adrianne 3,5066 0,0013
auto 0,0726 0,0000
several 0,4155 0,0002
sign 1,2379 0,0014
bibcode 1,6094 0,0006
ghassan 3,9120 0,0014
xxvi 4,6052 0,0017
wgcanonicalspecialpagename 0,0000 0,0000
while 0,2614 0,0001
roger 1,9661 0,0007
second 0,0408 0,0000
schnorr 4,6052 0,0017
download 0,0000 0,0000
high 0,0101 0,0000
reuters 2,2073 0,0008
split 0,0000 0,0000
contagious 4,6052 0,0017
morgan 1,7720 0,0007
chaum 3,5066 0,0013
than 0,2357 0,0001
limit 0,0000 0,0000
claim 0,9676 0,0004
bnf 0,9163 0,0003
noah 3,2189 0,0012
brian 1,2730 0,0005
different 0,0513 0,0000
directly 0,5108 0,0002
chronic 3,5066 0,0013
hashcash 3,9120 0,0014
officially 1,8971 0,0007
sidoti 4,6052 0,0017
bitmain 3,5066 0,0013
level 0,0000 0,0000
turmoil 3,9120 0,0014
author 0,0000 0,0000
greenhouse 3,2189 0,0012
thai 3,5066 0,0013
weighting 4,6052 0,0017
establish 0,8916 0,0007
expansion 0,0619 0,0000
daniel 1,2040 0,0004
license 0,0000 0,0000
expand 0,0101 0,0000
spv 4,6052 0,0017
wgmfdisplaywikibasedescription 0,0000 0,0000
extendedconfirmed 3,9120 0,0014
retrieve 0,0000 0,0000
survey 0,9416 0,0007
morocco 3,9120 0,0014
spy 2,5257 0,0009
datum 0,0408 0,0000
heat 2,4079 0,0009
behind 1,2730 0,0005
code 0,0000 0,0000
hammer 3,5066 0,0013
wgdefaultdateformat 0,0000 0,0000
ideology 3,2189 0,0012
box 0,0408 0,0000
storage 0,3711 0,0001
pseudonym 3,9120 0,0014
digitally 2,9957 0,0011
murphy 2,4079 0,0009
total 0,0000 0,0000
oil 3,2189 0,0012
bitconnect 3,2189 0,0012
deutsch 0,0943 0,0000
reserve 2,4079 0,0018
xiaofeng 3,2189 0,0012
highly 1,1712 0,0004
billionaire 3,5066 0,0013
economist 2,6593 0,0020
initiative 1,0217 0,0004
determine 0,7985 0,0003
nature 1,0498 0,0004
social 0,8210 0,0003
src 0,6349 0,0002
anderson 1,9661 0,0007
recycling 4,6052 0,0017
control 0,1625 0,0001
voluntarily 4,6052 0,0017
dogecoin 3,2189 0,0012
perspectives 2,9957 0,0011
attribution 0,0000 0,0000
issuance 3,2189 0,0012
kodakcoin 3,2189 0,0012
increasingly 1,4271 0,0005
pt 4,6052 0,0017
strategic 2,0402 0,0008
vary 0,0619 0,0000
upper 0,0101 0,0000
luasandbox 1,4271 0,0005
hashrate 4,6052 0,0017
emission 3,2189 0,0012
extremely 1,7720 0,0007
freeze 3,2189 0,0036
engines 1,3471 0,0005
estimate 1,3863 0,0010
adversaries 4,6052 0,0017
expiry 0,0619 0,0000
minerva 0,0101 0,0000
brand 0,0000 0,0000
publishing 0,7550 0,0003
recent 0,0000 0,0000
they 0,0619 0,0001
forks 2,8134 0,0010
proposal 1,6094 0,0006
github 0,7340 0,0003
edit 0,0000 0,0000
old 0,8675 0,0006
decentralized 2,3026 0,0008
then 0,3567 0,0001
accept 1,1087 0,0016
cody 3,2189 0,0012
morning 3,5066 0,0013
node 0,0305 0,0000
adopt 0,9163 0,0003
nobold 3,9120 0,0014
mercantile 4,6052 0,0017
oppose 1,6094 0,0012
ulrich 2,9957 0,0011
commentary 3,5066 0,0013
sub 1,9661 0,0007
access 0,2877 0,0001
conference 0,3425 0,0001
sum 1,9661 0,0007
sun 1,2730 0,0005
wilhelm 2,8134 0,0010
seem 1,8971 0,0014
btc 3,5066 0,0013
tabuchi 3,9120 0,0014
offline 2,5257 0,0009
selflink 0,0101 0,0000
current 0,0000 0,0000
nynorsk 1,2379 0,0005
jaune 4,6052 0,0017
mikkel 3,9120 0,0014
lecture 1,6094 0,0012
vector 0,0000 0,0000
randomx 3,2189 0,0012
key 0,0305 0,0000
silk 2,2073 0,0008
cachereport 0,0000 0,0000
storm 2,8134 0,0010
decision 0,8675 0,0003
manager 0,8440 0,0003
necessary 0,8440 0,0003
one 0,0943 0,0000
amid 3,5066 0,0013
launch 0,9943 0,0007
store 0,5447 0,0004
winaray 1,7720 0,0007
katz 2,8134 0,0010
thumbcaption 3,2189 0,0012
tagalog 1,2040 0,0004
confirm 1,6094 0,0006
single 0,3147 0,0001
entityaccesscount 0,0000 0,0000
hill 1,7148 0,0006
dealer 3,5066 0,0013
amin 3,9120 0,0014
awsat 4,6052 0,0017
country 1,3863 0,0010
symbol 1,8326 0,0013
commercial 0,8440 0,0003
declare 1,6094 0,0006
swi 3,9120 0,0014
buy 1,4271 0,0021
available 0,0000 0,0000
corrie 4,6052 0,0017
advocate 1,8971 0,0007
frequency 1,6607 0,0006
zero 1,0217 0,0004
yahoo 2,5257 0,0009
variant 0,0619 0,0000
ritchie 2,5257 0,0009
generate 0,8210 0,0009
felten 3,5066 0,0013
ensure 0,7985 0,0003
stoll 3,2189 0,0012
epidemic 4,6052 0,0017
sink 3,5066 0,0013
this 0,1278 0,0000
anarchy 3,2189 0,0012
norsk 0,3285 0,0001
bustillos 4,6052 0,0017
satoshis 4,6052 0,0017
memusage 0,0000 0,0000
chancellor 4,6052 0,0017
xiangwei 4,6052 0,0017
bitlicense 3,2189 0,0012
especially 0,8210 0,0003
blockchain 2,0402 0,0015
once 0,7985 0,0003
hint 2,5257 0,0009
solve 0,9416 0,0003
know 0,2231 0,0002
wyatt 4,6052 0,0017
support 0,1393 0,0001
coin 1,6094 0,0012
drop 1,1394 0,0004
idea 0,9676 0,0007
wgpopupsflag 0,0000 0,0000
polski 0,1165 0,0000
privacy 0,0000 0,0000
cold 2,8134 0,0010
learning 0,8916 0,0003
vertical 0,7985 0,0003
xbt 4,6052 0,0017
pure 1,9661 0,0007
life 0,9416 0,0003
kin 2,8134 0,0010
gap 1,2040 0,0004
gas 2,5257 0,0009
missing 2,4079 0,0009
anonymity 2,9957 0,0011
monospaced 2,0402 0,0008
unregistered 3,2189 0,0012
dana 2,6593 0,0010
successful 1,2379 0,0005
coverage 2,4079 0,0009
normal 0,0202 0,0000
previous 1,1712 0,0004
org 1,5141 0,0006
argue 1,4271 0,0011
consumption 1,4697 0,0005
technology 0,1863 0,0001
pedigree 4,6052 0,0017
jihan 3,5066 0,0013
vaccine 4,6052 0,0017
wgarticleid 0,0000 0,0000
pagelanguagedir 0,0000 0,0000
wgcitereferencepreviewsactive 0,0000 0,0000
anthony 2,1203 0,0008
bangladesh 3,2189 0,0012
ecosystem 1,2040 0,0004
software 0,0000 0,0000
chains 4,6052 0,0017
reach 1,2040 0,0009
none 0,0101 0,0000
repository 0,5276 0,0002
type 0,0000 0,0000
april 0,0000 0,0000
beyond 1,0217 0,0004
feuer 3,5066 0,0013
hack 1,3471 0,0005
jeffries 2,8134 0,0010
problem 0,3285 0,0001
garrick 3,9120 0,0014
road 1,7148 0,0006
justify 1,8326 0,0007
nicolas 3,2189 0,0012
review 0,6162 0,0005
proof 1,7148 0,0006
presence 1,3471 0,0005
between 0,2107 0,0001
convoy 4,6052 0,0017
inability 2,9957 0,0011
bitgo 3,5066 0,0013
researcher 1,3093 0,0005
contract 1,4271 0,0011
numismatics 3,5066 0,0013
conclude 2,4079 0,0009
come 0,4155 0,0003
baseline 1,7720 0,0007
ott 2,5257 0,0009
push 0,0000 0,0000
susceptible 2,8134 0,0010
exist 0,4155 0,0003
tsingle 3,2189 0,0012
exact 1,5606 0,0006
substantially 2,6593 0,0010
tostr 3,2189 0,0012
south 1,9661 0,0007
james 0,9676 0,0004
claire 2,6593 0,0010
distribution 0,8916 0,0003
out 0,0000 0,0000
feature 0,0000 0,0000
cached 0,4463 0,0002
get 0,0000 0,0000
chavez 3,5066 0,0013
dark 0,0101 0,0000
copy 1,1712 0,0004
place 0,5447 0,0004
power 0,6733 0,0002
sensible 3,5066 0,0013
unallocated 4,6052 0,0017
caitlin 3,9120 0,0014
sell 1,3471 0,0010
sally 4,6052 0,0017
bitix 4,6052 0,0017
suggest 1,0217 0,0004
lead 0,2231 0,0002
token 1,7148 0,0013
filter 1,4697 0,0005
expect 0,8440 0,0003
help 0,0000 0,0000
site 0,0000 0,0000
depth 0,0000 0,0000
unravel 4,6052 0,0017
self 0,7133 0,0003
asset 2,0402 0,0008
currencies 3,2189 0,0012
sharealike 0,0000 0,0000
date 0,3011 0,0003
magic 1,9661 0,0007
addresses 3,5066 0,0013
argument 0,0513 0,0000
reveal 1,5606 0,0006
data 0,0000 0,0000
theoretical 1,6094 0,0006
own 0,4780 0,0004
sound 1,3471 0,0005
wgpageviewlanguage 0,0000 0,0000
drug 2,3026 0,0017
norm 2,6593 0,0010
assets 2,9957 0,0011
barrier 1,8326 0,0007
accesskey 0,0000 0,0000
twelfth 3,9120 0,0014
only 0,2107 0,0001
create 0,0000 0,0000
publishers 2,1203 0,0008
criminal 2,2073 0,0008
tag 0,0000 0,0000
whoppercoin 3,2189 0,0012
development 0,1278 0,0000
individual 0,7985 0,0006
like 0,2231 0,0001
netherlands 2,3026 0,0008
delft 4,6052 0,0017
tax 1,8971 0,0014
towards 1,2040 0,0004
crypto 2,3026 0,0008
mobilecoin 3,2189 0,0012
reusable 1,9661 0,0007
core 0,5621 0,0002
draper 3,2189 0,0012
capitalization 3,2189 0,0012
fraud 2,1203 0,0008
person 0,6162 0,0005
dash 2,6593 0,0010
elliptic 2,9957 0,0011
send 0,7550 0,0006
potentially 0,7765 0,0003
here 0,0000 0,0000
note 0,4155 0,0003
selena 3,9120 0,0014
dave 1,5141 0,0006
secretive 3,5066 0,0013
sesotho 3,9120 0,0014
week 1,2379 0,0005
purpose 0,5108 0,0004
line 0,0101 0,0000
link 0,0000 0,0000
snake 3,9120 0,0014
distinct 1,3471 0,0005
scale 0,4943 0,0002
can 0,0408 0,0000
computing 0,4155 0,0002
security 0,3285 0,0001
cap 0,0619 0,0001
contributor 0,0000 0,0000
barhydt 4,6052 0,0017
wgcanonicalnamespace 0,0000 0,0000
car 1,8326 0,0007
flex 0,5276 0,0002
ready 0,0000 0,0000
ponzi 3,9120 0,0014
winklevoss 3,5066 0,0013
cost 0,6733 0,0005
wgisredirect 0,0000 0,0000
limited 0,8916 0,0003
satisfy 1,7720 0,0007
will 0,2485 0,0001
february 0,0000 0,0000
implementation 0,3147 0,0001
match 0,5276 0,0004
yanofsky 4,6052 0,0017
fault 1,1712 0,0004
interplay 3,5066 0,0013
follow 0,2744 0,0001
really 1,5606 0,0006
aventus 3,2189 0,0012
tyler 3,2189 0,0012
cuthbertson 4,6052 0,0017
recursiveclone 1,6607 0,0006
cbs 2,4079 0,0009
corresponding 3,9120 0,0014
cota 4,6052 0,0017
responsive 0,0202 0,0000
york 0,8440 0,0003
lily 3,5066 0,0013
namespace 1,5141 0,0006
challenge 0,6162 0,0002
counterparty 3,2189 0,0012
independently 1,3863 0,0005
category 0,0000 0,0000
wile 3,9120 0,0014
intend 0,6162 0,0002
rival 2,6593 0,0010
wikidata 0,0000 0,0000
callparserfunction 1,4271 0,0005
