numerous 1,3863 0,0006
upload 0,0000 0,0000
wggelevelingupenabledforuser 0,0000 0,0000
wgrestrictionmove 0,0000 0,0000
without 0,2744 0,0001
virgil 3,9120 0,0018
would 0,3425 0,0002
sister 1,6094 0,0007
energy 1,4697 0,0007
solid 0,0202 0,0000
thus 0,7550 0,0003
switzerland 2,4079 0,0011
require 0,0000 0,0000
analysis 0,5108 0,0002
scribunto 0,0000 0,0000
shapella 4,6052 0,0021
correlation 2,8134 0,0013
exposure 2,4079 0,0011
size 0,0000 0,0000
left 0,0408 0,0000
sender 2,3026 0,0010
cdx 0,0000 0,0000
externally 2,9957 0,0014
much 0,6931 0,0003
ferdinand 4,6052 0,0021
commodity 2,4079 0,0022
independent 0,8440 0,0004
ahead 1,7148 0,0008
infinite 2,5257 0,0011
yellow 2,9957 0,0014
dannen 4,6052 0,0021
notable 1,1394 0,0005
ceo 1,5606 0,0007
example 0,2485 0,0002
gold 2,6593 0,0012
result 0,2231 0,0004
same 0,2357 0,0001
ethsuisse 4,6052 0,0021
commission 1,4697 0,0007
after 0,0305 0,0000
listing 3,2189 0,0015
headline 0,0000 0,0000
connect 0,8675 0,0008
policy 0,0000 0,0000
address 0,5621 0,0005
financiers 4,6052 0,0021
citerefkauflin 4,6052 0,0021
uniswap 4,6052 0,0021
helium 2,9957 0,0014
abbreviation 2,5257 0,0011
pagelanguagecode 0,0000 0,0000
transientcontent 0,0000 0,0000
yorker 3,2189 0,0015
halt 2,5257 0,0011
subtle 0,3285 0,0001
component 0,3147 0,0001
sale 1,6607 0,0008
overwhelm 3,9120 0,0018
idhash 0,0619 0,0000
infinity 3,2189 0,0015
information 0,0000 0,0000
wrap 0,0101 0,0000
cryptokitties 3,9120 0,0018
standard 0,2357 0,0001
november 0,0000 0,0000
reports 2,5257 0,0011
good 0,4155 0,0002
deploy 1,0217 0,0009
empty 0,0305 0,0000
analytics 1,7720 0,0008
compute 0,6733 0,0003
miami 4,6052 0,0021
wish 1,8971 0,0017
tie 2,0402 0,0009
besides 2,5257 0,0011
fullversionlist 0,0000 0,0000
implement 0,3285 0,0004
tip 3,2189 0,0029
pak 3,9120 0,0018
avert 4,6052 0,0021
export 0,0000 0,0000
chainlink 3,2189 0,0015
pax 2,9957 0,0014
pay 1,1712 0,0011
list 0,0000 0,0000
onto 1,8971 0,0009
lack 0,5447 0,0002
external 0,1863 0,0001
beacon 3,9120 0,0018
jazeera 4,6052 0,0021
spending 2,5257 0,0011
authority 0,4780 0,0002
xrp 3,2189 0,0015
child 0,0202 0,0000
olympic 4,6052 0,0021
mainentity 0,0000 0,0000
young 2,4079 0,0011
instrument 2,5257 0,0011
medium 1,4271 0,0006
interface 0,2485 0,0002
remove 0,3711 0,0002
regner 4,6052 0,0021
disclaimers 0,0000 0,0000
samsung 2,2073 0,0010
root 0,4780 0,0002
gavin 2,5257 0,0011
wgisprobablyeditable 0,0000 0,0000
hard 1,1394 0,0005
compiler 1,3093 0,0006
lend 3,5066 0,0016
live 1,1712 0,0005
citation 0,0101 0,0000
blocks 2,9957 0,0014
mobile 0,0000 0,0000
multiple 0,2485 0,0001
perform 0,4463 0,0004
nikolaos 3,9120 0,0018
plainlist 0,4463 0,0002
pdf 0,0000 0,0000
lubin 4,6052 0,0021
service 0,1393 0,0001
there 0,2614 0,0001
automate 0,7340 0,0003
well 0,2744 0,0002
magazine 0,9943 0,0005
bitness 0,0000 0,0000
rgba 0,0101 0,0000
outperforming 4,6052 0,0021
invisible 2,3026 0,0010
american 0,8440 0,0004
entire 0,8675 0,0004
etherrock 4,6052 0,0021
experiment 1,7720 0,0008
block 0,0408 0,0000
per 0,8440 0,0004
write 0,1508 0,0002
flow 0,3425 0,0002
order 0,4155 0,0002
period 1,4697 0,0007
proceed 2,4079 0,0011
aria 0,0000 0,0000
boxtext 0,0619 0,0000
byte 0,0408 0,0000
understand 0,6162 0,0003
peck 3,9120 0,0018
decentralize 2,5257 0,0011
indonesia 0,3567 0,0002
intel 1,6094 0,0007
propose 1,0788 0,0005
bamakan 4,6052 0,0021
million 0,9416 0,0009
even 0,0513 0,0000
esperanto 0,7133 0,0003
tagline 0,0000 0,0000
cme 3,5066 0,0016
hash 1,7720 0,0016
regexp 0,0000 0,0000
subsection 0,1508 0,0001
sunda 2,5257 0,0011
successor 1,5606 0,0007
wgeditsubmitbuttonlabelpublish 0,0000 0,0000
toc 0,0000 0,0000
protection 0,4463 0,0002
functionality 0,6539 0,0003
toe 4,6052 0,0021
wgpagecontentmodel 0,0000 0,0000
ton 2,9957 0,0014
top 0,0000 0,0000
native 0,8916 0,0004
peer 1,8971 0,0017
have 0,2744 0,0001
debit 3,5066 0,0016
tezos 3,2189 0,0015
gaming 1,8971 0,0009
robust 2,0402 0,0009
question 0,9416 0,0009
ambacoin 3,2189 0,0015
ross 2,5257 0,0011
intellectual 2,3026 0,0010
cheap 1,8971 0,0009
produce 0,6931 0,0003
verge 1,8326 0,0008
wgnamespacenumber 0,0000 0,0000
hacker 1,3471 0,0012
regard 1,1087 0,0005
wgwmepagelength 0,0000 0,0000
entity 0,0101 0,0000
thousand 1,5141 0,0007
capital 1,8326 0,0008
expensivefunctioncount 0,0000 0,0000
fuel 2,3026 0,0010
pseudorandomly 4,6052 0,0021
employee 1,6094 0,0007
associate 0,6931 0,0003
plead 3,9120 0,0035
timeusage 0,0000 0,0000
ambitious 2,8134 0,0013
pin 0,0000 0,0000
whether 0,7765 0,0004
ehrlich 3,9120 0,0018
function 0,0000 0,0000
raise 1,4271 0,0006
entriken 4,6052 0,0021
stock 1,8326 0,0008
verification 0,8440 0,0004
frontiers 4,6052 0,0021
matthew 1,9661 0,0009
comparison 0,4005 0,0002
law 1,2379 0,0006
coins 3,5066 0,0016
everyone 1,9661 0,0009
surge 2,3026 0,0010
decentraland 4,6052 0,0021
tertiary 2,6593 0,0012
cpu 0,0408 0,0000
infobox 0,6931 0,0003
revert 2,6593 0,0012
less 0,6162 0,0003
nonce 3,2189 0,0015
pcache 0,0619 0,0000
army 2,9957 0,0014
clinical 2,5257 0,0011
coinbase 3,5066 0,0016
improve 0,2485 0,0001
october 0,0000 0,0000
basic 0,6539 0,0003
complication 0,0513 0,0000
denominate 4,6052 0,0021
ether 3,9120 0,0018
unite 4,6052 0,0021
university 0,5621 0,0003
cause 0,6162 0,0003
jquery 0,0000 0,0000
imperceptible 4,6052 0,0021
scripting 1,2040 0,0005
times 1,3093 0,0006
craze 3,2189 0,0015
intended 2,6593 0,0012
design 0,1393 0,0001
bust 3,5066 0,0016
timeless 0,0101 0,0000
arbitrum 4,6052 0,0021
burn 2,8134 0,0013
chief 1,6607 0,0008
accord 0,5108 0,0002
bytecodes 4,6052 0,0021
wgwmeschemaeditattemptstepoversample 0,0000 0,0000
ttl 0,0000 0,0000
haya 4,6052 0,0021
investor 2,4079 0,0011
vitalik 3,2189 0,0015
encyclopedia 0,0000 0,0000
azevedo 4,6052 0,0021
conduct 0,0000 0,0000
stable 0,7133 0,0003
interested 1,8326 0,0008
formerly 1,2040 0,0005
sport 2,8134 0,0013
wall 1,7148 0,0008
abovebelow 0,0943 0,0000
pmc 1,8971 0,0009
mastercard 3,5066 0,0016
supply 1,4697 0,0007
concern 0,8210 0,0004
cryptopunks 4,6052 0,0021
revamp 3,5066 0,0016
merge 1,6607 0,0015
pref 0,0000 0,0000
let 0,9943 0,0005
state 0,3425 0,0003
csrftoken 0,0000 0,0000
press 0,5621 0,0003
element 0,0000 0,0000
filecoin 3,2189 0,0015
environmental 1,8971 0,0009
night 0,0000 0,0000
want 0,8675 0,0004
gertrude 3,5066 0,0016
each 0,1393 0,0001
javascript 0,9416 0,0004
input 0,0000 0,0000
stablecoin 3,5066 0,0032
offering 1,6607 0,0015
stanford 2,1203 0,0010
bashir 3,9120 0,0018
must 0,4620 0,0002
finley 2,9957 0,0014
unpinned 0,0000 0,0000
cut 1,7720 0,0008
deterministic 2,8134 0,0013
availability 1,1394 0,0005
networks 1,2730 0,0006
chase 2,9957 0,0014
two 0,2744 0,0001
kgaa 4,6052 0,0021
moment 2,6593 0,0012
schroeder 3,9120 0,0018
incompatible 1,9661 0,0009
found 1,2379 0,0011
pos 3,2189 0,0015
attack 1,1712 0,0011
memorabilia 4,6052 0,0021
hackett 4,6052 0,0021
equihash 3,2189 0,0015
pow 3,5066 0,0016
currency 2,9957 0,0027
attach 1,8326 0,0008
distribute 0,3857 0,0002
escape 2,1203 0,0010
creation 0,7985 0,0004
datepublished 0,0000 0,0000
pend 2,4079 0,0011
validate 1,4697 0,0007
coinye 3,2189 0,0015
think 0,9676 0,0004
dodge 4,6052 0,0021
deflation 3,9120 0,0018
reporter 3,9120 0,0018
team 0,4943 0,0002
withdrawal 4,6052 0,0021
theft 2,4079 0,0011
wgusername 0,0000 0,0000
thing 1,0788 0,0005
source 0,1393 0,0001
align 0,0101 0,0000
secure 1,0217 0,0005
ieee 0,8440 0,0004
participant 2,4079 0,0022
russo 3,2189 0,0015
kevin 1,5606 0,0007
compile 1,1712 0,0011
late 0,4155 0,0004
continue 0,6931 0,0003
arjona 4,6052 0,0021
tile 2,9957 0,0014
homes 3,9120 0,0018
liu 2,2073 0,0010
citerefehrlich 4,6052 0,0021
hbar 3,2189 0,0015
realize 1,9661 0,0009
last 0,0000 0,0000
imageright 0,2614 0,0001
widely 0,7985 0,0004
batch 1,7148 0,0008
eric 1,1394 0,0005
weight 0,0101 0,0000
develop 0,1863 0,0003
qiang 3,5066 0,0016
technologies 1,0788 0,0005
guilty 3,5066 0,0016
page 0,0000 0,0000
full 0,0202 0,0000
memory 0,0408 0,0000
concept 0,3711 0,0002
erlang 1,7720 0,0008
gupta 2,5257 0,0011
house 1,4271 0,0006
beeple 4,6052 0,0021
early 0,4308 0,0002
overview 0,5447 0,0002
bodaghi 4,6052 0,0021
center 0,0000 0,0000
xiao 3,5066 0,0016
start 0,3011 0,0003
yet 1,1087 0,0005
contentious 3,5066 0,0016
equal 1,9661 0,0009
llp 3,5066 0,0016
fund 1,8971 0,0026
infrastructure 0,6733 0,0003
wikimedia 0,0000 0,0000
recipient 2,4079 0,0011
initially 1,0788 0,0005
short 0,0000 0,0000
time 0,0000 0,0000
vertcoin 3,2189 0,0015
cooley 4,6052 0,0021
sitaru 4,6052 0,0021
finance 1,8326 0,0017
applications 1,3093 0,0006
studio 1,3471 0,0006
shadow 2,1203 0,0010
regulate 2,3026 0,0010
interactive 0,4463 0,0002
complementary 2,6593 0,0012
three 0,3711 0,0002
put 0,9416 0,0004
halim 4,6052 0,0021
payment 2,0402 0,0019
specifically 0,8916 0,0004
urbach 4,6052 0,0021
savings 2,4079 0,0011
hardware 0,5798 0,0003
identifier 1,4697 0,0007
hyperledger 2,9957 0,0014
tepper 4,6052 0,0021
destroy 2,2073 0,0010
citerefupson 4,6052 0,0021
creative 0,0000 0,0000
nederlands 0,1985 0,0001
chris 1,2040 0,0005
allocate 1,5606 0,0007
provide 0,1625 0,0002
light 1,3093 0,0006
mellon 2,5257 0,0011
valuable 2,3026 0,0010
primary 0,7765 0,0004
stiftung 4,6052 0,0021
artist 3,2189 0,0015
log 0,0000 0,0000
enterprise 0,4463 0,0002
wgcheckuserclienthintsheadersjsapi 0,0000 0,0000
angelo 4,6052 0,0021
euskara 0,5108 0,0002
layer 0,7340 0,0003
smart 1,2379 0,0006
unknown 1,4271 0,0006
lot 1,5606 0,0007
karadag 4,6052 0,0021
computer 0,1863 0,0001
elite 3,9120 0,0018
low 0,0101 0,0000
timingprofile 0,0000 0,0000
scarbrough 4,6052 0,0021
theme 0,0000 0,0000
attest 3,9120 0,0018
cryptographic 2,1203 0,0010
ledger 2,8134 0,0026
wgcategory 0,0000 0,0000
editor 0,0000 0,0000
means 1,0217 0,0005
postexpandincludesize 0,0000 0,0000
chain 1,3471 0,0012
wallet 2,5257 0,0023
initial 0,3857 0,0002
unstrip 0,0000 0,0000
apress 1,7148 0,0008
reverse 1,7720 0,0008
templateargumentsize 0,0000 0,0000
dermatology 4,6052 0,0021
unsourced 0,5621 0,0003
january 0,0000 0,0000
permanent 0,0000 0,0000
fetch 1,9661 0,0009
iluminada 4,6052 0,0021
travel 2,0402 0,0009
yaqoob 3,5066 0,0016
small 0,0305 0,0000
quick 1,3863 0,0006
alliance 1,8971 0,0009
cybercurrency 4,6052 0,0021
before 0,0305 0,0000
fiction 2,6593 0,0012
speedy 0,7133 0,0003
castillo 2,9957 0,0014
tell 1,5606 0,0007
ubs 3,9120 0,0018
experience 0,7985 0,0007
dai 2,9957 0,0014
italic 0,1278 0,0001
hit 2,0402 0,0009
dao 3,2189 0,0029
major 0,5621 0,0003
bear 2,5257 0,0011
funds 4,6052 0,0021
consider 0,4005 0,0002
day 0,0000 0,0000
group 0,0408 0,0000
citerefsherwood 4,6052 0,0021
format 0,0101 0,0000
tree 1,1394 0,0005
runtime 1,2040 0,0005
archive 0,0943 0,0000
prague 3,2189 0,0015
artwork 3,5066 0,0016
history 0,0000 0,0000
battah 4,6052 0,0021
formal 1,1394 0,0005
upson 4,6052 0,0021
soar 3,2189 0,0015
request 0,6733 0,0003
mike 1,2040 0,0005
wgrestrictionedit 0,0000 0,0000
capella 3,9120 0,0018
part 0,1985 0,0002
wgpageparsereport 0,0000 0,0000
point 0,5447 0,0002
banking 2,3026 0,0010
reappropriate 4,6052 0,0021
general 0,0000 0,0000
september 0,0000 0,0000
browser 0,9943 0,0005
introduction 0,5621 0,0003
padding 0,0000 0,0000
process 0,1625 0,0003
mempool 4,6052 0,0021
restore 1,9661 0,0009
utopia 3,9120 0,0018
alternative 0,6931 0,0003
clear 0,0101 0,0000
ltr 0,0000 0,0000
economics 2,2073 0,0010
third 0,5447 0,0002
build 0,2357 0,0004
earn 2,8134 0,0013
lua 0,0513 0,0000
cheng 2,3026 0,0010
account 0,0000 0,0000
electronics 1,5141 0,0007
stack 0,7340 0,0003
regulated 4,6052 0,0021
dansk 0,5798 0,0003
del 3,2189 0,0015
uyghurche 1,9661 0,0009
ambiguous 2,0402 0,0009
sirer 4,6052 0,0021
evaluation 1,3093 0,0006
chia 2,8134 0,0013
dex 3,5066 0,0016
record 0,7765 0,0004
abbr 0,0619 0,0000
rally 2,9957 0,0014
you 0,0000 0,0000
jump 0,0000 0,0000
seamless 3,2189 0,0015
going 4,6052 0,0021
nervos 3,2189 0,0015
impact 0,9163 0,0004
mainstream 1,9661 0,0009
active 0,7985 0,0004
july 0,0000 0,0000
enthusiast 2,9957 0,0014
whichever 3,5066 0,0016
gridcoin 3,2189 0,0015
trie 3,5066 0,0016
easy 0,6733 0,0003
buyer 2,8134 0,0013
tradable 4,6052 0,0021
relative 1,6607 0,0008
popper 2,8134 0,0013
subgroup 0,0513 0,0000
technologist 3,2189 0,0015
transparent 0,0619 0,0000
how 0,0834 0,0000
journal 0,4780 0,0002
spark 1,7720 0,0008
farming 3,2189 0,0015
term 0,0000 0,0000
mine 1,6607 0,0008
mind 1,6094 0,0015
business 0,3425 0,0003
mini 0,0619 0,0000
right 0,0101 0,0000
executable 1,3093 0,0006
march 0,0000 0,0000
transition 1,5606 0,0014
unded 4,6052 0,0021
june 0,0000 0,0000
wikitext 0,0000 0,0000
meet 0,9163 0,0008
sandra 3,9120 0,0018
series 0,5798 0,0003
borrow 2,3026 0,0010
cultivate 4,6052 0,0021
maximum 1,9661 0,0009
paul 0,7765 0,0004
under 0,0101 0,0000
represent 0,5978 0,0005
ryan 1,6094 0,0007
london 1,3863 0,0006
sometimes 0,6931 0,0003
emergency 2,5257 0,0011
autocapitalize 0,0000 0,0000
down 0,8440 0,0004
div 0,0000 0,0000
correctly 1,5606 0,0007
ethereum 2,9957 0,0014
trail 2,4079 0,0011
later 0,4005 0,0002
teth 3,2189 0,0015
bracket 0,0619 0,0000
wgpagename 0,0000 0,0000
talk 0,0000 0,0000
vanish 4,6052 0,0021
baar 4,6052 0,0021
chairperson 4,6052 0,0021
monika 3,9120 0,0018
test 0,4463 0,0004
count 0,0513 0,0000
hatnote 0,2107 0,0001
pinnable 0,0000 0,0000
take 0,2877 0,0004
vision 1,1394 0,0005
triantafyllidis 4,6052 0,0021
petros 4,6052 0,0021
propagation 2,8134 0,0013
month 0,7133 0,0003
wgrevisionid 0,0000 0,0000
relatively 1,0498 0,0005
toyota 2,8134 0,0013
hexagonal 3,5066 0,0016
autoconfirm 1,9661 0,0009
some 0,1744 0,0001
virtual 0,4620 0,0002
rather 0,5978 0,0003
additional 0,0000 0,0000
title 0,0000 0,0000
patroltoken 0,0000 0,0000
mist 3,9120 0,0018
primarily 0,9943 0,0005
states 0,4943 0,0002
load 0,0202 0,0000
alpha 0,0101 0,0000
company 0,4308 0,0004
deneb 4,6052 0,0021
just 0,4943 0,0002
dtcc 4,6052 0,0021
custom 0,0000 0,0000
kiswahili 1,2730 0,0006
permission 1,6607 0,0008
tron 3,2189 0,0015
permeate 4,6052 0,0021
hole 2,5257 0,0011
michael 0,7133 0,0003
print 0,0000 0,0000
gerring 4,6052 0,0021
although 0,6162 0,0003
approximately 1,8971 0,0009
inherit 0,0101 0,0000
universe 2,9957 0,0014
baby 2,9957 0,0014
klint 2,9957 0,0014
bitcoin 2,9957 0,0014
ransom 2,9957 0,0014
meme 3,9120 0,0018
helping 4,6052 0,0021
soon 1,5606 0,0007
dmy 0,0000 0,0000
executive 1,5606 0,0007
navigation 0,0000 0,0000
balance 1,7148 0,0016
action 0,0000 0,0000
lock 0,0101 0,0000
text 0,0000 0,0000
usually 0,4780 0,0002
victoria 3,2189 0,0015
python 0,6539 0,0003
ppvisitednode 0,0000 0,0000
cookie 0,0000 0,0000
bounty 4,6052 0,0021
banco 4,6052 0,0021
electrical 1,4271 0,0006
sense 1,3093 0,0006
loading 0,0000 0,0000
lucinda 3,9120 0,0018
birthplace 4,6052 0,0021
contents 0,0000 0,0000
explorer 1,7148 0,0008
safemoon 3,2189 0,0015
evaluate 1,3093 0,0006
scrypt 3,2189 0,0015
doi 0,4155 0,0002
icacnis 4,6052 0,0021
status 0,0000 0,0000
trading 2,1203 0,0010
don 1,9661 0,0009
dom 1,6094 0,0007
curve 2,1203 0,0010
thief 3,9120 0,0018
skin 0,0000 0,0000
robert 0,9676 0,0004
file 0,0000 0,0000
government 1,2379 0,0011
cult 3,9120 0,0018
oracles 4,6052 0,0021
member 0,9163 0,0008
accumulate 2,6593 0,0012
map 0,8210 0,0004
melanie 3,5066 0,0016
wgnoticeproject 0,0000 0,0000
together 0,5978 0,0003
hannah 2,9957 0,0014
may 0,0000 0,0000
nigeria 2,8134 0,0013
max 0,0513 0,0000
within 0,3011 0,0001
could 0,4780 0,0002
health 1,5606 0,0007
trigger 0,0513 0,0000
menu 0,0000 0,0000
url 0,0000 0,0000
vlad 3,2189 0,0015
computation 1,3863 0,0006
rental 4,6052 0,0021
machine 0,2744 0,0001
return 0,0000 0,0000
bigdata 3,9120 0,0018
kartikay 4,6052 0,0021
use 0,0000 0,0000
usd 2,9957 0,0014
hosseini 4,6052 0,0021
main 0,0000 0,0000
teenage 3,9120 0,0018
integer 1,7720 0,0008
injective 3,2189 0,0015
karen 2,9957 0,0014
fungible 3,9120 0,0018
host 0,6539 0,0003
logo 0,0000 0,0000
dramatically 2,8134 0,0013
credit 1,6094 0,0007
international 0,3011 0,0001
jian 3,5066 0,0016
logs 1,3093 0,0006
intensive 2,2073 0,0010
alter 1,5141 0,0007
dreyfuss 3,9120 0,0018
crowdfund 3,5066 0,0032
hasan 3,2189 0,0015
titcoin 3,2189 0,0015
utc 0,0000 0,0000
canonical 0,0408 0,0000
sistersitebox 0,6539 0,0003
wgcurrevisionid 0,0000 0,0000
null 0,0000 0,0000
background 0,0101 0,0000
codename 2,8134 0,0013
true 0,0000 0,0000
header 0,0000 0,0000
position 1,5141 0,0007
watchtoken 0,0000 0,0000
present 0,5621 0,0008
harvard 1,7148 0,0008
galeon 2,6593 0,0012
since 0,3425 0,0002
patent 1,8971 0,0009
petro 3,2189 0,0015
santander 3,9120 0,0018
conceive 2,5257 0,0011
delete 0,4155 0,0004
foreach 0,0000 0,0000
transform 1,4697 0,0007
cardano 3,2189 0,0015
chiefless 4,6052 0,0021
leadership 2,4079 0,0011
repeat 0,0101 0,0000
make 0,1165 0,0002
beta 1,3863 0,0006
wggestructuredtaskrejectionreasontextinputenable 0,0000 0,0000
mania 2,9957 0,0014
execution 0,7340 0,0003
sherwood 4,6052 0,0021
exactly 1,5606 0,0007
merck 4,6052 0,0021
structure 0,4155 0,0002
master 1,0498 0,0005
ruby 1,0217 0,0005
dub 3,5066 0,0016
stake 2,4079 0,0022
underlie 0,9416 0,0004
witness 3,9120 0,0018
regulation 1,7720 0,0008
due 0,5108 0,0002
accenture 3,5066 0,0016
online 0,7340 0,0003
citerefcastillo 4,6052 0,0021
webassembly 1,7720 0,0008
kaczmarczyk 4,6052 0,0021
crash 1,6094 0,0007
lbry 3,2189 0,0015
firm 1,3863 0,0006
observer 2,1203 0,0010
bank 1,9661 0,0018
contribution 0,0000 0,0000
above 1,0788 0,0005
recursion 0,0513 0,0000
height 0,0101 0,0000
solidity 4,6052 0,0021
brokerage 3,5066 0,0016
august 0,0000 0,0000
module 0,0000 0,0000
myself 3,5066 0,0016
namecoin 3,2189 0,0015
wikibase 0,0619 0,0000
basel 3,9120 0,0018
sebastian 3,2189 0,0015
execute 0,6733 0,0006
substantial 2,1203 0,0010
benefit 0,9416 0,0004
datemodify 0,0619 0,0000
thereby 1,6607 0,0008
unique 1,2379 0,0006
processing 0,6162 0,0003
shuffling 3,9120 0,0018
hrvatski 0,7550 0,0003
jiang 3,2189 0,0015
notheme 0,3711 0,0002
fundamental 1,4271 0,0006
scam 2,8134 0,0013
global 0,7985 0,0004
long 0,4005 0,0002
into 0,1985 0,0001
outline 0,8440 0,0004
min 0,1165 0,0001
partition 1,3471 0,0006
unless 1,5606 0,0007
excess 3,5066 0,0016
ian 1,7148 0,0008
free 0,0000 0,0000
barclays 4,6052 0,0021
quicktake 3,9120 0,0018
though 0,8440 0,0004
accordance 3,2189 0,0015
many 0,2357 0,0001
people 0,9943 0,0005
entrepreneur 2,9957 0,0014
firo 3,2189 0,0015
sberbank 4,6052 0,0021
dedicate 2,1203 0,0010
face 1,1712 0,0011
ibm 0,5621 0,0003
vigna 3,2189 0,0015
beginners 4,6052 0,0021
oclc 1,2040 0,0005
stan 2,9957 0,0014
invite 2,6593 0,0012
unvalidated 4,6052 0,0021
operation 0,5108 0,0005
open 0,1625 0,0001
calculation 2,3026 0,0010
seller 3,2189 0,0015
treat 1,3863 0,0006
tbody 0,6931 0,0003
invest 1,7720 0,0016
validator 2,8134 0,0026
project 0,0000 0,0000
enhancement 0,0101 0,0000
inside 0,0101 0,0000
genesis 2,5257 0,0011
techcrunch 1,3093 0,0006
ico 3,5066 0,0016
roughly 1,7720 0,0008
schneider 3,9120 0,0018
monero 3,2189 0,0015
wood 3,5066 0,0016
fitz 3,9120 0,0018
wong 2,5257 0,0011
please 0,8210 0,0004
collection 0,6733 0,0003
schweizer 4,6052 0,0021
korea 2,1203 0,0010
polkadot 3,2189 0,0015
hypothetical 3,2189 0,0015
inspect 2,8134 0,0013
makerdao 4,6052 0,0021
regulator 2,9957 0,0014
internet 0,5447 0,0002
allow 0,1863 0,0003
wired 1,2040 0,0005
jpmorgan 3,5066 0,0016
isbn 0,1054 0,0000
buterin 3,2189 0,0015
proper 1,5606 0,0007
update 0,4463 0,0006
derivative 1,9661 0,0009
renaissance 3,5066 0,0016
auction 3,9120 0,0018
common 0,3711 0,0002
interest 0,9943 0,0005
definition 0,4943 0,0002
placeholder 0,0000 0,0000
every 0,6162 0,0003
entail 2,9957 0,0014
apply 0,0000 0,0000
again 1,2379 0,0006
money 1,6094 0,0007
avalanche 3,2189 0,0015
comment 1,2730 0,0006
erroneously 3,9120 0,0018
mark 0,6733 0,0006
base 0,0305 0,0000
nezhadsistani 4,6052 0,0021
prefix 2,5257 0,0011
jeff 1,6607 0,0008
whole 1,2040 0,0005
during 0,5447 0,0002
cryptocurrencies 3,2189 0,0015
revolution 1,7148 0,0008
relation 1,6094 0,0007
reliable 0,7765 0,0004
compatible 1,2040 0,0005
incentive 2,0402 0,0009
merkling 4,6052 0,0021
relate 0,0000 0,0000
enable 0,0000 0,0000
price 1,2730 0,0012
sidebar 0,0000 0,0000
limitreport 0,0000 0,0000
decoration 0,0619 0,0000
reflist 0,0101 0,0000
electra 4,6052 0,0021
still 0,5447 0,0002
briefly 3,2189 0,0015
var 0,0000 0,0000
work 0,2231 0,0002
lose 1,3093 0,0006
agree 0,0101 0,0000
packt 1,8326 0,0008
doors 4,6052 0,0021
wgulsislanguageselectorempty 0,0000 0,0000
fail 0,9676 0,0004
itself 0,6539 0,0003
toward 1,5606 0,0007
spectrum 1,9661 0,0009
among 0,5276 0,0002
anyone 1,7148 0,0008
o'leary 4,6052 0,0021
srpski 0,3711 0,0002
registration 0,0101 0,0000
word 0,0101 0,0000
refund 4,6052 0,0021
metamask 3,2189 0,0015
extension 0,6349 0,0003
bulut 4,6052 0,0021
gerlis 4,6052 0,0021
steem 3,2189 0,0015
architect 1,8971 0,0009
foundation 0,0000 0,0000
foreign 1,7720 0,0008
nick 1,8971 0,0009
whitepaper 3,5066 0,0016
fall 1,2379 0,0006
identity 1,2379 0,0006
violate 1,8971 0,0009
verify 1,5141 0,0007
event 0,0000 0,0000
multilingual 2,9957 0,0014
undergo 2,4079 0,0011
reward 2,5257 0,0034
include 0,0000 0,0000
dencun 4,6052 0,0021
toggle 0,0000 0,0000
subunit 4,6052 0,0021
nice 3,2189 0,0015
appearance 0,0000 0,0000
alexander 1,5606 0,0007
classname 0,0000 0,0000
wggetopicsmatchmodeenable 0,0000 0,0000
first 0,0408 0,0000
algorand 3,2189 0,0015
cretu 4,6052 0,0021
akbulut 4,6052 0,0021
nowrap 0,0408 0,0000
prefer 0,0101 0,0000
roman 0,0101 0,0000
existence 1,9661 0,0009
wgrelevantpageisprobablyeditable 0,0000 0,0000
float 0,0101 0,0000
transclusion 0,0619 0,0000
space 0,0408 0,0000
reference 0,0101 0,0000
portfolio 2,6593 0,0012
ambox 0,7133 0,0003
html 0,4463 0,0002
gmbh 3,5066 0,0016
siddharth 3,9120 0,0018
bottom 0,0000 0,0000
sebastien 3,5066 0,0016
szalay 3,9120 0,0018
mining 1,9661 0,0009
revision 0,0000 0,0000
magyar 0,3425 0,0002
hardcode 4,6052 0,0021
unreliable 2,2073 0,0010
publisher 0,0000 0,0000
axie 3,9120 0,0018
eea 3,9120 0,0018
img 0,0408 0,0000
blockchains 3,9120 0,0018
steal 2,0402 0,0009
scientific 1,1712 0,0005
interact 1,1712 0,0005
iorio 4,6052 0,0021
membership 2,9957 0,0014
rlstate 0,0000 0,0000
error 0,0101 0,0000
platform 0,0000 0,0000
network 0,3285 0,0004
holding 3,5066 0,0016
rust 1,6094 0,0007
paper 0,9416 0,0004
public 0,4155 0,0002
formatnum 3,2189 0,0015
spend 1,3863 0,0013
colored 3,9120 0,0018
track 0,9676 0,0004
value 0,0000 0,0000
danksharding 4,6052 0,0021
fortune 2,3026 0,0010
ing 3,2189 0,0015
monetary 2,8134 0,0013
programmable 2,3026 0,0010
airdrop 2,8134 0,0013
trader 3,5066 0,0016
mohammad 2,5257 0,0011
efn 2,3026 0,0010
rush 2,9957 0,0014
expensive 0,0408 0,0000
inu 3,2189 0,0015
performance 0,3425 0,0002
swarm 2,5257 0,0011
maint 0,0101 0,0000
wiktionary 0,5798 0,0003
growth 1,2040 0,0005
slash 2,4079 0,0011
platformversion 0,0000 0,0000
vague 1,8971 0,0009
temporary 1,8971 0,0009
references 0,0513 0,0000
saved 0,0619 0,0000
year 0,2614 0,0002
via 0,3011 0,0001
quote 0,0101 0,0000
because 0,0000 0,0000
agreement 1,3093 0,0006
upgrade 1,5141 0,0014
proportional 3,2189 0,0015
community 0,0000 0,0000
moratorium 3,9120 0,0018
version 0,0000 0,0000
stop 1,1394 0,0005
eesti 0,3285 0,0001
science 0,5447 0,0002
institute 1,0498 0,0005
unused 2,5257 0,0011
beanie 3,9120 0,0018
detail 0,7133 0,0003
placement 2,6593 0,0012
customizable 3,2189 0,0015
zcash 3,2189 0,0015
immediately 1,5141 0,0007
wgusergroup 0,0000 0,0000
eip 4,6052 0,0021
subsequently 1,6094 0,0007
dollar 1,8971 0,0017
founding 2,8134 0,0013
tradeable 4,6052 0,0021
browne 2,9957 0,0014
generalised 4,6052 0,0021
wikipedia 0,0000 0,0000
cisco 2,6593 0,0012
morris 2,2073 0,0010
afrikaans 0,9416 0,0004
haskell 1,9661 0,0009
arcenegui 4,6052 0,0021
website 0,3711 0,0003
learn 0,0000 0,0000
exploit 1,6607 0,0008
congestion 3,2189 0,0015
nasim 4,6052 0,0021
register 0,0000 0,0000
paumgarten 4,6052 0,0021
notes 0,9943 0,0005
iso 1,1394 0,0005
mackenzie 2,9957 0,0014
official 0,6162 0,0003
zug 3,9120 0,0018
chetrit 4,6052 0,0021
act 0,9416 0,0004
post 0,0202 0,0000
leave 0,0101 0,0000
nathan 2,2073 0,0010
iohk 4,6052 0,0021
protocols 2,0402 0,0009
nina 3,9120 0,0018
add 0,0000 0,0000
poised 4,6052 0,0021
need 0,1393 0,0002
its 0,0726 0,0000
often 0,2877 0,0001
blazes 4,6052 0,0021
gather 1,7720 0,0008
wrapping 4,6052 0,0021
elt 0,6931 0,0003
jain 2,9957 0,0014
konrad 3,9120 0,0018
article 0,0000 0,0000
nils 3,2189 0,0015
onecoin 3,2189 0,0015
canada 1,6607 0,0008
parser 0,0000 0,0000
volpicelli 4,6052 0,0021
http 0,0000 0,0000
therefore 0,7985 0,0004
exchange 1,1087 0,0010
decimal 0,0101 0,0000
washington 1,5141 0,0007
gian 4,6052 0,0021
sonja 4,6052 0,0021
private 0,8210 0,0004
technical 0,6349 0,0003
united 0,4780 0,0002
solana 3,2189 0,0015
standardization 1,6094 0,0007
choose 0,8440 0,0008
ride 3,5066 0,0016
wghostname 0,0000 0,0000
accomplish 1,6607 0,0008
previously 1,1712 0,0005
wgtitle 0,0000 0,0000
responsible 1,2040 0,0005
end 0,3011 0,0001
embrace 1,9661 0,0009
identify 0,6733 0,0006
wgdigittransformtable 0,0000 0,0000
pour 3,5066 0,0016
hlist 0,0408 0,0000
label 0,0000 0,0000
improvement 0,9163 0,0004
message 0,3857 0,0002
praise 2,8134 0,0013
frenzy 4,6052 0,0021
special 0,0000 0,0000
environment 0,4308 0,0002
eoa 3,9120 0,0018
rlconf 0,0000 0,0000
vanessa 3,9120 0,0018
age 1,2730 0,0006
bahasa 0,3285 0,0001
release 0,2744 0,0001
ago 0,7765 0,0004
arithmetic 2,1203 0,0010
caption 0,3567 0,0002
pectra 4,6052 0,0021
investors 3,5066 0,0016
number 0,0000 0,0000
wgbackendresponsetime 0,0000 0,0000
shorten 0,0000 0,0000
property 0,6539 0,0006
proceedings 0,7550 0,0003
splitting 2,6593 0,0012
contradict 3,5066 0,0016
litecoin 3,2189 0,0015
devcon 4,6052 0,0021
programmer 0,9416 0,0004
specify 0,6349 0,0006
swiss 2,1203 0,0010
evelyn 2,8134 0,0013
system 0,0101 0,0000
issn 0,7765 0,0004
compose 1,5141 0,0007
gigawei 4,6052 0,0021
other 0,0000 0,0000
city 1,4697 0,0007
mihai 3,9120 0,0018
against 0,6931 0,0003
epoch 3,9120 0,0018
cell 0,4308 0,0002
kelly 2,3026 0,0010
local 0,7985 0,0004
valid 1,4271 0,0006
epitomize 3,9120 0,0018
innovate 3,5066 0,0016
bubble 2,9957 0,0014
erc 3,2189 0,0015
yield 2,0402 0,0009
shard 2,9957 0,0014
vapor 4,6052 0,0021
prototype 0,9676 0,0009
future 0,5978 0,0005
rlq 0,0000 0,0000
anchor 1,9661 0,0009
cite 0,0000 0,0000
ethernodes 4,6052 0,0021
ravenscraft 4,6052 0,0021
francisco 1,6607 0,0008
screen 0,0101 0,0000
autonomous 2,1203 0,0010
shen 3,2189 0,0015
volatility 3,2189 0,0015
body 0,0000 0,0000
mode 0,0000 0,0000
zamfir 4,6052 0,0021
pages 0,0000 0,0000
eth 3,5066 0,0016
neo 2,6593 0,0012
newpp 0,0619 0,0000
all 0,0408 0,0000
border 0,0000 0,0000
new 0,0000 0,0000
read 0,0000 0,0000
already 1,1087 0,0005
estate 2,8134 0,0013
real 0,0408 0,0000
clientpref 0,0000 0,0000
tool 0,0000 0,0000
unit 0,6539 0,0003
svenska 0,3857 0,0002
activate 2,2073 0,0010
sensor 1,8326 0,0008
joseph 1,5141 0,0007
nft 3,2189 0,0029
facilitate 0,8440 0,0004
cnbc 2,1203 0,0010
deloitte 3,5066 0,0016
elixir 2,6593 0,0012
rob 2,3026 0,0010
financial 1,4697 0,0007
wgpagecontentlanguage 0,0000 0,0000
media 0,2485 0,0001
slot 3,9120 0,0035
eva 4,6052 0,0021
wgisarticle 0,0000 0,0000
notelist 2,3026 0,0010
row 0,4943 0,0002
evm 4,6052 0,0042
render 0,0513 0,0000
frontier 1,9661 0,0009
ecdsa 3,2189 0,0015
quartz 2,5257 0,0011
specific 0,2877 0,0001
any 0,2107 0,0001
application 0,0943 0,0001
milestone 2,2073 0,0010
wgflaggedrevsparams 0,0000 0,0000
starring 4,6052 0,0021
unsigned 3,5066 0,0016
collapse 0,0408 0,0000
reason 0,7985 0,0004
collectible 3,9120 0,0018
maintain 0,3567 0,0003
wgrelevantarticleid 0,0000 0,0000
preprocessor 0,0513 0,0000
gambling 3,9120 0,0018
echo 2,2073 0,0010
anywhere 2,0402 0,0009
mbox 0,7133 0,0003
professional 0,9416 0,0004
identification 2,1203 0,0010
java 0,6162 0,0003
nim 2,5257 0,0011
jan 1,6094 0,0007
jam 3,5066 0,0032
english 0,0000 0,0000
etoro 4,6052 0,0021
butler 2,8134 0,0013
api 0,3425 0,0002
fully 0,8210 0,0004
app 0,9943 0,0005
lightning 2,8134 0,0013
cache 0,0305 0,0000
iota 3,2189 0,0015
margin 0,0000 0,0000
suomi 0,2107 0,0001
wgrequestid 0,0000 0,0000
remain 0,7550 0,0003
enwikimwclientpreference 0,0000 0,0000
rlpagemodules 0,0000 0,0000
demand 1,1712 0,0005
alex 1,3863 0,0006
letter 1,5606 0,0007
deposit 3,9120 0,0018
samea 0,0000 0,0000
wgwikibaseitemid 0,0000 0,0000
bytecode 2,2073 0,0010
wgulsiscompactlinksenable 0,0000 0,0000
another 0,3567 0,0002
pagevariantfallback 0,0000 0,0000
patricia 3,2189 0,0015
guarantee 1,3093 0,0006
wgmonthname 0,0000 0,0000
disabled 0,0000 0,0000
where 0,2744 0,0001
mechanism 0,7550 0,0007
arm 1,6607 0,0008
popular 0,6539 0,0003
timestamp 0,0000 0,0000
art 1,2379 0,0006
crater 4,6052 0,0021
citerefchavez 4,6052 0,0021
call 0,0101 0,0000
consensus 2,3026 0,0010
such 0,0943 0,0000
classic 1,3093 0,0006
describe 0,2485 0,0001
fabian 3,2189 0,0015
through 0,2107 0,0001
officer 2,0402 0,0009
nano 2,4079 0,0011
liquidity 3,9120 0,0018
run 0,3011 0,0001
microsoft 0,4005 0,0002
research 0,5621 0,0003
debate 1,7720 0,0008
segwit 3,2189 0,0015
either 0,5621 0,0003
view 0,0000 0,0000
ticketing 4,6052 0,0021
white 0,0305 0,0000
donate 0,0000 0,0000
bloomberg 1,7148 0,0008
might 0,7340 0,0003
bold 0,0408 0,0000
engineering 0,3857 0,0002
significant 0,6931 0,0003
name 0,0000 0,0000
crow 4,6052 0,0021
cputime 0,0000 0,0000
watchlist 0,0000 0,0000
next 0,5798 0,0003
color 0,0101 0,0000
boom 2,5257 0,0023
book 0,4308 0,0002
show 0,0513 0,0000
description 0,0000 0,0000
edition 0,7985 0,0004
non 2,3026 0,0010
scalability 1,3093 0,0006
vested 3,9120 0,0018
nor 1,7720 0,0008
not 0,0101 0,0000
central 0,9416 0,0004
peercoin 3,2189 0,0015
street 1,5606 0,0007
now 0,4308 0,0002
statement 0,0000 0,0000
trademark 0,0101 0,0000
greek 0,0101 0,0000
news 0,4620 0,0002
nonfungible 4,6052 0,0021
pyethereum 4,6052 0,0021
philly 4,6052 0,0021
introduce 0,3285 0,0003
clarification 1,7148 0,0008
futures 2,9957 0,0014
way 0,2485 0,0001
target 0,0101 0,0000
jeffrey 1,7148 0,0008
what 0,0000 0,0000
consensys 4,6052 0,0021
refer 0,4155 0,0004
stellar 3,2189 0,0015
giants 3,9120 0,0018
vunerable 4,6052 0,0021
risk 0,8916 0,0004
rise 1,2379 0,0006
container 0,0000 0,0000
trump 2,6593 0,0012
developers 0,0000 0,0000
quickly 1,1087 0,0005
usage 0,0000 0,0000
charles 1,2730 0,0006
vogelsteller 4,6052 0,0021
rent 3,9120 0,0018
wgmediaviewerenabledbydefault 0,0000 0,0000
nearby 0,0000 0,0000
when 0,0834 0,0000
fan 2,5257 0,0011
titans 3,9120 0,0018
cash 2,2073 0,0010
mazacoin 3,2189 0,0015
plan 0,7985 0,0007
case 0,3285 0,0001
give 0,4780 0,0004
item 0,0000 0,0000
wgmediavieweronclick 0,0000 0,0000
double 1,0498 0,0005
wgulsposition 0,0000 0,0000
citerefkonrad 4,6052 0,0021
wgbreakframe 0,0000 0,0000
rely 0,6931 0,0006
utilize 1,7148 0,0016
italiano 0,1278 0,0001
sticky 0,0000 0,0000
style 0,0000 0,0000
care 1,9661 0,0009
boss 3,9120 0,0018
searchinput 0,0000 0,0000
portion 1,5141 0,0007
settle 2,4079 0,0022
omid 3,9120 0,0018
commons 0,0000 0,0000
gain 0,8916 0,0012
web 0,1165 0,0001
physics 1,8326 0,0008
wei 2,5257 0,0011
protect 1,1394 0,0005
berlin 1,8326 0,0008
dian 4,6052 0,0021
architecture 0,0000 0,0000
insider 1,5606 0,0007
stress 2,3026 0,0010
attestation 4,6052 0,0042
more 0,0000 0,0000
display 0,0000 0,0000
climate 2,4079 0,0011
brody 4,6052 0,0021
organization 0,0000 0,0000
forbes 1,5141 0,0007
width 0,0000 0,0000
finalize 2,6593 0,0012
accounts 2,8134 0,0013
certain 0,6162 0,0003
board 1,0217 0,0005
economic 1,6607 0,0008
statistics 0,0000 0,0000
arrest 3,2189 0,0015
fee 2,2073 0,0020
section 0,7340 0,0003
simple 0,2231 0,0001
used 2,3026 0,0010
indivisible 4,6052 0,0021
protocol 0,5621 0,0005
overflow 0,3567 0,0002
raja 3,9120 0,0018
threaten 2,5257 0,0011
bambysheva 4,6052 0,0021
jeadv 4,6052 0,0021
factual 2,5257 0,0011
akhan 4,6052 0,0021
bitbeat 3,9120 0,0018
visible 0,0101 0,0000
crisis 2,0402 0,0009
amsterdam 2,6593 0,0012
temporarily 2,1203 0,0010
both 0,0305 0,0000
important 0,0101 0,0000
market 0,9943 0,0009
most 0,2107 0,0001
transfer 0,7985 0,0004
outside 1,1087 0,0005
daily 1,8326 0,0008
effect 0,8440 0,0004
keep 0,6733 0,0003
topic 0,0000 0,0000
baturone 4,6052 0,0021
who 0,5621 0,0003
nonprofit 3,5066 0,0016
diem 3,2189 0,0015
game 0,7765 0,0007
unveil 2,3026 0,0010
contribute 0,0000 0,0000
venkataramakrishnan 4,6052 0,0021
why 0,6539 0,0003
highlight 1,3093 0,0006
database 0,2485 0,0001
sigalos 3,5066 0,0016
along 0,7340 0,0003
billion 1,3471 0,0006
david 0,5798 0,0003
mehrotra 3,9120 0,0018
wgseparatortransformtable 0,0000 0,0000
san 1,2379 0,0006
amount 0,9416 0,0009
geth 4,6052 0,0021
move 0,0000 0,0000
original 0,0943 0,0000
hashgraph 3,2189 0,0015
jpm 4,6052 0,0021
leising 4,6052 0,0021
also 0,0202 0,0000
enough 0,9676 0,0004
nxt 3,2189 0,0015
increase 0,4620 0,0002
primecoin 3,2189 0,0015
inline 0,0408 0,0000
icis 3,9120 0,0018
various 0,3857 0,0002
attention 1,7148 0,0008
front 1,1394 0,0005
visit 0,0408 0,0000
rake 3,5066 0,0016
user 0,0000 0,0000
simply 0,9676 0,0004
customer 0,7550 0,0003
bring 0,9676 0,0009
fintech 3,5066 0,0016
intermediary 2,3026 0,0010
offer 0,4155 0,0006
bar 1,3863 0,0006
fix 0,5108 0,0002
complex 0,5621 0,0003
draft 1,6607 0,0008
giant 2,1203 0,0010
addition 0,6733 0,0003
grow 0,8675 0,0008
engineers 2,5257 0,0011
personal 0,0000 0,0000
uncanny 3,5066 0,0016
steven 1,4697 0,0007
aaron 2,1203 0,0010
imageobject 0,0000 0,0000
ammar 4,6052 0,0021
drive 0,4780 0,0004
greatly 1,8971 0,0009
deal 1,1712 0,0005
strong 0,9943 0,0005
be 0,1508 0,0001
sds 4,6052 0,0021
scheme 0,0101 0,0000
affect 1,0217 0,0009
icon 0,0101 0,0000
commodities 4,6052 0,0021
expansiondepth 0,0000 0,0000
dead 1,7148 0,0008
restake 4,6052 0,0021
civic 3,5066 0,0016
search 0,0000 0,0000
see 0,0408 0,0000
spacing 0,0619 0,0000
systems 0,4780 0,0002
wgrelevantpagename 0,0000 0,0000
popularity 1,3093 0,0006
arxiv 1,3471 0,0006
national 0,4463 0,0002
typescript 1,8971 0,0009
unbordered 2,5257 0,0011
innovation 1,2379 0,0006
contain 0,0101 0,0000
set 0,2107 0,0001
ostroff 3,5066 0,0016
founder 1,4697 0,0007
column 0,0101 0,0000
battle 2,4079 0,0011
visa 3,5066 0,0016
sfn 1,6607 0,0008
wgaction 0,0000 0,0000
font 0,0000 0,0000
suisse 4,6052 0,0021
clarify 2,0402 0,0009
terra 3,2189 0,0015
precede 2,4079 0,0011
language 0,0000 0,0000
do 0,1625 0,0003
navbox 0,0943 0,0000
excessively 2,0402 0,0009
listitem 0,0408 0,0000
bet 3,2189 0,0015
jvc 4,6052 0,0021
startup 1,2040 0,0011
contact 0,0000 0,0000
khaled 3,5066 0,0016
programming 0,2744 0,0001
digit 2,0402 0,0009
image 0,0202 0,0000
typically 0,3857 0,0002
quorum 3,5066 0,0016
turing 2,0402 0,0009
tumbler 3,2189 0,0015
citerefregnerurbachschweizer 4,6052 0,0021
sha 2,4079 0,0011
cryptocurrency 2,5257 0,0023
keccak 4,6052 0,0021
auroracoin 3,2189 0,0015
christie 3,9120 0,0018
party 0,6539 0,0006
little 1,0788 0,0005
cursor 0,0619 0,0000
however 0,3011 0,0001
deep 1,3863 0,0006
origin 0,0000 0,0000
walltime 0,0000 0,0000
interlanguage 0,0000 0,0000
collector 2,6593 0,0012
content 0,0000 0,0000
fox 2,5257 0,0011
luna 2,9957 0,0014
merkle 3,2189 0,0015
ethash 3,2189 0,0015
random 0,0000 0,0000
scotiabank 4,6052 0,0021
rate 1,2730 0,0006
sanction 2,4079 0,0011
jayaraman 4,6052 0,0021
client 0,0000 0,0000
class 0,0000 0,0000
gehomepagesuggestededitsenabletopic 0,0000 0,0000
digital 0,6162 0,0003
harper 3,2189 0,0015
over 0,3285 0,0001
stablecoins 3,2189 0,0015
living 2,8134 0,0013
six 1,4271 0,0006
bound 2,1203 0,0010
false 0,0000 0,0000
go 0,9943 0,0009
counter 0,0408 0,0000
parse 0,0619 0,0000
fork 1,1394 0,0005
clark 2,0402 0,0009
management 0,2231 0,0001
publish 0,4463 0,0002
correspondent 3,9120 0,0018
developer 0,1744 0,0001
realm 2,6593 0,0012
avoid 0,0101 0,0000
he 0,6733 0,0006
subset 1,1394 0,0005
assign 1,2730 0,0006
big 0,7550 0,0003
very 0,5978 0,0003
expert 1,3863 0,0006
practice 0,6349 0,0003
advanced 0,7985 0,0004
crowd 2,6593 0,0012
output 0,0000 0,0000
inactive 2,5257 0,0011
william 1,7148 0,0008
zink 4,6052 0,0021
context 0,5978 0,0003
model 0,0000 0,0000
join 1,1087 0,0005
rightmost 3,9120 0,0018
portal 0,0000 0,0000
augur 3,2189 0,0015
reduce 0,0101 0,0000
sentence 0,0000 0,0000
advisory 2,8134 0,0013
issue 0,3425 0,0002
kern 0,0101 0,0000
large 0,2485 0,0001
director 1,6607 0,0008
dino 4,6052 0,0021
defi 3,9120 0,0018
eduardo 3,5066 0,0016
announce 0,6733 0,0012
etheria 4,6052 0,0021
odd 0,0943 0,0000
operate 0,3567 0,0002
begin 0,5108 0,0002
wgvisualeditor 0,0000 0,0000
become 0,2877 0,0003
template 0,0000 0,0000
enwiki 0,0619 0,0000
prophet 4,6052 0,0021
indefinitely 1,9661 0,0009
eventually 1,1394 0,0005
subscription 0,0101 0,0000
inflation 3,2189 0,0015
settlement 2,4079 0,0011
library 0,3857 0,0002
navbar 0,0202 0,0000
world 0,3857 0,0002
subbox 0,6931 0,0003
december 0,0000 0,0000
table 0,0000 0,0000
side 0,3425 0,0002
break 0,0101 0,0000
change 0,0000 0,0000
printable 0,0000 0,0000
off 0,8916 0,0004
hide 0,0000 0,0000
nathaniel 2,6593 0,0012
aman 4,6052 0,0021
polygon 2,8134 0,0013
corporate 1,4697 0,0007
instruction 1,1712 0,0011
shiba 3,2189 0,0015
report 0,0202 0,0000
complete 0,4780 0,0002
ful 3,5066 0,0016
powers 3,9120 0,0018
transaction 1,0217 0,0009
citerefbambysheva 4,6052 0,0021
imran 3,5066 0,0016
auto 0,0726 0,0000
several 0,4155 0,0002
bibcode 1,6094 0,0007
wgcanonicalspecialpagename 0,0000 0,0000
while 0,2614 0,0001
second 0,0408 0,0000
download 0,0000 0,0000
high 0,0101 0,0000
reuters 2,2073 0,0010
split 0,0000 0,0000
morgan 1,7720 0,0008
than 0,2357 0,0001
limit 0,0000 0,0000
claim 0,9676 0,0004
different 0,0513 0,0000
directly 0,5108 0,0002
ibrar 3,5066 0,0016
rosario 4,6052 0,0021
consensy 4,6052 0,0021
gwei 4,6052 0,0021
level 0,0000 0,0000
author 0,0000 0,0000
bny 3,9120 0,0018
permanently 2,0402 0,0009
expansion 0,0619 0,0000
amazon 1,0498 0,0005
license 0,0000 0,0000
synthetic 2,5257 0,0011
expand 0,0101 0,0000
prediction 2,4079 0,0011
wgmfdisplaywikibasedescription 0,0000 0,0000
retrieve 0,0000 0,0000
survey 0,9416 0,0004
datum 0,0408 0,0000
behind 1,2730 0,0006
seyed 4,6052 0,0021
code 0,0000 0,0000
wgdefaultdateformat 0,0000 0,0000
monetization 3,5066 0,0016
box 0,0408 0,0000
investigate 1,9661 0,0009
storage 0,3711 0,0002
switch 0,9163 0,0004
head 0,7765 0,0004
murphy 2,4079 0,0011
total 0,0000 0,0000
oil 3,2189 0,0015
joon 4,6052 0,0021
bitconnect 3,2189 0,0015
deutsch 0,0943 0,0000
alisie 4,6052 0,0021
dive 3,2189 0,0015
consumer 1,4697 0,0007
hexadecimal 2,6593 0,0012
brief 1,5606 0,0007
initiative 1,0217 0,0005
determine 0,7985 0,0004
src 0,6349 0,0003
bellatrix 4,6052 0,0021
control 0,1625 0,0001
eigenlayer 4,6052 0,0021
intelligent 1,7720 0,0008
dogecoin 3,2189 0,0015
attribution 0,0000 0,0000
synchronization 2,6593 0,0012
edmond 4,6052 0,0021
kodakcoin 3,2189 0,0015
concatenate 3,5066 0,0016
nfts 4,6052 0,0021
vary 0,0619 0,0000
salah 3,5066 0,0016
upper 0,0101 0,0000
morgen 3,9120 0,0018
cancun 4,6052 0,0021
friend 1,8971 0,0009
expiry 0,0619 0,0000
minerva 0,0101 0,0000
brand 0,0000 0,0000
publishing 0,7550 0,0003
recent 0,0000 0,0000
they 0,0619 0,0001
forks 2,8134 0,0013
proposal 1,6094 0,0015
browsing 1,8326 0,0008
edit 0,0000 0,0000
subtract 3,5066 0,0016
decentralized 2,3026 0,0010
then 0,3567 0,0002
accept 1,1087 0,0005
secondary 1,5606 0,0007
node 0,0305 0,0000
javier 3,5066 0,0016
regains 4,6052 0,0021
cftc 3,9120 0,0018
access 0,2877 0,0003
conference 0,3425 0,0002
unusually 3,9120 0,0018
seek 1,4697 0,0007
selflink 0,0101 0,0000
current 0,0000 0,0000
incentivize 3,9120 0,0018
defunct 1,9661 0,0009
variety 0,9943 0,0005
vector 0,0000 0,0000
randomx 3,2189 0,0015
key 0,0305 0,0000
hoskinson 4,6052 0,0021
cachereport 0,0000 0,0000
cartoon 3,5066 0,0016
one 0,0943 0,0000
amid 3,5066 0,0016
launch 0,9943 0,0014
store 0,5447 0,0005
tagalog 1,2040 0,0005
bosanski 0,8916 0,0004
confirm 1,6094 0,0007
entityaccesscount 0,0000 0,0000
bug 0,8675 0,0008
amir 2,6593 0,0012
shanghai 3,9120 0,0018
compressed 2,9957 0,0014
story 1,2730 0,0006
symbol 1,8326 0,0008
separate 0,6162 0,0003
willing 2,9957 0,0014
buy 1,4271 0,0026
available 0,0000 0,0000
variant 0,0619 0,0001
generate 0,8210 0,0004
griffith 3,2189 0,0015
query 1,1394 0,0005
degree 1,7720 0,0008
this 0,1278 0,0001
anarchy 3,2189 0,0015
kauflin 4,6052 0,0021
norsk 0,3285 0,0001
suppose 3,2189 0,0015
memusage 0,0000 0,0000
bitlicense 3,2189 0,0015
zaim 4,6052 0,0021
blockchain 2,0402 0,0019
expend 4,6052 0,0021
know 0,2231 0,0001
conspire 4,6052 0,0021
demonstrate 1,3471 0,0006
support 0,1393 0,0001
coin 1,6094 0,0007
basics 2,1203 0,0010
idea 0,9676 0,0004
wgpopupsflag 0,0000 0,0000
polski 0,1165 0,0001
privacy 0,0000 0,0000
life 0,9416 0,0004
kin 2,8134 0,0013
assia 4,6052 0,0021
similarity 2,5257 0,0011
gap 1,2040 0,0005
gas 2,5257 0,0011
throughout 1,6094 0,0007
normal 0,0202 0,0000
wide 0,6539 0,0003
grellet 3,9120 0,0018
licens 1,8971 0,0009
org 1,5141 0,0007
argue 1,4271 0,0006
consumption 1,4697 0,0007
technology 0,1863 0,0002
tulip 3,9120 0,0018
attester 4,6052 0,0042
wgarticleid 0,0000 0,0000
pagelanguagedir 0,0000 0,0000
wgcitereferencepreviewsactive 0,0000 0,0000
anthony 2,1203 0,0010
ecosystem 1,2040 0,0005
software 0,0000 0,0000
mojtaba 3,5066 0,0016
none 0,0101 0,0000
type 0,0000 0,0000
april 0,0000 0,0000
beyond 1,0217 0,0005
daos 4,6052 0,0021
cornell 3,2189 0,0015
hack 1,3471 0,0012
dapp 4,6052 0,0042
problem 0,3285 0,0001
camila 4,6052 0,0021
justify 1,8326 0,0008
madine 4,6052 0,0021
review 0,6162 0,0003
proof 1,7148 0,0016
between 0,2107 0,0001
guide 0,3711 0,0002
researcher 1,3093 0,0006
vinay 3,9120 0,0018
contract 1,4271 0,0013
numismatics 3,5066 0,0016
come 0,4155 0,0002
baseline 1,7720 0,0008
push 0,0000 0,0000
sousa 3,9120 0,0018
drexel 4,6052 0,0021
arche 4,6052 0,0021
north 1,7148 0,0008
capacity 1,7148 0,0008
out 0,0000 0,0000
flaw 1,9661 0,0009
feature 0,0000 0,0000
cached 0,4463 0,0002
get 0,0000 0,0000
chavez 3,5066 0,0016
dark 0,0101 0,0000
course 1,3093 0,0006
leap 2,4079 0,0011
copy 1,1712 0,0005
power 0,6733 0,0006
caitlin 3,9120 0,0018
sell 1,3471 0,0006
yoni 3,9120 0,0018
fphy 4,6052 0,0021
lead 0,2231 0,0003
token 1,7148 0,0016
expect 0,8440 0,0004
help 0,0000 0,0000
site 0,0000 0,0000
depth 0,0000 0,0000
additionally 1,0498 0,0005
gernot 4,6052 0,0021
lemieux 4,6052 0,0021
self 0,7133 0,0003
asset 2,0402 0,0009
currencies 3,2189 0,0015
sharealike 0,0000 0,0000
date 0,3011 0,0004
uppercase 3,9120 0,0018
addresses 3,5066 0,0016
argument 0,0513 0,0000
mashable 3,2189 0,0015
reveal 1,5606 0,0007
data 0,0000 0,0000
own 0,4780 0,0004
sound 1,3471 0,0006
wgpageviewlanguage 0,0000 0,0000
accesskey 0,0000 0,0000
only 0,2107 0,0001
should 0,3711 0,0002
create 0,0000 0,0000
tag 0,0000 0,0000
xin 2,9957 0,0014
whoppercoin 3,2189 0,0015
development 0,1278 0,0001
taylor 2,2073 0,0010
like 0,2231 0,0002
resource 0,4620 0,0002
proposer 4,6052 0,0021
crypto 2,3026 0,0010
mobilecoin 3,2189 0,0015
core 0,5621 0,0003
blob 2,5257 0,0023
capitalization 3,2189 0,0015
person 0,6162 0,0003
proto 3,5066 0,0016
safe 0,8675 0,0004
dash 2,6593 0,0012
send 0,7550 0,0007
abdul 4,6052 0,0021
potentially 0,7765 0,0004
here 0,0000 0,0000
note 0,4155 0,0004
purpose 0,5108 0,0002
line 0,0101 0,0000
link 0,0000 0,0000
distinct 1,3471 0,0006
salzer 4,6052 0,0021
can 0,0408 0,0000
computing 0,4155 0,0002
security 0,3285 0,0001
cap 0,0619 0,0000
contributor 0,0000 0,0000
paris 2,5257 0,0011
wgcanonicalnamespace 0,0000 0,0000
flex 0,5276 0,0002
ready 0,0000 0,0000
cat 2,3026 0,0021
emin 4,6052 0,0021
cost 0,6733 0,0003
wgisredirect 0,0000 0,0000
limited 0,8916 0,0004
satisfy 1,7720 0,0008
will 0,2485 0,0001
winkelmann 4,6052 0,0021
february 0,0000 0,0000
implementation 0,3147 0,0003
wilcke 4,6052 0,0021
follow 0,2744 0,0002
pmid 1,7720 0,0008
really 1,5606 0,0007
aventus 3,2189 0,0015
compliance 1,4271 0,0006
responsive 0,0202 0,0000
york 0,8440 0,0004
collectable 3,9120 0,0018
challenge 0,6162 0,0003
counterparty 3,2189 0,0015
tapscott 3,9120 0,0018
category 0,0000 0,0000
informal 2,2073 0,0010
intend 0,6162 0,0003
rival 2,6593 0,0012
wikidata 0,0000 0,0000
