half 1,7148 0,0006
functions 2,5257 0,0009
latina 1,4697 0,0005
upload 0,0000 0,0000
analyse 2,8134 0,0010
hall 1,3471 0,0005
tarau 4,6052 0,0016
wggelevelingupenabledforuser 0,0000 0,0000
wgrestrictionmove 0,0000 0,0000
merlini 4,6052 0,0016
remote 0,9163 0,0003
without 0,2744 0,0001
sudaan 4,6052 0,0016
ccp 4,6052 0,0016
lego 3,9120 0,0013
would 0,3425 0,0001
xml 1,1394 0,0004
combinatorial 3,5066 0,0012
calculate 2,0402 0,0007
ten 1,6607 0,0006
sister 1,6094 0,0005
solid 0,0202 0,0000
thus 0,7550 0,0003
switzerland 2,4079 0,0008
neutral 0,5447 0,0002
optional 1,3093 0,0004
require 0,0000 0,0000
scratch 2,1203 0,0007
analysis 0,5108 0,0002
downey 3,9120 0,0013
rewrite 1,2040 0,0004
scribunto 0,0000 0,0000
sqlalchemy 4,6052 0,0016
moore 1,9661 0,0007
size 0,0000 0,0000
triple 2,6593 0,0009
left 0,0408 0,0000
cdx 0,0000 0,0000
openbugs 4,6052 0,0016
much 0,6931 0,0002
object 0,3711 0,0003
chapter 1,1712 0,0004
statistical 2,0402 0,0007
fehily 4,6052 0,0016
lombard 1,1712 0,0004
role 0,8916 0,0003
achieve 0,7985 0,0003
ahead 1,7148 0,0006
gsub 1,7148 0,0006
notable 1,1394 0,0004
grumpy 4,6052 0,0016
elect 2,8134 0,0010
wesley 0,8675 0,0003
example 0,2485 0,0002
result 0,2231 0,0002
same 0,2357 0,0001
after 0,0305 0,0000
multiplication 3,2189 0,0011
headline 0,0000 0,0000
solaris 1,7148 0,0006
connect 0,8675 0,0003
rational 2,3026 0,0008
hand 1,0217 0,0003
policy 0,0000 0,0000
artistic 3,2189 0,0011
union 1,3093 0,0004
pagelanguagecode 0,0000 0,0000
gnu 1,1087 0,0004
transientcontent 0,0000 0,0000
subtle 0,3285 0,0001
component 0,3147 0,0002
licenses 2,9957 0,0010
unladen 4,6052 0,0016
suite 1,2040 0,0008
snek 4,6052 0,0016
amzi 4,6052 0,0016
mypyc 4,6052 0,0016
idhash 0,0619 0,0000
obvious 2,9957 0,0010
timeline 1,0788 0,0004
infinity 3,2189 0,0011
information 0,0000 0,0000
wrap 0,0101 0,0000
discuss 1,0217 0,0003
setl 4,6052 0,0016
standard 0,2357 0,0002
november 0,0000 0,0000
acknowledgement 3,5066 0,0012
blogs 3,5066 0,0012
mypy 4,6052 0,0016
good 0,4155 0,0004
empty 0,0305 0,0000
lisper 4,6052 0,0016
analytics 1,7720 0,0006
pseudorandom 3,5066 0,0012
syntactic 2,4079 0,0008
tie 2,0402 0,0007
weka 3,9120 0,0013
holth 4,6052 0,0016
fullversionlist 0,0000 0,0000
cnxsoft 4,6052 0,0016
tim 1,0498 0,0004
implement 0,3285 0,0004
tip 3,2189 0,0011
export 0,0000 0,0000
gpl 2,2073 0,0007
cinder 4,6052 0,0016
owen 2,9957 0,0010
bdfl 4,6052 0,0016
european 1,3471 0,0005
lisp 1,7720 0,0006
quixote 3,2189 0,0011
check 0,7985 0,0005
list 0,0000 0,0000
andrew 1,0498 0,0004
external 0,1863 0,0001
eval 2,9957 0,0010
labs 1,2730 0,0004
mattip 4,6052 0,0016
simionato 4,6052 0,0016
authority 0,4780 0,0002
child 0,0202 0,0000
mainentity 0,0000 0,0000
germany 0,5798 0,0002
interface 0,2485 0,0003
representation 1,1394 0,0004
remove 0,3711 0,0005
disclaimers 0,0000 0,0000
unsupported 2,3026 0,0008
provider 1,2730 0,0004
motivate 2,6593 0,0009
root 0,4780 0,0002
marginal 3,2189 0,0011
wgisprobablyeditable 0,0000 0,0000
hard 1,1394 0,0004
jocelyn 4,6052 0,0016
tutorial 1,5141 0,0010
compiler 1,3093 0,0009
brunet 4,6052 0,0016
citation 0,0101 0,0000
mobile 0,0000 0,0000
multiple 0,2485 0,0001
xchange 3,9120 0,0013
evolution 1,3471 0,0005
prolog 2,3026 0,0008
versus 1,7720 0,0006
plainlist 0,4463 0,0002
pdf 0,0000 0,0000
kuchling 4,6052 0,0016
there 0,2614 0,0001
permit 1,3093 0,0004
syntax 1,1394 0,0004
well 0,2744 0,0001
handling 1,7148 0,0006
suitable 1,3471 0,0005
adrien 4,6052 0,0016
struct 2,9957 0,0010
bitness 0,0000 0,0000
rgba 0,0101 0,0000
facundo 4,6052 0,0016
focus 0,6733 0,0002
nluug 4,6052 0,0016
american 0,8440 0,0003
entire 0,8675 0,0003
approach 0,3711 0,0003
myth 2,6593 0,0009
guelton 4,6052 0,0016
concise 2,9957 0,0010
tmp 3,5066 0,0012
transpile 3,9120 0,0013
block 0,0408 0,0000
pep 3,9120 0,0027
per 0,8440 0,0003
write 0,1508 0,0002
flow 0,3425 0,0001
aahz 4,6052 0,0016
gtk 2,9957 0,0010
order 0,4155 0,0001
aria 0,0000 0,0000
musical 2,9957 0,0010
boxtext 0,0619 0,0000
byte 0,0408 0,0000
understand 0,6162 0,0002
birth 2,5257 0,0009
libreoffice 2,8134 0,0010
clu 3,5066 0,0012
indonesia 0,3567 0,0001
propose 1,0788 0,0007
intelligence 0,8916 0,0003
ever 1,3863 0,0005
serdar 3,5066 0,0012
even 0,0513 0,0000
install 1,3093 0,0004
strongly 2,3026 0,0008
toolbox 2,9957 0,0010
esperanto 0,7133 0,0002
tagline 0,0000 0,0000
gui 1,3471 0,0005
regexp 0,0000 0,0000
hundred 1,4271 0,0005
subsection 0,1508 0,0001
successor 1,5606 0,0005
wgeditsubmitbuttonlabelpublish 0,0000 0,0000
geoprocess 4,6052 0,0016
raimo 4,6052 0,0016
toc 0,0000 0,0000
guy 2,2073 0,0007
respectively 1,3863 0,0005
functionality 0,6539 0,0002
restrict 1,5141 0,0005
wgpagecontentmodel 0,0000 0,0000
recursive 2,0402 0,0007
tuple 2,5257 0,0017
raedt 4,6052 0,0016
top 0,0000 0,0000
native 0,8916 0,0003
rails 2,1203 0,0007
too 0,8916 0,0003
have 0,2744 0,0001
pgp 3,9120 0,0013
imperative 2,0402 0,0007
malloc 3,2189 0,0011
scipy 4,6052 0,0016
product 0,4005 0,0003
famous 2,9957 0,0010
particularly 0,9943 0,0003
spinnaker 4,6052 0,0016
question 0,9416 0,0003
coroutine 3,9120 0,0027
speedup 3,2189 0,0022
cnx 4,6052 0,0016
inconsistent 3,2189 0,0011
produce 0,6931 0,0009
wgnamespacenumber 0,0000 0,0000
framework 0,2877 0,0002
disable 2,2073 0,0007
regard 1,1087 0,0004
tpu 3,5066 0,0012
wgwmepagelength 0,0000 0,0000
php 1,3471 0,0005
constraint 1,5141 0,0005
metasyntactic 4,6052 0,0016
entity 0,0101 0,0000
smalltalk 1,6607 0,0006
thousand 1,5141 0,0005
gotchas 4,6052 0,0016
col 0,9943 0,0003
enablement 3,5066 0,0012
pierrick 4,6052 0,0016
expensivefunctioncount 0,0000 0,0000
minor 1,7148 0,0006
almost 1,1087 0,0004
instat 4,6052 0,0016
manner 1,6607 0,0006
upon 0,8916 0,0003
associate 0,6931 0,0002
identical 2,0402 0,0007
timeusage 0,0000 0,0000
aphorism 4,6052 0,0016
automation 0,7550 0,0003
pin 0,0000 0,0000
academic 1,3093 0,0004
pip 3,9120 0,0013
whether 0,7765 0,0003
function 0,0000 0,0000
raise 1,4271 0,0010
wouters 4,6052 0,0016
verification 0,8440 0,0003
freefem 4,6052 0,0016
comparison 0,4005 0,0003
ubiquity 3,9120 0,0013
cpu 0,0408 0,0000
infobox 0,6931 0,0002
less 0,6162 0,0002
pcache 0,0619 0,0000
condition 1,2040 0,0008
improve 0,2485 0,0002
featool 4,6052 0,0016
starlark 4,6052 0,0016
october 0,0000 0,0000
try 0,9676 0,0003
rarely 2,3026 0,0008
basic 0,6539 0,0002
twist 2,6593 0,0009
specialized 1,3471 0,0005
complication 0,0513 0,0000
university 0,5621 0,0002
cause 0,6162 0,0002
mapper 2,8134 0,0010
rexcel 4,6052 0,0016
wikiquote 1,7148 0,0006
jquery 0,0000 0,0000
bloat 3,5066 0,0012
tsp 2,2073 0,0007
effective 1,0217 0,0003
scripting 1,2040 0,0004
cumfreq 4,6052 0,0016
design 0,1393 0,0001
unpack 3,5066 0,0012
department 1,3863 0,0005
floor 3,5066 0,0012
lang 2,8134 0,0010
semicolon 2,8134 0,0010
timeless 0,0101 0,0000
simfit 4,6052 0,0016
chief 1,6607 0,0006
piatetsky 3,5066 0,0012
accord 0,5108 0,0002
luasandboxcallback 1,4271 0,0005
automatic 1,2379 0,0004
wgwmeschemaeditattemptstepoversample 0,0000 0,0000
despite 1,3093 0,0004
opening 2,4079 0,0008
ttl 0,0000 0,0000
labview 3,9120 0,0013
lojban 2,8134 0,0010
industrial 1,5606 0,0005
wikifunctions 3,9120 0,0013
encyclopedia 0,0000 0,0000
conduct 0,0000 0,0000
hetland 4,6052 0,0016
stable 0,7133 0,0002
cpython 3,2189 0,0011
sketch 2,9957 0,0010
formerly 1,2040 0,0004
maintenance 0,6733 0,0002
abovebelow 0,0943 0,0000
stata 4,6052 0,0016
marry 4,6052 0,0016
iterable 4,6052 0,0016
wsgiref 4,6052 0,0016
discussion 1,3093 0,0004
netbsd 2,5257 0,0009
ajax 1,7148 0,0006
concern 0,8210 0,0003
beautiful 3,5066 0,0012
vitriol 4,6052 0,0016
notation 1,4271 0,0005
pref 0,0000 0,0000
let 0,9943 0,0003
maintainable 3,9120 0,0013
state 0,3425 0,0001
csrftoken 0,0000 0,0000
press 0,5621 0,0002
element 0,0000 0,0000
buildbot 4,6052 0,0016
environmental 1,8971 0,0006
wtfpl 3,5066 0,0012
night 0,0000 0,0000
want 0,8675 0,0006
opposite 3,5066 0,0012
qaraqalpaqsha 1,1712 0,0004
vulnerability 1,3863 0,0005
each 0,1393 0,0000
javascript 0,9416 0,0003
mediawiki 1,0788 0,0004
input 0,0000 0,0000
medcalc 4,6052 0,0016
groovy 2,4079 0,0008
kennedy 3,2189 0,0011
toolkit 1,5141 0,0005
bmdp 4,6052 0,0016
difference 0,8916 0,0003
must 0,4620 0,0002
reminiscent 4,6052 0,0016
resign 2,8134 0,0010
datawrapper 1,6094 0,0005
microthread 4,6052 0,0016
unpinned 0,0000 0,0000
transpiler 3,2189 0,0022
anaconda 4,6052 0,0016
document 0,4463 0,0005
concurrent 1,2040 0,0004
alemannisch 2,3026 0,0008
subtraction 3,5066 0,0012
slithers 4,6052 0,0016
battery 2,4079 0,0008
two 0,2744 0,0001
writable 3,2189 0,0011
incompatible 1,9661 0,0007
promote 1,3093 0,0004
cve 2,8134 0,0010
routine 1,8326 0,0006
knight 2,8134 0,0010
initialization 2,4079 0,0008
attach 1,8326 0,0012
distribute 0,3857 0,0003
escape 2,1203 0,0007
datepublished 0,0000 0,0000
retention 2,8134 0,0010
clause 2,2073 0,0015
receive 0,7340 0,0007
think 0,9676 0,0003
coffeescript 2,6593 0,0009
portalleft 1,3093 0,0004
languages 1,3471 0,0005
team 0,4943 0,0003
wgusername 0,0000 0,0000
cwi 4,6052 0,0016
reflective 2,8134 0,0010
extensively 2,8134 0,0010
artima 3,5066 0,0012
xlispstat 4,6052 0,0016
thing 1,0788 0,0004
principle 0,7985 0,0003
spencer 2,3026 0,0008
graphpad 4,6052 0,0016
lia 4,6052 0,0016
lie 2,1203 0,0007
source 0,1393 0,0001
align 0,0101 0,0000
secure 1,0217 0,0003
anna 2,6593 0,0009
ieee 0,8440 0,0003
blender 3,5066 0,0012
canopy 4,6052 0,0016
compile 1,1712 0,0012
late 0,4155 0,0003
lubanovic 4,6052 0,0016
continue 0,6931 0,0005
bias 2,3026 0,0008
wasi 3,9120 0,0013
keras 3,9120 0,0013
hat 1,4697 0,0005
keyword 2,2073 0,0015
stability 1,9661 0,0007
definite 3,9120 0,0013
last 0,0000 0,0000
reflection 2,1203 0,0014
imageright 0,2614 0,0001
eric 1,1394 0,0004
mozilla 1,8326 0,0006
weight 0,0101 0,0000
develop 0,1863 0,0002
pro 1,6094 0,0005
euler 4,6052 0,0016
aroca 4,6052 0,0016
technologies 1,0788 0,0004
measure 0,9416 0,0003
page 0,0000 0,0000
compatibility 0,9416 0,0003
full 0,0202 0,0000
inkscape 4,6052 0,0016
away 1,4271 0,0005
memory 0,0408 0,0000
scientist 1,3863 0,0009
concept 0,3711 0,0001
erlang 1,7720 0,0006
effort 0,8916 0,0006
video 0,8210 0,0003
anything 2,1203 0,0007
perl 1,3093 0,0004
early 0,4308 0,0003
enclose 2,6593 0,0009
enhance 0,8916 0,0003
ncss 4,6052 0,0016
center 0,0000 0,0000
start 0,3011 0,0003
yet 1,1087 0,0004
windows 0,7985 0,0003
engineer 0,7765 0,0003
generic 1,4697 0,0005
pair 1,3863 0,0005
equal 1,9661 0,0013
vosa 2,9957 0,0010
genius 2,9957 0,0010
hdl 1,6094 0,0005
silicon 2,4079 0,0008
clarity 2,3026 0,0008
wikimedia 0,0000 0,0000
wiskunde 4,6052 0,0016
typical 1,1394 0,0004
initially 1,0788 0,0004
short 0,0000 0,0000
time 0,0000 0,0000
quotation 1,7720 0,0006
gateway 2,0402 0,0007
studio 1,3471 0,0005
jalan 4,6052 0,0016
interactive 0,4463 0,0002
oliphant 4,6052 0,0016
program 0,2614 0,0002
semantics 1,4271 0,0005
consistency 1,6094 0,0005
three 0,3711 0,0001
metaobject 3,9120 0,0013
put 0,9416 0,0003
artifact 2,2073 0,0007
keith 2,5257 0,0009
mutable 3,5066 0,0012
circus 4,6052 0,0016
yegulalp 3,5066 0,0012
controversial 2,3026 0,0008
specifically 0,8916 0,0003
enter 1,2040 0,0004
hardware 0,5798 0,0002
philosophy 1,1712 0,0004
priority 1,4697 0,0005
dynamically 1,8326 0,0006
grouping 2,3026 0,0008
creative 0,0000 0,0000
nederlands 0,1985 0,0001
analog 2,9957 0,0010
miran 4,6052 0,0016
shuttle 3,9120 0,0013
chris 1,2040 0,0004
allocate 1,5606 0,0005
provide 0,1625 0,0002
light 1,3093 0,0004
addison 0,9163 0,0003
atmega 4,6052 0,0016
primary 0,7765 0,0003
log 0,0000 0,0000
conditionally 3,5066 0,0012
lazy 2,6593 0,0009
methods 2,6593 0,0009
wgcheckuserclienthintsheadersjsapi 0,0000 0,0000
euskara 0,5108 0,0002
mailing 1,8971 0,0006
layer 0,7340 0,0002
lot 1,5606 0,0005
computer 0,1863 0,0001
tensorflow 2,5257 0,0009
ways 2,8134 0,0010
andreas 2,5257 0,0009
arduino 3,2189 0,0011
low 0,0101 0,0000
timingprofile 0,0000 0,0000
minimalist 3,2189 0,0011
sleepycat 3,2189 0,0011
theme 0,0000 0,0000
holdings 2,8134 0,0010
wgcategory 0,0000 0,0000
darryl 4,6052 0,0016
editor 0,0000 0,0000
means 1,0217 0,0003
postexpandincludesize 0,0000 0,0000
chain 1,3471 0,0005
desire 1,1087 0,0004
efficient 1,0217 0,0003
unstrip 0,0000 0,0000
apress 1,7148 0,0006
briggs 4,6052 0,0016
consistent 1,1712 0,0004
reverse 1,7720 0,0006
templateargumentsize 0,0000 0,0000
directmedia 3,5066 0,0012
january 0,0000 0,0000
permanent 0,0000 0,0000
fellow 2,6593 0,0018
asturianu 1,2730 0,0004
pyd 4,6052 0,0016
summarize 2,4079 0,0008
pyc 4,6052 0,0016
choice 1,0498 0,0004
facility 1,0498 0,0004
cham 2,5257 0,0009
pyj 4,6052 0,0016
small 0,0305 0,0000
pyi 4,6052 0,0016
civilization 3,9120 0,0013
compact 1,7720 0,0006
before 0,0305 0,0000
lattner 3,9120 0,0013
bytearray 4,6052 0,0016
replace 0,7340 0,0005
pyt 4,6052 0,0016
cluttered 4,6052 0,0016
emulate 2,3026 0,0008
experience 0,7985 0,0005
caching 2,6593 0,0009
italic 0,1278 0,0000
pyw 4,6052 0,0016
dan 0,9943 0,0003
pyz 4,6052 0,0016
dap 3,9120 0,0013
indentation 3,5066 0,0012
denote 2,1203 0,0014
major 0,5621 0,0002
renegade 4,6052 0,0016
emphasis 2,3026 0,0008
consider 0,4005 0,0001
day 0,0000 0,0000
potential 1,0788 0,0004
combination 1,0788 0,0004
group 0,0408 0,0000
obtain 1,3471 0,0005
manually 1,5606 0,0005
analogously 4,6052 0,0016
format 0,0101 0,0000
runtime 1,2040 0,0008
archive 0,0943 0,0001
particular 0,5978 0,0002
history 0,0000 0,0000
pause 3,9120 0,0013
twice 1,9661 0,0007
ctype 4,6052 0,0016
dadisp 4,6052 0,0016
critical 0,8916 0,0003
mathematics 1,5141 0,0005
wgrestrictionedit 0,0000 0,0000
capella 3,9120 0,0013
part 0,1985 0,0001
wgpageparsereport 0,0000 0,0000
dcg 4,6052 0,0016
elsewhere 2,3026 0,0008
taft 4,6052 0,0016
textbooks 1,7720 0,0006
point 0,5447 0,0002
general 0,0000 0,0000
september 0,0000 0,0000
zope 3,2189 0,0011
browser 0,9943 0,0003
mathematica 3,2189 0,0011
introduction 0,5621 0,0002
shazam 3,5066 0,0012
padding 0,0000 0,0000
process 0,1625 0,0001
alternative 0,6931 0,0002
clear 0,0101 0,0000
ltr 0,0000 0,0000
clean 1,6094 0,0005
mlwin 4,6052 0,0016
cymraeg 1,4697 0,0005
third 0,5447 0,0002
build 0,2357 0,0002
mean 0,4463 0,0005
lua 0,0513 0,0000
wireless 1,7720 0,0006
further 0,3711 0,0001
luc 3,5066 0,0012
travis 3,5066 0,0012
myhdl 4,6052 0,0016
account 0,0000 0,0000
methodology 1,2040 0,0004
mostly 1,2730 0,0004
stack 0,7340 0,0002
dec 2,0402 0,0007
def 2,9957 0,0010
ricci 4,6052 0,0016
dansk 0,5798 0,0002
mime 2,8134 0,0010
barry 2,4079 0,0008
del 3,2189 0,0011
intellij 3,5066 0,0012
uyghurche 1,9661 0,0007
stride 4,6052 0,0016
portalborder 1,3093 0,0004
evaluation 1,3093 0,0004
meier 3,5066 0,0012
path 1,0498 0,0004
bind 1,3863 0,0014
dev 1,7720 0,0006
ugi 2,6593 0,0009
record 0,7765 0,0003
abbr 0,0619 0,0000
you 0,0000 0,0000
jump 0,0000 0,0000
knowledge 0,7340 0,0002
limitations 2,0402 0,0007
databases 2,0402 0,0007
happen 1,3471 0,0005
sofa 4,6052 0,0016
pass 0,8675 0,0006
profile 1,0788 0,0004
active 0,7985 0,0003
bill 1,5606 0,0005
july 0,0000 0,0000
chapel 2,9957 0,0010
whose 1,3471 0,0005
route 1,6094 0,0005
domain 0,6931 0,0002
eggsclass 4,6052 0,0016
unicode 2,1203 0,0007
claburn 3,2189 0,0011
formatting 3,9120 0,0013
relative 1,6607 0,0006
compare 0,9416 0,0010
subgroup 0,0513 0,0000
raynaud 4,6052 0,0016
hon 4,6052 0,0016
bottle 4,6052 0,0016
transparent 0,0619 0,0000
yukihiro 3,2189 0,0011
amigaos 4,6052 0,0016
how 0,0834 0,0000
capability 0,7765 0,0003
journal 0,4780 0,0002
sigstore 4,6052 0,0016
peter 0,8210 0,0003
unlike 1,2040 0,0004
assembly 1,3471 0,0005
term 0,0000 0,0000
acquisition 1,2040 0,0004
backslash 3,9120 0,0027
unidirectionally 4,6052 0,0016
chip 1,5141 0,0005
mini 0,0619 0,0000
tail 3,2189 0,0011
aivazis 4,6052 0,0016
possible 0,5276 0,0002
right 0,0101 0,0000
bini 4,6052 0,0016
idref 2,0402 0,0007
march 0,0000 0,0000
rossum 3,2189 0,0011
salome 4,6052 0,0016
june 0,0000 0,0000
wikitext 0,0000 0,0000
answer 1,5606 0,0005
meet 0,9163 0,0006
underscore 2,9957 0,0010
boilerplate 3,9120 0,0013
series 0,5798 0,0002
complicated 2,5257 0,0009
infoq 2,0402 0,0007
borrow 2,3026 0,0008
lumberjack 4,6052 0,0016
paul 0,7765 0,0003
under 0,0101 0,0000
analytic 1,4271 0,0005
publications 2,2073 0,0007
represent 0,5978 0,0006
nltk 4,6052 0,0016
cddl 3,5066 0,0012
debugger 1,8326 0,0006
sometimes 0,6931 0,0002
wsgi 2,8134 0,0010
promise 1,5141 0,0005
tkint 4,6052 0,0016
autocapitalize 0,0000 0,0000
down 0,8440 0,0003
div 0,0000 0,0000
correctly 1,5606 0,0005
later 0,4005 0,0001
outdated 2,8134 0,0010
bracket 0,0619 0,0000
wgpagename 0,0000 0,0000
talk 0,0000 0,0000
computational 1,2040 0,0004
info 2,4079 0,0008
possibly 2,0402 0,0007
dedicated 1,6094 0,0005
static 1,0217 0,0003
upstream 2,8134 0,0010
commonly 0,6931 0,0002
test 0,4463 0,0003
monty 3,9120 0,0013
pyaiml 4,6052 0,0016
finally 1,4271 0,0005
count 0,0513 0,0001
hatnote 0,2107 0,0001
mentoring 3,5066 0,0012
pinnable 0,0000 0,0000
take 0,2877 0,0002
vision 1,1394 0,0004
month 0,7133 0,0002
final 1,0788 0,0004
wgrevisionid 0,0000 0,0000
asgi 2,8134 0,0010
biopython 4,6052 0,0016
confusion 2,1203 0,0007
some 0,1744 0,0001
motionbuild 4,6052 0,0016
virtual 0,4620 0,0002
rather 0,5978 0,0002
session 1,7720 0,0006
additional 0,0000 0,0000
back 0,6349 0,0002
calif 3,9120 0,0013
ravenscroft 4,6052 0,0016
title 0,0000 0,0000
patroltoken 0,0000 0,0000
miss 1,3471 0,0005
states 0,4943 0,0002
redefine 2,8134 0,0010
load 0,0202 0,0000
fortran 1,8326 0,0006
alpha 0,0101 0,0000
contraction 3,9120 0,0013
ignore 1,4697 0,0005
thomas 0,8675 0,0003
continuation 3,9120 0,0013
human 0,9416 0,0003
just 0,4943 0,0002
troy 3,9120 0,0013
sole 2,6593 0,0009
holy 3,9120 0,0013
millman 3,9120 0,0013
custom 0,0000 0,0000
kiswahili 1,2730 0,0004
length 1,6094 0,0005
getentity 2,6593 0,0009
monitor 1,2040 0,0004
raymond 1,9661 0,0007
combinatoric 4,6052 0,0016
home 0,8675 0,0003
codon 4,6052 0,0016
michael 0,7133 0,0002
schedule 1,1087 0,0008
print 0,0000 0,0000
although 0,6162 0,0002
material 0,7765 0,0003
regression 1,7720 0,0006
inherit 0,0101 0,0000
interpret 1,7148 0,0012
idiom 3,5066 0,0024
indented 4,6052 0,0016
newsletter 3,2189 0,0011
simulation 1,9661 0,0007
construct 1,3471 0,0014
convert 1,6607 0,0011
hope 2,1203 0,0007
attempt 0,8440 0,0003
division 2,0402 0,0014
dmy 0,0000 0,0000
navigation 0,0000 0,0000
action 0,0000 0,0000
guidelines 1,8326 0,0006
lock 0,0101 0,0000
manifold 3,9120 0,0013
text 0,0000 0,0000
usually 0,4780 0,0002
prism 4,6052 0,0016
goodger 4,6052 0,0016
python 0,6539 0,0002
ppvisitednode 0,0000 0,0000
cookie 0,0000 0,0000
printer 2,2073 0,0007
valueerror 4,6052 0,0016
sense 1,3093 0,0004
infix 3,9120 0,0013
loading 0,0000 0,0000
heavy 2,1203 0,0007
gretl 4,6052 0,0016
field 0,7550 0,0005
contents 0,0000 0,0000
macs 3,9120 0,0013
doc 1,8326 0,0006
interval 2,2073 0,0007
evaluate 1,3093 0,0013
doi 0,4155 0,0001
status 0,0000 0,0000
statsdirect 4,6052 0,0016
semantic 1,6607 0,0006
server 0,4005 0,0001
diffusion 2,9957 0,0010
shafer 3,5066 0,0012
anatomy 2,9957 0,0010
dot 0,8210 0,0003
skin 0,0000 0,0000
skip 2,6593 0,0018
eview 4,6052 0,0016
rebrand 2,5257 0,0009
summer 1,6607 0,0006
nuke 3,2189 0,0011
file 0,0000 0,0000
expressiveness 3,2189 0,0011
member 0,9163 0,0003
libre 2,9957 0,0010
dylan 4,6052 0,0016
elimination 2,9957 0,0010
map 0,8210 0,0003
surround 2,2073 0,0007
wgnoticeproject 0,0000 0,0000
together 0,5978 0,0002
aufranc 4,6052 0,0016
lundh 4,6052 0,0016
may 0,0000 0,0000
max 0,0513 0,0000
within 0,3011 0,0001
blake 3,2189 0,0011
could 0,4780 0,0002
forward 1,2730 0,0004
health 1,5606 0,0005
positive 1,8971 0,0006
trigger 0,0513 0,0000
menu 0,0000 0,0000
kincaid 4,6052 0,0016
url 0,0000 0,0000
computation 1,3863 0,0005
machine 0,2744 0,0002
stuart 2,5257 0,0009
return 0,0000 0,0000
specialize 1,8971 0,0013
coder 2,4079 0,0008
gentoo 2,9957 0,0010
instance 0,7765 0,0005
modder 4,6052 0,0016
use 0,0000 0,0000
unambiguous 3,9120 0,0013
recognition 1,6607 0,0006
feel 1,8326 0,0006
british 2,2073 0,0007
main 0,0000 0,0000
networking 1,5606 0,0005
integer 1,7720 0,0012
serve 1,0217 0,0007
codex 4,6052 0,0016
heterogeneous 2,5257 0,0009
cspro 4,6052 0,0016
rstudio 3,9120 0,0013
find 0,3425 0,0002
host 0,6539 0,0004
backward 1,6607 0,0006
grail 3,9120 0,0013
logo 0,0000 0,0000
international 0,3011 0,0001
compositor 3,9120 0,0013
regardless 1,7720 0,0006
alter 1,5141 0,0005
unordered 3,5066 0,0012
ideal 2,1203 0,0007
utc 0,0000 0,0000
comedy 3,9120 0,0013
occur 0,7765 0,0003
utf 2,5257 0,0009
schemenauer 4,6052 0,0016
canonical 0,0408 0,0000
sistersitebox 0,6539 0,0002
wgcurrevisionid 0,0000 0,0000
emitted 3,9120 0,0013
task 0,5108 0,0003
null 0,0000 0,0000
background 0,0101 0,0000
true 0,0000 0,0000
header 0,0000 0,0000
watchtoken 0,0000 0,0000
present 0,5621 0,0002
luciano 3,5066 0,0012
since 0,3425 0,0001
differentiation 3,2189 0,0011
patent 1,8971 0,0006
paradigm 1,1394 0,0008
blend 3,5066 0,0012
best 2,6593 0,0009
conceive 2,5257 0,0009
delete 0,4155 0,0001
foreach 0,0000 0,0000
bali 2,8134 0,0010
transform 1,4697 0,0005
repeat 0,0101 0,0000
kadazandusun 3,9120 0,0013
chetan 3,9120 0,0013
magnitude 2,5257 0,0009
make 0,1165 0,0002
beta 1,3863 0,0005
wggestructuredtaskrejectionreasontextinputenable 0,0000 0,0000
execution 0,7340 0,0002
lightwave 4,6052 0,0016
gregory 2,5257 0,0009
prentice 1,6607 0,0006
equation 3,2189 0,0011
kotlin 2,4079 0,0008
thread 1,2379 0,0008
structure 0,4155 0,0004
ruby 1,0217 0,0003
algol 2,1203 0,0007
orange 3,5066 0,0012
underlie 0,9416 0,0003
due 0,5108 0,0002
tutorials 3,9120 0,0013
conform 1,7148 0,0012
puzzle 2,5257 0,0009
moshe 3,9120 0,0013
simplify 1,1394 0,0012
norwitz 4,6052 0,0016
invention 1,7148 0,0006
webassembly 1,7720 0,0006
glue 3,2189 0,0011
instagram 3,2189 0,0011
metaclasses 4,6052 0,0016
cover 1,2040 0,0008
patch 1,5141 0,0010
character 1,1394 0,0004
reflect 1,1712 0,0008
contribution 0,0000 0,0000
meaning 1,5141 0,0010
niskanen 4,6052 0,0016
above 1,0788 0,0004
concurrently 2,8134 0,0010
recursion 0,0513 0,0000
czech 0,9163 0,0003
height 0,0101 0,0000
modula 3,5066 0,0012
august 0,0000 0,0000
distinguish 1,3471 0,0005
module 0,0000 0,0000
wikibase 0,0619 0,0000
invent 1,7720 0,0006
rauschmayer 4,6052 0,0016
fluent 3,5066 0,0012
execute 0,6733 0,0007
benefit 0,9416 0,0003
something 1,4271 0,0005
datemodify 0,0619 0,0000
filename 2,1203 0,0007
installer 2,8134 0,0019
thereby 1,6607 0,0006
consistently 2,0402 0,0007
processing 0,6162 0,0002
except 1,5141 0,0005
hrvatski 0,7550 0,0003
modulo 4,6052 0,0016
roundup 2,9957 0,0010
shared 2,0402 0,0007
functional 0,9943 0,0003
ironlanguages 4,6052 0,0016
nevertheless 2,4079 0,0008
notheme 0,3711 0,0001
fact 1,0217 0,0003
factorial 4,6052 0,0016
global 0,7985 0,0003
industry 0,7550 0,0003
numpy 3,9120 0,0013
scribus 4,6052 0,0016
long 0,4005 0,0003
najaarsconferentie 4,6052 0,0016
into 0,1985 0,0001
hoyt 4,6052 0,0016
outline 0,8440 0,0003
jupyter 3,5066 0,0012
min 0,1165 0,0000
unless 1,5606 0,0005
mit 1,2040 0,0004
operating 0,9416 0,0003
free 0,0000 0,0000
equality 2,6593 0,0009
iterate 3,5066 0,0024
expression 1,3471 0,0009
middle 0,7765 0,0003
though 0,8440 0,0003
many 0,2357 0,0001
wstr 4,6052 0,0016
releases 1,7720 0,0006
appear 0,8210 0,0006
evolve 1,0498 0,0004
extensive 1,5141 0,0005
face 1,1712 0,0004
ibm 0,5621 0,0002
inspire 1,6094 0,0005
mismatch 2,1203 0,0007
stan 2,9957 0,0010
geometry 1,9661 0,0007
operation 0,5108 0,0003
bulletin 2,8134 0,0010
open 0,1625 0,0001
venner 4,6052 0,0016
conditional 2,0402 0,0007
tbody 0,6931 0,0002
cannon 3,5066 0,0012
rapid 1,3093 0,0004
project 0,0000 0,0000
enhancement 0,0101 0,0000
inside 0,0101 0,0000
vhdl 3,9120 0,0013
modularity 2,5257 0,0009
techcrunch 1,3093 0,0004
deprecating 4,6052 0,0016
loop 1,7148 0,0012
riccardo 4,6052 0,0016
wikiversity 0,9676 0,0003
jean 1,8971 0,0006
genstat 4,6052 0,0016
five 0,9943 0,0003
supercharge 3,9120 0,0013
zen 2,6593 0,0009
collection 0,6733 0,0002
ide 1,4697 0,0005
immutable 3,2189 0,0011
dropbox 2,3026 0,0008
ido 1,2730 0,0004
flying 3,9120 0,0013
freeware 3,2189 0,0011
internet 0,5447 0,0002
allow 0,1863 0,0003
rough 3,5066 0,0012
isbn 0,1054 0,0000
detect 1,0788 0,0004
rule 0,5978 0,0004
update 0,4463 0,0005
speed 0,9416 0,0010
printf 3,5066 0,0012
apple 1,1712 0,0004
monga 4,6052 0,0016
common 0,3711 0,0001
debian 1,9661 0,0007
linux 0,8916 0,0003
zadka 4,6052 0,0016
definition 0,4943 0,0003
placeholder 0,0000 0,0000
every 0,6162 0,0002
summary 1,6607 0,0006
basa 2,0402 0,0007
jython 3,9120 0,0013
apply 0,0000 0,0000
again 1,2379 0,0004
beazley 4,6052 0,0016
certainty 4,6052 0,0016
ipython 4,6052 0,0016
artificial 1,1712 0,0004
incredibly 4,6052 0,0016
imaginary 3,5066 0,0012
matsumoto 2,9957 0,0010
jason 1,7148 0,0006
removal 1,6607 0,0006
comment 1,2730 0,0004
relational 1,5606 0,0005
step 0,7765 0,0005
whitespace 2,5257 0,0009
informatica 3,9120 0,0013
guttag 3,9120 0,0013
mark 0,6733 0,0002
tribute 3,9120 0,0013
base 0,0305 0,0000
stem 2,5257 0,0009
runa 0,9416 0,0003
prefix 2,5257 0,0017
reasoning 1,6607 0,0006
binding 1,7720 0,0006
jeff 1,6607 0,0006
whole 1,2040 0,0004
during 0,5447 0,0002
martelli 4,6052 0,0016
revolution 1,7148 0,0006
integers 4,6052 0,0016
relation 1,6094 0,0005
compatible 1,2040 0,0004
grammar 2,1203 0,0014
relate 0,0000 0,0000
enable 0,0000 0,0000
sidebar 0,0000 0,0000
limitreport 0,0000 0,0000
games 1,9661 0,0007
decoration 0,0619 0,0000
dependent 1,6094 0,0005
reflist 0,0101 0,0000
zip 2,4079 0,0008
still 0,5447 0,0002
van 1,3093 0,0004
var 0,0000 0,0000
work 0,2231 0,0002
mpl 3,2189 0,0011
changelog 3,2189 0,0011
stackless 3,9120 0,0013
michele 2,5257 0,0009
agree 0,0101 0,0000
benchmark 1,8971 0,0006
wgulsislanguageselectorempty 0,0000 0,0000
fail 0,9676 0,0007
itself 0,6539 0,0002
axel 3,5066 0,0012
among 0,5276 0,0002
srpski 0,3711 0,0001
registration 0,0101 0,0000
math 2,5257 0,0009
word 0,0101 0,0000
theory 0,9416 0,0003
decorator 2,8134 0,0010
extension 0,6349 0,0004
internal 0,8210 0,0006
deprecate 1,6607 0,0006
signature 1,8971 0,0006
pascal 2,0402 0,0007
enjoy 3,2189 0,0011
esri 3,9120 0,0013
rpython 4,6052 0,0016
foundation 0,0000 0,0000
immunity 4,6052 0,0016
jruby 3,2189 0,0011
disallow 2,6593 0,0009
discontinue 1,3863 0,0005
loraine 3,9120 0,0013
fall 1,2379 0,0004
identity 1,2379 0,0004
tracker 2,6593 0,0009
violate 1,8971 0,0006
eat 3,9120 0,0013
event 0,0000 0,0000
firmware 2,3026 0,0008
playful 4,6052 0,0016
turbogears 3,2189 0,0011
include 0,0000 0,0000
kuhlman 4,6052 0,0016
swallow 4,6052 0,0016
facebook 1,3863 0,0005
toggle 0,0000 0,0000
incremental 1,6607 0,0006
excel 3,5066 0,0012
appearance 0,0000 0,0000
classname 0,0000 0,0000
culture 1,4271 0,0005
pspp 4,6052 0,0016
rigidly 4,6052 0,0016
anonymous 2,1203 0,0007
wggetopicsmatchmodeenable 0,0000 0,0000
fortenberry 4,6052 0,0016
spam 2,0402 0,0007
eby 4,6052 0,0016
multiphysics 4,6052 0,0016
runs 3,9120 0,0013
first 0,0408 0,0000
infrequently 4,6052 0,0016
span 1,2730 0,0009
guru 3,9120 0,0013
nowrap 0,0408 0,0000
allen 2,0402 0,0007
prefer 0,0101 0,0000
preferably 3,5066 0,0012
roman 0,0101 0,0000
existence 1,9661 0,0007
wgrelevantpageisprobablyeditable 0,0000 0,0000
float 0,0101 0,0000
transclusion 0,0619 0,0000
space 0,0408 0,0000
reference 0,0101 0,0000
associative 2,5257 0,0009
transpiling 4,6052 0,0016
pyrex 4,6052 0,0016
gauss 4,6052 0,0016
psyco 4,6052 0,0016
ubuntu 2,2073 0,0007
bottom 0,0000 0,0000
capture 1,4697 0,0005
commitment 2,0402 0,0007
sequentially 2,9957 0,0010
maya 4,6052 0,0016
revision 0,0000 0,0000
magyar 0,3425 0,0001
sequence 1,2730 0,0009
fortress 2,9957 0,0010
hashable 4,6052 0,0016
phillip 3,2189 0,0011
bioinformatics 2,3026 0,0008
publisher 0,0000 0,0000
permissive 2,2073 0,0007
serge 3,9120 0,0013
binaries 3,9120 0,0013
smartpls 4,6052 0,0016
img 0,0408 0,0000
arcgis 4,6052 0,0016
configuration 0,7550 0,0003
o'reilly 0,6733 0,0002
snekboard 4,6052 0,0016
scientific 1,1712 0,0004
rlstate 0,0000 0,0000
bestow 4,6052 0,0016
error 0,0101 0,0000
platform 0,0000 0,0000
network 0,3285 0,0001
eep 4,6052 0,0016
rust 1,6094 0,0005
paper 0,9416 0,0003
public 0,4155 0,0001
array 1,4271 0,0010
parameter 1,3093 0,0004
spend 1,3863 0,0005
iteration 2,4079 0,0008
value 0,0000 0,0000
programmable 2,3026 0,0008
resources 1,3471 0,0005
instead 0,4463 0,0002
controversy 1,7720 0,0012
command 0,7133 0,0002
int 2,2073 0,0007
expensive 0,0408 0,0000
zlib 3,2189 0,0011
performance 0,3425 0,0001
currently 1,0788 0,0004
round 1,3093 0,0009
maint 0,0101 0,0000
variable 0,9676 0,0007
wiktionary 0,5798 0,0002
platformversion 0,0000 0,0000
exception 1,3471 0,0009
numba 4,6052 0,0016
twistedweb 4,6052 0,0016
vakaviti 2,9957 0,0010
seamlessly 3,9120 0,0013
egg 2,8134 0,0010
references 0,0513 0,0000
saved 0,0619 0,0000
year 0,2614 0,0002
spamegg 4,6052 0,0016
lisrel 4,6052 0,0016
iop 4,6052 0,0016
ios 1,8971 0,0006
laptop 1,9661 0,0007
resolution 1,8326 0,0006
building 0,7985 0,0003
via 0,3011 0,0001
dutch 2,6593 0,0009
neal 2,5257 0,0009
functool 4,6052 0,0016
quote 0,0101 0,0000
visual 0,9416 0,0003
because 0,0000 0,0000
near 1,2730 0,0004
springer 0,9676 0,0003
unlikely 2,3026 0,0008
agreement 1,3093 0,0004
rat 3,9120 0,0013
raw 2,1203 0,0007
google 0,4005 0,0001
community 0,0000 0,0000
scorewrit 4,6052 0,0016
version 0,0000 0,0000
brezhoneg 1,7148 0,0006
overload 2,3026 0,0008
ipu 4,6052 0,0016
cultural 2,2073 0,0007
caudill 4,6052 0,0016
mfem 4,6052 0,0016
stop 1,1394 0,0004
eesti 0,3285 0,0001
science 0,5447 0,0002
institute 1,0498 0,0004
detail 0,7133 0,0002
centrum 4,6052 0,0016
least 0,9676 0,0003
immediately 1,5141 0,0005
manual 1,1394 0,0004
matrix 2,2073 0,0007
wgusergroup 0,0000 0,0000
subsequently 1,6094 0,0005
jags 4,6052 0,0016
aspect 0,7765 0,0005
wikipedia 0,0000 0,0000
behavior 0,8210 0,0006
scott 1,0217 0,0003
close 0,8210 0,0003
scots 1,8971 0,0006
afrikaans 0,9416 0,0003
annotation 2,0402 0,0007
haskell 1,9661 0,0007
minimize 1,4697 0,0005
statview 4,6052 0,0016
website 0,3711 0,0003
abc 2,4079 0,0008
learn 0,0000 0,0000
probabilistic 2,5257 0,0009
unlimited 2,3026 0,0008
signify 3,2189 0,0022
rationale 2,5257 0,0009
unlicense 3,5066 0,0012
fast 0,4943 0,0003
isc 3,5066 0,0012
mehdi 3,9120 0,0013
shallow 3,5066 0,0012
exploit 1,6607 0,0011
jeremy 2,2073 0,0007
postcondition 4,6052 0,0016
register 0,0000 0,0000
controls 2,9957 0,0010
pygame 4,6052 0,0016
eager 3,9120 0,0013
saddle 2,4079 0,0008
lgpl 3,2189 0,0011
republic 0,8916 0,0003
historical 1,9661 0,0007
official 0,6162 0,0002
agpl 2,9957 0,0010
red 1,2730 0,0004
post 0,0202 0,0000
duck 3,2189 0,0011
leave 0,0101 0,0000
ita 3,2189 0,0011
insecure 2,2073 0,0007
multithreading 4,6052 0,0016
warsaw 3,5066 0,0012
vms 2,9957 0,0010
ada 2,0402 0,0007
swift 1,8326 0,0006
add 0,0000 0,0000
educational 1,8326 0,0006
need 0,1393 0,0001
finite 2,5257 0,0009
its 0,0726 0,0000
originally 0,8675 0,0003
often 0,2877 0,0001
benevolent 3,9120 0,0013
minitab 4,6052 0,0016
parenthesis 3,5066 0,0012
article 0,0000 0,0000
verilog 3,9120 0,0013
parser 0,0000 0,0000
ninja 2,9957 0,0020
rebind 3,9120 0,0013
shell 1,0788 0,0007
guideline 1,3471 0,0009
modeler 3,9120 0,0027
http 0,0000 0,0000
exchange 1,1087 0,0004
decimal 0,0101 0,0000
washington 1,5141 0,0005
useful 0,9943 0,0003
exec 2,9957 0,0010
trust 1,2730 0,0004
united 0,4780 0,0002
tiobe 3,5066 0,0012
differentiable 2,2073 0,0007
directory 1,5141 0,0005
wghostname 0,0000 0,0000
benjamin 1,7720 0,0006
wgtitle 0,0000 0,0000
engine 0,4780 0,0003
mixture 2,9957 0,0010
end 0,3011 0,0002
embrace 1,9661 0,0020
identify 0,6733 0,0002
wgdigittransformtable 0,0000 0,0000
afl 3,5066 0,0012
rich 1,3093 0,0004
hlist 0,0408 0,0000
label 0,0000 0,0000
precondition 3,9120 0,0013
improvement 0,9163 0,0003
message 0,3857 0,0001
pydoc 3,9120 0,0013
forum 1,3863 0,0009
special 0,0000 0,0000
modify 0,7765 0,0008
environment 0,4308 0,0003
interpolation 4,6052 0,0016
berkeley 1,6094 0,0005
janus 3,5066 0,0012
rlconf 0,0000 0,0000
vpu 3,9120 0,0013
family 1,0217 0,0003
albeit 4,6052 0,0016
slightly 1,8326 0,0006
education 1,0788 0,0004
bahasa 0,3285 0,0001
release 0,2744 0,0004
ago 0,7765 0,0003
arithmetic 2,1203 0,0007
caption 0,3567 0,0001
peachpit 4,6052 0,0016
number 0,0000 0,0000
wgbackendresponsetime 0,0000 0,0000
shorten 0,0000 0,0000
property 0,6539 0,0002
donal 4,6052 0,0016
proceedings 0,7550 0,0003
infoworld 1,6094 0,0005
manipulate 1,4271 0,0010
epi 4,6052 0,0016
epl 3,2189 0,0011
similar 0,4780 0,0002
practitioner 1,8326 0,0006
strachan 4,6052 0,0016
nothing 1,6607 0,0006
programmer 0,9416 0,0006
testing 0,6733 0,0002
doxygen 4,6052 0,0016
specify 0,6349 0,0004
neil 2,4079 0,0008
handle 0,6539 0,0004
forth 1,8971 0,0006
script 1,2379 0,0004
animation 1,5141 0,0005
exit 2,5257 0,0009
system 0,0101 0,0000
driver 1,3471 0,0005
issn 0,7765 0,0003
limdep 4,6052 0,0016
aid 1,3471 0,0005
lukewarm 3,9120 0,0013
other 0,0000 0,0000
aim 0,8210 0,0003
against 0,6931 0,0002
spss 3,5066 0,0012
cell 0,4308 0,0001
local 0,7985 0,0005
portability 1,9661 0,0007
valid 1,4271 0,0005
arduinos 4,6052 0,0016
cookbook 2,9957 0,0010
yield 2,0402 0,0014
stochastic 1,9661 0,0007
vacation 4,6052 0,0016
share 0,4620 0,0003
speak 1,7720 0,0006
cathedral 3,5066 0,0012
television 2,3026 0,0008
workload 1,4697 0,0005
firaxis 4,6052 0,0016
powerful 1,4697 0,0005
brython 4,6052 0,0016
future 0,5978 0,0002
przemyslaw 4,6052 0,0016
rlq 0,0000 0,0000
abaqus 4,6052 0,0016
crowdfunding 4,6052 0,0016
uncluttered 4,6052 0,0016
cite 0,0000 0,0000
notimplemented 4,6052 0,0016
amoeba 4,6052 0,0016
logic 0,9676 0,0003
manifesto 2,4079 0,0008
movement 1,4697 0,0005
governance 1,6094 0,0005
francisco 1,6607 0,0006
shed 3,5066 0,0012
infographic 3,5066 0,0012
precision 2,2073 0,0007
rating 2,6593 0,0009
screen 0,0101 0,0000
gmsh 4,6052 0,0016
body 0,0000 0,0000
correspond 1,3093 0,0009
mode 0,0000 0,0000
pages 0,0000 0,0000
optimize 1,0217 0,0007
enhancements 2,9957 0,0010
etc 2,9957 0,0010
net 0,9416 0,0003
newpp 0,0619 0,0000
mathcad 4,6052 0,0016
modo 4,6052 0,0016
all 0,0408 0,0000
always 0,9416 0,0003
border 0,0000 0,0000
new 0,0000 0,0000
alphabetical 2,2073 0,0007
read 0,0000 0,0000
already 1,1087 0,0004
mindstorms 4,6052 0,0016
ramalho 3,9120 0,0013
real 0,0408 0,0000
clientpref 0,0000 0,0000
tool 0,0000 0,0000
amini 4,6052 0,0016
unit 0,6539 0,0002
alan 1,5606 0,0005
clpython 4,6052 0,0016
svenska 0,3857 0,0001
typing 2,3026 0,0008
circuitpython 4,6052 0,0016
collect 1,2730 0,0009
unix 1,3093 0,0004
facilitate 0,8440 0,0003
leverage 1,3863 0,0005
elixir 2,6593 0,0009
pythonic 4,6052 0,0016
indent 1,3863 0,0005
sunsett 3,9120 0,0013
wgpagecontentlanguage 0,0000 0,0000
media 0,2485 0,0001
around 0,6931 0,0002
wgisarticle 0,0000 0,0000
floors 4,6052 0,0016
eve 3,5066 0,0012
today 1,0788 0,0004
define 0,2744 0,0004
sweigart 4,6052 0,0016
row 0,4943 0,0002
render 0,0513 0,0000
interlingua 1,3093 0,0004
segreg 4,6052 0,0016
deliberately 2,8134 0,0010
jasp 4,6052 0,0016
unnecessary 2,9957 0,0010
specific 0,2877 0,0001
any 0,2107 0,0001
unscrambler 4,6052 0,0016
generational 2,8134 0,0010
application 0,0943 0,0001
compilation 2,1203 0,0007
jasc 4,6052 0,0016
wgflaggedrevsparams 0,0000 0,0000
punctuation 3,2189 0,0011
appetite 4,6052 0,0016
until 0,7765 0,0003
scikit 3,9120 0,0013
strategy 0,7340 0,0002
neologism 3,9120 0,0013
remainder 3,5066 0,0012
collapse 0,0408 0,0000
reason 0,7985 0,0003
silently 3,2189 0,0011
inductive 2,8134 0,0010
accurate 1,9661 0,0007
oddity 4,6052 0,0016
ring 2,2073 0,0007
maintain 0,3567 0,0001
wgrelevantarticleid 0,0000 0,0000
aot 2,9957 0,0010
preprocessor 0,0513 0,0000
nishant 4,6052 0,0016
ship 1,6094 0,0005
corbet 3,5066 0,0012
openfoam 4,6052 0,0016
professional 0,9416 0,0006
java 0,6162 0,0002
nim 2,5257 0,0009
differently 2,4079 0,0008
hettinger 4,6052 0,0016
annual 1,0788 0,0004
english 0,0000 0,0000
graphviz 4,6052 0,0016
api 0,3425 0,0001
apl 2,6593 0,0009
shoulder 3,5066 0,0012
spyd 3,9120 0,0013
fully 0,8210 0,0003
microcontrollers 2,8134 0,0010
app 0,9943 0,0007
jax 3,2189 0,0011
modding 4,6052 0,0016
cache 0,0305 0,0000
margin 0,0000 0,0000
suomi 0,2107 0,0001
wgrequestid 0,0000 0,0000
dund 4,6052 0,0016
enwikimwclientpreference 0,0000 0,0000
refine 2,1203 0,0007
rlpagemodules 0,0000 0,0000
langa 4,6052 0,0016
cain 3,2189 0,0011
demand 1,1712 0,0004
cern 2,5257 0,0009
alex 1,3863 0,0005
dictionary 1,2040 0,0008
slow 1,1087 0,0004
gimp 3,9120 0,0013
matplotlib 4,6052 0,0016
samea 0,0000 0,0000
flask 2,9957 0,0010
annually 2,6593 0,0009
wgwikibaseitemid 0,0000 0,0000
bytecode 2,2073 0,0007
wgulsiscompactlinksenable 0,0000 0,0000
frequently 1,0788 0,0004
another 0,3567 0,0001
pagevariantfallback 0,0000 0,0000
algebra 2,2073 0,0007
recommend 1,4697 0,0005
espouse 4,6052 0,0016
koepke 4,6052 0,0016
acquire 1,1087 0,0004
literal 2,4079 0,0016
matching 2,5257 0,0009
neuromorphic 3,5066 0,0012
default 0,6931 0,0002
caml 2,8134 0,0010
mojo 2,9957 0,0010
wgmonthname 0,0000 0,0000
pytorch 3,9120 0,0013
disabled 0,0000 0,0000
where 0,2744 0,0001
attribute 0,7765 0,0005
mechanism 0,7550 0,0005
webserver 3,5066 0,0012
popular 0,6539 0,0002
sagemath 4,6052 0,0016
timestamp 0,0000 0,0000
curly 3,2189 0,0011
looping 3,9120 0,0013
holder 2,3026 0,0008
call 0,0101 0,0000
such 0,0943 0,0000
classic 1,3093 0,0004
microfit 4,6052 0,0016
ask 1,0498 0,0004
softimage 4,6052 0,0016
syntactically 2,9957 0,0010
describe 0,2485 0,0003
packard 3,2189 0,0011
through 0,2107 0,0001
strength 2,3026 0,0008
administration 1,2730 0,0004
run 0,3011 0,0002
microsoft 0,4005 0,0001
operator 1,1712 0,0008
research 0,5621 0,0002
ecmascript 2,5257 0,0009
either 0,5621 0,0002
view 0,0000 0,0000
white 0,0305 0,0000
unrestricted 2,9957 0,0010
donate 0,0000 0,0000
pydbc 4,6052 0,0016
octave 4,6052 0,0016
might 0,7340 0,0002
systat 4,6052 0,0016
bold 0,0408 0,0000
duplicate 1,8971 0,0013
engineering 0,3857 0,0001
significant 0,6931 0,0002
expressions 2,9957 0,0010
imaging 2,5257 0,0009
decrease 2,1203 0,0007
micropython 3,9120 0,0013
whatever 2,9957 0,0010
softtware 4,6052 0,0016
improving 3,9120 0,0013
galego 0,7550 0,0003
name 0,0000 0,0000
cputime 0,0000 0,0000
watchlist 0,0000 0,0000
godot 4,6052 0,0016
migrate 2,0402 0,0007
next 0,5798 0,0002
shop 2,5257 0,0009
bool 3,5066 0,0012
color 0,0101 0,0000
hidden 1,6094 0,0005
import 1,5606 0,0011
string 1,2040 0,0008
absence 2,4079 0,0008
android 1,4697 0,0005
book 0,4308 0,0001
nearly 1,4697 0,0005
parametric 2,9957 0,0010
show 0,0513 0,0000
description 0,0000 0,0000
edition 0,7985 0,0003
fredrik 3,9120 0,0013
xplore 3,9120 0,0013
nop 4,6052 0,0016
usable 2,1203 0,0007
negative 1,5606 0,0005
not 0,0101 0,0000
organisations 3,5066 0,0012
arrive 2,0402 0,0007
now 0,4308 0,0001
statement 0,0000 0,0000
debugging 2,0402 0,0007
hence 1,7720 0,0006
trademark 0,0101 0,0000
avr 4,6052 0,0016
ascii 3,5066 0,0012
greek 0,0101 0,0000
news 0,4620 0,0002
apsl 3,2189 0,0011
effectively 1,3093 0,0004
introduce 0,3285 0,0004
unifying 3,5066 0,0012
way 0,2485 0,0002
editing 2,1203 0,0007
massively 2,5257 0,0009
target 0,0101 0,0000
risc 2,6593 0,0009
what 0,0000 0,0000
fedora 2,2073 0,0007
refer 0,4155 0,0003
israel 0,7550 0,0003
restricted 2,8134 0,0010
krill 2,5257 0,0009
coroutines 4,6052 0,0016
rise 1,2379 0,0004
statsmodel 4,6052 0,0016
container 0,0000 0,0000
peters 3,2189 0,0011
developers 0,0000 0,0000
usage 0,0000 0,0000
charles 1,2730 0,0004
metaprogramm 4,6052 0,0016
decide 0,9943 0,0003
experimental 1,4697 0,0005
wgmediaviewerenabledbydefault 0,0000 0,0000
ascher 4,6052 0,0016
nearby 0,0000 0,0000
when 0,0834 0,0000
pydev 3,9120 0,0013
fan 2,5257 0,0009
jit 2,5257 0,0009
statically 2,4079 0,0008
largely 2,3026 0,0008
slice 3,2189 0,0033
far 1,2730 0,0004
faq 1,6094 0,0005
pyladies 4,6052 0,0016
catch 2,0402 0,0014
embed 0,9163 0,0006
plan 0,7985 0,0003
case 0,3285 0,0002
nokia 2,0402 0,0007
transcrypt 4,6052 0,0016
give 0,4780 0,0003
item 0,0000 0,0000
wgmediavieweronclick 0,0000 0,0000
double 1,0498 0,0004
howto 3,9120 0,0013
wgulsposition 0,0000 0,0000
melayu 0,6349 0,0002
davis 1,7148 0,0006
explicit 1,4697 0,0005
wgbreakframe 0,0000 0,0000
phone 1,4271 0,0005
scilab 4,6052 0,0016
italiano 0,1278 0,0000
sticky 0,0000 0,0000
style 0,0000 0,0000
completely 1,4271 0,0005
implicit 2,0402 0,0007
explicitly 1,2040 0,0004
widget 2,4079 0,0008
searchinput 0,0000 0,0000
superset 2,5257 0,0009
direct 0,8440 0,0003
pattern 0,5978 0,0002
exercise 2,5257 0,0009
increment 2,5257 0,0009
beerware 3,5066 0,0012
statistica 3,5066 0,0012
commons 0,0000 0,0000
gain 0,8916 0,0003
scrape 2,5257 0,0009
modern 0,7340 0,0002
julia 1,9661 0,0007
web 0,1165 0,0000
occasionally 3,2189 0,0011
repl 4,6052 0,0016
architecture 0,0000 0,0000
insider 1,5606 0,0005
tornado 3,2189 0,0011
more 0,0000 0,0000
display 0,0000 0,0000
great 0,8675 0,0003
nasa 2,1203 0,0007
criticize 1,5141 0,0005
freemat 4,6052 0,0016
organization 0,0000 0,0000
whet 4,6052 0,0016
width 0,0000 0,0000
certain 0,6162 0,0002
scicoslab 4,6052 0,0016
board 1,0217 0,0003
statistics 0,0000 0,0000
stuff 3,2189 0,0011
indicator 2,1203 0,0007
ironpython 3,9120 0,0013
distinction 2,0402 0,0007
baidu 2,4079 0,0008
section 0,7340 0,0002
simple 0,2231 0,0002
jmp 4,6052 0,0016
retirement 3,5066 0,0012
precedence 3,2189 0,0011
influence 1,3471 0,0014
cloud 0,6349 0,0002
protocol 0,5621 0,0002
overflow 0,3567 0,0001
dict 4,6052 0,0016
few 0,7133 0,0005
package 0,9943 0,0007
visible 0,0101 0,0000
orient 0,5447 0,0002
kind 0,8675 0,0003
both 0,0305 0,0000
important 0,0101 0,0000
market 0,9943 0,0003
most 0,2107 0,0001
delimit 2,8134 0,0019
sigmastat 4,6052 0,0016
phrase 1,6094 0,0005
effect 0,8440 0,0003
topic 0,0000 0,0000
raii 3,9120 0,0013
omit 2,3026 0,0008
sugar 2,6593 0,0009
who 0,5621 0,0002
natlog 4,6052 0,0016
game 0,7765 0,0005
hughes 2,2073 0,0007
contribute 0,0000 0,0000
generator 1,7148 0,0012
why 0,6539 0,0002
forbid 2,2073 0,0007
oldid 2,0402 0,0007
integrated 1,2379 0,0004
highlight 1,3093 0,0009
candidate 1,6094 0,0005
database 0,2485 0,0002
strive 2,9957 0,0010
along 0,7340 0,0002
geospatial 2,6593 0,0009
rocks 3,5066 0,0012
structural 1,7720 0,0006
reject 2,1203 0,0007
compliment 4,6052 0,0016
visually 2,3026 0,0008
david 0,5798 0,0002
win 1,7148 0,0006
houdini 4,6052 0,0016
citeseerx 1,8971 0,0006
wgseparatortransformtable 0,0000 0,0000
rest 1,0788 0,0004
san 1,2379 0,0004
move 0,0000 0,0000
original 0,0943 0,0000
sas 3,9120 0,0013
assignment 2,2073 0,0007
also 0,0202 0,0000
say 0,6733 0,0002
designer 1,2730 0,0004
terminal 1,7720 0,0006
increase 0,4620 0,0005
raku 2,6593 0,0009
differ 1,5141 0,0005
ellipsis 4,6052 0,0016
fastapi 3,2189 0,0011
django 2,8134 0,0010
inline 0,0408 0,0000
various 0,3857 0,0001
organizations 1,5606 0,0005
latter 1,6607 0,0006
visit 0,0408 0,0000
buggy 3,2189 0,0011
user 0,0000 0,0000
opencv 3,9120 0,0013
simply 0,9676 0,0003
customer 0,7550 0,0003
projects 1,4697 0,0005
llvm 2,5257 0,0009
bring 0,9676 0,0010
tooltip 0,8675 0,0003
theano 4,6052 0,0016
hausa 1,8971 0,0006
offer 0,4155 0,0003
piotrowski 4,6052 0,0016
bar 1,3863 0,0005
suffer 1,9661 0,0007
fix 0,5108 0,0007
ziff 2,8134 0,0010
complex 0,5621 0,0002
jmulti 4,6052 0,0016
pygtk 4,6052 0,0016
rank 2,1203 0,0014
cinema 3,5066 0,0012
sco 3,2189 0,0011
addition 0,6733 0,0002
tkinter 4,6052 0,0016
gang 2,5257 0,0009
pybi 4,6052 0,0016
codecs 3,5066 0,0012
documentation 0,6349 0,0002
hierarchy 1,6607 0,0006
pythonistas 4,6052 0,0016
kupries 4,6052 0,0016
personal 0,0000 0,0000
elif 3,2189 0,0011
accurately 2,3026 0,0008
former 1,3093 0,0004
extend 0,6162 0,0002
delay 1,8326 0,0006
ebeab 4,6052 0,0016
imageobject 0,0000 0,0000
grok 2,8134 0,0010
intermediate 2,0402 0,0007
aanjaney 4,6052 0,0016
greatly 1,8971 0,0006
dean 2,6593 0,0009
installers 4,6052 0,0016
strong 0,9943 0,0003
be 0,1508 0,0002
prove 1,3093 0,0004
scheme 0,0101 0,0000
freebsd 1,7720 0,0006
carlie 4,6052 0,0016
icon 0,0101 0,0000
expansiondepth 0,0000 0,0000
dead 1,7148 0,0006
search 0,0000 0,0000
see 0,0408 0,0000
spacing 0,0619 0,0000
pydatalog 4,6052 0,0016
responsibility 1,3863 0,0009
systems 0,4780 0,0002
wgrelevantpagename 0,0000 0,0000
popularity 1,3093 0,0004
arxiv 1,3471 0,0005
whom 3,2189 0,0011
national 0,4463 0,0002
indicate 1,0217 0,0003
typescript 1,8971 0,0006
nuitka 4,6052 0,0016
completion 1,9661 0,0007
slicing 3,9120 0,0013
contain 0,0101 0,0000
outstanding 3,5066 0,0012
set 0,2107 0,0001
shqip 0,6931 0,0002
column 0,0101 0,0000
familiar 2,0402 0,0007
procedure 0,9676 0,0003
integrate 0,5798 0,0008
practices 1,5606 0,0005
battle 2,4079 0,0008
seniordba 4,6052 0,0016
cobol 2,2073 0,0007
pyston 4,6052 0,0016
earnest 3,2189 0,0011
river 1,8326 0,0006
validity 2,6593 0,0009
wgaction 0,0000 0,0000
unfit 1,8326 0,0006
interview 1,5606 0,0005
operand 2,8134 0,0019
portage 3,9120 0,0013
essential 1,1087 0,0004
font 0,0000 0,0000
gdscript 4,6052 0,0016
codehaus 4,6052 0,0016
language 0,0000 0,0000
do 0,1625 0,0002
graphics 1,6607 0,0006
navbox 0,0943 0,0000
enthought 4,6052 0,0016
listitem 0,0408 0,0000
beginner 3,2189 0,0011
advocacy 2,6593 0,0009
contact 0,0000 0,0000
astropy 4,6052 0,0016
france 0,8675 0,0003
criticism 1,1394 0,0008
programming 0,2744 0,0001
image 0,0202 0,0000
multithread 1,9661 0,0007
garbage 2,3026 0,0008
tivoization 3,5066 0,0012
never 1,1712 0,0004
pycon 3,9120 0,0013
wps 4,6052 0,0016
party 0,6539 0,0002
cursor 0,0619 0,0000
however 0,3011 0,0001
foo 2,9957 0,0010
origin 0,0000 0,0000
capable 1,6094 0,0005
learnability 4,6052 0,0016
india 1,4271 0,0005
walltime 0,0000 0,0000
interlanguage 0,0000 0,0000
collector 2,6593 0,0009
content 0,0000 0,0000
sid 3,9120 0,0013
random 0,0000 0,0000
wikibooks 0,8210 0,0003
desktop 1,0788 0,0004
admb 4,6052 0,0016
gustafsson 4,6052 0,0016
client 0,0000 0,0000
class 0,0000 0,0000
gehomepagesuggestededitsenabletopic 0,0000 0,0000
reporting 2,1203 0,0007
conversion 1,9661 0,0007
digital 0,6162 0,0002
over 0,3285 0,0001
practical 1,0217 0,0003
false 0,0000 0,0000
specification 0,7133 0,0005
steering 2,4079 0,0008
counter 0,0408 0,0000
parse 0,0619 0,0000
srpskohrvatski 0,9163 0,0003
sphinx 4,6052 0,0016
sebastopol 1,9661 0,0007
fork 1,1394 0,0012
form 0,3011 0,0002
walrus 4,6052 0,0016
management 0,2231 0,0001
pyramid 2,6593 0,0009
setup 1,9661 0,0007
developer 0,1744 0,0001
starch 3,5066 0,0012
avoid 0,0101 0,0000
comprehensive 1,3863 0,0005
he 0,6733 0,0005
prompt 1,5606 0,0005
significantly 1,5141 0,0005
subset 1,1394 0,0004
assign 1,2730 0,0009
homepage 2,9957 0,0010
very 0,5978 0,0002
expert 1,3863 0,0009
practice 0,6349 0,0004
select 0,9676 0,0007
advanced 0,7985 0,0003
pythran 4,6052 0,0016
dialects 2,5257 0,0009
bit 1,3863 0,0009
kdnugget 3,5066 0,0012
cherrypy 3,2189 0,0011
improved 2,9957 0,0010
output 0,0000 0,0000
corner 2,9957 0,0010
else 2,0402 0,0007
four 0,9676 0,0003
peterson 2,8134 0,0010
context 0,5978 0,0004
easily 1,2040 0,0004
model 0,0000 0,0000
porkbelly 4,6052 0,0016
portal 0,0000 0,0000
manipulation 1,1712 0,0004
copyleft 2,8134 0,0010
reduce 0,0101 0,0000
sentence 0,0000 0,0000
dataplot 4,6052 0,0016
hitchhiker 4,6052 0,0016
issue 0,3425 0,0001
kern 0,0101 0,0000
large 0,2485 0,0002
ocaml 2,6593 0,0009
pyjs 2,9957 0,0010
index 1,0498 0,0007
ordinary 2,1203 0,0007
announce 0,6733 0,0002
odd 0,0943 0,0000
traditional 0,7985 0,0003
operate 0,3567 0,0001
supplement 2,8134 0,0010
contrast 0,9416 0,0003
exclusively 1,6607 0,0006
john 0,5276 0,0002
hello 1,6607 0,0006
tuples 3,9120 0,0013
begin 0,5108 0,0003
wgvisualeditor 0,0000 0,0000
become 0,2877 0,0001
pyjl 4,6052 0,0016
template 0,0000 0,0000
pprint 4,6052 0,0016
works 2,2073 0,0007
enwiki 0,0619 0,0000
subscription 0,0101 0,0000
cycle 1,3093 0,0004
literature 1,9661 0,0007
library 0,3857 0,0003
navbar 0,0202 0,0000
sml 4,6052 0,0016
world 0,3857 0,0001
strings 2,6593 0,0009
russell 2,1203 0,0007
metaprogramming 3,5066 0,0012
subbox 0,6931 0,0002
december 0,0000 0,0000
ability 0,7340 0,0005
tradition 2,8134 0,0010
everything 1,2730 0,0004
ambi 4,6052 0,0016
implementations 1,8971 0,0006
macos 1,6607 0,0006
rafael 2,9957 0,0010
table 0,0000 0,0000
creator 1,2730 0,0004
side 0,3425 0,0001
proliferation 3,2189 0,0011
speakeasy 4,6052 0,0016
break 0,0101 0,0000
change 0,0000 0,0000
fluency 3,9120 0,0013
lawson 2,9957 0,0010
draw 1,7148 0,0012
printable 0,0000 0,0000
off 0,8916 0,0003
generally 0,5447 0,0002
emeritus 4,6052 0,0016
hide 0,0000 0,0000
multimedia 1,5606 0,0005
discovery 1,3863 0,0005
mercurial 2,9957 0,0010
report 0,0202 0,0000
complete 0,4780 0,0002
powers 3,9120 0,0013
fun 3,5066 0,0012
auto 0,0726 0,0000
several 0,4155 0,0001
sign 1,2379 0,0004
bibcode 1,6094 0,0005
office 1,0498 0,0004
wgcanonicalspecialpagename 0,0000 0,0000
while 0,2614 0,0001
kimmig 4,6052 0,0016
second 0,0408 0,0000
ported 2,4079 0,0008
that 0,5108 0,0002
download 0,0000 0,0000
high 0,0101 0,0000
split 0,0000 0,0000
sufficient 1,7148 0,0006
than 0,2357 0,0001
limit 0,0000 0,0000
claim 0,9676 0,0010
widespread 1,3093 0,0004
benchmarks 3,2189 0,0011
bnf 0,9163 0,0003
brian 1,2730 0,0004
communication 0,6162 0,0004
different 0,0513 0,0000
directly 0,5108 0,0002
officially 1,8971 0,0006
baxter 4,6052 0,0016
level 0,0000 0,0000
norvig 3,5066 0,0012
author 0,0000 0,0000
hylton 4,6052 0,0016
plus 1,6607 0,0006
chosen 4,6052 0,0016
expansion 0,0619 0,0000
unistat 4,6052 0,0016
amazon 1,0498 0,0004
daniel 1,2040 0,0004
relevant 1,2040 0,0004
entry 0,8210 0,0003
license 0,0000 0,0000
expand 0,0101 0,0000
cubicweb 3,2189 0,0011
murri 4,6052 0,0016
wgmfdisplaywikibasedescription 0,0000 0,0000
retrieve 0,0000 0,0000
survey 0,9416 0,0003
postpone 3,5066 0,0012
datum 0,0408 0,0000
tireless 4,6052 0,0016
behind 1,2730 0,0004
boo 4,6052 0,0016
code 0,0000 0,0000
kernighan 3,5066 0,0012
wgdefaultdateformat 0,0000 0,0000
box 0,0408 0,0000
mixed 2,8134 0,0010
sql 1,0788 0,0004
switch 0,9163 0,0003
total 0,0000 0,0000
considerable 2,4079 0,0008
deutsch 0,0943 0,0000
summerfield 4,6052 0,0016
freecad 4,6052 0,0016
pyqt 4,6052 0,0016
blah 4,6052 0,0016
highly 1,1712 0,0004
unofficial 2,2073 0,0007
brief 1,5606 0,0005
pretty 3,2189 0,0011
initiative 1,0217 0,0003
nature 1,0498 0,0004
social 0,8210 0,0003
src 0,6349 0,0002
pypy 3,2189 0,0011
cross 1,8326 0,0006
control 0,1625 0,0001
grifski 4,6052 0,0016
pylons 3,2189 0,0011
symbian 2,2073 0,0007
pypl 4,6052 0,0016
pypi 4,6052 0,0016
attribution 0,0000 0,0000
maple 4,6052 0,0016
compliant 2,2073 0,0007
corbillon 4,6052 0,0016
nevow 3,2189 0,0011
lutz 3,9120 0,0013
codepoint 4,6052 0,0016
concatenate 3,5066 0,0024
vary 0,0619 0,0000
upper 0,0101 0,0000
paint 3,9120 0,0013
discipline 1,1712 0,0004
luasandbox 1,4271 0,0005
calculus 2,3026 0,0008
objective 1,3471 0,0005
iterator 2,5257 0,0017
lambda 2,2073 0,0007
clever 3,9120 0,0013
engines 1,3471 0,0005
paine 4,6052 0,0016
reddit 2,5257 0,0009
programmers 2,9957 0,0010
expiry 0,0619 0,0000
minerva 0,0101 0,0000
brand 0,0000 0,0000
publishing 0,7550 0,0003
recent 0,0000 0,0000
they 0,0619 0,0001
trends 1,5141 0,0005
proposal 1,6094 0,0011
github 0,7340 0,0002
modular 1,5141 0,0005
edit 0,0000 0,0000
ola 4,6052 0,0016
old 0,8675 0,0009
frustration 3,5066 0,0012
interpreter 1,4697 0,0005
then 0,3567 0,0001
str 3,9120 0,0013
node 0,0305 0,0000
bsd 1,8326 0,0006
mission 1,8971 0,0006
itertool 4,6052 0,0016
winbugs 4,6052 0,0016
adopt 0,9163 0,0003
jetbrains 3,5066 0,0012
bridge 1,8971 0,0006
device 0,7550 0,0003
gratis 3,5066 0,0012
archives 3,2189 0,0011
access 0,2877 0,0001
conference 0,3425 0,0001
problog 4,6052 0,0016
simi 0,9416 0,0003
fairchild 4,6052 0,0016
euroscipy 4,6052 0,0016
simula 2,6593 0,0009
xlfit 4,6052 0,0016
selflink 0,0101 0,0000
current 0,0000 0,0000
nynorsk 1,2379 0,0004
poisoning 3,9120 0,0013
variety 0,9943 0,0003
vector 0,0000 0,0000
audio 1,2379 0,0004
key 0,0305 0,0000
cachereport 0,0000 0,0000
decision 0,8675 0,0006
manager 0,8440 0,0003
necessary 0,8440 0,0003
one 0,0943 0,0001
spotify 3,5066 0,0012
maker 1,8971 0,0006
winaray 1,7720 0,0006
tagalog 1,2040 0,0004
bosanski 0,8916 0,0003
single 0,3147 0,0001
entityaccesscount 0,0000 0,0000
bug 0,8675 0,0006
ons 2,9957 0,0010
closed 1,7720 0,0006
partially 1,8971 0,0006
symbol 1,8326 0,0006
commercial 0,8440 0,0003
separate 0,6162 0,0002
swi 3,9120 0,0013
ty 4,6052 0,0016
available 0,0000 0,0000
oxmetrics 4,6052 0,0016
dennis 2,3026 0,0008
batista 4,6052 0,0016
zero 1,0217 0,0003
amazing 4,6052 0,0016
oop 3,5066 0,0012
regularly 1,9661 0,0007
frozenset 4,6052 0,0016
apache 1,0788 0,0004
dall 3,5066 0,0012
variant 0,0619 0,0000
dynamic 0,7133 0,0002
ritchie 2,5257 0,0009
bazaar 2,8134 0,0010
generate 0,8210 0,0006
ensure 0,7985 0,0003
oracle 0,8916 0,0003
usual 2,4079 0,0008
query 1,1394 0,0004
this 0,1278 0,0000
norsk 0,3285 0,0001
andersen 3,5066 0,0012
memusage 0,0000 0,0000
exponentiation 4,6052 0,0016
opt 2,3026 0,0008
discord 4,6052 0,0016
desk 3,5066 0,0012
hint 2,5257 0,0009
solve 0,9416 0,0003
know 0,2231 0,0002
support 0,1393 0,0002
drop 1,1394 0,0008
preview 1,6607 0,0006
idea 0,9676 0,0007
wgpopupsflag 0,0000 0,0000
kid 3,5066 0,0012
polski 0,1165 0,0000
privacy 0,0000 0,0000
learning 0,8916 0,0003
mindspore 4,6052 0,0016
vertical 0,7985 0,0003
streamlines 4,6052 0,0016
life 0,9416 0,0003
we 1,3093 0,0004
brett 2,9957 0,0010
proprietary 0,9676 0,0003
similarity 2,5257 0,0009
mutability 3,9120 0,0013
emphasize 1,6094 0,0011
extensible 1,8326 0,0006
magnus 3,5066 0,0012
bader 4,6052 0,0016
normal 0,0202 0,0000
guido 3,2189 0,0011
previous 1,1712 0,0004
wide 0,6539 0,0002
licens 1,8971 0,0006
metaclass 3,9120 0,0013
technology 0,1863 0,0001
premature 3,9120 0,0013
wgarticleid 0,0000 0,0000
untyped 4,6052 0,0016
pagelanguagedir 0,0000 0,0000
wgcitereferencepreviewsactive 0,0000 0,0000
walon 2,6593 0,0009
anthony 2,1203 0,0007
pdoc 4,6052 0,0016
expedite 3,2189 0,0011
ecosystem 1,2040 0,0004
software 0,0000 0,0000
cython 4,6052 0,0016
reach 1,2040 0,0004
graphical 1,2730 0,0004
none 0,0101 0,0000
repository 0,5276 0,0002
type 0,0000 0,0000
april 0,0000 0,0000
beyond 1,0217 0,0003
templating 4,6052 0,0016
feedback 1,3471 0,0005
problem 0,3285 0,0001
optimization 0,8916 0,0006
review 0,6162 0,0002
angelika 4,6052 0,0016
openbsd 2,3026 0,0008
between 0,2107 0,0001
guide 0,3711 0,0001
phase 1,2379 0,0004
raspberry 2,5257 0,0009
efficiency 0,8916 0,0003
goal 0,8440 0,0003
method 0,3147 0,0002
natural 1,2040 0,0004
contract 1,4271 0,0010
come 0,4155 0,0004
procedural 2,0402 0,0007
comprehension 3,9120 0,0027
push 0,0000 0,0000
invariant 3,9120 0,0013
exist 0,4155 0,0003
innovative 2,4079 0,0008
concatenation 3,5066 0,0012
techrepublic 2,5257 0,0009
arcgi 4,6052 0,0016
ides 2,4079 0,0008
motto 4,6052 0,0016
force 1,0217 0,0003
mlir 4,6052 0,0016
drivers 3,2189 0,0011
pythonanywhere 2,3026 0,0008
james 0,9676 0,0003
range 0,8675 0,0003
portalbox 1,3093 0,0004
distribution 0,8916 0,0003
tools 1,4697 0,0005
derive 1,1394 0,0004
out 0,0000 0,0000
leak 1,5606 0,0005
feature 0,0000 0,0000
assert 2,6593 0,0009
cached 0,4463 0,0002
get 0,0000 0,0000
memristor 3,9120 0,0013
portalright 1,3093 0,0004
dark 0,0101 0,0000
course 1,3093 0,0004
xavier 3,9120 0,0013
copy 1,1712 0,0004
place 0,5447 0,0002
power 0,6733 0,0005
regular 1,2379 0,0004
thon 4,6052 0,0016
dogfooding 4,6052 0,0016
lead 0,2231 0,0002
fraction 2,8134 0,0019
filter 1,4697 0,0005
expect 0,8440 0,0009
help 0,0000 0,0000
site 0,0000 0,0000
cebuano 2,6593 0,0009
depth 0,0000 0,0000
self 0,7133 0,0002
mathematical 1,3863 0,0005
sharealike 0,0000 0,0000
date 0,3011 0,0002
magic 1,9661 0,0007
categorical 2,8134 0,0010
argument 0,0513 0,0000
cobra 3,9120 0,0013
data 0,0000 0,0000
own 0,4780 0,0002
wiki 1,2730 0,0004
wgpageviewlanguage 0,0000 0,0000
unary 3,5066 0,0012
blog 0,6349 0,0002
dozen 2,4079 0,0008
translate 1,3863 0,0009
norm 2,6593 0,0009
accesskey 0,0000 0,0000
only 0,2107 0,0001
should 0,3711 0,0001
create 0,0000 0,0000
tag 0,0000 0,0000
deprecationwarning 4,6052 0,0016
backport 3,2189 0,0011
notebook 2,9957 0,0010
matlab 2,3026 0,0008
readable 1,8971 0,0006
development 0,1278 0,0000
jarrod 4,6052 0,0016
like 0,2231 0,0001
resource 0,4620 0,0002
netherlands 2,3026 0,0008
brace 2,9957 0,0010
ugly 4,6052 0,0016
towards 1,2040 0,0004
jouppi 4,6052 0,0016
cadence 4,6052 0,0016
vmspython 4,6052 0,0016
core 0,5621 0,0004
council 2,2073 0,0007
person 0,6162 0,0002
pycharm 3,9120 0,0013
enforce 1,4271 0,0005
potentially 0,7765 0,0003
here 0,0000 0,0000
dave 1,5141 0,0005
challenges 1,6094 0,0005
purpose 0,5108 0,0002
line 0,0101 0,0000
link 0,0000 0,0000
scale 0,4943 0,0002
gil 2,6593 0,0009
esterbrook 4,6052 0,0016
can 0,0408 0,0000
inclusion 2,3026 0,0008
numerical 1,8971 0,0006
computing 0,4155 0,0001
security 0,3285 0,0001
cap 0,0619 0,0000
contributor 0,0000 0,0000
git 1,8971 0,0006
wgcanonicalnamespace 0,0000 0,0000
asynchronous 1,8326 0,0006
flex 0,5276 0,0002
ready 0,0000 0,0000
tcl 2,2073 0,0007
cost 0,6733 0,0002
wgisredirect 0,0000 0,0000
idle 2,6593 0,0009
will 0,2485 0,0001
february 0,0000 0,0000
implementation 0,3147 0,0002
jamovi 4,6052 0,0016
dictator 4,6052 0,0016
match 0,5276 0,0005
arbitrary 1,3863 0,0005
follow 0,2744 0,0003
spamclass 4,6052 0,0016
vissim 4,6052 0,0016
recursiveclone 1,6607 0,0006
readability 2,5257 0,0009
boolean 2,1203 0,0007
statxact 4,6052 0,0016
response 0,7340 0,0002
responsive 0,0202 0,0000
namespace 1,5141 0,0010
rajat 4,6052 0,0016
category 0,0000 0,0000
emit 3,9120 0,0013
intend 0,6162 0,0004
wikidata 0,0000 0,0000
callparserfunction 1,4271 0,0005
