latina 1,4697 0,0006
upload 0,0000 0,0000
hall 1,3471 0,0006
resemble 2,3026 0,0010
wggelevelingupenabledforuser 0,0000 0,0000
wgrestrictionmove 0,0000 0,0000
descriptor 3,2189 0,0014
explanation 2,5257 0,0011
without 0,2744 0,0001
would 0,3425 0,0001
xml 1,1394 0,0005
tei 3,9120 0,0017
sister 1,6094 0,0007
nova 2,2073 0,0009
successfully 1,5141 0,0006
solid 0,0202 0,0000
cdf 3,2189 0,0014
thus 0,7550 0,0003
upwardly 4,6052 0,0020
tex 3,2189 0,0014
neutral 0,5447 0,0002
optional 1,3093 0,0006
require 0,0000 0,0000
netcaptor 2,8134 0,0012
scribunto 0,0000 0,0000
persian 3,5066 0,0015
standards 1,1087 0,0005
size 0,0000 0,0000
left 0,0408 0,0000
cdx 0,0000 0,0000
eleven 3,5066 0,0015
much 0,6931 0,0003
object 0,3711 0,0003
qtweb 2,8134 0,0012
accessible 1,1712 0,0005
lombard 1,1712 0,0005
minangkabau 2,8134 0,0012
role 0,8916 0,0004
independent 0,8440 0,0004
netpositive 2,8134 0,0012
achieve 0,7985 0,0007
gml 4,6052 0,0020
notable 1,1394 0,0005
elect 2,8134 0,0012
wesley 0,8675 0,0004
example 0,2485 0,0002
gold 2,6593 0,0011
result 0,2231 0,0001
golf 4,6052 0,0020
same 0,2357 0,0001
transitional 3,5066 0,0015
checkbox 3,9120 0,0033
xop 3,2189 0,0014
commission 1,4697 0,0006
after 0,0305 0,0000
headline 0,0000 0,0000
rational 2,3026 0,0010
hand 1,0217 0,0004
policy 0,0000 0,0000
address 0,5621 0,0002
committee 1,6607 0,0007
xquery 2,4079 0,0010
ooxml 4,6052 0,0020
abbreviation 2,5257 0,0011
pagelanguagecode 0,0000 0,0000
gnu 1,1087 0,0005
transientcontent 0,0000 0,0000
subtle 0,3285 0,0001
component 0,3147 0,0003
suite 1,2040 0,0005
idhash 0,0619 0,0000
timeline 1,0788 0,0005
information 0,0000 0,0000
disguise 3,9120 0,0017
setext 4,6052 0,0020
wrap 0,0101 0,0000
standard 0,2357 0,0002
november 0,0000 0,0000
resolve 1,6607 0,0007
kidzui 2,8134 0,0012
reader 1,5606 0,0007
winwap 2,8134 0,0012
xombrero 2,8134 0,0012
good 0,4155 0,0005
deploy 1,0217 0,0004
empty 0,0305 0,0000
datatracker 3,5066 0,0015
wish 1,8971 0,0008
syntactic 2,4079 0,0010
fullversionlist 0,0000 0,0000
tim 1,0498 0,0004
implement 0,3285 0,0003
lite 2,4079 0,0010
export 0,0000 0,0000
area 0,7985 0,0003
invitation 3,9120 0,0017
european 1,3471 0,0006
troff 4,6052 0,0020
list 0,0000 0,0000
lack 0,5447 0,0002
external 0,1863 0,0001
aside 2,8134 0,0012
circumstance 2,2073 0,0009
revise 1,8326 0,0008
authority 0,4780 0,0002
child 0,0202 0,0000
mainentity 0,0000 0,0000
germany 0,5798 0,0002
mashup 2,3026 0,0010
obsolete 1,7720 0,0015
interface 0,2485 0,0001
representation 1,1394 0,0005
greenbrowser 2,8134 0,0012
lenient 3,5066 0,0015
remove 0,3711 0,0003
xsl 3,2189 0,0014
disclaimers 0,0000 0,0000
outstrip 4,6052 0,0020
samsung 2,2073 0,0009
provider 1,2730 0,0005
root 0,4780 0,0002
wgisprobablyeditable 0,0000 0,0000
ligure 2,5257 0,0011
wium 3,9120 0,0017
live 1,1712 0,0005
fhtml 4,6052 0,0020
citation 0,0101 0,0000
mobile 0,0000 0,0000
multiple 0,2485 0,0001
perform 0,4463 0,0002
maxthon 2,8134 0,0012
versus 1,7720 0,0008
plainlist 0,4463 0,0002
pdf 0,0000 0,0000
argo 2,9957 0,0013
service 0,1393 0,0001
there 0,2614 0,0001
automate 0,7340 0,0003
permit 1,3093 0,0017
translation 1,8326 0,0008
syntax 1,1394 0,0005
well 0,2744 0,0001
magazine 0,9943 0,0004
bitness 0,0000 0,0000
micropub 3,2189 0,0014
rgba 0,0101 0,0000
xproc 3,2189 0,0014
irrelevant 2,9957 0,0013
inception 2,8134 0,0012
optionally 2,1203 0,0009
focus 0,6733 0,0003
invisible 2,3026 0,0010
american 0,8440 0,0004
entire 0,8675 0,0004
approach 0,3711 0,0002
hegaret 4,6052 0,0020
xup 3,2189 0,0014
implication 1,9661 0,0008
block 0,0408 0,0000
write 0,1508 0,0002
flow 0,3425 0,0001
order 0,4155 0,0002
aria 0,0000 0,0000
boxtext 0,0619 0,0000
byte 0,0408 0,0000
understand 0,6162 0,0008
indonesia 0,3567 0,0002
propose 1,0788 0,0009
slowly 2,3026 0,0010
million 0,9416 0,0004
even 0,0513 0,0000
timesheets 3,2189 0,0014
strongly 2,3026 0,0010
restriction 1,4271 0,0006
esperanto 0,7133 0,0003
tagline 0,0000 0,0000
gui 1,3471 0,0006
indication 2,9957 0,0013
regexp 0,0000 0,0000
subsection 0,1508 0,0001
cml 4,6052 0,0020
wgeditsubmitbuttonlabelpublish 0,0000 0,0000
boarisch 1,9661 0,0008
toc 0,0000 0,0000
protection 0,4463 0,0002
respectively 1,3863 0,0006
functionality 0,6539 0,0003
wgpagecontentmodel 0,0000 0,0000
xhtm 4,6052 0,0020
hypertext 2,1203 0,0009
waptv 4,6052 0,0020
conjunction 2,0402 0,0009
top 0,0000 0,0000
technica 1,3093 0,0006
too 0,8916 0,0004
directional 3,5066 0,0015
tor 2,5257 0,0011
have 0,2744 0,0001
consequence 1,5606 0,0007
dooble 2,8134 0,0012
particularly 0,9943 0,0004
heading 3,9120 0,0017
produce 0,6931 0,0003
xframe 3,2189 0,0014
wgnamespacenumber 0,0000 0,0000
coc 2,8134 0,0012
wgwmepagelength 0,0000 0,0000
entity 0,0101 0,0000
col 0,9943 0,0004
prohibit 2,3026 0,0010
expensivefunctioncount 0,0000 0,0000
minor 1,7148 0,0007
almost 1,1087 0,0005
equally 2,8134 0,0012
associate 0,6931 0,0003
crawl 3,5066 0,0015
identical 2,0402 0,0009
timeusage 0,0000 0,0000
pin 0,0000 0,0000
academic 1,3093 0,0006
frysk 2,6593 0,0011
whether 0,7765 0,0003
function 0,0000 0,0000
musicxml 4,6052 0,0020
comparison 0,4005 0,0003
icecat 2,6593 0,0011
lay 2,4079 0,0010
cpu 0,0408 0,0000
infobox 0,6931 0,0003
italics 2,4079 0,0010
revert 2,6593 0,0011
less 0,6162 0,0005
unpaired 4,6052 0,0020
pcache 0,0619 0,0000
reconcile 3,2189 0,0014
improve 0,2485 0,0003
october 0,0000 0,0000
try 0,9676 0,0004
basic 0,6539 0,0003
complication 0,0513 0,0000
cause 0,6162 0,0003
technique 0,7550 0,0003
shorthand 3,5066 0,0015
jquery 0,0000 0,0000
quirk 3,5066 0,0015
scripting 1,2040 0,0005
similarly 1,4697 0,0006
convey 2,8134 0,0012
design 0,1393 0,0002
working 1,3471 0,0006
lang 2,8134 0,0012
phish 2,9957 0,0013
timeless 0,0101 0,0000
direction 1,2379 0,0005
gnome 2,4079 0,0010
accord 0,5108 0,0002
wgwmeschemaeditattemptstepoversample 0,0000 0,0000
opening 2,4079 0,0010
ttl 0,0000 0,0000
encyclopedia 0,0000 0,0000
breadcrumb 4,6052 0,0020
conduct 0,0000 0,0000
pls 3,2189 0,0014
stable 0,7133 0,0003
unfamiliar 4,6052 0,0020
interested 1,8326 0,0008
formerly 1,2040 0,0005
maintenance 0,6733 0,0003
inkml 3,2189 0,0014
tenfourfox 2,8134 0,0012
abovebelow 0,0943 0,0000
css 1,8971 0,0008
splits 4,6052 0,0020
accessibility 1,4697 0,0006
advertising 1,7720 0,0008
discussion 1,3093 0,0011
lee 1,3471 0,0006
generalized 3,5066 0,0015
styling 3,9120 0,0017
ccxml 3,2189 0,0014
notation 1,4271 0,0006
pref 0,0000 0,0000
state 0,3425 0,0003
csrftoken 0,0000 0,0000
press 0,5621 0,0002
interchange 2,5257 0,0011
element 0,0000 0,0000
anid 4,6052 0,0020
frameset 4,6052 0,0020
night 0,0000 0,0000
pace 2,9957 0,0013
grannell 4,6052 0,0020
qaraqalpaqsha 1,1712 0,0005
processor 1,1394 0,0005
texinfo 4,6052 0,0020
each 0,1393 0,0001
javascript 0,9416 0,0004
mediawiki 1,0788 0,0005
input 0,0000 0,0000
cue 2,9957 0,0013
swiftweasel 2,8134 0,0012
difference 0,8916 0,0008
must 0,4620 0,0002
memorandum 4,6052 0,0020
unpinned 0,0000 0,0000
pod 3,2189 0,0014
document 0,4463 0,0006
alemannisch 2,3026 0,0010
facto 2,5257 0,0011
hybridization 4,6052 0,0020
two 0,2744 0,0001
incompatible 1,9661 0,0008
attack 1,1712 0,0005
markdown 3,5066 0,0015
attach 1,8326 0,0008
reissue 4,6052 0,0020
kitchen 3,9120 0,0017
escape 2,1203 0,0027
creation 0,7985 0,0003
datepublished 0,0000 0,0000
receive 0,7340 0,0006
reformulate 3,9120 0,0017
noframe 4,6052 0,0020
declaration 1,8326 0,0016
entirely 1,5141 0,0006
timetable 4,6052 0,0020
diagram 1,6094 0,0007
dxwqw 4,6052 0,0020
wgusername 0,0000 0,0000
iiir 4,6052 0,0020
purple 3,9120 0,0017
chart 1,7148 0,0007
thing 1,0788 0,0005
consortium 1,8326 0,0008
lie 2,1203 0,0018
source 0,1393 0,0001
align 0,0101 0,0000
ieee 0,8440 0,0004
unable 2,2073 0,0009
late 0,4155 0,0004
separation 1,9661 0,0008
continue 0,6931 0,0009
pris 4,6052 0,0020
pre 2,9957 0,0013
websub 3,2189 0,0014
last 0,0000 0,0000
reflection 2,1203 0,0009
imageright 0,2614 0,0001
ultimate 1,8971 0,0008
conflate 4,6052 0,0020
widely 0,7985 0,0003
mozilla 1,8326 0,0008
weight 0,0101 0,0000
develop 0,1863 0,0002
page 0,0000 0,0000
compatibility 0,9416 0,0004
ctss 4,6052 0,0020
full 0,0202 0,0000
xlink 3,2189 0,0014
destiny 4,6052 0,0020
memory 0,0408 0,0000
seamonkey 2,8134 0,0012
concept 0,3711 0,0002
effort 0,8916 0,0004
indexeddb 2,3026 0,0010
video 0,8210 0,0003
house 1,4271 0,0006
squabble 4,6052 0,0020
bowers 3,9120 0,0017
mshtml 2,8134 0,0012
perl 1,3093 0,0006
early 0,4308 0,0004
enclose 2,6593 0,0023
enhance 0,8916 0,0004
convention 1,8971 0,0016
restructuredtext 4,6052 0,0020
yes 1,9661 0,0008
center 0,0000 0,0000
start 0,3011 0,0001
footnote 2,8134 0,0012
netsurf 2,8134 0,0012
windows 0,7985 0,0003
engineer 0,7765 0,0003
pair 1,3863 0,0012
ncsa 3,5066 0,0015
clarity 2,3026 0,0010
wikimedia 0,0000 0,0000
origyn 2,8134 0,0012
initially 1,0788 0,0005
short 0,0000 0,0000
time 0,0000 0,0000
interactive 0,4463 0,0002
program 0,2614 0,0002
semantics 1,4271 0,0006
three 0,3711 0,0002
put 0,9416 0,0004
multi 2,2073 0,0009
xmln 3,2189 0,0014
controversial 2,3026 0,0010
specifically 0,8916 0,0004
supermium 2,8134 0,0012
pale 2,8134 0,0012
identifier 1,4697 0,0013
subtextual 4,6052 0,0020
philosophy 1,1712 0,0005
creative 0,0000 0,0000
nederlands 0,1985 0,0001
coast 2,5257 0,0011
provide 0,1625 0,0001
wayback 0,7985 0,0003
addison 0,9163 0,0004
xpoint 3,2189 0,0014
quot 3,9120 0,0017
primary 0,7765 0,0003
log 0,0000 0,0000
questioning 4,6052 0,0020
wgcheckuserclienthintsheadersjsapi 0,0000 0,0000
euskara 0,5108 0,0002
computer 0,1863 0,0001
rtml 4,6052 0,0020
low 0,0101 0,0000
timingprofile 0,0000 0,0000
theme 0,0000 0,0000
merely 2,5257 0,0011
wgcategory 0,0000 0,0000
editor 0,0000 0,0000
means 1,0217 0,0004
postexpandincludesize 0,0000 0,0000
funding 1,6607 0,0007
indexing 1,7148 0,0007
initial 0,3857 0,0002
unstrip 0,0000 0,0000
citrio 2,8134 0,0012
vivaldi 2,8134 0,0012
templateargumentsize 0,0000 0,0000
unsourced 0,5621 0,0002
january 0,0000 0,0000
permanent 0,0000 0,0000
fellow 2,6593 0,0011
asturianu 1,2730 0,0005
athml 3,2189 0,0014
skweezer 2,8134 0,0012
sparql 2,4079 0,0010
facility 1,0498 0,0004
small 0,0305 0,0000
quick 1,3863 0,0006
compact 1,7720 0,0008
before 0,0305 0,0000
speedy 0,7133 0,0003
replace 0,7340 0,0009
italic 0,1278 0,0001
dan 0,9943 0,0004
denote 2,1203 0,0018
major 0,5621 0,0002
audible 3,5066 0,0015
consider 0,4005 0,0003
day 0,0000 0,0000
group 0,0408 0,0000
avast 2,6593 0,0011
manually 1,5606 0,0007
romanization 3,2189 0,0014
format 0,0101 0,0000
archive 0,0943 0,0001
particular 0,5978 0,0003
wolof 3,5066 0,0015
history 0,0000 0,0000
bgcolor 4,6052 0,0020
correlate 2,6593 0,0011
applet 3,5066 0,0015
soap 2,4079 0,0010
classify 1,4271 0,0006
request 0,6733 0,0003
wordprocessingml 4,6052 0,0020
wgrestrictionedit 0,0000 0,0000
part 0,1985 0,0001
cellpadd 4,6052 0,0020
wgpageparsereport 0,0000 0,0000
numeric 1,8326 0,0008
ssml 2,9957 0,0013
voicexml 3,2189 0,0014
webkit 2,5257 0,0011
textbooks 1,7720 0,0008
point 0,5447 0,0002
corsu 2,9957 0,0013
general 0,0000 0,0000
synonym 2,9957 0,0013
september 0,0000 0,0000
browser 0,9943 0,0008
introduction 0,5621 0,0005
applets 4,6052 0,0020
padding 0,0000 0,0000
process 0,1625 0,0001
srware 2,8134 0,0012
alternative 0,6931 0,0003
clear 0,0101 0,0000
ltr 0,0000 0,0000
cymraeg 1,4697 0,0006
webxr 2,4079 0,0010
someone 2,0402 0,0009
third 0,5447 0,0002
build 0,2357 0,0002
mean 0,4463 0,0004
netfront 2,8134 0,0012
interaction 0,8210 0,0003
lua 0,0513 0,0000
further 0,3711 0,0002
account 0,0000 0,0000
webcl 2,6593 0,0011
mostly 1,2730 0,0005
underline 3,9120 0,0017
dansk 0,5798 0,0002
mime 2,8134 0,0012
elinks 2,8134 0,0012
ambiguous 2,0402 0,0009
advance 1,0788 0,0009
ibrowse 2,8134 0,0012
bind 1,3863 0,0006
retrieval 1,5141 0,0006
webgpu 2,3026 0,0010
abbr 0,0619 0,0000
strict 1,5606 0,0007
you 0,0000 0,0000
jump 0,0000 0,0000
knowledge 0,7340 0,0003
xforms 3,2189 0,0014
iris 2,5257 0,0011
carefully 2,0402 0,0009
classilla 2,8134 0,0012
profile 1,0788 0,0005
active 0,7985 0,0003
july 0,0000 0,0000
easy 0,6733 0,0006
mediabrowser 2,8134 0,0012
domain 0,6931 0,0003
unicode 2,1203 0,0009
hoc 2,4079 0,0010
compare 0,9416 0,0004
netscape 2,3026 0,0010
subgroup 0,0513 0,0000
unsafe 2,3026 0,0010
characteristic 1,2379 0,0005
transparent 0,0619 0,0000
thunderhawk 2,8134 0,0012
how 0,0834 0,0000
capability 0,7765 0,0003
journal 0,4780 0,0002
sears 3,9120 0,0017
wsdl 3,2189 0,0014
chaotic 3,9120 0,0017
term 0,0000 0,0000
boldface 4,6052 0,0020
business 0,3425 0,0001
mini 0,0619 0,0000
arachne 2,8134 0,0012
possible 0,5276 0,0002
right 0,0101 0,0000
march 0,0000 0,0000
transition 1,5606 0,0007
doug 2,9957 0,0013
june 0,0000 0,0000
wikitext 0,0000 0,0000
series 0,5798 0,0002
bradner 4,6052 0,0020
under 0,0101 0,0000
represent 0,5978 0,0005
compete 2,0402 0,0009
sometimes 0,6931 0,0003
deliverable 2,9957 0,0013
dir 4,6052 0,0020
autocapitalize 0,0000 0,0000
latex 4,6052 0,0020
recommendations 2,8134 0,0012
hold 0,7985 0,0003
div 0,0000 0,0000
correctly 1,5606 0,0007
later 0,4005 0,0002
prior 1,3093 0,0006
bracket 0,0619 0,0001
wgpagename 0,0000 0,0000
talk 0,0000 0,0000
impair 2,9957 0,0013
dolphin 2,5257 0,0011
hyperlink 2,4079 0,0010
qutebrows 2,8134 0,0012
commonly 0,6931 0,0003
test 0,4463 0,0002
finally 1,4271 0,0006
count 0,0513 0,0000
hatnote 0,2107 0,0001
publicly 1,6094 0,0007
pinnable 0,0000 0,0000
schlesinger 4,6052 0,0020
take 0,2877 0,0002
vision 1,1394 0,0005
acceptance 1,9661 0,0008
month 0,7133 0,0006
wgrevisionid 0,0000 0,0000
relatively 1,0498 0,0004
autoconfirm 1,9661 0,0008
ietf 2,4079 0,0010
some 0,1744 0,0001
rather 0,5978 0,0003
additional 0,0000 0,0000
indieauth 3,2189 0,0014
aggregation 2,5257 0,0011
title 0,0000 0,0000
patroltoken 0,0000 0,0000
primarily 0,9943 0,0004
miss 1,3471 0,0006
states 0,4943 0,0002
wysiwiki 4,6052 0,0020
hta 4,6052 0,0039
load 0,0202 0,0000
omdoc 4,6052 0,0020
zdnet 1,4697 0,0006
alpha 0,0101 0,0000
nevile 4,6052 0,0020
ignore 1,4697 0,0013
company 0,4308 0,0002
human 0,9416 0,0004
just 0,4943 0,0002
htm 3,9120 0,0017
sole 2,6593 0,0011
custom 0,0000 0,0000
kiswahili 1,2730 0,0005
length 1,6094 0,0007
strictly 2,0402 0,0009
home 0,8675 0,0004
print 0,0000 0,0000
although 0,6162 0,0003
material 0,7765 0,0007
inherit 0,0101 0,0000
interpret 1,7148 0,0015
articles 1,0217 0,0004
append 2,3026 0,0010
explain 1,1712 0,0005
dolnoserbski 3,5066 0,0015
memo 3,2189 0,0014
construct 1,3471 0,0006
paragraphs 4,6052 0,0020
shiira 2,8134 0,0012
attempt 0,8440 0,0004
collaborate 1,8971 0,0016
uof 4,6052 0,0020
unquoted 3,2189 0,0014
division 2,0402 0,0009
dmy 0,0000 0,0000
navigation 0,0000 0,0000
impaired 3,9120 0,0017
action 0,0000 0,0000
guidelines 1,8326 0,0008
lock 0,0101 0,0000
text 0,0000 0,0000
usually 0,4780 0,0002
whereas 1,4271 0,0006
validation 1,3093 0,0006
eacute 4,6052 0,0020
ppvisitednode 0,0000 0,0000
cookie 0,0000 0,0000
ampersand 3,9120 0,0017
shadbolt 4,6052 0,0020
stall 2,6593 0,0011
sensitive 1,2730 0,0005
loading 0,0000 0,0000
physicist 3,5066 0,0015
plethora 4,6052 0,0020
contents 0,0000 0,0000
explorer 1,7148 0,0007
hindi 2,6593 0,0011
invalid 2,2073 0,0009
doc 1,8326 0,0008
snapshot 2,5257 0,0011
doi 0,4155 0,0002
status 0,0000 0,0000
semantic 1,6607 0,0007
server 0,4005 0,0003
dom 1,6094 0,0007
dot 0,8210 0,0003
skin 0,0000 0,0000
deliver 1,1394 0,0005
dos 1,7720 0,0008
engelfriet 4,6052 0,0020
mac 1,3471 0,0006
mention 1,7148 0,0007
products 1,4271 0,0006
robert 0,9676 0,0004
file 0,0000 0,0000
generalize 2,4079 0,0010
sxbl 3,2189 0,0014
stand 1,1712 0,0005
map 0,8210 0,0007
surround 2,2073 0,0019
wgnoticeproject 0,0000 0,0000
together 0,5978 0,0003
may 0,0000 0,0000
max 0,0513 0,0000
within 0,3011 0,0001
strike 2,8134 0,0012
torch 2,5257 0,0011
trigger 0,0513 0,0000
menu 0,0000 0,0000
fiji 3,2189 0,0014
uri 2,3026 0,0020
url 0,0000 0,0000
doctype 3,5066 0,0015
machine 0,2744 0,0001
able 0,9943 0,0004
return 0,0000 0,0000
furlan 3,2189 0,0014
instance 0,7765 0,0003
opera 2,5257 0,0011
mail 2,2073 0,0009
webgl 2,3026 0,0010
use 0,0000 0,0000
main 0,0000 0,0000
serve 1,0217 0,0009
nigel 3,2189 0,0014
hickson 4,6052 0,0020
diverge 3,5066 0,0015
find 0,3425 0,0003
uzbl 2,8134 0,0012
logo 0,0000 0,0000
modularization 2,9957 0,0013
international 0,3011 0,0001
regardless 1,7720 0,0008
alter 1,5141 0,0019
combine 0,7340 0,0003
unordered 3,5066 0,0015
waste 2,4079 0,0010
utc 0,0000 0,0000
malagasy 2,4079 0,0010
occur 0,7765 0,0003
utf 2,5257 0,0011
definitive 2,6593 0,0011
ideas 3,2189 0,0014
canonical 0,0408 0,0000
uti 3,2189 0,0014
fill 2,2073 0,0009
sistersitebox 0,6539 0,0003
undesirable 2,9957 0,0013
woff 3,2189 0,0014
berners 2,9957 0,0013
originate 1,6094 0,0007
wgcurrevisionid 0,0000 0,0000
task 0,5108 0,0002
null 0,0000 0,0000
vspace 4,6052 0,0020
infer 2,4079 0,0010
background 0,0101 0,0000
noscript 4,6052 0,0020
true 0,0000 0,0000
webauthn 2,2073 0,0009
header 0,0000 0,0000
designation 2,9957 0,0013
watchtoken 0,0000 0,0000
present 0,5621 0,0005
galeon 2,6593 0,0011
since 0,3425 0,0001
soup 3,9120 0,0017
contenteditable 4,6052 0,0020
paradigms 1,9661 0,0008
conceive 2,5257 0,0011
delete 0,4155 0,0002
mei 3,9120 0,0017
foreach 0,0000 0,0000
bali 2,8134 0,0012
dtd 3,9120 0,0033
repeat 0,0101 0,0000
make 0,1165 0,0002
wggestructuredtaskrejectionreasontextinputenable 0,0000 0,0000
equation 3,2189 0,0014
microb 2,8134 0,0012
bert 2,5257 0,0011
beaker 2,8134 0,0012
compound 2,4079 0,0010
webmention 3,2189 0,0014
structure 0,4155 0,0005
underlie 0,9416 0,0004
due 0,5108 0,0002
conform 1,7148 0,0022
modularize 3,9120 0,0033
devoid 4,6052 0,0020
maml 3,9120 0,0017
webassembly 1,7720 0,0008
constraints 3,9120 0,0017
character 1,1394 0,0010
reflect 1,1712 0,0010
contribution 0,0000 0,0000
meaning 1,5141 0,0006
above 1,0788 0,0005
zac 2,6593 0,0011
recursion 0,0513 0,0000
comprise 2,1203 0,0009
czech 0,9163 0,0004
height 0,0101 0,0000
august 0,0000 0,0000
distinguish 1,3471 0,0006
module 0,0000 0,0000
wikibase 0,0619 0,0000
outer 1,2040 0,0005
lilypond 4,6052 0,0020
polyglot 3,2189 0,0014
execute 0,6733 0,0003
benefit 0,9416 0,0004
datemodify 0,0619 0,0000
quality 0,8916 0,0004
filename 2,1203 0,0009
microdata 3,2189 0,0014
meta 1,4271 0,0006
unique 1,2379 0,0005
processing 0,6162 0,0003
except 1,5141 0,0006
hrvatski 0,7550 0,0003
xades 3,2189 0,0014
nevertheless 2,4079 0,0010
nordfriisk 2,4079 0,0010
notheme 0,3711 0,0002
fact 1,0217 0,0009
safari 2,1203 0,0009
global 0,7985 0,0003
mif 4,6052 0,0020
long 0,4005 0,0002
remember 2,5257 0,0011
into 0,1985 0,0001
min 0,1165 0,0000
ian 1,7148 0,0007
rdfa 2,8134 0,0012
operating 0,9416 0,0004
free 0,0000 0,0000
redirect 1,1087 0,0005
middle 0,7765 0,0003
though 0,8440 0,0004
ungrammatical 4,6052 0,0020
many 0,2357 0,0001
xaml 4,6052 0,0020
appear 0,8210 0,0010
extensive 1,5141 0,0006
face 1,1712 0,0005
abandon 2,0402 0,0009
definitely 4,6052 0,0020
ibm 0,5621 0,0002
inspire 1,6094 0,0007
associated 1,8326 0,0008
mismatch 2,1203 0,0009
open 0,1625 0,0002
agent 1,3863 0,0012
treat 1,3863 0,0006
tbody 0,6931 0,0003
validator 2,8134 0,0024
project 0,0000 0,0000
seven 1,8326 0,0008
arena 2,0402 0,0009
enhancement 0,0101 0,0000
inside 0,0101 0,0000
mainly 1,5141 0,0006
presentation 1,5141 0,0006
uniformly 4,6052 0,0020
wikiversity 0,9676 0,0004
emotionml 3,2189 0,0014
five 0,9943 0,0004
zen 2,6593 0,0011
monospace 2,0402 0,0009
please 0,8210 0,0003
look 0,7765 0,0007
hermans 4,6052 0,0020
ido 1,2730 0,0005
paths 3,9120 0,0017
internet 0,5447 0,0002
conflict 1,6094 0,0007
allow 0,1863 0,0002
spiess 4,6052 0,0020
rough 3,5066 0,0015
iec 1,5606 0,0007
sgml 3,5066 0,0015
isbn 0,1054 0,0000
mmi 2,9957 0,0013
rule 0,5978 0,0005
update 0,4463 0,0004
common 0,3711 0,0002
cimpanu 2,8134 0,0012
interest 0,9943 0,0004
definition 0,4943 0,0004
mash 4,6052 0,0020
placeholder 0,0000 0,0000
every 0,6162 0,0003
asciidoc 4,6052 0,0020
summary 1,6607 0,0007
registry 2,2073 0,0009
akin 2,9957 0,0013
basa 2,0402 0,0009
bbcode 4,6052 0,0020
slimbrowser 2,8134 0,0012
accented 4,6052 0,0020
apply 0,0000 0,0000
jargon 3,2189 0,0014
overlook 3,5066 0,0015
layout 2,1203 0,0009
ddagger 4,6052 0,0020
removal 1,6607 0,0007
formula 2,4079 0,0010
comment 1,2730 0,0016
step 0,7765 0,0007
mark 0,6733 0,0009
base 0,0305 0,0000
webplatform 3,2189 0,0014
quirks 3,9120 0,0017
ocsp 2,8134 0,0012
runa 0,9416 0,0004
subordinate 4,6052 0,0020
achievement 3,2189 0,0014
hytime 4,6052 0,0020
jeff 1,6607 0,0007
whole 1,2040 0,0005
revolution 1,7148 0,0007
annotated 2,3026 0,0010
consist 0,6539 0,0006
reliable 0,7765 0,0003
compatible 1,2040 0,0005
grammar 2,1203 0,0009
pogo 2,8134 0,0012
relate 0,0000 0,0000
enable 0,0000 0,0000
price 1,2730 0,0005
sidebar 0,0000 0,0000
limitreport 0,0000 0,0000
decoration 0,0619 0,0000
dependent 1,6094 0,0007
reflist 0,0101 0,0000
still 0,5447 0,0002
var 0,0000 0,0000
work 0,2231 0,0002
agree 0,0101 0,0000
wgulsislanguageselectorempty 0,0000 0,0000
fail 0,9676 0,0008
itself 0,6539 0,0003
among 0,5276 0,0002
srpski 0,3711 0,0002
registration 0,0101 0,0000
math 2,5257 0,0011
word 0,0101 0,0000
redcore 2,8134 0,0012
contractor 2,9957 0,0013
webpositive 2,8134 0,0012
flock 2,5257 0,0011
spain 1,4271 0,0006
steel 2,8134 0,0012
extension 0,6349 0,0005
deprecate 1,6607 0,0007
kylo 2,8134 0,0012
lingua 2,4079 0,0010
signature 1,8971 0,0008
ead 4,6052 0,0020
foundation 0,0000 0,0000
privilege 1,8971 0,0008
substitute 2,1203 0,0009
lout 4,6052 0,0020
discontinue 1,3863 0,0006
uniform 1,7148 0,0007
writing 1,7720 0,0008
event 0,0000 0,0000
delineate 3,5066 0,0015
include 0,0000 0,0000
revisit 3,2189 0,0014
toggle 0,0000 0,0000
appearance 0,0000 0,0000
classname 0,0000 0,0000
wggetopicsmatchmodeenable 0,0000 0,0000
spam 2,0402 0,0009
first 0,0408 0,0000
mse 2,3026 0,0010
span 1,2730 0,0005
voice 1,6094 0,0007
nowrap 0,0408 0,0000
prefer 0,0101 0,0000
htmx 2,9957 0,0013
roman 0,0101 0,0000
lotus 2,5257 0,0011
msn 2,3026 0,0010
clearly 2,5257 0,0011
wgrelevantpageisprobablyeditable 0,0000 0,0000
axis 3,2189 0,0027
float 0,0101 0,0000
transclusion 0,0619 0,0000
space 0,0408 0,0000
spec 1,7720 0,0015
reference 0,0101 0,0000
ambox 0,7133 0,0003
html 0,4463 0,0002
uploading 2,9957 0,0013
dagger 4,6052 0,0020
blockquote 2,8134 0,0012
imply 1,9661 0,0008
bottom 0,0000 0,0000
cascade 2,5257 0,0011
ill 2,9957 0,0013
revision 0,0000 0,0000
magyar 0,3425 0,0001
sequence 1,2730 0,0005
publisher 0,0000 0,0000
arnoud 4,6052 0,0020
img 0,0408 0,0000
minimo 2,8134 0,0012
wcag 3,9120 0,0017
mercury 2,6593 0,0011
scientific 1,1712 0,0005
microformat 2,8134 0,0024
rlstate 0,0000 0,0000
error 0,0101 0,0000
commonplace 3,2189 0,0014
platform 0,0000 0,0000
xfdl 3,2189 0,0014
network 0,3285 0,0001
shortcut 2,4079 0,0020
public 0,4155 0,0002
animations 3,2189 0,0014
craig 2,0402 0,0009
value 0,0000 0,0000
spacetime 2,5257 0,0011
soundness 4,6052 0,0020
advantage 0,9676 0,0004
stephen 1,5141 0,0006
resources 1,3471 0,0006
instead 0,4463 0,0002
command 0,7133 0,0006
expensive 0,0408 0,0000
trade 1,3863 0,0006
currently 1,0788 0,0005
lunascape 2,8134 0,0012
maint 0,0101 0,0000
wiktionary 0,5798 0,0002
slash 2,4079 0,0010
platformversion 0,0000 0,0000
weave 3,5066 0,0015
normally 1,6094 0,0007
vague 1,8971 0,0008
references 0,0513 0,0000
saved 0,0619 0,0000
year 0,2614 0,0002
building 0,7985 0,0003
linuxdoc 4,6052 0,0020
via 0,3011 0,0001
properly 1,3471 0,0006
hornjoserbsce 2,6593 0,0011
quote 0,0101 0,0000
vie 4,6052 0,0020
poor 2,0402 0,0009
understanding 1,4271 0,0006
visual 0,9416 0,0004
because 0,0000 0,0000
ipf 4,6052 0,0020
agreement 1,3093 0,0006
appendix 2,8134 0,0012
google 0,4005 0,0002
community 0,0000 0,0000
version 0,0000 0,0000
brezhoneg 1,7148 0,0007
advancement 1,8971 0,0008
stop 1,1394 0,0005
guess 2,9957 0,0013
eesti 0,3285 0,0001
deepfish 2,8134 0,0012
detail 0,7133 0,0003
usefulness 3,2189 0,0014
criterion 1,5606 0,0007
least 0,9676 0,0004
conkeror 2,8134 0,0012
wgusergroup 0,0000 0,0000
vocabulary 2,2073 0,0009
aspect 0,7765 0,0003
wikipedia 0,0000 0,0000
behavior 0,8210 0,0003
close 0,8210 0,0010
identically 3,9120 0,0017
scots 1,8971 0,0008
afrikaans 0,9416 0,0004
linked 2,6593 0,0011
ghostzilla 2,8134 0,0012
website 0,3711 0,0003
rcs 3,5066 0,0015
learn 0,0000 0,0000
xinclude 3,2189 0,0014
strata 2,8134 0,0012
whatwg 2,3026 0,0010
textual 2,5257 0,0011
characterize 1,9661 0,0008
rdf 2,2073 0,0009
unrelated 2,6593 0,0011
sleipnir 2,8134 0,0012
emerge 1,2730 0,0005
register 0,0000 0,0000
communicate 1,1394 0,0005
notes 0,9943 0,0004
iso 1,1394 0,0005
typographic 3,9120 0,0017
republic 0,8916 0,0004
inputs 4,6052 0,0020
official 0,6162 0,0003
acm 0,8675 0,0004
bookmarks 2,6593 0,0011
shacl 2,8134 0,0012
post 0,0202 0,0000
vml 3,2189 0,0014
reg 3,9120 0,0017
leave 0,0101 0,0000
rel 3,5066 0,0015
finish 1,8971 0,0008
protocols 2,0402 0,0009
add 0,0000 0,0000
need 0,1393 0,0002
its 0,0726 0,0000
originally 0,8675 0,0004
blazer 2,8134 0,0012
often 0,2877 0,0001
gather 1,7720 0,0008
elt 0,6931 0,0003
encoding 2,4079 0,0020
article 0,0000 0,0000
rfc 1,9661 0,0017
mutual 3,2189 0,0014
parser 0,0000 0,0000
guideline 1,3471 0,0006
loose 2,5257 0,0011
http 0,0000 0,0000
therefore 0,7985 0,0003
decimal 0,0101 0,0000
eme 2,4079 0,0010
useful 0,9943 0,0004
trust 1,2730 0,0005
rft 4,6052 0,0020
technical 0,6349 0,0003
united 0,4780 0,0002
standardization 1,6094 0,0007
choose 0,8440 0,0007
wghostname 0,0000 0,0000
previously 1,1712 0,0005
wgtitle 0,0000 0,0000
engine 0,4780 0,0004
mixture 2,9957 0,0013
puffin 2,8134 0,0012
scope 1,2730 0,0005
end 0,3011 0,0001
docbook 4,6052 0,0020
activitypub 3,2189 0,0014
unquote 4,6052 0,0020
identify 0,6733 0,0006
wgdigittransformtable 0,0000 0,0000
hlist 0,0408 0,0000
label 0,0000 0,0000
message 0,3857 0,0003
significance 2,6593 0,0011
special 0,0000 0,0000
rlconf 0,0000 0,0000
feminism 4,6052 0,0020
progressive 1,0788 0,0005
timberwolf 2,8134 0,0012
family 1,0217 0,0004
age 1,2730 0,0005
copyright 1,6607 0,0007
bahasa 0,3285 0,0001
charter 3,2189 0,0014
release 0,2744 0,0002
ago 0,7765 0,0003
caption 0,3567 0,0002
jaffe 4,6052 0,0020
rif 3,2189 0,0014
variation 1,9661 0,0008
number 0,0000 0,0000
webexplorer 2,8134 0,0012
wgbackendresponsetime 0,0000 0,0000
shorten 0,0000 0,0000
property 0,6539 0,0003
brave 2,8134 0,0012
proceedings 0,7550 0,0003
manipulate 1,4271 0,0006
algorithm 0,8675 0,0004
similar 0,4780 0,0002
specify 0,6349 0,0008
handle 0,6539 0,0003
forth 1,8971 0,0008
script 1,2379 0,0011
system 0,0101 0,0000
compose 1,5141 0,0019
specialization 3,5066 0,0015
deepnet 2,8134 0,0012
infomesh 4,6052 0,0020
other 0,0000 0,0000
scxml 3,2189 0,0014
against 0,6931 0,0003
abaco 2,8134 0,0012
wendy 3,9120 0,0017
cell 0,4308 0,0002
isindex 4,6052 0,0020
local 0,7985 0,0003
valid 1,4271 0,0006
encourage 1,5141 0,0006
share 0,4620 0,0004
prototype 0,9676 0,0008
future 0,5978 0,0003
rlq 0,0000 0,0000
anchor 1,9661 0,0008
cite 0,0000 0,0000
francisco 1,6607 0,0007
est 4,6052 0,0020
screen 0,0101 0,0000
body 0,0000 0,0000
correspond 1,3093 0,0006
maintainer 2,5257 0,0011
vandalism 2,6593 0,0011
mode 0,0000 0,0000
stylistic 3,9120 0,0017
pages 0,0000 0,0000
websocket 2,2073 0,0009
longman 2,9957 0,0013
net 0,9416 0,0004
closure 1,8971 0,0008
newpp 0,0619 0,0000
hspace 4,6052 0,0020
all 0,0408 0,0000
always 0,9416 0,0004
border 0,0000 0,0000
new 0,0000 0,0000
weblint 4,6052 0,0020
read 0,0000 0,0000
markup 2,5257 0,0011
openmath 4,6052 0,0020
already 1,1087 0,0005
below 0,7550 0,0003
alt 2,6593 0,0011
touch 2,1203 0,0009
adhere 1,5141 0,0006
real 0,0408 0,0000
clientpref 0,0000 0,0000
tool 0,0000 0,0000
unit 0,6539 0,0003
hybrid 1,4271 0,0006
svenska 0,3857 0,0002
activate 2,2073 0,0019
amp 2,8134 0,0012
wgpagecontentlanguage 0,0000 0,0000
media 0,2485 0,0001
around 0,6931 0,0003
floorp 2,8134 0,0012
wgisarticle 0,0000 0,0000
define 0,2744 0,0005
hendler 4,6052 0,0020
row 0,4943 0,0002
errata 3,9120 0,0017
render 0,0513 0,0001
interlingua 1,3093 0,0006
pgml 3,2189 0,0014
requirement 0,5798 0,0005
specific 0,2877 0,0001
any 0,2107 0,0001
huawei 2,2073 0,0009
application 0,0943 0,0000
milestone 2,2073 0,0019
wgflaggedrevsparams 0,0000 0,0000
dillo 2,8134 0,0012
xslt 2,9957 0,0013
formally 2,0402 0,0009
collapse 0,0408 0,0000
aol 2,2073 0,0009
reason 0,7985 0,0003
eww 2,8134 0,0012
legend 2,2073 0,0009
maintain 0,3567 0,0002
wgrelevantarticleid 0,0000 0,0000
preprocessor 0,0513 0,0000
skyfire 2,8134 0,0012
wysiwyg 3,9120 0,0017
mbox 0,7133 0,0003
ismap 4,6052 0,0020
exe 3,2189 0,0014
wysiwym 4,6052 0,0020
cake 2,8134 0,0012
exi 3,2189 0,0014
annual 1,0788 0,0005
english 0,0000 0,0000
api 0,3425 0,0003
shoulder 3,5066 0,0015
fully 0,8210 0,0003
cache 0,0305 0,0000
margin 0,0000 0,0000
suomi 0,2107 0,0001
wgrequestid 0,0000 0,0000
remain 0,7550 0,0003
expected 2,6593 0,0011
runoff 4,6052 0,0020
enwikimwclientpreference 0,0000 0,0000
marquee 3,9120 0,0017
multimodal 2,6593 0,0011
rlpagemodules 0,0000 0,0000
cern 2,5257 0,0011
letter 1,5606 0,0007
samea 0,0000 0,0000
wgwikibaseitemid 0,0000 0,0000
xmlhttprequ 2,4079 0,0010
wgulsiscompactlinksenable 0,0000 0,0000
another 0,3567 0,0002
automatically 0,7765 0,0003
pagevariantfallback 0,0000 0,0000
recommend 1,4697 0,0013
literal 2,4079 0,0010
webarchive 0,7985 0,0003
default 0,6931 0,0003
arc 2,6593 0,0011
encryption 1,1712 0,0005
vendor 1,1087 0,0005
wgmonthname 0,0000 0,0000
supplemental 4,6052 0,0020
ari 3,2189 0,0014
disabled 0,0000 0,0000
where 0,2744 0,0001
attribute 0,7765 0,0007
iframe 4,6052 0,0020
popular 0,6539 0,0003
timestamp 0,0000 0,0000
rtf 4,6052 0,0020
conformance 2,1203 0,0009
nest 1,7720 0,0008
rtl 4,6052 0,0020
call 0,0101 0,0000
jawa 2,0402 0,0009
such 0,0943 0,0000
classic 1,3093 0,0006
cnet 1,7720 0,0008
describe 0,2485 0,0001
apos 3,5066 0,0015
through 0,2107 0,0001
icab 2,8134 0,0012
run 0,3011 0,0003
incorporate 1,1712 0,0005
microsoft 0,4005 0,0002
atc 4,6052 0,0020
either 0,5621 0,0002
view 0,0000 0,0000
white 0,0305 0,0000
counterpart 2,6593 0,0023
donate 0,0000 0,0000
might 0,7340 0,0003
korpela 4,6052 0,0020
bold 0,0408 0,0000
engineering 0,3857 0,0002
rein 3,9120 0,0017
gecko 2,8134 0,0012
italicize 4,6052 0,0020
overlap 1,7148 0,0007
galego 0,7550 0,0003
name 0,0000 0,0000
aloud 3,9120 0,0017
bolt 2,4079 0,0010
cputime 0,0000 0,0000
watchlist 0,0000 0,0000
next 0,5798 0,0002
blind 2,4079 0,0010
color 0,0101 0,0000
hidden 1,6094 0,0007
import 1,5606 0,0007
occupy 2,6593 0,0011
book 0,4308 0,0002
show 0,0513 0,0001
description 0,0000 0,0000
edition 0,7985 0,0003
blink 2,5257 0,0011
redundant 2,8134 0,0012
not 0,0101 0,0000
impose 1,9661 0,0008
now 0,4308 0,0002
statement 0,0000 0,0000
trademark 0,0101 0,0000
greek 0,0101 0,0000
konqueror 2,8134 0,0012
news 0,4620 0,0002
delivery 1,4697 0,0006
aural 3,9120 0,0017
introduce 0,3285 0,0003
war 1,8326 0,0016
way 0,2485 0,0002
discourse 2,8134 0,0012
editing 2,1203 0,0009
target 0,0101 0,0000
xhtml 2,8134 0,0012
what 0,0000 0,0000
amaya 2,6593 0,0011
curie 3,2189 0,0014
refer 0,4155 0,0004
israel 0,7550 0,0003
window 1,5606 0,0007
container 0,0000 0,0000
sigplan 2,9957 0,0013
developers 0,0000 0,0000
quickly 1,1087 0,0005
usage 0,0000 0,0000
charles 1,2730 0,0005
decide 0,9943 0,0004
wgmediaviewerenabledbydefault 0,0000 0,0000
nearby 0,0000 0,0000
when 0,0834 0,0000
looser 4,6052 0,0020
largely 2,3026 0,0010
faq 1,6094 0,0007
broad 1,1394 0,0005
fat 2,6593 0,0011
embed 0,9163 0,0008
webpage 2,6593 0,0011
greater 3,9120 0,0017
case 0,3285 0,0001
designate 1,9661 0,0008
nokia 2,0402 0,0009
give 0,4780 0,0006
canvas 2,3026 0,0010
item 0,0000 0,0000
wgmediavieweronclick 0,0000 0,0000
rockmelt 2,8134 0,0012
double 1,0498 0,0004
wgulsposition 0,0000 0,0000
epic 2,0402 0,0009
rendering 2,4079 0,0020
melayu 0,6349 0,0003
explicit 1,4697 0,0006
moon 2,6593 0,0011
republish 4,6052 0,0020
wgbreakframe 0,0000 0,0000
rely 0,6931 0,0003
italiano 0,1278 0,0001
sticky 0,0000 0,0000
style 0,0000 0,0000
explicitly 1,2040 0,0005
searchinput 0,0000 0,0000
direct 0,8440 0,0004
increment 2,5257 0,0011
commons 0,0000 0,0000
gain 0,8916 0,0004
confuse 1,2040 0,0005
modern 0,7340 0,0003
web 0,1165 0,0000
arabic 2,6593 0,0011
embedding 2,6593 0,0011
architecture 0,0000 0,0000
more 0,0000 0,0000
display 0,0000 0,0000
great 0,8675 0,0004
criticize 1,5141 0,0006
grid 1,4697 0,0006
organization 0,0000 0,0000
width 0,0000 0,0000
finalize 2,6593 0,0011
certain 0,6162 0,0003
board 1,0217 0,0004
ddwg 3,2189 0,0014
statistics 0,0000 0,0000
distinction 2,0402 0,0009
spreadsheetml 4,6052 0,0020
section 0,7340 0,0006
simple 0,2231 0,0002
influence 1,3471 0,0006
protocol 0,5621 0,0005
overflow 0,3567 0,0002
whale 2,5257 0,0011
enrich 3,5066 0,0015
hyper 2,4079 0,0010
marked 2,6593 0,0011
visible 0,0101 0,0000
hdml 3,2189 0,0014
both 0,0305 0,0000
important 0,0101 0,0000
most 0,2107 0,0001
effects 2,3026 0,0010
transfer 0,7985 0,0003
phrase 1,6094 0,0007
outside 1,1087 0,0005
effect 0,8440 0,0004
topic 0,0000 0,0000
omit 2,3026 0,0020
perceive 2,8134 0,0012
who 0,5621 0,0002
weigh 3,9120 0,0017
acute 4,6052 0,0020
limitation 1,0498 0,0004
ascertain 3,5066 0,0015
globally 1,9661 0,0008
contribute 0,0000 0,0000
insert 1,6607 0,0007
why 0,6539 0,0003
forbid 2,2073 0,0009
basefont 4,6052 0,0020
adjective 3,9120 0,0017
candidate 1,6094 0,0007
database 0,2485 0,0001
along 0,7340 0,0003
parallel 1,1087 0,0005
structural 1,7720 0,0008
visually 2,3026 0,0010
inventor 2,4079 0,0010
sheet 2,1203 0,0009
win 1,7148 0,0007
wip 2,8134 0,0012
wgseparatortransformtable 0,0000 0,0000
rest 1,0788 0,0005
san 1,2379 0,0005
chromium 2,3026 0,0010
move 0,0000 0,0000
original 0,0943 0,0000
also 0,0202 0,0000
say 0,6733 0,0003
designer 1,2730 0,0005
increase 0,4620 0,0002
cougar 3,9120 0,0017
recommended 4,6052 0,0020
swiftfox 2,8134 0,0012
inline 0,0408 0,0000
favor 1,5141 0,0006
yandex 2,1203 0,0009
metainformation 4,6052 0,0020
various 0,3857 0,0002
organizations 1,5606 0,0007
latter 1,6607 0,0007
visit 0,0408 0,0000
user 0,0000 0,0000
simply 0,9676 0,0004
extent 1,7720 0,0008
equivalent 1,5141 0,0006
parent 1,8326 0,0008
bring 0,9676 0,0004
tooltip 0,8675 0,0004
offer 0,4155 0,0002
bar 1,3863 0,0006
fix 0,5108 0,0002
complex 0,5621 0,0002
draft 1,6607 0,0014
elmcip 2,3026 0,0010
fluid 2,3026 0,0010
piratebrowser 2,8134 0,0012
addition 0,6733 0,0003
surf 2,6593 0,0011
grow 0,8675 0,0004
lynx 2,6593 0,0011
documentation 0,6349 0,0003
personal 0,0000 0,0000
accurately 2,3026 0,0010
former 1,3093 0,0006
extend 0,6162 0,0005
ar 1,5141 0,0006
imageobject 0,0000 0,0000
drive 0,4780 0,0002
greatly 1,8971 0,0008
schema 1,6094 0,0007
deal 1,1712 0,0005
strong 0,9943 0,0004
be 0,1508 0,0001
scheme 0,0101 0,0000
affect 1,0217 0,0009
icon 0,0101 0,0000
expansiondepth 0,0000 0,0000
hebrew 3,2189 0,0014
icedragon 2,8134 0,0012
bo 3,9120 0,0017
customize 1,5141 0,0006
bcp 3,9120 0,0017
timeframe 3,9120 0,0017
search 0,0000 0,0000
see 0,0408 0,0000
felienne 4,6052 0,0020
spacing 0,0619 0,0000
systems 0,4780 0,0002
enquire 4,6052 0,0020
sauer 4,6052 0,0020
wgrelevantpagename 0,0000 0,0000
wml 4,6052 0,0020
crossmark 4,6052 0,0020
jtc 2,6593 0,0011
national 0,4463 0,0002
subsequent 1,6094 0,0007
indicate 1,0217 0,0013
unbordered 2,5257 0,0011
completion 1,9661 0,0008
contain 0,0101 0,0000
set 0,2107 0,0002
incorrect 2,8134 0,0012
shqip 0,6931 0,0003
column 0,0101 0,0000
midori 2,4079 0,0010
auspices 4,6052 0,0020
wgaction 0,0000 0,0000
spider 3,5066 0,0030
font 0,0000 0,0000
bed 3,9120 0,0017
encode 1,5141 0,0013
jul 2,9957 0,0013
arora 2,5257 0,0011
precede 2,4079 0,0020
omniweb 2,8134 0,0012
connolly 2,9957 0,0013
language 0,0000 0,0000
do 0,1625 0,0002
navbox 0,0943 0,0000
listitem 0,0408 0,0000
meaningful 2,6593 0,0011
differentiate 2,3026 0,0010
franca 2,4079 0,0010
contact 0,0000 0,0000
france 0,8675 0,0004
exclude 2,3026 0,0010
wot 3,2189 0,0014
programming 0,2744 0,0001
image 0,0202 0,0000
chrome 2,2073 0,0009
typically 0,3857 0,0002
browsers 3,2189 0,0014
never 1,1712 0,0005
epitaph 4,6052 0,0020
piece 1,4271 0,0006
western 2,2073 0,0009
party 0,6539 0,0006
frame 1,6094 0,0014
little 1,0788 0,0005
cursor 0,0619 0,0000
however 0,3011 0,0001
typesetter 4,6052 0,0020
forgive 4,6052 0,0020
origin 0,0000 0,0000
waterfox 2,8134 0,0012
smil 3,2189 0,0014
walltime 0,0000 0,0000
interlanguage 0,0000 0,0000
content 0,0000 0,0000
burden 2,4079 0,0010
duckduckgo 2,6593 0,0011
symposium 1,6607 0,0007
random 0,0000 0,0000
wikibooks 0,8210 0,0003
related 0,9676 0,0004
rate 1,2730 0,0005
mosaic 2,6593 0,0011
client 0,0000 0,0000
foss 1,8971 0,0008
json 1,2379 0,0005
class 0,0000 0,0000
contrary 2,6593 0,0011
gehomepagesuggestededitsenabletopic 0,0000 0,0000
harper 3,2189 0,0014
over 0,3285 0,0001
historic 2,9957 0,0013
living 2,8134 0,0012
practical 1,0217 0,0004
six 1,4271 0,0006
false 0,0000 0,0000
specification 0,7133 0,0006
steering 2,4079 0,0010
weasel 2,8134 0,0012
counter 0,0408 0,0000
parse 0,0619 0,0001
srpskohrvatski 0,9163 0,0004
serialization 3,2189 0,0027
fork 1,1394 0,0005
form 0,3011 0,0004
management 0,2231 0,0001
publish 0,4463 0,0004
developer 0,1744 0,0001
avoid 0,0101 0,0000
comprehensive 1,3863 0,0006
he 0,6733 0,0003
presentationml 4,6052 0,0020
subset 1,1394 0,0010
assign 1,2730 0,0011
very 0,5978 0,0003
practice 0,6349 0,0003
select 0,9676 0,0004
advanced 0,7985 0,0003
geneva 2,9957 0,0013
recommendation 1,6094 0,0014
output 0,0000 0,0000
orion 2,3026 0,0010
sko 2,8134 0,0012
context 0,5978 0,0003
easily 1,2040 0,0005
majority 1,5141 0,0006
model 0,0000 0,0000
id 2,8134 0,0012
portal 0,0000 0,0000
usenix 2,5257 0,0011
reduce 0,0101 0,0000
sentence 0,0000 0,0000
issue 0,3425 0,0001
kern 0,0101 0,0000
large 0,2485 0,0002
literally 3,2189 0,0014
index 1,0498 0,0004
mathml 3,2189 0,0014
httpd 3,2189 0,0014
announce 0,6733 0,0003
odd 0,0943 0,0000
odf 4,6052 0,0020
traditional 0,7985 0,0003
operate 0,3567 0,0002
contrast 0,9416 0,0004
exclusively 1,6607 0,0007
hello 1,6607 0,0007
begin 0,5108 0,0004
wgvisualeditor 0,0000 0,0000
become 0,2877 0,0002
template 0,0000 0,0000
paragraph 2,8134 0,0024
progressively 3,5066 0,0015
enwiki 0,0619 0,0000
subscription 0,0101 0,0000
basilisk 2,4079 0,0010
falkon 2,8134 0,0012
navbar 0,0202 0,0000
world 0,3857 0,0002
subbox 0,6931 0,0003
jsss 2,6593 0,0011
angle 3,5066 0,0015
december 0,0000 0,0000
ability 0,7340 0,0003
everything 1,2730 0,0005
belief 2,4079 0,0010
table 0,0000 0,0000
charon 2,8134 0,0012
creator 1,2730 0,0005
side 0,3425 0,0001
gaeilge 1,2040 0,0005
break 0,0101 0,0000
librewolf 2,8134 0,0012
change 0,0000 0,0000
beonex 2,8134 0,0012
webvtt 3,2189 0,0014
printable 0,0000 0,0000
generally 0,5447 0,0002
verbose 3,9120 0,0017
wilbur 4,6052 0,0020
likewise 2,8134 0,0012
hide 0,0000 0,0000
meleon 2,8134 0,0012
multimedia 1,5606 0,0007
report 0,0202 0,0000
complete 0,4780 0,0004
agora 3,2189 0,0014
auto 0,0726 0,0000
several 0,4155 0,0002
sign 1,2379 0,0005
office 1,0498 0,0004
wgcanonicalspecialpagename 0,0000 0,0000
while 0,2614 0,0001
second 0,0408 0,0000
ported 2,4079 0,0010
that 0,5108 0,0002
download 0,0000 0,0000
edge 1,2379 0,0005
high 0,0101 0,0000
split 0,0000 0,0000
www 1,7720 0,0008
publication 1,5141 0,0006
than 0,2357 0,0001
limit 0,0000 0,0000
bnf 0,9163 0,0004
communication 0,6162 0,0003
different 0,0513 0,0000
directly 0,5108 0,0002
dita 4,6052 0,0020
semantically 3,9120 0,0017
level 0,0000 0,0000
author 0,0000 0,0000
interoperability 1,8326 0,0008
philippe 3,2189 0,0014
establish 0,8916 0,0004
expansion 0,0619 0,0000
daniel 1,2040 0,0005
entry 0,8210 0,0007
license 0,0000 0,0000
expand 0,0101 0,0000
subcommittee 2,8134 0,0012
salamweb 2,8134 0,0012
wgmfdisplaywikibasedescription 0,0000 0,0000
retrieve 0,0000 0,0000
fischetti 4,6052 0,0020
datum 0,0408 0,0000
code 0,0000 0,0000
legacy 1,5141 0,0006
wgdefaultdateformat 0,0000 0,0000
box 0,0408 0,0000
sean 1,9661 0,0008
storage 0,3711 0,0002
head 0,7765 0,0007
total 0,0000 0,0000
deutsch 0,0943 0,0000
lassila 4,6052 0,0020
hexadecimal 2,6593 0,0011
highly 1,1712 0,0005
keyboard 1,8971 0,0008
initiative 1,0217 0,0004
nature 1,0498 0,0004
src 0,6349 0,0003
control 0,1625 0,0001
sri 2,4079 0,0010
intelligent 1,7720 0,0008
symbian 2,2073 0,0009
attribution 0,0000 0,0000
descriptive 2,8134 0,0012
geolocation 2,3026 0,0010
metadata 1,5606 0,0007
presentational 3,5066 0,0015
vary 0,0619 0,0000
upper 0,0101 0,0000
animate 4,6052 0,0020
extremely 1,7720 0,0008
expiry 0,0619 0,0000
minerva 0,0101 0,0000
brand 0,0000 0,0000
recent 0,0000 0,0000
raggett 3,2189 0,0014
they 0,0619 0,0001
proposal 1,6094 0,0007
closely 1,6094 0,0007
modular 1,5141 0,0006
edit 0,0000 0,0000
old 0,8675 0,0004
informally 2,5257 0,0011
node 0,0305 0,0000
crawler 2,9957 0,0013
adopt 0,9163 0,0004
expire 2,6593 0,0023
oppose 1,6094 0,0007
device 0,7550 0,0006
access 0,2877 0,0001
conference 0,3425 0,0001
webrtc 2,3026 0,0010
activity 0,9943 0,0004
simi 0,9416 0,0004
overcome 1,9661 0,0008
seek 1,4697 0,0006
extended 2,2073 0,0009
gazelle 2,8134 0,0012
workaround 2,8134 0,0012
btb 4,6052 0,0020
selflink 0,0101 0,0000
current 0,0000 0,0000
xpath 2,5257 0,0011
defunct 1,9661 0,0008
nynorsk 1,2379 0,0005
amigaguide 4,6052 0,0020
vector 0,0000 0,0000
audio 1,2379 0,0005
caution 3,5066 0,0015
conferences 2,2073 0,0009
email 1,4271 0,0006
key 0,0305 0,0000
silk 2,2073 0,0009
cachereport 0,0000 0,0000
pretitle 1,3471 0,0006
decision 0,8675 0,0004
necessary 0,8440 0,0004
svg 1,0788 0,0005
texture 3,2189 0,0014
one 0,0943 0,0000
hotjava 2,8134 0,0012
winaray 1,7720 0,0008
tagalog 1,2040 0,0005
bosanski 0,8916 0,0004
confirm 1,6094 0,0014
single 0,3147 0,0001
entityaccesscount 0,0000 0,0000
assist 1,8971 0,0008
catalin 2,8134 0,0012
commercial 0,8440 0,0004
wikimania 4,6052 0,0020
joint 1,7148 0,0007
separate 0,6162 0,0005
available 0,0000 0,0000
advocate 1,8971 0,0008
confine 3,5066 0,0015
soomaaliga 2,4079 0,0010
variant 0,0619 0,0000
dynamic 0,7133 0,0003
engelbart 3,9120 0,0017
generate 0,8210 0,0003
ensure 0,7985 0,0003
degree 1,7720 0,0008
this 0,1278 0,0001
norsk 0,3285 0,0001
memusage 0,0000 0,0000
libwww 3,2189 0,0014
once 0,7985 0,0003
know 0,2231 0,0002
demonstrate 1,3471 0,0011
support 0,1393 0,0001
drop 1,1394 0,0005
electrotechnical 3,2189 0,0014
xbl 3,2189 0,0014
idea 0,9676 0,0004
wgpopupsflag 0,0000 0,0000
polski 0,1165 0,0000
privacy 0,0000 0,0000
vertical 0,7985 0,0003
misconception 2,4079 0,0010
interoperable 3,2189 0,0014
proprietary 0,9676 0,0004
gap 1,2040 0,0005
monospaced 2,0402 0,0009
emphasize 1,6094 0,0021
extensible 1,8326 0,0008
ora 4,6052 0,0020
successful 1,2379 0,0005
normal 0,0202 0,0000
figure 1,8326 0,0008
previous 1,1712 0,0005
wide 0,6539 0,0003
org 1,5141 0,0006
transmit 1,8326 0,0008
technology 0,1863 0,0002
cumbersome 3,2189 0,0014
ungoogled 2,8134 0,0012
wgarticleid 0,0000 0,0000
periodical 2,0402 0,0009
succeed 2,1203 0,0009
migration 1,4697 0,0006
pagelanguagedir 0,0000 0,0000
wgcitereferencepreviewsactive 0,0000 0,0000
location 0,9943 0,0004
flexbox 3,2189 0,0014
acknowledgment 4,6052 0,0020
sisr 3,2189 0,0014
software 0,0000 0,0000
graphical 1,2730 0,0005
none 0,0101 0,0000
type 0,0000 0,0000
april 0,0000 0,0000
hack 1,3471 0,0006
internationalization 2,8134 0,0012
closing 2,1203 0,0009
problem 0,3285 0,0001
optimization 0,8916 0,0004
justify 1,8326 0,0008
review 0,6162 0,0003
href 3,5066 0,0015
presence 1,3471 0,0006
between 0,2107 0,0001
phase 1,2379 0,0005
stylesheet 2,9957 0,0025
inclusive 2,6593 0,0011
erratum 3,5066 0,0015
nbsp 3,9120 0,0017
researcher 1,3093 0,0006
kazehakase 2,8134 0,0012
natural 1,2040 0,0005
comodo 2,8134 0,0012
streams 2,5257 0,0011
come 0,4155 0,0005
baseline 1,7720 0,0008
ott 2,5257 0,0011
push 0,0000 0,0000
exist 0,4155 0,0005
ladybird 2,8134 0,0012
headings 4,6052 0,0020
force 1,0217 0,0004
substantially 2,6593 0,0011
notifications 2,8134 0,0012
south 1,9661 0,0008
james 0,9676 0,0004
range 0,8675 0,0004
derive 1,1394 0,0005
out 0,0000 0,0000
cailliau 3,5066 0,0015
flaw 1,9661 0,0008
feature 0,0000 0,0000
get 0,0000 0,0000
dark 0,0101 0,0000
course 1,3093 0,0006
copy 1,1712 0,0010
place 0,5447 0,0005
regular 1,2379 0,0005
neoplanet 2,8134 0,0012
mccathie 4,6052 0,0020
suggest 1,0217 0,0004
transformation 1,5606 0,0007
lead 0,2231 0,0002
filter 1,4697 0,0013
expect 0,8440 0,0004
help 0,0000 0,0000
site 0,0000 0,0000
depth 0,0000 0,0000
rename 1,5141 0,0006
mathematical 1,3863 0,0006
sharealike 0,0000 0,0000
date 0,3011 0,0004
argument 0,0513 0,0000
data 0,0000 0,0000
owl 2,8134 0,0012
firefox 2,2073 0,0009
own 0,4780 0,0002
sound 1,3471 0,0006
wiki 1,2730 0,0005
wgpageviewlanguage 0,0000 0,0000
blog 0,6349 0,0003
translate 1,3863 0,0006
accesskey 0,0000 0,0000
shankland 4,6052 0,0020
tab 2,4079 0,0010
plain 1,5141 0,0006
only 0,2107 0,0001
should 0,3711 0,0002
create 0,0000 0,0000
tag 0,0000 0,0000
readable 1,8971 0,0008
development 0,1278 0,0001
guideml 4,6052 0,0020
individual 0,7985 0,0003
like 0,2231 0,0001
resource 0,4620 0,0004
person 0,6162 0,0003
reformulation 4,6052 0,0020
equivalently 4,6052 0,0020
visitor 2,3026 0,0010
send 0,7550 0,0003
srgs 3,2189 0,0014
namespaces 3,9120 0,0017
potentially 0,7765 0,0003
here 0,0000 0,0000
note 0,4155 0,0004
camino 2,8134 0,0012
dave 1,5141 0,0006
purpose 0,5108 0,0004
line 0,0101 0,0000
link 0,0000 0,0000
noshade 4,6052 0,0020
can 0,0408 0,0000
inclusion 2,3026 0,0010
security 0,3285 0,0001
cap 0,0619 0,0000
contributor 0,0000 0,0000
wgcanonicalnamespace 0,0000 0,0000
organize 1,1712 0,0005
flex 0,5276 0,0002
ready 0,0000 0,0000
jukka 4,6052 0,0020
cost 0,6733 0,0003
wgisredirect 0,0000 0,0000
limited 0,8916 0,0004
will 0,2485 0,0001
sputnik 2,4079 0,0010
worldwideweb 2,8134 0,0012
february 0,0000 0,0000
implementation 0,3147 0,0001
standardize 1,7148 0,0015
follow 0,2744 0,0002
intent 1,8971 0,0008
cbs 2,4079 0,0010
response 0,7340 0,0003
palmer 3,5066 0,0015
responsive 0,0202 0,0000
york 0,8440 0,0004
namespace 1,5141 0,0013
category 0,0000 0,0000
informal 2,2073 0,0009
intend 0,6162 0,0003
wikidata 0,0000 0,0000
