allison 3,9120 0,0013
german 1,6607 0,0005
half 1,7148 0,0006
latina 1,4697 0,0005
numerous 1,3863 0,0005
upload 0,0000 0,0000
multitasking 2,2073 0,0007
tiling 3,9120 0,0013
hall 1,3471 0,0004
undergoing 3,5066 0,0012
wggelevelingupenabledforuser 0,0000 0,0000
wgrestrictionmove 0,0000 0,0000
selinux 3,5066 0,0012
your 0,6931 0,0002
remote 0,9163 0,0003
without 0,2744 0,0001
these 0,1278 0,0000
morton 3,9120 0,0013
approved 1,9661 0,0006
introduced 0,5447 0,0002
contributions 0,0000 0,0000
protected 1,6094 0,0005
would 0,3425 0,0001
xitimonitor 4,6052 0,0015
calculate 2,6593 0,0009
subtly 3,9120 0,0013
rebranding 3,5066 0,0012
sister 1,6094 0,0005
userland 2,8134 0,0009
wgstablerevisionid 2,8134 0,0009
eweek 2,6593 0,0009
nova 2,2073 0,0007
successfully 1,5141 0,0005
monodevelop 3,5066 0,0012
solid 0,0202 0,0000
devices 0,8916 0,0003
meanwhile 2,8134 0,0009
notably 1,8326 0,0006
minicomputer 3,9120 0,0013
optional 1,3093 0,0004
require 0,0000 0,0000
scratch 2,1203 0,0007
analysis 0,5108 0,0002
volunteers 2,8134 0,0009
scribunto 0,0000 0,0000
cooperative 1,8971 0,0006
standards 0,6539 0,0002
strategist 4,6052 0,0015
mcallister 3,5066 0,0012
size 0,0000 0,0000
util 4,6052 0,0015
left 0,0101 0,0000
cdx 0,0000 0,0000
ewing 3,9120 0,0013
much 0,6931 0,0002
reused 2,6593 0,0009
object 0,4308 0,0001
humble 2,9957 0,0010
accessible 1,1712 0,0004
chapter 1,1712 0,0004
commodity 2,6593 0,0009
flight 2,6593 0,0009
cygwin 3,2189 0,0011
developerworks 3,9120 0,0013
lombard 1,1712 0,0004
role 0,9676 0,0003
sights 3,9120 0,0013
achieve 1,1087 0,0004
ahead 1,7148 0,0006
anybody 3,5066 0,0012
hosting 1,6607 0,0005
weil 4,6052 0,0015
yellow 2,9957 0,0010
gsub 1,7148 0,0006
notable 1,1394 0,0004
heather 3,9120 0,0013
turn 1,3471 0,0004
hans 2,5257 0,0008
example 0,2744 0,0001
result 0,4620 0,0002
gehomepagesuggestededitsenabletopics 0,0000 0,0000
same 0,2357 0,0001
after 0,0305 0,0000
headline 0,0000 0,0000
solaris 1,7148 0,0006
xos 3,9120 0,0013
policy 0,0000 0,0000
mainframes 2,9957 0,0010
licensed 1,7148 0,0006
kerala 3,9120 0,0013
kernel 1,2379 0,0004
artistic 3,2189 0,0011
sublicense 4,6052 0,0015
combines 1,8971 0,0006
pagelanguagecode 0,0000 0,0000
gnv 3,5066 0,0012
gnu 1,1087 0,0004
platypux 3,9120 0,0013
transientcontent 0,0000 0,0000
consisting 1,5141 0,0005
entering 2,5257 0,0008
kylix 3,9120 0,0013
subtle 0,3285 0,0001
licenses 1,7148 0,0006
blue 1,8326 0,0006
memcpy 4,6052 0,0015
korora 3,9120 0,0013
days 1,1087 0,0004
timeline 1,1394 0,0004
information 0,0000 0,0000
arch 2,3026 0,0008
combined 1,2379 0,0004
plasma 3,9120 0,0013
wrap 0,0101 0,0000
adopted 1,1712 0,0004
novel 2,2073 0,0007
kylin 3,5066 0,0012
standard 0,3567 0,0001
november 0,0000 0,0000
powered 1,5141 0,0005
sylviu 4,6052 0,0015
gos 3,9120 0,0013
good 1,0217 0,0003
empty 0,0305 0,0000
garuda 3,9120 0,0013
sanchez 3,5066 0,0012
besides 2,5257 0,0008
fullversionlist 0,0000 0,0000
tim 1,0498 0,0003
implement 0,7133 0,0002
gracefully 3,9120 0,0013
lite 2,4079 0,0008
export 0,0000 0,0000
vendors 1,5141 0,0005
kaffe 4,6052 0,0015
others 0,4463 0,0001
gpl 2,2073 0,0007
lisp 1,7720 0,0006
pay 1,5141 0,0005
list 0,0000 0,0000
andrew 1,0498 0,0003
wgusergroups 0,0000 0,0000
gone 2,8134 0,0009
lack 1,0498 0,0003
wxbasic 4,6052 0,0015
external 0,1863 0,0001
tails 3,5066 0,0012
labs 1,0788 0,0004
peppermint 3,9120 0,0013
ingenuity 4,6052 0,0015
success 1,2379 0,0004
vowel 4,6052 0,0015
authority 0,4780 0,0002
onwards 2,8134 0,0009
child 0,0202 0,0000
unclassified 3,5066 0,0012
formats 1,4697 0,0005
mainentity 0,0000 0,0000
regional 2,6593 0,0009
young 2,4079 0,0008
germany 0,5798 0,0002
provided 0,7765 0,0003
cio 2,9957 0,0010
backbox 3,9120 0,0013
medium 1,4271 0,0005
interface 0,3425 0,0001
remove 0,6733 0,0002
disclaimers 0,0000 0,0000
compiled 1,6607 0,0005
expanded 0,2231 0,0001
samsung 2,2073 0,0007
providex 4,6052 0,0015
provides 0,3711 0,0001
root 0,4943 0,0002
disambiguation 1,5606 0,0005
wgisprobablyeditable 0,0000 0,0000
patrick 2,0402 0,0007
standardized 1,3471 0,0004
compiler 1,0217 0,0003
bruce 1,8326 0,0006
ligure 2,5257 0,0008
routers 2,3026 0,0008
live 1,3093 0,0004
murdock 4,6052 0,0015
brockmeier 3,9120 0,0013
pcs 2,9957 0,0010
citation 0,0101 0,0000
approval 2,1203 0,0007
blocks 1,2379 0,0004
mobile 0,0000 0,0000
multiple 0,2485 0,0001
evolution 1,3471 0,0004
trademarks 3,5066 0,0012
versus 1,7720 0,0006
better 0,6162 0,0002
ranging 2,8134 0,0009
plainlist 0,4463 0,0001
pdf 0,0000 0,0000
china 1,6094 0,0005
computerworld 1,7148 0,0006
service 0,2231 0,0001
there 0,2614 0,0001
permit 2,0402 0,0007
well 0,3011 0,0001
handling 1,0217 0,0003
magazine 0,9943 0,0003
outlook 3,2189 0,0011
pagetype 1,0788 0,0004
bitness 0,0000 0,0000
rgba 0,0101 0,0000
named 0,8916 0,0003
considered 0,5798 0,0002
focus 1,1087 0,0004
american 0,8675 0,0003
corel 3,9120 0,0013
onyx 4,6052 0,0015
entire 0,8675 0,0003
unpaid 4,6052 0,0015
utilities 1,7720 0,0006
approach 0,4463 0,0001
emui 3,5066 0,0012
gained 1,4697 0,0005
've 2,3026 0,0008
ppvisitednodes 0,0000 0,0000
block 0,0408 0,0000
write 0,6931 0,0002
flow 0,3857 0,0001
microcomputer 2,9957 0,0010
gtk 2,9957 0,0010
cli 1,5141 0,0005
opensolaris 2,6593 0,0009
aria 0,0000 0,0000
boxtext 0,0619 0,0000
wgmfdisplaywikibasedescriptions 0,0000 0,0000
theodore 3,5066 0,0012
libreoffice 2,8134 0,0009
macintosh 2,2073 0,0007
indonesia 0,3567 0,0001
intel 1,6094 0,0005
propose 2,6593 0,0009
slowly 2,3026 0,0008
intelligence 0,8916 0,0003
minix 2,8134 0,0009
ever 1,3863 0,0005
million 1,0498 0,0003
andalusia 4,6052 0,0015
borland 3,2189 0,0011
even 0,0513 0,0000
install 1,9661 0,0006
schools 3,2189 0,0011
prohibited 2,6593 0,0009
binary 1,0498 0,0003
transparency 1,8326 0,0006
integration 0,4620 0,0002
esperanto 0,7133 0,0002
tagline 0,0000 0,0000
wgpopupsflags 0,0000 0,0000
gui 1,3863 0,0005
meetings 3,5066 0,0012
managers 1,6094 0,0005
remix 2,8134 0,0009
larger 0,8440 0,0003
regexp 0,0000 0,0000
subsection 0,1508 0,0000
wgeditsubmitbuttonlabelpublish 0,0000 0,0000
enlightenment 4,6052 0,0015
gut 4,6052 0,0015
illumos 3,2189 0,0011
duval 4,6052 0,0015
boarisch 1,9661 0,0006
toc 0,0000 0,0000
protection 0,4620 0,0002
respectively 1,3863 0,0005
functionality 0,6931 0,0002
digitalocean 2,1203 0,0007
matter 1,5606 0,0005
wgpagecontentmodel 0,0000 0,0000
top 0,0000 0,0000
native 0,8916 0,0003
technica 1,3093 0,0004
too 0,8916 0,0003
powerpc 2,8134 0,0009
hobbyist 2,4079 0,0008
malloc 3,2189 0,0011
gaming 1,8971 0,0006
product 0,6539 0,0002
particularly 0,9943 0,0003
dominant 1,7148 0,0006
attributed 2,0402 0,0007
serenityos 3,5066 0,0012
automobiles 2,9957 0,0010
premier 4,6052 0,0015
cheap 2,4079 0,0008
tmulti 3,2189 0,0011
ceases 3,9120 0,0013
picture 2,5257 0,0008
wgnamespacenumber 0,0000 0,0000
framework 0,4155 0,0001
hacker 1,4697 0,0005
names 0,8210 0,0003
impractical 3,2189 0,0011
wgwmepagelength 0,0000 0,0000
php 1,3471 0,0004
hacked 2,4079 0,0008
rosa 3,2189 0,0011
thousand 2,9957 0,0010
communities 1,7148 0,0006
com 0,8210 0,0003
col 1,0217 0,0003
prohibit 4,6052 0,0015
measuring 2,0402 0,0007
con 3,2189 0,0011
expensivefunctioncount 0,0000 0,0000
environments 0,7985 0,0003
pia 3,9120 0,0013
pioneering 3,5066 0,0012
anchorencode 2,8134 0,0009
bryan 2,4079 0,0008
lab 2,1203 0,0007
weta 4,6052 0,0015
cox 3,2189 0,0011
fltk 4,6052 0,0015
mageia 3,9120 0,0013
platforms 0,6931 0,0002
timeusage 0,0000 0,0000
hoyer 4,6052 0,0015
sifry 4,6052 0,0015
automation 0,7550 0,0002
academic 1,3471 0,0004
frysk 2,6593 0,0009
whether 0,7765 0,0003
function 0,0000 0,0000
west 2,2073 0,0007
gpl'ed 3,9120 0,0013
matthew 1,9661 0,0006
comparison 0,4155 0,0001
including 0,1985 0,0001
law 1,2379 0,0004
void 2,2073 0,0007
everyone 1,9661 0,0006
inshanally 4,6052 0,0015
cpu 0,0408 0,0000
infobox 0,6931 0,0002
italics 2,4079 0,0008
sway 4,6052 0,0015
less 0,6162 0,0002
basis 1,1394 0,0004
affected 1,6607 0,0005
institutions 2,1203 0,0007
condition 2,6593 0,0009
simplified 1,7148 0,0006
inventions 2,1203 0,0007
improve 0,3857 0,0001
obligation 3,9120 0,0013
naming 1,4697 0,0005
october 0,0000 0,0000
basic 0,6539 0,0002
mcmillan 2,8134 0,0009
specialized 1,1712 0,0004
became 0,7133 0,0002
chicken 3,5066 0,0012
initiated 2,5257 0,0008
locate 3,5066 0,0012
university 0,5621 0,0002
mapper 2,8134 0,0009
yabasic 4,6052 0,0015
wikiquote 1,7148 0,0006
jquery 0,0000 0,0000
represents 1,2730 0,0004
scripting 1,2040 0,0004
unity 2,9957 0,0010
times 0,5447 0,0002
pedro 2,4079 0,0008
intended 0,5978 0,0002
attending 3,5066 0,0012
design 0,1985 0,0001
distros 4,6052 0,0015
working 0,5276 0,0002
says 1,3863 0,0005
timeless 0,0101 0,0000
direction 1,5606 0,0005
gnome 2,4079 0,0008
vlams 3,2189 0,0011
printers 2,6593 0,0009
comments 1,6607 0,0005
luasandboxcallback 1,4271 0,0005
lamp 3,9120 0,0013
wgwmeschemaeditattemptstepoversample 0,0000 0,0000
readme 3,2189 0,0011
followed 1,1087 0,0004
ttl 0,0000 0,0000
lojban 2,8134 0,0009
industrial 1,5606 0,0005
encyclopedia 0,0000 0,0000
conduct 0,0000 0,0000
proponents 2,3026 0,0008
quantitative 2,6593 0,0009
stable 0,7133 0,0002
machines 0,7985 0,0003
mmap 3,9120 0,0013
formerly 1,2040 0,0004
rowe 3,9120 0,0013
cluster 1,4697 0,0005
abovebelow 0,0943 0,0000
marshmallow 3,5066 0,0012
slackware 3,9120 0,0013
led 0,5978 0,0002
discussion 1,6094 0,0005
netbsd 2,5257 0,0008
defines 0,9676 0,0003
robbins 3,9120 0,0013
worked 1,6607 0,0005
liberty 3,2189 0,0011
stats 2,4079 0,0008
befehle 4,6052 0,0015
gfortran 4,6052 0,0015
hackers 2,0402 0,0007
lesser 3,2189 0,0011
tux 4,6052 0,0015
pref 0,0000 0,0000
n't 0,7765 0,0003
state 0,4620 0,0002
csrftoken 0,0000 0,0000
press 0,5798 0,0002
events 0,0000 0,0000
element 0,0000 0,0000
displayed 2,1203 0,0007
archbang 3,9120 0,0013
chaos 2,5257 0,0008
separately 1,5606 0,0005
cengage 3,9120 0,0013
began 0,7985 0,0003
crdroid 3,9120 0,0013
edited 0,0000 0,0000
wtfpl 3,5066 0,0012
night 0,0000 0,0000
forecast 2,2073 0,0007
qaraqalpaqsha 1,1712 0,0004
processor 1,3093 0,0004
each 0,1393 0,0000
mediawiki 1,0788 0,0004
tvs 3,5066 0,0012
cub 3,9120 0,0013
input 0,0000 0,0000
musl 3,5066 0,0012
groovy 2,4079 0,0008
toolkit 1,5141 0,0005
kerrisk 3,9120 0,0013
offering 1,1087 0,0004
stanford 2,1203 0,0007
creating 0,6539 0,0002
difference 1,2379 0,0004
must 0,4620 0,0002
styles 0,0834 0,0000
asahi 3,2189 0,0011
circle 3,5066 0,0012
actions 0,0000 0,0000
items 0,5108 0,0002
datawrapper 1,6094 0,0005
unpinned 0,0000 0,0000
sophisticated 1,8326 0,0006
dominates 4,6052 0,0015
entertainment 2,2073 0,0007
probably 2,3026 0,0008
precursors 3,5066 0,0012
alemannisch 2,3026 0,0008
vkernel 2,3026 0,0008
dollars 2,4079 0,0008
availability 1,1394 0,0004
networks 0,8210 0,0003
facts 2,1203 0,0007
two 0,2744 0,0001
perens 3,9120 0,0013
pop 1,7720 0,0006
promote 1,9661 0,0006
routing 1,8326 0,0006
found 0,6162 0,0002
caixa 3,9120 0,0013
does 0,2744 0,0001
moody 4,6052 0,0015
wubuntu 3,9120 0,0013
rewritten 2,6593 0,0009
tozzi 4,6052 0,0015
initialization 2,4079 0,0008
distribute 2,4079 0,0008
escape 2,1203 0,0007
graphic 2,5257 0,0008
prevented 2,8134 0,0009
creation 0,8210 0,0003
datepublished 0,0000 0,0000
situation 1,8326 0,0006
latest 0,9676 0,0003
think 1,5141 0,0005
languages 0,0000 0,0000
shells 2,6593 0,0009
consulting 2,2073 0,0007
correspondence 3,2189 0,0011
replaces 2,2073 0,0007
budgie 3,9120 0,0013
softlanding 3,9120 0,0013
replaced 1,1712 0,0004
services 0,3425 0,0001
team 0,5978 0,0002
entirely 1,5141 0,0005
kolivas 4,6052 0,0015
marketing 1,2730 0,0004
wgusername 0,0000 0,0000
demanded 3,5066 0,0012
principle 1,2730 0,0004
smith 1,7148 0,0006
juan 2,9957 0,0010
needing 0,8440 0,0003
had 0,4943 0,0002
source 0,2107 0,0001
ultrix 3,2189 0,0011
align 0,0101 0,0000
blender 3,5066 0,0012
domestic 2,6593 0,0009
lin 2,6593 0,0009
detergent 4,6052 0,0015
makefiles 4,6052 0,0015
guides 2,5257 0,0008
hal 1,9661 0,0006
hak 2,3026 0,0008
pronounces 4,6052 0,0015
compile 1,7720 0,0006
differing 2,9957 0,0010
separation 1,9661 0,0006
scheduling 1,3863 0,0005
hat 1,4697 0,0005
starts 1,7720 0,0006
advantageous 3,9120 0,0013
sabily 3,9120 0,0013
given 0,6931 0,0002
predated 3,9120 0,0013
pronounced 2,3026 0,0008
last 0,0000 0,0000
suites 2,5257 0,0008
imageright 0,2614 0,0001
adapt 2,3026 0,0008
widely 0,7985 0,0003
eric 1,1394 0,0004
mozilla 1,8326 0,0006
weight 0,0101 0,0000
freed 3,2189 0,0011
develop 0,9163 0,0003
pro 1,6607 0,0005
technologies 0,5978 0,0002
measure 1,6094 0,0005
suited 1,9661 0,0006
libranet 3,9120 0,0013
overall 1,1394 0,0004
fixed 0,9676 0,0003
page 0,0000 0,0000
assume 2,3026 0,0008
compatibility 0,9416 0,0003
jikes 4,6052 0,0015
updated 0,8440 0,0003
full 0,0202 0,0000
syscall 4,6052 0,0015
capsule 4,6052 0,0015
freax 4,6052 0,0015
away 1,4271 0,0005
memory 0,0408 0,0000
aspects 0,8916 0,0003
effort 1,2040 0,0004
video 0,8440 0,0003
freak 3,9120 0,0013
minimal 1,2730 0,0004
forbade 4,6052 0,0015
bootloader 3,5066 0,0012
hyprland 4,6052 0,0015
perl 1,3093 0,0004
truelist 4,6052 0,0015
early 0,5276 0,0002
sameas 0,0000 0,0000
overview 0,5447 0,0002
llc 1,7720 0,0006
center 0,0000 0,0000
libraries 0,6733 0,0002
purchase 1,7720 0,0006
start 0,7985 0,0003
windows 0,7340 0,0002
engineer 1,6094 0,0005
manage 0,8675 0,0003
frugalware 3,9120 0,0013
mcilroy 3,5066 0,0012
silicon 2,4079 0,0008
vectorlinux 3,9120 0,0013
fund 2,5257 0,0008
infrastructure 0,6931 0,0002
tanenbaum 3,5066 0,0012
wikimedia 0,0000 0,0000
paid 1,8326 0,0006
recipient 2,5257 0,0008
typical 1,1394 0,0004
initially 1,0788 0,0004
short 0,0000 0,0000
time 0,0000 0,0000
pub 2,8134 0,0009
nixos 3,9120 0,0013
applications 0,2231 0,0001
pronunciations 3,5066 0,0012
studio 1,3471 0,0004
measured 1,8326 0,0006
enwikimwclientpreferences 0,0000 0,0000
sfml 4,6052 0,0015
interactive 0,4463 0,0001
lmi 4,6052 0,0015
governments 1,9661 0,0006
program 0,4155 0,0001
hyperos 3,9120 0,0013
three 0,3711 0,0001
put 1,1712 0,0004
required 0,5108 0,0002
elive 3,9120 0,0013
keith 2,5257 0,0008
forums 2,5257 0,0008
universities 2,5257 0,0008
loongson 4,6052 0,0015
specifically 0,8916 0,0003
enter 1,8326 0,0006
hardware 0,5798 0,0002
linuxuser 4,6052 0,0015
having 0,6733 0,0002
laws 2,3026 0,0008
russian 1,8971 0,0006
players 2,3026 0,0008
standalone 2,0402 0,0007
dates 0,5798 0,0002
paging 2,5257 0,0008
philosophy 1,3093 0,0004
priority 1,7720 0,0006
dynamically 1,8326 0,0006
creative 0,0000 0,0000
dependencies 1,7720 0,0006
nederlands 0,1985 0,0001
chris 1,2040 0,0004
multiimageinner 3,2189 0,0011
provide 0,3857 0,0001
light 1,4271 0,0005
tiny 2,9957 0,0010
nitix 3,9120 0,0013
niche 3,5066 0,0012
marketshare 4,6052 0,0015
centos 2,8134 0,0009
primary 0,7765 0,0003
requires 0,5798 0,0002
supercomputer 2,3026 0,0008
log 0,0000 0,0000
enterprise 0,4463 0,0001
falcon 3,5066 0,0012
reliability 1,1712 0,0004
wgcheckuserclienthintsheadersjsapi 0,0000 0,0000
solar 2,6593 0,0009
topologilinux 3,9120 0,0013
euskara 0,5108 0,0002
mailing 1,8971 0,0006
pws 2,9957 0,0010
smart 1,3471 0,0004
accidental 2,6593 0,0009
lot 1,6607 0,0005
los 2,5257 0,0008
computer 0,2231 0,0001
low 0,7133 0,0002
timingprofile 0,0000 0,0000
uploaded 3,5066 0,0012
minimalist 3,2189 0,0011
sleepycat 3,2189 0,0011
theme 0,0000 0,0000
pxe 2,5257 0,0008
ettrich 4,6052 0,0015
editor 1,4271 0,0005
means 0,5621 0,0002
postexpandincludesize 0,0000 0,0000
extremadura 4,6052 0,0015
busybox 3,9120 0,0013
harald 3,5066 0,0012
initial 0,3857 0,0001
unstrip 0,0000 0,0000
symbiotic 4,6052 0,0015
rusty 3,9120 0,0013
sshd 4,6052 0,0015
performed 1,0788 0,0004
ansi 2,2073 0,0007
sabayon 3,9120 0,0013
templateargumentsize 0,0000 0,0000
unsourced 0,5621 0,0002
wheeler 3,2189 0,0011
january 0,0000 0,0000
permanent 0,0000 0,0000
asturianu 1,2730 0,0004
advancing 3,5066 0,0012
choice 1,2730 0,0004
small 0,0305 0,0000
quick 1,6094 0,0005
newsgroups 4,6052 0,0015
before 0,0305 0,0000
theader 3,2189 0,0011
replace 1,4697 0,0005
him 2,1203 0,0007
italic 0,1278 0,0000
launched 1,3863 0,0005
dan 0,9943 0,0003
euleros 3,9120 0,0013
copyable 4,6052 0,0015
trek 3,2189 0,0011
his 0,7550 0,0002
systemrescue 3,9120 0,0013
major 0,5621 0,0002
controversies 2,6593 0,0009
das 2,8134 0,0009
interrupt 2,4079 0,0008
checked 1,6094 0,0005
worldwide 1,4271 0,0005
migrated 2,8134 0,0009
day 0,0000 0,0000
keeps 2,3026 0,0008
stallman 3,2189 0,0011
combination 1,1087 0,0004
group 0,0408 0,0000
coworker 4,6052 0,0015
obtain 1,8971 0,0006
gross 3,5066 0,0012
uptake 3,9120 0,0013
created 0,4155 0,0001
dreamhost 4,6052 0,0015
cyborgs 3,9120 0,0013
helsinki 4,6052 0,0015
format 0,0101 0,0000
tree 1,2730 0,0004
wolof 3,5066 0,0012
history 0,0000 0,0000
eclipse 1,8971 0,0006
reciprocity 4,6052 0,0015
funet 4,6052 0,0015
lsb 3,9120 0,0013
request 1,1712 0,0004
manjaro 3,5066 0,0012
disks 2,4079 0,0008
mathematics 1,5141 0,0005
mike 1,2040 0,0004
wgrestrictionedit 0,0000 0,0000
part 0,2231 0,0001
values 1,0788 0,0004
wgpageparsereport 0,0000 0,0000
numeric 1,8971 0,0006
their 0,1165 0,0000
allusion 4,6052 0,0015
percent 1,7720 0,0006
textbooks 1,6094 0,0005
corsu 2,9957 0,0010
principal 2,2073 0,0007
tvos 3,5066 0,0012
general 0,0000 0,0000
netbook 3,9120 0,0013
visits 2,9957 0,0010
september 0,0000 0,0000
andries 4,6052 0,0015
oops 3,5066 0,0012
tivo 3,9120 0,0013
dated 1,1087 0,0004
gartner 2,3026 0,0008
editors 0,0000 0,0000
introduction 0,5798 0,0002
splashtop 3,9120 0,0013
padding 0,0000 0,0000
process 0,2485 0,0001
built 0,5108 0,0002
cpus 2,1203 0,0007
alternative 0,7765 0,0003
clear 0,0101 0,0000
croce 4,6052 0,0015
ltr 0,0000 0,0000
seeking 2,4079 0,0008
cymraeg 1,4697 0,0005
awio 4,6052 0,0015
diamond 3,2189 0,0011
sunwah 3,9120 0,0013
someone 2,0402 0,0007
third 0,5621 0,0002
build 0,4943 0,0002
mean 1,3471 0,0004
shuttleworth 4,6052 0,0015
determining 2,3026 0,0008
wireless 1,7720 0,0006
further 0,3567 0,0001
sicilianu 2,9957 0,0010
account 0,0000 0,0000
methodology 1,2040 0,0004
lug 4,6052 0,0015
been 0,2231 0,0001
electronics 1,5141 0,0005
stack 0,7765 0,0003
dansk 0,5798 0,0002
evolved 1,6094 0,0005
barry 2,4079 0,0008
supercomputing 3,2189 0,0011
gardiner 4,6052 0,0015
advance 1,6094 0,0005
inode 2,4079 0,0008
mobilinux 3,5066 0,0012
casually 3,9120 0,0013
depending 1,1087 0,0004
darwin 2,6593 0,0009
kroah 3,9120 0,0013
ugi 2,6593 0,0009
diverse 2,4079 0,0008
examining 2,2073 0,0007
abbr 0,0619 0,0000
asturix 3,9120 0,0013
beer 2,9957 0,0010
you 0,0101 0,0000
announcement 2,0402 0,0007
jump 0,0000 0,0000
databases 0,3567 0,0001
lvm 4,6052 0,0015
carefully 2,0402 0,0007
going 1,8326 0,0006
impact 0,9676 0,0003
profile 1,1394 0,0004
mainstream 1,9661 0,0006
irix 3,2189 0,0011
july 0,0000 0,0000
whose 1,3471 0,0004
beginnings 3,9120 0,0013
steamos 3,2189 0,0011
tags 0,0000 0,0000
lubuntu 3,9120 0,0013
domain 0,6931 0,0002
openlinux 3,9120 0,0013
pase 3,5066 0,0012
conventionally 3,2189 0,0011
lazarus 3,5066 0,0012
statcounter 2,8134 0,0009
assigned 1,5606 0,0005
uuks 4,6052 0,0015
relative 1,7148 0,0006
subgroup 0,0513 0,0000
mascot 2,9957 0,0010
technologist 3,5066 0,0012
bharat 3,5066 0,0012
pixar 3,9120 0,0013
choosing 2,2073 0,0007
hot 2,6593 0,0009
transparent 0,0619 0,0000
originating 3,5066 0,0012
how 0,0834 0,0000
mint 3,2189 0,0011
adoption 0,8675 0,0003
journal 0,4780 0,0002
peter 0,8210 0,0003
unlike 1,2040 0,0004
assembly 1,3863 0,0005
phoronix 3,9120 0,0013
term 0,5798 0,0002
rigid 2,8134 0,0009
embedded 0,9416 0,0003
sparc 2,4079 0,0008
enrolled 4,6052 0,0015
mind 1,8971 0,0006
spreads 3,5066 0,0012
chip 1,5606 0,0005
business 0,3567 0,0001
mini 0,0619 0,0000
hpl 4,6052 0,0015
mordor 4,6052 0,0015
microkernel 2,3026 0,0008
staff 1,7720 0,0006
partly 2,8134 0,0009
possible 0,5276 0,0002
right 0,0101 0,0000
executable 1,3471 0,0004
idref 2,0402 0,0007
march 0,0000 0,0000
mutter 4,6052 0,0015
june 0,0000 0,0000
wikitext 0,0000 0,0000
wggestructuredtaskrejectionreasontextinputenabled 0,0000 0,0000
calls 0,0408 0,0000
series 0,5798 0,0002
compositing 3,9120 0,0013
inch 3,2189 0,0011
paul 0,7765 0,0003
under 0,0101 0,0000
did 0,8210 0,0003
penguin 2,6593 0,0009
backtrack 3,9120 0,0013
proposing 2,8134 0,0009
die 2,9957 0,0010
ryan 1,6094 0,0005
hollywood 3,9120 0,0013
added 0,4308 0,0001
cddl 3,5066 0,0012
sometimes 0,6931 0,0002
questions 1,4271 0,0005
displaced 2,9957 0,0010
promise 2,0402 0,0007
retrieved 0,0000 0,0000
autocapitalize 0,0000 0,0000
hold 1,3471 0,0004
shifting 2,5257 0,0008
div 0,0000 0,0000
trail 3,2189 0,0011
later 0,3857 0,0001
strauss 4,6052 0,0015
fruition 3,9120 0,0013
legal 1,1712 0,0004
wgpagename 0,0000 0,0000
talk 0,0000 0,0000
linpus 3,9120 0,0013
computational 1,2040 0,0004
richard 0,9676 0,0003
angeles 2,5257 0,0008
linhes 3,9120 0,0013
static 1,0217 0,0003
commonly 0,6931 0,0002
distributors 3,5066 0,0012
finally 1,4271 0,0005
hatnote 0,2107 0,0001
audioos 3,5066 0,0012
brown 1,8971 0,0006
freedomhec 4,6052 0,0015
mips 2,9957 0,0010
publicly 1,6094 0,0005
linksvayer 4,6052 0,0015
pinnable 0,0000 0,0000
take 0,6733 0,0002
vision 1,1712 0,0004
wgrevisionid 0,0000 0,0000
relatively 1,0498 0,0003
toyota 2,8134 0,0009
santhanam 4,6052 0,0015
some 0,1744 0,0001
cinnamon 3,9120 0,0013
virtual 0,4620 0,0002
beginning 1,1712 0,0004
rather 0,5978 0,0002
commonality 4,6052 0,0015
importance 2,0402 0,0007
additional 0,0000 0,0000
back 0,6539 0,0002
wgmonthnames 0,0000 0,0000
endless 3,5066 0,0012
training 1,4697 0,0005
wearables 3,5066 0,0012
nextstep 3,2189 0,0011
title 0,0000 0,0000
patroltoken 0,0000 0,0000
kongoni 3,9120 0,0013
primarily 0,9943 0,0003
states 0,4463 0,0001
telecommunications 2,4079 0,0008
trow 3,2189 0,0011
yum 4,6052 0,0015
zdnet 1,4697 0,0005
fortran 1,8326 0,0006
randolph 3,9120 0,0013
alpha 0,0101 0,0000
exposed 2,3026 0,0008
company 0,5621 0,0002
reception 2,6593 0,0009
just 0,4943 0,0002
sold 1,7720 0,0006
darling 3,2189 0,0011
defragmentation 2,4079 0,0008
kaios 3,5066 0,0012
custom 0,0000 0,0000
kiswahili 1,2730 0,0004
permission 2,2073 0,0007
raymond 1,9661 0,0006
vahcuengh 3,5066 0,0012
home 0,8916 0,0003
michael 0,7133 0,0002
print 0,0000 0,0000
although 0,6162 0,0002
blackberry 2,9957 0,0010
owned 1,8971 0,0006
inherit 0,0101 0,0000
macdonald 4,6052 0,0015
phonos 3,5066 0,0012
iron 2,4079 0,0008
recommends 2,4079 0,0008
ingo 3,9120 0,0013
articles 0,0000 0,0000
showing 1,7720 0,0006
president 1,9661 0,0006
dolnoserbski 3,5066 0,0012
miui 3,5066 0,0012
hut 4,6052 0,0015
bergelt 4,6052 0,0015
variants 1,7148 0,0006
attempt 1,2379 0,0004
dmy 0,0000 0,0000
executive 1,7148 0,0006
tablet 2,3026 0,0008
navigation 0,0000 0,0000
sony 2,8134 0,0009
tape 1,9661 0,0006
dna 2,8134 0,0009
revealed 2,4079 0,0008
uos 3,9120 0,0013
guidelines 1,2730 0,0004
lock 0,0101 0,0000
resorted 3,9120 0,0013
text 0,0000 0,0000
usually 0,4780 0,0002
whereas 1,4271 0,0005
init 2,8134 0,0009
python 0,6539 0,0002
cookie 0,0000 0,0000
made 0,3857 0,0001
portmanteau 3,2189 0,0011
sdlbasic 3,9120 0,0013
being 0,3147 0,0001
loading 0,0000 0,0000
bell 1,9661 0,0006
distributions 1,7148 0,0006
removing 1,4271 0,0005
brackets 0,0619 0,0000
broadcasting 3,2189 0,0011
schwartz 3,9120 0,0013
contents 0,0000 0,0000
replicant 3,9120 0,0013
served 2,2073 0,0007
biological 2,2073 0,0007
dog 2,9957 0,0010
doi 0,4155 0,0001
status 0,0000 0,0000
mage 3,9120 0,0013
server 0,4463 0,0001
logicmonitor 4,6052 0,0015
anvin 4,6052 0,0015
floppy 3,2189 0,0011
hyundai 3,5066 0,0012
ovensfeed 4,6052 0,0015
anatomy 2,9957 0,0010
skin 0,0000 0,0000
dos 1,7720 0,0006
grievances 4,6052 0,0015
targets 2,0402 0,0007
mac 1,3471 0,0004
summer 1,6607 0,0005
eight 1,8326 0,0006
outlaws 4,6052 0,0015
robert 0,9676 0,0003
file 0,0000 0,0000
government 1,2730 0,0004
known 0,3147 0,0001
legally 2,6593 0,0009
stream 1,3471 0,0004
laundry 4,6052 0,0015
steve 1,1394 0,0004
meego 3,5066 0,0012
libre 2,9957 0,0010
man 1,8971 0,0006
stand 1,5606 0,0005
map 1,2040 0,0004
natty 4,6052 0,0015
wgnoticeproject 0,0000 0,0000
surfaceflinger 4,6052 0,0015
together 0,5978 0,0002
twenty 2,8134 0,0009
zypper 4,6052 0,0015
benz 3,5066 0,0012
may 0,0000 0,0000
advocates 2,3026 0,0008
max 0,0513 0,0000
within 0,3011 0,0001
topics 1,1087 0,0004
smack 4,6052 0,0015
bentson 4,6052 0,0015
health 1,5606 0,0005
menu 0,0000 0,0000
url 0,0000 0,0000
entities 0,0305 0,0000
trusted 1,8326 0,0006
deriving 4,6052 0,0015
machine 0,3425 0,0001
able 0,9943 0,0003
websites 1,2379 0,0004
wgulsiscompactlinksenabled 0,0000 0,0000
vetter 4,6052 0,0015
return 0,0000 0,0000
fees 2,3026 0,0008
gentoo 2,9957 0,0010
mail 2,3026 0,0008
usb 2,0402 0,0007
use 0,0000 0,0000
certifying 3,9120 0,0013
main 0,0000 0,0000
networking 1,0498 0,0003
mcc 3,9120 0,0013
supercomputers 2,6593 0,0009
wright 2,0402 0,0007
radio 1,6607 0,0005
karen 2,9957 0,0010
solution 0,8916 0,0003
find 0,6162 0,0002
monopoly 3,2189 0,0011
stahe 4,6052 0,0015
host 1,2040 0,0004
logo 0,0000 0,0000
commercialization 4,6052 0,0015
dri 4,6052 0,0015
wikisource 2,9957 0,0010
international 0,3011 0,0001
compositor 3,9120 0,0013
drm 2,9957 0,0010
combine 1,8326 0,0006
clutter 4,6052 0,0015
textbook 2,6593 0,0009
cities 2,4079 0,0008
utc 0,0000 0,0000
malagasy 2,4079 0,0008
difficult 0,9163 0,0003
includes 0,5276 0,0002
canonical 0,0408 0,0000
film 1,8971 0,0006
sort 1,8326 0,0006
sistersitebox 0,6539 0,0002
steps 1,5606 0,0005
corporations 2,3026 0,0008
forget 2,9957 0,0010
professor 2,4079 0,0008
wgcurrevisionid 0,0000 0,0000
null 0,0000 0,0000
background 0,0101 0,0000
lists 0,8916 0,0003
kaisen 3,9120 0,0013
principles 0,8916 0,0003
true 0,0000 0,0000
header 0,0000 0,0000
zeitgeist 3,9120 0,0013
position 1,6094 0,0005
watchtoken 0,0000 0,0000
oriented 0,5447 0,0002
adopters 2,5257 0,0008
astra 3,9120 0,0013
since 0,3425 0,0001
antergos 3,9120 0,0013
nexus 3,5066 0,0012
differentiation 3,2189 0,0011
hivelocity 4,6052 0,0015
mdy 1,6094 0,0005
patent 2,1203 0,0007
phones 1,9661 0,0006
best 0,7985 0,0003
mako 4,6052 0,0015
foreach 0,0000 0,0000
mesa 3,5066 0,0012
repeat 0,0101 0,0000
stratechery 3,9120 0,0013
louis 2,5257 0,0008
magazines 3,2189 0,0011
mer 3,5066 0,0012
included 0,6931 0,0002
make 0,3857 0,0001
processes 0,7550 0,0002
kotlin 2,4079 0,0008
sought 2,5257 0,0008
thread 1,6607 0,0005
compound 2,5257 0,0008
newsgroup 3,9120 0,0013
rapidly 2,1203 0,0007
ruby 1,0217 0,0003
gobuntu 3,9120 0,0013
conventional 1,6607 0,0005
due 0,5108 0,0002
online 0,7340 0,0002
jurix 3,9120 0,0013
qnx 2,5257 0,0008
simplify 1,8971 0,0006
dup 4,6052 0,0015
invention 2,4079 0,0008
lemmke 4,6052 0,0015
villa 4,6052 0,0015
stacking 4,6052 0,0015
xiaomi 3,9120 0,0013
apparmor 3,9120 0,0013
logos 3,5066 0,0012
quotes 0,0101 0,0000
cover 1,6607 0,0005
accessing 1,5141 0,0005
dvb 4,6052 0,0015
firm 1,8326 0,0006
competitors 2,2073 0,0007
dvd 2,9957 0,0010
fire 1,8326 0,0006
orbit 3,5066 0,0012
particles 3,9120 0,0013
released 0,5447 0,0002
comprise 2,9957 0,0010
czech 0,9163 0,0003
height 0,0101 0,0000
tweedie 4,6052 0,0015
sievers 4,6052 0,0015
based 0,0834 0,0000
august 0,0000 0,0000
module 0,0000 0,0000
fips 3,9120 0,0013
received 1,4271 0,0005
something 1,4271 0,0005
quality 0,9676 0,0003
avoided 2,9957 0,0010
regex 4,6052 0,0015
miller 1,7720 0,0006
meta 1,4271 0,0005
processing 0,5978 0,0002
except 1,5141 0,0005
dwm 4,6052 0,0015
hrvatski 0,7550 0,0002
programs 0,6931 0,0002
sysvinit 4,6052 0,0015
shared 0,8440 0,0003
components 0,5276 0,0002
functional 0,9943 0,0003
notheme 0,3711 0,0001
fact 1,1712 0,0004
prominent 2,3026 0,0008
global 0,7985 0,0003
industry 0,8440 0,0003
long 0,5621 0,0002
occitan 1,8326 0,0006
shares 2,2073 0,0007
into 0,1985 0,0001
outline 0,9676 0,0003
min 0,1165 0,0000
partition 1,6094 0,0005
austrumi 3,9120 0,0013
greece 2,8134 0,0009
nominal 3,5066 0,0012
ian 1,7148 0,0006
mit 1,2040 0,0004
perspective 1,4697 0,0005
supports 0,6931 0,0002
howstuffworks 4,6052 0,0015
operating 0,4308 0,0001
free 0,0000 0,0000
relationship 1,3471 0,0004
fopen 4,6052 0,0015
stat 3,9120 0,0013
expression 1,4271 0,0005
middle 0,7765 0,0003
associates 2,4079 0,0008
star 2,2073 0,0007
though 0,8440 0,0003
waybar 4,6052 0,0015
chromebook 3,9120 0,0013
many 0,2357 0,0001
gordon 2,5257 0,0008
ibe 4,6052 0,0015
people 0,5276 0,0002
kubuntu 3,9120 0,0013
stay 2,4079 0,0008
appear 1,2730 0,0004
evolve 2,4079 0,0008
extensive 1,5141 0,0005
immunix 3,9120 0,0013
texts 2,3026 0,0008
ibm 0,5621 0,0002
collaboration 1,1394 0,0004
associated 0,6931 0,0002
showed 1,7720 0,0006
descended 4,6052 0,0015
khan 2,1203 0,0007
stan 2,9957 0,0010
open 0,1625 0,0001
agent 1,7148 0,0006
tbody 0,6931 0,0002
numbers 0,9416 0,0003
rapid 1,3093 0,0004
trolltech 4,6052 0,0015
project 0,3011 0,0001
reputation 2,6593 0,0009
glyn 4,6052 0,0015
hexagon 3,9120 0,0013
runit 4,6052 0,0015
independence 2,3026 0,0008
inside 0,0101 0,0000
mainly 1,5141 0,0005
mks 3,5066 0,0012
wikiversity 0,9676 0,0003
andrus 4,6052 0,0015
california 1,2379 0,0004
commands 1,4271 0,0005
tuxedo 3,5066 0,0012
invert 2,9957 0,0010
solutions 0,7765 0,0003
guis 2,8134 0,0009
guadalinex 4,6052 0,0015
idc 2,9957 0,0010
please 0,8210 0,0003
collection 0,7765 0,0003
replacing 1,9661 0,0006
finding 1,3093 0,0004
guix 3,9120 0,0013
idg 2,1203 0,0007
look 1,1394 0,0004
volkerding 4,6052 0,0015
daemon 2,8134 0,0009
korea 2,1203 0,0007
achieving 2,4079 0,0008
ido 1,2730 0,0004
inux 3,9120 0,0013
glibc 3,2189 0,0011
zenwalk 3,9120 0,0013
vital 2,9957 0,0010
secured 2,5257 0,0008
internet 0,5447 0,0002
analysts 2,2073 0,0007
installed 1,5141 0,0005
wired 1,1712 0,0004
pinned 0,0000 0,0000
reasons 1,1394 0,0004
needed 0,3285 0,0001
dpkg 4,6052 0,0015
isbn 0,1054 0,0000
admin 2,8134 0,0009
recording 2,4079 0,0008
rule 0,6931 0,0002
update 0,6733 0,0002
linus 2,4079 0,0008
netfilter 4,6052 0,0015
scheduler 1,6607 0,0005
apple 1,1712 0,0004
educative 4,6052 0,0015
unixware 3,2189 0,0011
common 0,3711 0,0001
meeker 4,6052 0,0015
pamela 3,2189 0,0011
debian 1,9661 0,0006
linux 0,8916 0,0003
stalled 3,5066 0,0012
themselves 1,1394 0,0004
definition 0,5621 0,0002
placeholder 0,0000 0,0000
every 0,6162 0,0002
clusters 1,7720 0,0006
summary 1,7148 0,0006
coordinating 2,9957 0,0010
windowing 3,5066 0,0012
basa 2,0402 0,0007
surfaced 3,9120 0,0013
winning 2,9957 0,0010
xtensa 4,6052 0,0015
apply 0,0000 0,0000
mars 4,6052 0,0015
rapidq 3,9120 0,0013
recently 1,5141 0,0005
again 1,2379 0,0004
mary 2,3026 0,0008
money 1,6094 0,0005
marc 2,3026 0,0008
jason 1,7148 0,0006
bash 3,2189 0,0011
mark 0,8210 0,0003
base 0,0513 0,0000
anand 3,2189 0,0011
runa 0,9416 0,0003
gnulinex 4,6052 0,0015
freebasic 4,6052 0,0015
jeff 1,6607 0,0005
whole 1,2040 0,0004
during 0,5447 0,0002
peanuts 4,6052 0,0015
revolution 1,7148 0,0006
mos 3,5066 0,0012
movies 2,4079 0,0008
compatible 1,2040 0,0004
rump 2,3026 0,0008
price 1,4271 0,0005
sidebar 0,0000 0,0000
limitreport 0,0000 0,0000
games 1,1394 0,0004
gamer 3,9120 0,0013
decoration 0,0619 0,0000
crystallabs 4,6052 0,0015
reflist 0,0101 0,0000
azure 1,2730 0,0004
competing 2,5257 0,0008
still 0,5447 0,0002
aosp 3,9120 0,0013
var 0,0000 0,0000
work 0,3285 0,0001
mpl 3,2189 0,0011
zorin 3,9120 0,0013
dislikes 4,6052 0,0015
agree 0,0101 0,0000
chromebooks 4,6052 0,0015
packt 1,8326 0,0006
pacman 4,6052 0,0015
wgulsislanguageselectorempty 0,0000 0,0000
itself 0,6539 0,0002
toward 1,5606 0,0005
versions 0,5798 0,0002
anyone 1,7148 0,0006
mate 3,9120 0,0013
mercedes 3,2189 0,0011
nedersaksies 2,9957 0,0010
srpski 0,3711 0,0001
registration 0,0101 0,0000
valve 3,2189 0,0011
word 0,0101 0,0000
stated 1,2730 0,0004
lxde 4,6052 0,0015
love 2,8134 0,0009
spain 1,4271 0,0005
extension 0,7133 0,0002
regions 2,2073 0,0007
lingua 2,4079 0,0008
pascal 2,0402 0,0007
firemonkey 4,6052 0,0015
foundation 0,0000 0,0000
requests 0,9676 0,0003
edubuntu 3,9120 0,0013
fall 1,5606 0,0005
installation 1,6607 0,0005
federal 1,7148 0,0006
firmware 2,3026 0,0008
multilingual 2,9957 0,0010
established 1,1712 0,0004
include 0,0202 0,0000
simson 4,6052 0,0015
facebook 1,3863 0,0005
byfield 4,6052 0,0015
torvalds 2,4079 0,0008
chakra 2,8134 0,0009
ipados 2,8134 0,0009
toggle 0,0000 0,0000
uclinux 4,6052 0,0015
cyanogenmod 3,9120 0,0013
tetun 2,9957 0,0010
hewlett 3,9120 0,0013
appearance 0,0000 0,0000
classname 0,0000 0,0000
liquid 3,5066 0,0012
wings 4,6052 0,0015
runs 1,0498 0,0003
first 0,0408 0,0000
grapheneos 3,9120 0,0013
indian 2,2073 0,0007
klibc 3,9120 0,0013
span 1,4697 0,0005
voice 1,6607 0,0005
nowrap 0,0408 0,0000
televisions 3,2189 0,0011
kdevelop 3,5066 0,0012
roman 0,0101 0,0000
benedict 4,6052 0,0015
wgrelevantpageisprobablyeditable 0,0000 0,0000
float 0,0101 0,0000
forensic 2,2073 0,0007
minority 3,2189 0,0011
altus 4,6052 0,0015
space 0,0408 0,0000
reference 0,7340 0,0002
caldera 3,9120 0,0013
fvwm 4,6052 0,0015
html 0,4463 0,0001
microprocessors 2,9957 0,0010
jimenez 4,6052 0,0015
toclimit 2,6593 0,0009
dreamworks 4,6052 0,0015
asymptotically 3,5066 0,0012
ubuntu 2,2073 0,0007
bottom 0,0000 0,0000
published 0,5798 0,0002
axboe 4,6052 0,0015
paranoid 3,5066 0,0012
revision 0,0000 0,0000
magyar 0,3425 0,0001
kooyman 4,6052 0,0015
bioinformatics 2,3026 0,0008
covered 2,4079 0,0008
publishes 2,5257 0,0008
publisher 0,0000 0,0000
blackarch 3,9120 0,0013
permissive 2,2073 0,0007
replacement 1,7720 0,0006
img 0,0408 0,0000
kuhn 3,5066 0,0012
configuration 0,8440 0,0003
o'reilly 0,6733 0,0002
scientific 1,1712 0,0004
according 0,5108 0,0002
interact 1,3093 0,0004
statements 0,4308 0,0001
blankon 3,9120 0,0013
membership 2,9957 0,0010
rlstate 0,0000 0,0000
error 0,0101 0,0000
platform 0,0000 0,0000
network 0,3711 0,0001
holding 2,2073 0,0007
rust 1,6094 0,0005
toclevel 2,6593 0,0009
stylized 4,6052 0,0015
zazaki 2,2073 0,0007
public 0,4155 0,0001
steam 2,8134 0,0009
value 0,0000 0,0000
clearos 3,9120 0,0013
monolithic 2,0402 0,0007
ratpoison 4,6052 0,0015
stephen 1,5141 0,0005
charging 3,2189 0,0011
xfce 3,9120 0,0013
resources 0,5447 0,0002
efl 4,6052 0,0015
instead 0,4463 0,0001
controversy 1,9661 0,0006
shipments 3,2189 0,0011
command 0,8675 0,0003
expensive 0,0408 0,0000
zlib 3,2189 0,0011
currently 1,0788 0,0004
round 1,3471 0,0004
hartman 3,5066 0,0012
maint 0,0101 0,0000
wiktionary 0,5798 0,0002
growth 1,2040 0,0004
platformversion 0,0000 0,0000
exception 1,5141 0,0005
evdev 4,6052 0,0015
smartphone 2,6593 0,0009
egg 3,2189 0,0011
references 0,0101 0,0000
year 0,7550 0,0002
allowed 0,9676 0,0003
leading 1,0498 0,0003
parsix 3,9120 0,0013
redistribution 3,5066 0,0012
ios 1,8971 0,0006
laptop 2,5257 0,0008
musix 3,9120 0,0013
branch 1,6607 0,0005
building 0,4943 0,0002
via 0,3011 0,0001
chimera 3,9120 0,0013
hornjoserbsce 2,6593 0,0009
themes 2,9957 0,0010
pclinuxos 3,9120 0,0013
music 1,7720 0,0006
eglibc 3,9120 0,0013
understanding 0,9163 0,0003
visual 0,9416 0,0003
because 0,0000 0,0000
ipa 3,5066 0,0012
near 1,4271 0,0005
vim 3,2189 0,0011
definitions 1,1087 0,0004
ipc 2,1203 0,0007
ran 2,6593 0,0009
springer 0,9676 0,0003
coloros 3,9120 0,0013
packaged 2,8134 0,0009
ram 2,0402 0,0007
shortest 2,3026 0,0008
agrees 3,9120 0,0013
agreement 1,3471 0,0004
scaffolding 4,6052 0,0015
virtually 2,3026 0,0008
google 0,4005 0,0001
community 0,0000 0,0000
packages 1,4271 0,0005
version 0,0000 0,0000
brezhoneg 1,7148 0,0006
cultural 2,2073 0,0007
heinz 3,2189 0,0011
persons 2,9957 0,0010
taskbar 3,9120 0,0013
contains 0,7550 0,0002
extensions 1,1394 0,0004
wgcategories 0,0000 0,0000
permits 1,9661 0,0006
selection 1,5141 0,0005
eesti 0,3285 0,0001
lxle 3,9120 0,0013
science 0,5447 0,0002
institute 1,0498 0,0003
placement 2,8134 0,0009
charged 3,2189 0,0011
vista 2,4079 0,0008
consented 4,6052 0,0015
hobby 3,9120 0,0013
boston 1,9661 0,0006
least 0,9676 0,0003
jupiter 4,6052 0,0015
manual 1,1712 0,0004
zsh 4,6052 0,0015
rolling 2,8134 0,0009
polkitd 4,6052 0,0015
handylinux 3,9120 0,0013
targeted 1,6607 0,0005
flocking 3,9120 0,0013
certified 2,1203 0,0007
smartphones 2,3026 0,0008
aggressive 3,5066 0,0012
irc 2,8134 0,0009
wichtigen 4,6052 0,0015
wikipedia 0,0000 0,0000
close 1,2730 0,0004
scots 1,8971 0,0006
afrikaans 0,9416 0,0003
computers 0,8210 0,0003
estimating 2,9957 0,0010
haskell 1,9661 0,0006
sculpting 4,6052 0,0015
linker 2,9957 0,0010
website 0,3857 0,0001
brands 0,0000 0,0000
learn 0,0000 0,0000
slax 3,9120 0,0013
newer 1,3093 0,0004
unlicense 3,5066 0,0012
jens 3,9120 0,0013
xubuntu 3,9120 0,0013
fast 0,6733 0,0002
spin 2,4079 0,0008
gigabuck 4,6052 0,0015
isc 3,5066 0,0012
purebasic 3,9120 0,0013
routines 2,1203 0,0007
thumbinner 2,9957 0,0010
register 1,3863 0,0005
couple 3,5066 0,0012
controls 1,0788 0,0004
notes 0,6349 0,0002
iso 1,1394 0,0004
lgpl 3,2189 0,0011
republic 0,8916 0,0003
official 0,6162 0,0002
agpl 2,9957 0,0010
red 1,2730 0,0004
post 0,0202 0,0000
reg 3,9120 0,0013
layers 1,7148 0,0006
heiko 4,6052 0,0015
helped 2,2073 0,0007
elf 4,6052 0,0015
ada 2,0402 0,0007
add 0,0000 0,0000
educational 1,8326 0,0006
minister 2,9957 0,0010
peripherals 3,5066 0,0012
matthias 2,5257 0,0008
need 0,3711 0,0001
forbidding 3,5066 0,0012
wrote 1,3093 0,0004
constructive 3,9120 0,0013
its 0,0726 0,0000
originally 0,8675 0,0003
often 0,2877 0,0001
article 0,0000 0,0000
users 0,3567 0,0001
shelf 3,5066 0,0012
dreamlinux 3,9120 0,0013
landley 4,6052 0,0015
parser 0,0000 0,0000
catalyst 2,5257 0,0008
port 2,0402 0,0007
shell 1,1712 0,0004
loose 2,6593 0,0009
http 0,0000 0,0000
therefore 0,7985 0,0003
bridgeos 3,2189 0,0011
exchange 1,1712 0,0004
decimal 0,0101 0,0000
ossanna 4,6052 0,0015
washington 1,5141 0,0005
vaughan 2,5257 0,0008
wggetopicsmatchmodeenabled 0,0000 0,0000
technical 0,6349 0,0002
production 0,9943 0,0003
united 0,4780 0,0002
spafford 3,9120 0,0013
choose 1,4697 0,0005
wghostname 0,0000 0,0000
commercially 2,1203 0,0007
prevent 1,0498 0,0003
benjamin 1,7720 0,0006
besset 4,6052 0,0015
lugradio 4,6052 0,0015
previously 1,1712 0,0004
wgtitle 0,0000 0,0000
havoc 4,6052 0,0015
demolinux 3,9120 0,0013
responsible 1,2040 0,0004
strikes 3,9120 0,0013
directories 2,4079 0,0008
end 0,3425 0,0001
lines 1,7720 0,0006
laptops 2,2073 0,0007
jake 2,9957 0,0010
wgdigittransformtable 0,0000 0,0000
afl 3,5066 0,0012
glbasic 3,9120 0,0013
hlist 0,0408 0,0000
label 0,0000 0,0000
message 0,4943 0,0002
nios 4,6052 0,0015
recorded 1,6607 0,0005
filesystem 2,5257 0,0008
forum 1,5141 0,0005
special 0,0000 0,0000
modify 1,3863 0,0005
environment 0,5978 0,0002
berkeley 1,6094 0,0005
moves 1,8326 0,0006
royalties 3,9120 0,0013
rlconf 0,0000 0,0000
clone 2,9957 0,0010
bioslax 3,9120 0,0013
contributors 0,0000 0,0000
pronounce 3,2189 0,0011
family 1,0217 0,0003
kurz 4,6052 0,0015
slightly 1,8326 0,0006
copyright 1,8326 0,0006
education 1,0788 0,0004
bahasa 0,3285 0,0001
called 0,2744 0,0001
configurations 2,0402 0,0007
release 0,4005 0,0001
ago 0,7765 0,0003
krane 4,6052 0,0015
caption 0,3711 0,0001
getexpandedargument 2,6593 0,0009
preemptive 2,3026 0,0008
years 0,3425 0,0001
gradually 2,1203 0,0007
number 0,0101 0,0000
wgbackendresponsetime 0,0000 0,0000
tried 2,3026 0,0008
softpedia 3,9120 0,0013
businesses 1,5606 0,0005
infoworld 1,6094 0,0005
jane 2,9957 0,0010
epl 3,2189 0,0011
similar 0,4780 0,0002
seventy 4,6052 0,0015
distributed 0,3857 0,0001
neil 2,4079 0,0008
swiss 2,1203 0,0007
vishal 4,6052 0,0015
thousands 1,6094 0,0005
tough 2,9957 0,0010
animation 1,6607 0,0005
exit 2,9957 0,0010
system 0,0305 0,0000
driver 1,7720 0,0006
titanic 3,9120 0,0013
distributes 3,2189 0,0011
driven 0,7340 0,0002
fiddle 4,6052 0,0015
programmed 1,6094 0,0005
authors 1,1394 0,0004
fundamentals 1,3863 0,0005
algorithms 1,0498 0,0003
other 0,0000 0,0000
aim 1,3093 0,0004
indicated 2,1203 0,0007
city 1,5606 0,0005
loadable 2,3026 0,0008
vse 3,2189 0,0011
login 2,4079 0,0008
local 0,7985 0,0003
crew 3,9120 0,0013
manufacturer 3,5066 0,0012
userspace 3,9120 0,0013
aix 2,5257 0,0008
asked 1,5606 0,0005
encourage 2,1203 0,0007
accommodate 2,1203 0,0007
garfinkel 4,6052 0,0015
holders 3,2189 0,0011
rights 1,4271 0,0005
administer 2,9957 0,0010
mcpherson 3,9120 0,0013
share 0,7765 0,0003
hobbyists 2,9957 0,0010
cathedral 3,5066 0,0012
elegant 2,8134 0,0009
anjuta 3,5066 0,0012
television 2,5257 0,0008
nichols 2,4079 0,0008
workload 1,9661 0,0006
sharp 2,6593 0,0009
workstations 2,5257 0,0008
tomoyo 4,6052 0,0015
aka 2,6593 0,0009
lennart 3,9120 0,0013
rlq 0,0000 0,0000
cite 0,0000 0,0000
pentoo 3,9120 0,0013
etch 3,5066 0,0012
manifesto 2,4079 0,0008
movement 1,5606 0,0005
fledgling 4,6052 0,0015
scaled 2,3026 0,0008
screen 0,0101 0,0000
bordered 2,4079 0,0008
body 0,0000 0,0000
maintainer 2,6593 0,0009
brouwer 4,6052 0,0015
mode 0,0000 0,0000
amongst 2,1203 0,0007
pages 0,0000 0,0000
enhancements 0,0101 0,0000
implemented 0,6349 0,0002
modified 1,2730 0,0004
links 0,0000 0,0000
maintained 0,9676 0,0003
net 0,9416 0,0003
all 0,0408 0,0000
border 0,0000 0,0000
new 0,0000 0,0000
took 1,3863 0,0005
timothee 4,6052 0,0015
read 0,0000 0,0000
already 1,1087 0,0004
alt 2,6593 0,0009
domains 1,7148 0,0006
pixelexperience 3,9120 0,0013
touch 2,1203 0,0007
adhere 2,1203 0,0007
real 0,0408 0,0000
clientpref 0,0000 0,0000
maintaining 1,2730 0,0004
careers 3,2189 0,0011
unit 0,7550 0,0002
hybrid 1,4697 0,0005
apis 0,9676 0,0003
contemporary 1,8326 0,0006
alan 1,5606 0,0005
svenska 0,3857 0,0001
monthly 2,6593 0,0009
amd 2,8134 0,0009
mock 2,6593 0,0009
repetitive 3,5066 0,0012
collect 2,0402 0,0007
unix 1,3093 0,0004
facilitate 1,3093 0,0004
uruk 3,9120 0,0013
influenced 1,7720 0,0006
wgpagecontentlanguage 0,0000 0,0000
reaching 2,2073 0,0007
respective 2,0402 0,0007
media 0,2485 0,0001
around 0,6931 0,0002
simpler 1,6607 0,0005
lightweight 1,6094 0,0005
measuringworth 4,6052 0,0015
running 0,7340 0,0002
shakti 4,6052 0,0015
wgisarticle 0,0000 0,0000
today 1,0788 0,0004
douglas 1,7148 0,0006
row 0,5276 0,0002
saying 1,9661 0,0006
interlingua 1,3093 0,0004
neon 3,5066 0,0012
cagr 3,9120 0,0013
freedombox 3,2189 0,0011
rolls 3,9120 0,0013
specific 0,2877 0,0001
any 0,2107 0,0001
rpm 3,2189 0,0011
watchos 3,2189 0,0011
exams 4,6052 0,0015
application 0,1393 0,0000
komodo 2,8134 0,0009
wgflaggedrevsparams 0,0000 0,0000
itwire 3,9120 0,0013
sardu 2,8134 0,0009
until 0,7765 0,0003
strategy 0,9676 0,0003
unikernel 2,4079 0,0008
collapse 0,0408 0,0000
ring 2,2073 0,0007
maintain 1,1087 0,0004
wgrelevantarticleid 0,0000 0,0000
corbet 3,5066 0,0012
trademarked 3,5066 0,0012
acts 1,8326 0,0006
anywhere 2,0402 0,0007
commodore 3,5066 0,0012
professional 1,1087 0,0004
nobara 3,9120 0,0013
companies 0,8210 0,0003
demonstrations 3,5066 0,0012
java 0,6162 0,0002
galli 4,6052 0,0015
multikernel 2,5257 0,0008
annual 1,0788 0,0004
english 0,0000 0,0000
icaza 4,6052 0,0015
represented 1,5141 0,0005
api 0,4155 0,0001
fully 0,8210 0,0003
devoted 2,9957 0,0010
margin 0,0000 0,0000
suomi 0,2107 0,0001
using 0,0000 0,0000
wgrequestid 0,0000 0,0000
apt 3,5066 0,0012
wgbreakframes 0,0000 0,0000
gomez 4,6052 0,0015
containing 0,6931 0,0002
remain 1,4697 0,0005
expected 0,8440 0,0003
wikinews 2,6593 0,0009
completed 1,3471 0,0004
countries 1,7720 0,0006
rlpagemodules 0,0000 0,0000
viaf 2,4079 0,0008
eye 2,5257 0,0008
wanted 1,6094 0,0005
gimp 3,9120 0,0013
vaxes 4,6052 0,0015
openrc 4,6052 0,0015
alternatives 2,2073 0,0007
wgwikibaseitemid 0,0000 0,0000
associations 3,2189 0,0011
sizing 0,0408 0,0000
complexity 0,9416 0,0003
increased 1,0217 0,0003
xojo 3,5066 0,0012
autocracy 3,9120 0,0013
frequently 1,0788 0,0004
another 0,3567 0,0001
automatically 0,7765 0,0003
kateos 3,9120 0,0013
miguel 3,5066 0,0012
students 1,8326 0,0006
tactic 3,9120 0,0013
darwinian 4,6052 0,0015
mandating 3,5066 0,0012
default 0,6931 0,0002
diversity 2,5257 0,0008
arc 2,6593 0,0009
releasing 1,8326 0,0006
helicopter 4,6052 0,0015
permitted 2,4079 0,0008
vendor 1,4697 0,0005
taken 1,3471 0,0004
ari 3,2189 0,0011
disabled 0,0000 0,0000
where 0,2744 0,0001
attribute 1,3471 0,0004
takes 0,8916 0,0003
arm 1,8971 0,0006
popular 0,6539 0,0002
apps 1,3093 0,0004
timestamp 0,0000 0,0000
alternatively 2,4079 0,0008
ars 1,3471 0,0004
malware 2,1203 0,0007
complications 0,0513 0,0000
black 1,5141 0,0005
garrett 2,9957 0,0010
call 0,7985 0,0003
jawa 2,0402 0,0007
such 0,0943 0,0000
classic 1,3093 0,0004
absolute 2,0402 0,0007
describe 1,0498 0,0003
udevd 4,6052 0,0015
xfwm 4,6052 0,0015
dilemma 2,8134 0,0009
harpercollins 3,9120 0,0013
packard 3,2189 0,0011
supported 0,7765 0,0003
through 0,2107 0,0001
incorporation 4,6052 0,0015
microsystems 1,8971 0,0006
administration 1,2730 0,0004
culminating 3,5066 0,0012
bindings 2,2073 0,0007
nano 2,4079 0,0008
developing 0,8675 0,0003
run 0,5447 0,0002
philip 1,8971 0,0006
individuals 1,6094 0,0005
microsoft 0,4005 0,0001
research 0,5621 0,0002
debate 2,0402 0,0007
features 0,3857 0,0001
spacecraft 3,5066 0,0012
either 0,5621 0,0002
incomplete 2,4079 0,0008
view 0,0000 0,0000
vulnerable 1,7720 0,0006
davor 4,6052 0,0015
white 0,0305 0,0000
huge 1,8326 0,0006
leiva 4,6052 0,0015
donate 0,0000 0,0000
mandrake 3,9120 0,0013
newest 2,6593 0,0009
those 0,5108 0,0002
estimates 2,0402 0,0007
barrett 2,9957 0,0010
quotations 1,9661 0,0006
spacex 3,5066 0,0012
calyxos 3,9120 0,0013
rvm 3,2189 0,0011
distrowatch 4,6052 0,0015
bold 0,0408 0,0000
engineering 0,3711 0,0001
significant 0,6931 0,0002
sharing 1,0217 0,0003
expressions 1,8971 0,0006
superh 3,9120 0,0013
freespire 3,9120 0,0013
improving 1,3471 0,0004
levine 2,8134 0,0009
longer 1,0217 0,0003
volunteer 4,6052 0,0015
leads 1,7720 0,0006
galego 0,7550 0,0002
sued 2,5257 0,0008
name 0,0000 0,0000
parties 1,2379 0,0004
selling 2,0402 0,0007
cputime 0,0000 0,0000
leaving 1,8971 0,0006
watchlist 0,0000 0,0000
next 0,5798 0,0002
distro 4,6052 0,0015
sysadmins 4,6052 0,0015
color 0,0101 0,0000
hidden 0,0000 0,0000
android 1,4697 0,0005
gnustep 2,9957 0,0010
multilevel 2,5257 0,0008
nearly 1,4697 0,0005
description 0,0000 0,0000
caps 0,0619 0,0000
linuxchix 4,6052 0,0015
mono 2,5257 0,0008
not 0,0101 0,0000
playstation 2,9957 0,0010
central 0,9416 0,0003
organisations 2,4079 0,0008
now 0,4308 0,0001
statement 0,0000 0,0000
trademark 0,0101 0,0000
knoppix 3,9120 0,0013
supporting 0,7765 0,0003
boot 1,8326 0,0006
derived 1,2379 0,0004
dotted 0,8675 0,0003
pennington 4,6052 0,0015
floppyfw 3,9120 0,0013
greek 0,0101 0,0000
news 0,4620 0,0002
interfaces 0,6162 0,0002
apsl 3,2189 0,0011
learned 1,7720 0,0006
effectively 1,3093 0,0004
grep 3,9120 0,0013
estimated 1,6607 0,0005
clarification 1,7148 0,0006
grew 1,8326 0,0006
way 0,3285 0,0001
target 0,0101 0,0000
unsuccessfully 3,9120 0,0013
jeffrey 1,7148 0,0006
antitrust 2,8134 0,0009
finnish 2,9957 0,0010
risc 2,6593 0,0009
gist 2,9957 0,0010
what 0,0000 0,0000
awk 3,5066 0,0012
fedora 2,2073 0,0007
assuming 2,8134 0,0009
israel 0,7550 0,0002
attempted 2,3026 0,0008
window 1,7148 0,0006
aws 1,3471 0,0004
rise 1,4271 0,0005
greg 2,0402 0,0007
tostring 3,2189 0,0011
container 0,0000 0,0000
microprocessor 3,2189 0,0011
play 1,4697 0,0005
blazing 3,5066 0,0012
randal 3,9120 0,0013
omnirom 3,9120 0,0013
developers 0,0000 0,0000
cantrill 4,6052 0,0015
quickly 1,1087 0,0004
usage 0,0000 0,0000
jonathan 1,8326 0,0006
wgmediaviewerenabledbydefault 0,0000 0,0000
issues 0,5978 0,0002
nearby 0,0000 0,0000
when 0,0834 0,0000
jim 1,5141 0,0005
largely 2,3026 0,0008
logged 0,0000 0,0000
far 1,3093 0,0004
faq 1,6094 0,0005
broad 1,3863 0,0005
pureos 3,5066 0,0012
plan 1,2379 0,0004
case 0,4155 0,0001
designate 3,9120 0,0013
generation 1,2379 0,0004
give 1,5606 0,0005
images 1,3093 0,0004
item 0,0000 0,0000
wgmediavieweronclick 0,0000 0,0000
activestate 4,6052 0,0015
elad 3,9120 0,0013
gene 2,6593 0,0009
kulkarni 3,5066 0,0012
wgulsposition 0,0000 0,0000
seeltersk 3,9120 0,0013
musings 3,9120 0,0013
melayu 0,6349 0,0002
davis 1,7148 0,0006
matches 0,9416 0,0003
sublicensing 4,6052 0,0015
italiano 0,1278 0,0000
loongarch 4,6052 0,0015
sticky 0,0000 0,0000
style 0,0000 0,0000
completely 1,4271 0,0005
card 1,7148 0,0006
uclibc 3,2189 0,0011
explicitly 1,2040 0,0004
study 1,1087 0,0004
widget 2,8134 0,0009
eckert 4,6052 0,0015
searchinput 0,0000 0,0000
devuan 3,9120 0,0013
sentences 0,0000 0,0000
direct 0,9416 0,0003
pattern 1,0498 0,0003
beerware 3,5066 0,0012
commons 0,0000 0,0000
enabled 0,0000 0,0000
toolchain 2,9957 0,0010
freedom 2,0402 0,0007
modern 0,7340 0,0002
xorg 4,6052 0,0015
lazzareschi 4,6052 0,0015
web 0,1165 0,0000
older 1,1712 0,0004
sendmail 4,6052 0,0015
categories 0,0000 0,0000
neutralizing 4,6052 0,0015
licensing 1,7148 0,0006
architecture 0,0000 0,0000
fourdan 4,6052 0,0015
porting 2,6593 0,0009
more 0,0000 0,0000
born 3,5066 0,0012
display 0,0000 0,0000
bourne 3,9120 0,0013
nasa 2,1203 0,0007
organization 0,0000 0,0000
forbes 1,5141 0,0005
width 0,0000 0,0000
accounts 1,5606 0,0005
dominance 2,8134 0,0009
sailfish 3,5066 0,0012
crux 3,9120 0,0013
certain 0,6162 0,0002
board 1,0217 0,0003
levels 0,0000 0,0000
statistics 0,0000 0,0000
donna 3,5066 0,0012
tesla 2,6593 0,0009
fee 2,5257 0,0008
simple 0,2357 0,0001
wrapper 3,5066 0,0012
used 0,0619 0,0000
compilers 2,2073 0,0007
cloud 0,6349 0,0002
protocol 0,7133 0,0002
alsa 4,6052 0,0015
audi 3,9120 0,0013
totally 2,6593 0,0009
vine 3,5066 0,0012
otherwise 1,3863 0,0005
package 1,2379 0,0004
visible 0,0101 0,0000
kind 1,2040 0,0004
chromeos 2,9957 0,0010
ripoarisch 3,2189 0,0011
resurrection 3,9120 0,0013
both 0,0305 0,0000
parabola 3,9120 0,0013
produced 1,2379 0,0004
important 0,0101 0,0000
market 1,0217 0,0003
most 0,2107 0,0001
turkix 3,9120 0,0013
breakup 4,6052 0,0015
effects 1,2040 0,0004
transfer 0,9943 0,0003
refers 1,0217 0,0003
trisquel 3,9120 0,0013
alpine 3,9120 0,0013
effect 1,1394 0,0004
elementary 2,9957 0,0010
topic 0,0000 0,0000
comptia 3,9120 0,0013
job 1,3471 0,0004
who 0,5621 0,0002
joe 1,7720 0,0006
largest 1,4697 0,0005
limitation 2,5257 0,0008
game 1,0498 0,0003
nimblex 3,9120 0,0013
contribute 0,0000 0,0000
jon 1,6607 0,0005
why 0,6733 0,0002
hurd 2,9957 0,0010
rocky 3,5066 0,0012
solydxk 3,9120 0,0013
integrated 0,6733 0,0002
alone 1,7148 0,0006
database 0,4943 0,0002
causing 1,8326 0,0006
rocks 3,2189 0,0011
billion 1,3863 0,0005
consoles 2,9957 0,0010
miracle 3,5066 0,0012
david 0,5798 0,0002
scripts 1,6094 0,0005
designed 0,4620 0,0002
profit 2,8134 0,0009
win 2,3026 0,0008
adds 1,3093 0,0004
wgseparatortransformtable 0,0000 0,0000
breach 1,8971 0,0006
move 0,0000 0,0000
original 0,0943 0,0000
sysop 2,9957 0,0010
mandriva 3,9120 0,0013
also 0,0202 0,0000
designer 1,8326 0,0006
discontinued 1,3471 0,0004
enough 0,9676 0,0003
terminal 1,8326 0,0006
toybox 3,5066 0,0012
certifications 2,8134 0,0009
gets 1,4697 0,0005
surpass 3,9120 0,0013
contained 1,3471 0,0004
ayisyen 3,5066 0,0012
inline 0,0408 0,0000
matters 2,1203 0,0007
favor 1,6094 0,0005
administrative 2,8134 0,0009
various 0,3857 0,0001
organizations 0,8440 0,0003
latter 1,6607 0,0005
uses 0,2485 0,0001
front 1,1712 0,0004
user 0,0000 0,0000
simply 0,9676 0,0003
extent 1,8326 0,0006
ubiquitously 4,6052 0,0015
suse 2,6593 0,0009
projects 0,0000 0,0000
llvm 2,5257 0,0008
lugs 4,6052 0,0015
bring 1,6094 0,0005
tooltip 0,8675 0,0003
perpetual 4,6052 0,0015
equity 2,5257 0,0008
fit 1,9661 0,0006
offer 0,8916 0,0003
bar 1,4697 0,0005
himanshu 4,6052 0,0015
ziff 2,8134 0,0009
complex 0,5621 0,0002
sci 2,9957 0,0010
giant 2,2073 0,0007
elmcip 2,3026 0,0008
scm 3,5066 0,0012
kwort 3,9120 0,0013
sco 3,2189 0,0011
amanda 3,2189 0,0011
deflator 4,6052 0,0015
codecs 3,2189 0,0011
documentation 0,6349 0,0002
smbd 4,6052 0,0015
personal 0,0000 0,0000
steven 1,4697 0,0005
daryll 4,6052 0,0015
imageobject 0,0000 0,0000
puppy 3,9120 0,0013
sde 3,5066 0,0012
sandler 4,6052 0,0015
sdl 2,9957 0,0010
jones 1,8971 0,0006
luis 2,6593 0,0009
deal 1,4697 0,0005
prove 2,3026 0,0008
reiser 3,9120 0,0013
scheme 0,0101 0,0000
freebsd 1,7720 0,0006
upstart 4,6052 0,0015
icon 0,0101 0,0000
expansiondepth 0,0000 0,0000
dead 1,7148 0,0006
proven 2,2073 0,0007
coding 1,5606 0,0005
search 0,0000 0,0000
see 0,0408 0,0000
sed 4,6052 0,0015
spacing 0,0619 0,0000
codelite 3,5066 0,0012
systems 0,1054 0,0000
wgrelevantpagename 0,0000 0,0000
popularity 1,3093 0,0004
national 0,4463 0,0001
segmentation 2,3026 0,0008
indicate 1,5141 0,0005
customers 1,0788 0,0004
unbordered 2,5257 0,0008
develops 2,6593 0,0009
compared 1,0788 0,0004
elks 4,6052 0,0015
charge 1,8971 0,0006
configuring 2,5257 0,0008
contain 0,0101 0,0000
set 0,2485 0,0001
systemd 3,5066 0,0012
keeping 1,5141 0,0005
fastest 2,8134 0,0009
shqip 0,6931 0,0002
jobs 1,7720 0,0006
archlabs 3,9120 0,0013
column 0,0101 0,0000
founded 1,2379 0,0004
familiar 2,0402 0,0007
integrate 1,3471 0,0004
booting 2,8134 0,0009
kits 2,9957 0,0010
wgaction 0,0000 0,0000
unfit 1,8326 0,0006
acquisitions 1,8326 0,0006
freely 1,8326 0,0006
interview 1,6094 0,0005
forking 2,6593 0,0009
portage 3,9120 0,0013
essential 1,1712 0,0004
font 0,0000 0,0000
jul 2,9957 0,0010
localtime 4,6052 0,0015
cynthia 2,8134 0,0009
openserver 3,2189 0,0011
tailored 2,3026 0,0008
deck 3,9120 0,0013
opensuse 3,5066 0,0012
thibodeau 4,6052 0,0015
grub 3,9120 0,0013
ben 1,3093 0,0004
language 0,0000 0,0000
graphics 1,3471 0,0004
navbox 0,0943 0,0000
developed 0,2357 0,0001
listitem 0,0408 0,0000
tarballs 4,6052 0,0015
differentiate 2,9957 0,0010
shipping 2,5257 0,0008
federico 2,9957 0,0010
franca 2,4079 0,0008
repositories 1,6094 0,0005
advocacy 2,6593 0,0009
chipmunk 4,6052 0,0015
contact 0,0000 0,0000
france 0,8675 0,0003
criticism 1,2379 0,0004
usenet 3,9120 0,0013
programming 0,2614 0,0001
toolkits 4,6052 0,0015
jvm 2,8134 0,0009
needs 0,5108 0,0002
image 0,0202 0,0000
chrome 2,2073 0,0007
typically 0,3857 0,0001
turing 1,8971 0,0006
openprinting 4,6052 0,0015
tivoization 3,5066 0,0012
internals 2,8134 0,0009
emulator 3,9120 0,0013
tranco 4,6052 0,0015
celebration 3,2189 0,0011
linuxtle 3,9120 0,0013
piece 1,8971 0,0006
getentitystatements 2,5257 0,0008
parts 0,6349 0,0002
carry 2,2073 0,0007
helps 1,3093 0,0004
subroutines 2,9957 0,0010
party 0,7550 0,0002
cursor 0,0619 0,0000
however 0,3011 0,0001
confined 3,9120 0,0013
sources 0,5447 0,0002
origin 0,0000 0,0000
capable 1,6094 0,0005
india 1,4271 0,0005
sic 3,5066 0,0012
walltime 0,0000 0,0000
interlanguage 0,0000 0,0000
content 0,0000 0,0000
getting 1,3471 0,0004
dynix 3,5066 0,0012
olivier 4,6052 0,0015
random 0,0000 0,0000
wikibooks 0,8210 0,0003
desktop 1,0788 0,0004
perhaps 2,2073 0,0007
related 0,0000 0,0000
rate 1,3863 0,0005
confirms 2,5257 0,0008
client 0,0000 0,0000
foss 1,8971 0,0006
ocelic 4,6052 0,0015
patents 2,2073 0,0007
antix 3,9120 0,0013
class 0,0000 0,0000
posix 2,3026 0,0008
covers 2,3026 0,0008
digital 0,6162 0,0002
naively 4,6052 0,0015
over 0,3285 0,0001
directed 2,2073 0,0007
practical 1,0217 0,0003
splice 4,6052 0,0015
false 0,0000 0,0000
merged 2,1203 0,0007
specification 0,8210 0,0003
counter 0,0408 0,0000
valerie 4,6052 0,0015
xbasic 4,6052 0,0015
srpskohrvatski 0,9163 0,0003
sebastopol 1,9661 0,0006
fork 1,4697 0,0005
welte 4,6052 0,0015
form 0,3711 0,0001
management 0,2231 0,0001
developer 0,4005 0,0001
avoid 0,0101 0,0000
bradley 3,2189 0,0011
fresh 2,3026 0,0008
comprehensive 1,3863 0,0005
elaborate 2,6593 0,0009
big 0,8916 0,0003
feather 3,9120 0,0013
very 0,5978 0,0002
porteus 3,9120 0,0013
practice 0,7550 0,0002
frustrated 3,5066 0,0012
advanced 0,7340 0,0002
delayed 2,2073 0,0007
bit 1,4697 0,0005
improved 1,0498 0,0003
output 0,0000 0,0000
thanks 2,6593 0,0009
pdas 4,6052 0,0015
william 1,7148 0,0006
else 2,0402 0,0007
context 0,6539 0,0002
model 0,0000 0,0000
https 0,0000 0,0000
join 1,6607 0,0005
portal 0,0000 0,0000
copyleft 2,8134 0,0009
tasks 0,9416 0,0003
sky 3,5066 0,0012
poettering 4,6052 0,0015
issue 0,8675 0,0003
kern 0,0101 0,0000
large 0,3425 0,0001
director 2,1203 0,0007
lower 0,0101 0,0000
portals 2,5257 0,0008
commemorated 4,6052 0,0015
dismissed 3,2189 0,0011
index 1,1394 0,0004
ankush 4,6052 0,0015
gambas 3,5066 0,0012
disputes 2,5257 0,0008
foresight 3,5066 0,0012
odd 0,0943 0,0000
resulting 0,9943 0,0003
certification 2,0402 0,0007
traditional 0,7985 0,0003
bionic 2,9957 0,0010
fsf 3,2189 0,0011
exclusively 1,6607 0,0005
christopher 1,5141 0,0005
openelec 3,9120 0,0013
parrot 3,9120 0,0013
wgvisualeditor 0,0000 0,0000
become 0,6931 0,0002
template 0,0000 0,0000
customized 1,9661 0,0006
works 0,9416 0,0003
turned 2,2073 0,0007
crystal 3,2189 0,0011
installations 3,5066 0,0012
johnston 2,9957 0,0010
eventually 1,1394 0,0004
subscription 0,0101 0,0000
inflation 3,2189 0,0011
microvax 4,6052 0,0015
library 0,5621 0,0002
navbar 0,0202 0,0000
world 0,3857 0,0001
composed 2,1203 0,0007
russell 2,1203 0,0007
subbox 0,6931 0,0002
vala 3,5066 0,0012
december 0,0000 0,0000
guardian 1,8326 0,0006
belief 2,5257 0,0008
bundle 2,2073 0,0007
macos 1,6607 0,0005
table 0,0000 0,0000
modifications 2,1203 0,0007
taqbaylit 2,4079 0,0008
bodhi 3,9120 0,0013
kali 3,9120 0,0013
whonix 3,9120 0,0013
creator 1,5606 0,0005
prefers 0,0101 0,0000
side 0,3567 0,0001
ftp 2,4079 0,0008
gaeilge 1,2040 0,0004
proliferation 3,2189 0,0011
break 0,0101 0,0000
change 0,4463 0,0001
unrounded 4,6052 0,0015
usurped 3,2189 0,0011
indirectly 2,5257 0,0008
printable 0,0000 0,0000
off 0,9943 0,0003
generally 0,5447 0,0002
bacon 2,8134 0,0009
hide 0,0000 0,0000
clang 2,8134 0,0009
instruction 1,6094 0,0005
report 0,0305 0,0000
complete 0,6931 0,0002
facilities 1,2040 0,0004
powers 2,3026 0,0008
fun 3,5066 0,0012
auto 0,0726 0,0000
qubes 3,9120 0,0013
sponsoring 4,6052 0,0015
kaos 3,9120 0,0013
several 0,4155 0,0001
office 1,0788 0,0004
wgcanonicalspecialpagename 0,0000 0,0000
while 0,2614 0,0001
second 0,7550 0,0002
ported 2,4079 0,0008
derivatives 2,1203 0,0007
download 0,0000 0,0000
edge 1,3863 0,0005
faster 0,9163 0,0003
high 0,3425 0,0001
mutations 3,9120 0,0013
split 0,0000 0,0000
geany 3,5066 0,0012
than 0,2357 0,0001
limit 0,0000 0,0000
reviewed 1,8326 0,0006
restructured 3,9120 0,0013
widespread 1,3093 0,0004
bnf 0,9163 0,0003
seattle 2,4079 0,0008
administered 3,5066 0,0012
brian 1,2730 0,0004
communication 0,6931 0,0002
different 0,0513 0,0000
directly 0,5108 0,0002
locked 2,4079 0,0008
administrators 1,8326 0,0006
level 0,0000 0,0000
author 0,0000 0,0000
interoperability 1,8326 0,0006
priced 3,5066 0,0012
amazon 1,0498 0,0003
daniel 1,2040 0,0004
license 0,0000 0,0000
disk 1,4271 0,0005
coar 4,6052 0,0015
bob 1,8326 0,0006
machten 3,5066 0,0012
attached 2,2073 0,0007
focused 1,3863 0,0005
survey 1,1394 0,0004
shuts 4,6052 0,0015
tablets 2,3026 0,0008
birthday 3,2189 0,0011
gnewsense 3,9120 0,0013
shades 4,6052 0,0015
code 0,0000 0,0000
predominant 3,2189 0,0011
student 1,8971 0,0006
wgdefaultdateformat 0,0000 0,0000
inexpensive 2,6593 0,0009
box 0,0408 0,0000
storage 0,3711 0,0001
silber 4,6052 0,0015
switch 1,2730 0,0004
zvezdana 4,6052 0,0015
total 0,0000 0,0000
deutsch 0,0943 0,0000
benson 3,5066 0,0012
blag 3,9120 0,0013
consumer 1,6607 0,0005
highly 1,1712 0,0004
allows 0,3425 0,0001
delphi 2,9957 0,0010
console 1,8326 0,0006
exokernel 2,5257 0,0008
kay 3,2189 0,0011
chance 2,5257 0,0008
initiative 1,1087 0,0004
nature 1,0498 0,0003
social 0,8210 0,0003
src 0,6349 0,0002
clockwise 4,6052 0,0015
openrisc 3,5066 0,0012
carla 3,9120 0,0013
control 0,1744 0,0001
dell 3,5066 0,0012
phoenix 2,8134 0,0009
earth 2,4079 0,0008
jono 4,6052 0,0015
attribution 0,0000 0,0000
easier 1,0498 0,0003
knit 4,6052 0,0015
architectures 0,9416 0,0003
handles 1,6094 0,0005
increasingly 1,4271 0,0005
vary 0,0619 0,0000
coherent 2,8134 0,0009
rocket 2,6593 0,0009
upper 0,0101 0,0000
registered 0,0101 0,0000
luasandbox 1,4271 0,0005
netbooks 3,5066 0,0012
andrews 3,9120 0,0013
engines 0,8210 0,0003
guile 4,6052 0,0015
estimate 2,4079 0,0008
programmers 1,2379 0,0004
hundreds 1,6094 0,0005
minerva 0,0101 0,0000
brand 2,1203 0,0007
publishing 0,6931 0,0002
recent 0,0000 0,0000
prompts 2,5257 0,0008
they 0,1508 0,0000
trends 1,4271 0,0005
forks 1,6607 0,0005
github 0,7340 0,0002
modular 1,5141 0,0005
edit 0,0000 0,0000
old 1,2040 0,0004
settled 2,9957 0,0010
interpreter 1,5606 0,0005
them 0,3285 0,0001
portable 1,8971 0,0006
then 0,3567 0,0001
marjanovic 4,6052 0,0015
hyperbola 3,9120 0,0013
kde 3,5066 0,0012
remaining 1,6607 0,0005
banyumasan 3,9120 0,0013
bsd 1,8326 0,0006
concepts 0,5978 0,0002
device 1,0217 0,0003
wayland 4,6052 0,0015
gratis 3,5066 0,0012
mainframe 2,5257 0,0008
sub 1,9661 0,0006
archives 2,4079 0,0008
access 0,3011 0,0001
conference 0,3567 0,0001
simi 0,9416 0,0003
executed 1,2040 0,0004
ports 2,5257 0,0008
seek 2,4079 0,0008
sun 1,2730 0,0004
seen 1,2040 0,0004
sus 3,5066 0,0012
archived 0,0943 0,0000
referring 2,4079 0,0008
selflink 0,0101 0,0000
current 0,0000 0,0000
kel 3,9120 0,0013
nynorsk 1,2379 0,0004
ken 2,1203 0,0007
variety 1,0217 0,0003
aiding 3,9120 0,0013
samuel 2,4079 0,0008
thompson 1,8326 0,0006
vector 0,0000 0,0000
audio 1,2379 0,0004
liam 2,8134 0,0009
netbeans 2,6593 0,0009
modifiable 3,9120 0,0013
conferences 1,6607 0,0005
email 1,4697 0,0005
key 0,0305 0,0000
preferred 2,2073 0,0007
cachereport 0,0000 0,0000
shuah 4,6052 0,0015
williamson 4,6052 0,0015
manager 1,0498 0,0003
necessary 0,8440 0,0003
manages 1,8326 0,0006
one 0,0943 0,0000
loads 2,6593 0,0009
maker 2,1203 0,0007
launch 1,5606 0,0005
sponsored 2,4079 0,0008
started 0,8440 0,0003
winaray 1,7720 0,0006
thumbcaption 3,2189 0,0011
tagalog 1,2040 0,0004
bosanski 0,8916 0,0003
single 0,3147 0,0001
entityaccesscount 0,0000 0,0000
hill 1,7148 0,0006
handled 1,8326 0,0006
closed 1,2040 0,0004
vast 1,9661 0,0006
divestos 3,9120 0,0013
reimplementation 3,9120 0,0013
storms 3,9120 0,0013
story 1,5606 0,0005
bus 1,6607 0,0005
commercial 0,8440 0,0003
separate 0,7133 0,0002
suppliers 2,3026 0,0008
loader 2,0402 0,0007
available 0,0000 0,0000
balsa 4,6052 0,0015
express 1,5141 0,0005
rules 0,6349 0,0002
eissfeldt 4,6052 0,0015
dennis 2,3026 0,0008
microblaze 3,9120 0,0013
pinguy 3,9120 0,0013
loaded 0,0305 0,0000
soomaaliga 2,4079 0,0008
apache 1,0788 0,0004
hios 3,5066 0,0012
capturing 2,9957 0,0010
variant 0,0619 0,0000
dynamic 0,7133 0,0002
military 2,1203 0,0007
ritchie 2,5257 0,0008
tizen 3,5066 0,0012
written 0,3147 0,0001
bazaar 2,8134 0,0009
graphically 3,5066 0,0012
shortened 0,0000 0,0000
oracle 0,8916 0,0003
studios 2,5257 0,0008
solus 3,9120 0,0013
lineageos 3,9120 0,0013
norsk 0,3285 0,0001
modules 1,0788 0,0004
memusage 0,0000 0,0000
brazilian 3,2189 0,0011
especially 0,8210 0,0003
purchased 2,2073 0,0007
once 0,7985 0,0003
laboratories 2,5257 0,0008
know 0,7340 0,0002
demonstrate 2,0402 0,0007
support 0,2107 0,0001
changed 1,0788 0,0004
higher 0,7985 0,0003
brazil 2,5257 0,0008
figures 2,6593 0,0009
pending 2,4079 0,0008
changes 0,0000 0,0000
polski 0,1165 0,0000
privacy 0,0000 0,0000
vehicles 2,5257 0,0008
learning 0,7550 0,0002
vertical 0,7985 0,0003
sys 3,5066 0,0012
cstd 4,6052 0,0015
ioctl 3,9120 0,0013
life 0,9943 0,0003
brett 2,9957 0,0010
coreutils 4,6052 0,0015
egotistical 3,9120 0,0013
sparkylinux 3,9120 0,0013
proprietary 0,9676 0,0003
gap 1,2730 0,0004
throughout 1,6094 0,0005
xenix 3,2189 0,0011
emphasize 2,3026 0,0008
extensible 1,8326 0,0006
successful 1,2379 0,0004
normal 0,0202 0,0000
types 0,4780 0,0002
wide 0,7133 0,0002
org 1,5141 0,0005
technology 0,2357 0,0001
damn 2,8134 0,0009
eunice 3,5066 0,0012
gettys 4,6052 0,0015
leung 4,6052 0,0015
wgarticleid 0,0000 0,0000
desktops 2,8134 0,0009
succeed 2,9957 0,0010
ones 1,4697 0,0005
pagelanguagedir 0,0000 0,0000
wgcitereferencepreviewsactive 0,0000 0,0000
location 1,2730 0,0004
walon 2,6593 0,0009
osf 3,5066 0,0012
gobolinux 3,9120 0,0013
software 0,0000 0,0000
held 1,3863 0,0005
gcc 2,6593 0,0009
reach 1,6094 0,0005
tested 1,3863 0,0005
graphical 1,2730 0,0004
dragon 3,9120 0,0013
none 0,0101 0,0000
processors 1,7148 0,0006
repository 0,5978 0,0002
type 0,0000 0,0000
april 0,0000 0,0000
celadon 3,9120 0,0013
egham 4,6052 0,0015
oss 2,9957 0,0010
salix 3,9120 0,0013
feedback 1,3471 0,0004
lynxos 3,5066 0,0012
problem 0,6349 0,0002
optimization 1,0217 0,0003
terms 0,0000 0,0000
turbolinux 3,9120 0,0013
justify 1,8326 0,0006
review 0,7340 0,0002
massachusetts 2,0402 0,0007
casad 4,6052 0,0015
connection 1,3093 0,0004
weston 4,6052 0,0015
nobody 3,5066 0,0012
openbsd 2,3026 0,0008
between 0,2107 0,0001
guide 0,3711 0,0001
pagevariantfallbacks 0,0000 0,0000
syslinux 4,6052 0,0015
raspberry 2,5257 0,0008
amor 3,9120 0,0013
efficiency 0,8916 0,0003
goal 1,0788 0,0004
natural 1,2040 0,0004
teams 1,3471 0,0004
makers 2,5257 0,0008
streams 1,6094 0,0005
come 0,9676 0,0003
procedural 2,0402 0,0007
baseline 1,8326 0,0006
emacs 3,2189 0,0011
nuggets 4,6052 0,0015
push 0,0000 0,0000
divested 4,6052 0,0015
exist 0,7985 0,0003
provisions 2,8134 0,0009
gdp 3,5066 0,0012
examples 0,7340 0,0002
revolutionary 3,5066 0,0012
following 0,3857 0,0001
tsingle 3,2189 0,0011
chatrooms 4,6052 0,0015
doudoulinux 3,9120 0,0013
drivers 1,6094 0,0005
geckolinux 3,9120 0,0013
hotspot 2,9957 0,0010
columns 0,0101 0,0000
conceived 2,5257 0,0008
north 1,7148 0,0006
openmandriva 3,9120 0,0013
range 0,9416 0,0003
aurora 2,9957 0,0010
distribution 1,0498 0,0003
our 1,3093 0,0004
tools 0,0000 0,0000
gazette 3,5066 0,0012
out 0,0000 0,0000
announcing 1,6607 0,0005
feature 0,0000 0,0000
get 0,0000 0,0000
continues 1,6607 0,0005
daemons 3,5066 0,0012
dark 0,0101 0,0000
course 1,3863 0,0005
leap 2,5257 0,0008
copy 1,3093 0,0004
place 0,8440 0,0003
power 0,7985 0,0003
artix 3,9120 0,0013
regular 1,2379 0,0004
jorge 3,9120 0,0013
sell 1,9661 0,0006
suggest 2,1203 0,0007
lead 0,9943 0,0003
della 4,6052 0,0015
help 0,0000 0,0000
deepin 3,9120 0,0013
site 0,0000 0,0000
cebuano 2,6593 0,0009
depth 0,0000 0,0000
highlights 2,2073 0,0007
additionally 1,0498 0,0003
elements 0,6349 0,0002
self 0,7133 0,0002
matured 3,9120 0,0013
queue 1,2379 0,0004
sharealike 0,0000 0,0000
date 0,7985 0,0003
magic 1,9661 0,0006
data 0,0000 0,0000
firefox 2,2073 0,0007
own 0,5276 0,0002
subsystem 2,2073 0,0007
wgpageviewlanguage 0,0000 0,0000
alexa 2,6593 0,0009
blog 0,7133 0,0002
sales 1,8326 0,0006
norm 2,9957 0,0010
growing 1,3093 0,0004
router 2,3026 0,0008
accesskey 0,0000 0,0000
distributing 3,2189 0,0011
plain 1,5141 0,0005
swapnil 3,9120 0,0013
only 0,2107 0,0001
should 0,3711 0,0001
create 0,0000 0,0000
sage 3,5066 0,0012
pantheon 4,6052 0,0015
galassi 4,6052 0,0015
notebook 2,9957 0,0010
development 0,1393 0,0000
taylor 2,2073 0,0007
curious 3,9120 0,0013
kwin 4,6052 0,0015
individual 0,8916 0,0003
like 0,2231 0,0001
resource 0,7550 0,0002
tiemann 3,5066 0,0012
filed 2,8134 0,0009
accepted 1,6607 0,0005
kanotix 3,9120 0,0013
core 0,5978 0,0002
interim 3,5066 0,0012
chromiumos 2,9957 0,0010
person 1,2730 0,0004
waugh 4,6052 0,0015
endeavouros 3,9120 0,0013
files 0,8440 0,0003
sunos 2,9957 0,0010
interix 3,2189 0,0011
potentially 0,7765 0,0003
here 0,0000 0,0000
youtube 1,5141 0,0005
note 0,9416 0,0003
dave 1,5141 0,0005
execv 4,6052 0,0015
week 1,4697 0,0005
challenges 0,9676 0,0003
purpose 0,6733 0,0002
scala 2,0402 0,0007
line 0,0101 0,0000
almalinux 3,9120 0,0013
link 0,0000 0,0000
scale 0,6349 0,0002
terminates 3,2189 0,0011
dragonfly 2,9957 0,0010
leen 4,6052 0,0015
robin 1,7720 0,0006
can 0,0408 0,0000
ts'o 4,6052 0,0015
computing 0,4005 0,0001
security 0,3285 0,0001
targeting 2,1203 0,0007
contributor 2,5257 0,0008
git 1,8971 0,0006
servers 0,7985 0,0003
wgcanonicalnamespace 0,0000 0,0000
car 1,8326 0,0006
flex 0,5276 0,0002
ready 0,0000 0,0000
studies 1,5141 0,0005
mascots 3,9120 0,0013
greatest 2,6593 0,0009
considers 2,6593 0,0009
aims 1,2379 0,0004
cost 0,7550 0,0002
manufacturers 2,3026 0,0008
motion 2,5257 0,0008
wgisredirect 0,0000 0,0000
limited 0,0000 0,0000
will 0,2485 0,0001
february 0,0000 0,0000
implementation 0,3425 0,0001
fault 1,2379 0,0004
groups 0,7985 0,0003
crunchbang 3,9120 0,0013
follow 1,3863 0,0005
lyons 4,6052 0,0015
recursiveclone 1,6607 0,0005
lilo 4,6052 0,0015
cbt 4,6052 0,0015
rofi 4,6052 0,0015
responsive 0,0202 0,0000
york 0,8440 0,0003
independently 1,3863 0,0005
category 0,3147 0,0001
sillysounds 4,6052 0,0015
wikidata 0,0000 0,0000
callparserfunction 1,4271 0,0005
