prepare 1,6094 0,0009
latina 1,4697 0,0008
upload 0,0000 0,0000
intrinsically 4,6052 0,0025
wggelevelingupenabledforuser 0,0000 0,0000
wgrestrictionmove 0,0000 0,0000
wabash 4,6052 0,0025
remote 0,9163 0,0005
without 0,2744 0,0001
kyndryl 4,6052 0,0025
beaulieu 4,6052 0,0025
xml 1,1394 0,0006
mudd 4,6052 0,0025
persistent 1,5141 0,0008
sister 1,6094 0,0009
solid 0,0202 0,0000
thus 0,7550 0,0004
starkey 4,6052 0,0025
neutral 0,5447 0,0003
optional 1,3093 0,0007
require 0,0000 0,0000
scratch 2,1203 0,0011
rewrite 1,2040 0,0006
scribunto 0,0000 0,0000
standards 1,1087 0,0006
linq 3,5066 0,0019
size 0,0000 0,0000
left 0,0408 0,0000
cdx 0,0000 0,0000
object 0,3711 0,0002
chapter 1,1712 0,0006
hang 1,3863 0,0007
statistical 2,0402 0,0011
lombard 1,1712 0,0006
ceo 1,5606 0,0008
wesley 0,8675 0,0005
example 0,2485 0,0003
result 0,2231 0,0002
same 0,2357 0,0001
after 0,0305 0,0000
headline 0,0000 0,0000
connect 0,8675 0,0005
rational 2,3026 0,0012
policy 0,0000 0,0000
committee 1,6607 0,0009
xquery 2,4079 0,0013
union 1,3093 0,0014
pagelanguagecode 0,0000 0,0000
queries 3,2189 0,0017
transientcontent 0,0000 0,0000
subtle 0,3285 0,0002
component 0,3147 0,0002
blue 1,8326 0,0010
idhash 0,0619 0,0000
obvious 2,9957 0,0016
persistence 2,4079 0,0013
timeline 1,0788 0,0006
information 0,0000 0,0000
wrap 0,0101 0,0000
discuss 1,0217 0,0005
standard 0,2357 0,0003
november 0,0000 0,0000
completeness 3,2189 0,0017
programmability 3,5066 0,0019
predefined 2,4079 0,0013
empty 0,0305 0,0000
analytics 1,7720 0,0009
compute 0,6733 0,0004
xqj 2,9957 0,0016
fullversionlist 0,0000 0,0000
implement 0,3285 0,0005
export 0,0000 0,0000
area 0,7985 0,0004
rome 3,5066 0,0019
lisp 1,7720 0,0009
list 0,0000 0,0000
andrew 1,0498 0,0006
lack 0,5447 0,0006
external 0,1863 0,0001
htsql 3,9120 0,0021
labs 1,2730 0,0007
revise 1,8326 0,0010
vowel 3,9120 0,0021
authority 0,4780 0,0003
globalfoundries 4,6052 0,0025
child 0,0202 0,0000
gql 4,6052 0,0025
mainentity 0,0000 0,0000
germany 0,5798 0,0003
mashup 2,3026 0,0012
interface 0,2485 0,0003
disclaimers 0,0000 0,0000
eike 4,6052 0,0025
root 0,4780 0,0003
disambiguation 1,5606 0,0008
wgisprobablyeditable 0,0000 0,0000
patrick 2,0402 0,0011
standardized 1,8971 0,0010
hard 1,1394 0,0006
airline 3,9120 0,0021
citation 0,0101 0,0000
varchar 3,9120 0,0021
mobile 0,0000 0,0000
multiple 0,2485 0,0001
prolog 2,3026 0,0012
sharding 2,6593 0,0014
plainlist 0,4463 0,0002
pdf 0,0000 0,0000
service 0,1393 0,0001
there 0,2614 0,0001
automate 0,7340 0,0004
syntax 1,1394 0,0006
well 0,2744 0,0001
bitness 0,0000 0,0000
rgba 0,0101 0,0000
american 0,8440 0,0004
entire 0,8675 0,0005
referential 2,6593 0,0014
reservation 2,9957 0,0016
block 0,0408 0,0000
siddeley 4,6052 0,0025
write 0,1508 0,0002
flow 0,3425 0,0002
order 0,4155 0,0002
lexical 2,4079 0,0013
period 1,4697 0,0008
aria 0,0000 0,0000
boxtext 0,0619 0,0000
byte 0,0408 0,0000
corporation 1,0498 0,0006
understand 0,6162 0,0003
indonesia 0,3567 0,0002
propose 1,0788 0,0006
intelligence 0,8916 0,0005
promontory 4,6052 0,0025
even 0,0513 0,0000
strongly 2,3026 0,0012
binary 0,9943 0,0005
eduquest 4,6052 0,0025
integration 0,4620 0,0002
esperanto 0,7133 0,0004
tagline 0,0000 0,0000
regexp 0,0000 0,0000
subsection 0,1508 0,0001
wgeditsubmitbuttonlabelpublish 0,0000 0,0000
taligent 3,5066 0,0019
boarisch 1,9661 0,0010
toc 0,0000 0,0000
qiskit 3,9120 0,0021
respectively 1,3863 0,0007
functionality 0,6539 0,0003
restrict 1,5141 0,0008
wgpagecontentmodel 0,0000 0,0000
recursive 2,0402 0,0011
tuple 2,5257 0,0027
newsql 2,9957 0,0016
top 0,0000 0,0000
technica 1,3093 0,0007
have 0,2744 0,0003
powerpc 2,8134 0,0015
pgq 4,6052 0,0025
declarative 1,8326 0,0010
imperative 2,0402 0,0011
product 0,4005 0,0004
particularly 0,9943 0,0005
produce 0,6931 0,0004
wgnamespacenumber 0,0000 0,0000
framework 0,2877 0,0002
akers 4,6052 0,0025
regard 1,1087 0,0006
wgwmepagelength 0,0000 0,0000
php 1,3471 0,0007
ashdown 4,6052 0,0025
constraint 1,5141 0,0016
entity 0,0101 0,0000
smalltalk 1,6607 0,0009
col 0,9943 0,0005
expensivefunctioncount 0,0000 0,0000
minor 1,7148 0,0009
lab 1,3863 0,0007
upon 0,8916 0,0005
timeusage 0,0000 0,0000
datetime 4,6052 0,0025
midrange 4,6052 0,0025
automation 0,7550 0,0004
pin 0,0000 0,0000
function 0,0000 0,0000
comparison 0,4005 0,0002
subscript 3,9120 0,0021
swap 2,4079 0,0013
cpu 0,0408 0,0000
infobox 0,6931 0,0004
less 0,6162 0,0003
basis 1,1087 0,0006
pcache 0,0619 0,0000
andy 1,8326 0,0010
condition 1,2040 0,0006
voser 4,6052 0,0025
inventions 4,6052 0,0025
october 0,0000 0,0000
rarely 2,3026 0,0012
basic 0,6539 0,0003
cql 3,9120 0,0021
complication 0,0513 0,0000
locate 1,6094 0,0009
university 0,5621 0,0003
jquery 0,0000 0,0000
jpql 4,6052 0,0025
federated 2,4079 0,0013
cypher 3,5066 0,0019
design 0,1393 0,0001
working 1,3471 0,0007
semicolon 2,8134 0,0015
timeless 0,0101 0,0000
accord 0,5108 0,0003
wgwmeschemaeditattemptstepoversample 0,0000 0,0000
despite 1,3093 0,0007
ttl 0,0000 0,0000
encyclopedia 0,0000 0,0000
conduct 0,0000 0,0000
stable 0,7133 0,0004
reunion 3,9120 0,0021
interested 1,8326 0,0010
machines 2,4079 0,0013
maintenance 0,6733 0,0004
sport 2,8134 0,0015
quel 3,2189 0,0017
abovebelow 0,0943 0,0001
discussion 1,3093 0,0007
integrity 1,3863 0,0007
notation 1,4271 0,0008
merge 1,6607 0,0009
pref 0,0000 0,0000
chapple 3,5066 0,0019
conservancy 3,9120 0,0021
let 0,9943 0,0005
csrftoken 0,0000 0,0000
press 0,5621 0,0003
meeting 1,7720 0,0009
interchange 2,5257 0,0013
element 0,0000 0,0000
night 0,0000 0,0000
warehouse 2,2073 0,0012
each 0,1393 0,0001
geeta 4,6052 0,0025
javascript 0,9416 0,0005
input 0,0000 0,0000
cue 2,9957 0,0016
gremlin 3,5066 0,0019
theorem 2,0402 0,0011
sqlclr 4,6052 0,0025
erence 4,6052 0,0025
stanford 2,1203 0,0011
must 0,4620 0,0002
unpinned 0,0000 0,0000
scanning 2,4079 0,0013
toronto 2,4079 0,0013
document 0,4463 0,0005
alemannisch 2,3026 0,0012
hibernate 3,5066 0,0019
typewriters 4,6052 0,0025
two 0,2744 0,0001
incompatible 1,9661 0,0010
routine 1,8326 0,0010
distribute 0,3857 0,0002
creation 0,7985 0,0004
datepublished 0,0000 0,0000
clause 2,2073 0,0024
receive 0,7340 0,0004
think 0,9676 0,0010
consulting 2,4079 0,0013
team 0,4943 0,0005
entirely 1,5141 0,0008
pacelc 2,9957 0,0016
wgusername 0,0000 0,0000
chart 1,7148 0,0009
consortium 1,8326 0,0010
superscript 3,5066 0,0019
dbms 2,6593 0,0014
source 0,1393 0,0001
align 0,0101 0,0000
anymore 3,2189 0,0017
ieee 0,8440 0,0004
hak 2,3026 0,0012
compile 1,1712 0,0006
late 0,4155 0,0002
fellows 4,6052 0,0025
hat 1,4697 0,0008
keyword 2,2073 0,0012
pronounced 2,6593 0,0014
chess 2,8134 0,0015
last 0,0000 0,0000
imageright 0,2614 0,0001
widely 0,7985 0,0004
weight 0,0101 0,0000
develop 0,1863 0,0002
cloudant 4,6052 0,0025
boyce 4,6052 0,0025
page 0,0000 0,0000
compatibility 0,9416 0,0005
full 0,0202 0,0000
memory 0,0408 0,0000
concept 0,3711 0,0004
erlang 1,7720 0,0009
jdbc 2,5257 0,0013
psm 3,5066 0,0019
perl 1,3093 0,0007
early 0,4308 0,0002
overview 0,5447 0,0003
yes 1,9661 0,0010
center 0,0000 0,0000
purchase 1,5141 0,0008
start 0,3011 0,0002
engineer 0,7765 0,0004
manage 0,3567 0,0004
hdl 1,6094 0,0009
infrastructure 0,6733 0,0004
watson 3,2189 0,0017
wikimedia 0,0000 0,0000
initially 1,0788 0,0006
short 0,0000 0,0000
time 0,0000 0,0000
pub 2,8134 0,0015
interactive 0,4463 0,0002
pun 4,6052 0,0025
program 0,2614 0,0003
semantics 1,4271 0,0008
three 0,3711 0,0002
truncate 3,9120 0,0021
carbon 1,8971 0,0010
hardware 0,5798 0,0003
priority 1,4697 0,0008
creative 0,0000 0,0000
nederlands 0,1985 0,0001
chris 1,2040 0,0006
addison 0,9163 0,0005
primary 0,7765 0,0004
angela 3,2189 0,0017
log 0,0000 0,0000
enterprise 0,4463 0,0002
wgcheckuserclienthintsheadersjsapi 0,0000 0,0000
euskara 0,5108 0,0003
smart 1,2379 0,0013
unknown 1,4271 0,0008
computer 0,1863 0,0002
mcgraw 2,2073 0,0012
low 0,0101 0,0000
timingprofile 0,0000 0,0000
theme 0,0000 0,0000
graphql 2,6593 0,0014
wgcategory 0,0000 0,0000
editor 0,0000 0,0000
postexpandincludesize 0,0000 0,0000
workgroup 3,9120 0,0021
doll 3,9120 0,0021
efficient 1,0217 0,0005
initial 0,3857 0,0002
unstrip 0,0000 0,0000
gillespie 4,6052 0,0025
ansi 2,2073 0,0012
templateargumentsize 0,0000 0,0000
unsourced 0,5621 0,0003
january 0,0000 0,0000
permanent 0,0000 0,0000
fellow 2,6593 0,0014
fetch 1,9661 0,0010
asturianu 1,2730 0,0007
char 2,9957 0,0016
sparql 2,4079 0,0013
facility 1,0498 0,0006
small 0,0305 0,0000
alliance 1,8971 0,0010
before 0,0305 0,0000
sabre 4,6052 0,0025
replace 0,7340 0,0004
italic 0,1278 0,0001
denote 2,1203 0,0011
major 0,5621 0,0003
darwen 3,9120 0,0021
dax 3,5066 0,0019
day 0,0000 0,0000
potential 1,0788 0,0006
group 0,0408 0,0000
romanization 3,2189 0,0017
rugby 3,9120 0,0021
workshop 1,5606 0,0008
format 0,0101 0,0000
runtime 1,2040 0,0006
archive 0,0943 0,0001
particular 0,5978 0,0003
teller 3,5066 0,0019
history 0,0000 0,0000
overbrace 4,6052 0,0025
square 2,1203 0,0011
condor 4,6052 0,0025
hakozaki 4,6052 0,0025
classify 1,4271 0,0015
request 0,6733 0,0004
mike 1,2040 0,0006
wgrestrictionedit 0,0000 0,0000
part 0,1985 0,0002
adstar 4,6052 0,0025
howard 2,8134 0,0015
wgpageparsereport 0,0000 0,0000
numeric 1,8326 0,0010
dcl 3,5066 0,0019
textbooks 1,7720 0,0009
point 0,5447 0,0003
general 0,0000 0,0000
tend 1,5141 0,0008
clob 4,6052 0,0025
september 0,0000 0,0000
mathematica 3,2189 0,0017
annals 2,8134 0,0015
padding 0,0000 0,0000
alternative 0,6931 0,0004
clear 0,0101 0,0000
ltr 0,0000 0,0000
clean 1,6094 0,0009
ddl 3,5066 0,0019
cymraeg 1,4697 0,0008
third 0,5447 0,0003
build 0,2357 0,0001
approve 1,7148 0,0009
mean 0,4463 0,0002
lua 0,0513 0,0000
account 0,0000 0,0000
dansk 0,5798 0,0003
der 2,1203 0,0011
ingres 3,2189 0,0017
skillsbuild 4,6052 0,0025
record 0,7765 0,0008
abbr 0,0619 0,0000
codasyl 3,2189 0,0017
chicago 2,4079 0,0013
you 0,0000 0,0000
jump 0,0000 0,0000
databases 2,0402 0,0011
banks 2,9957 0,0016
july 0,0000 0,0000
orthogonality 3,9120 0,0021
easy 0,6733 0,0004
whose 1,3471 0,0007
subsidiary 2,8134 0,0015
population 2,2073 0,0012
atlantic 2,6593 0,0014
domain 0,6931 0,0004
shelley 3,9120 0,0021
subgroup 0,0513 0,0000
influential 2,5257 0,0013
unwilling 3,9120 0,0021
transparent 0,0619 0,0000
how 0,0834 0,0000
journal 0,4780 0,0003
distinctive 3,2189 0,0017
peter 0,8210 0,0004
yql 3,9120 0,0021
assembly 1,3471 0,0014
term 0,0000 0,0000
acquisition 1,2040 0,0013
mind 1,6094 0,0009
business 0,3425 0,0002
mini 0,0619 0,0000
sundeep 4,6052 0,0025
right 0,0101 0,0000
march 0,0000 0,0000
june 0,0000 0,0000
wikitext 0,0000 0,0000
qbe 4,6052 0,0025
series 0,5798 0,0003
supersede 1,9661 0,0010
paul 0,7765 0,0004
under 0,0101 0,0000
analytic 1,4271 0,0008
represent 0,5978 0,0003
ryan 1,6094 0,0009
impedance 2,9957 0,0016
autocapitalize 0,0000 0,0000
mimer 4,6052 0,0025
div 0,0000 0,0000
correctly 1,5606 0,0008
later 0,4005 0,0002
navigational 3,9120 0,0021
prior 1,3093 0,0007
bracket 0,0619 0,0000
wgpagename 0,0000 0,0000
talk 0,0000 0,0000
reply 2,9957 0,0016
static 1,0217 0,0005
commonly 0,6931 0,0004
test 0,4463 0,0005
planet 2,6593 0,0014
count 0,0513 0,0000
hatnote 0,2107 0,0001
develothon 4,6052 0,0025
graph 1,4697 0,0008
pinnable 0,0000 0,0000
month 0,7133 0,0004
wgrevisionid 0,0000 0,0000
some 0,1744 0,0001
virtual 0,4620 0,0002
analytical 2,3026 0,0012
session 1,7720 0,0009
additional 0,0000 0,0000
calif 3,9120 0,0021
title 0,0000 0,0000
patroltoken 0,0000 0,0000
primarily 0,9943 0,0005
states 0,4943 0,0003
load 0,0202 0,0000
optimizer 2,3026 0,0012
fortran 1,8326 0,0010
alpha 0,0101 0,0000
ignore 1,4697 0,0008
company 0,4308 0,0002
thomas 0,8675 0,0005
michels 4,6052 0,0025
custom 0,0000 0,0000
raymond 1,9661 0,0010
strictly 2,0402 0,0011
michael 0,7133 0,0004
print 0,0000 0,0000
although 0,6162 0,0003
inherit 0,0101 0,0000
universe 2,9957 0,0016
scicomp 4,6052 0,0025
baer 2,9957 0,0016
dml 3,5066 0,0019
wagner 2,8134 0,0015
construct 1,3471 0,0014
attempt 0,8440 0,0004
dmx 3,5066 0,0019
unquoted 3,2189 0,0017
dmy 0,0000 0,0000
navigation 0,0000 0,0000
kaleida 3,5066 0,0019
supplier 2,2073 0,0012
action 0,0000 0,0000
lock 0,0101 0,0000
text 0,0000 0,0000
usually 0,4780 0,0003
python 0,6539 0,0003
ppvisitednode 0,0000 0,0000
cookie 0,0000 0,0000
lexmark 4,6052 0,0025
sense 1,3093 0,0007
loading 0,0000 0,0000
field 0,7550 0,0004
contents 0,0000 0,0000
underground 3,9120 0,0021
unmanaged 4,6052 0,0025
interval 2,2073 0,0012
evaluate 1,3093 0,0014
melton 3,9120 0,0021
doi 0,4155 0,0002
machinery 1,4271 0,0008
status 0,0000 0,0000
server 0,4005 0,0002
soql 4,6052 0,0025
floppy 3,2189 0,0017
superkey 2,9957 0,0016
dot 0,8210 0,0004
skin 0,0000 0,0000
roeser 4,6052 0,0025
products 1,4271 0,0008
file 0,0000 0,0000
government 1,2379 0,0007
stream 1,0788 0,0006
member 0,9163 0,0005
wgnoticeproject 0,0000 0,0000
may 0,0000 0,0000
max 0,0513 0,0000
within 0,3011 0,0002
could 0,4780 0,0003
allege 2,8134 0,0015
trigger 0,0513 0,0001
menu 0,0000 0,0000
url 0,0000 0,0000
computation 1,3863 0,0007
harvey 3,2189 0,0017
machine 0,2744 0,0001
comparable 2,9957 0,0016
dql 3,9120 0,0021
return 0,0000 0,0000
usa 1,6094 0,0009
subject 1,1087 0,0006
use 0,0000 0,0000
inheritance 2,2073 0,0012
main 0,0000 0,0000
integer 1,7720 0,0009
find 0,3425 0,0002
host 0,6539 0,0003
backward 1,6607 0,0009
logo 0,0000 0,0000
zemke 4,6052 0,0025
international 0,3011 0,0002
regardless 1,7720 0,0009
utc 0,0000 0,0000
occur 0,7765 0,0008
difficult 0,9163 0,0005
canonical 0,0408 0,0000
sort 1,5606 0,0008
sistersitebox 0,6539 0,0003
wgcurrevisionid 0,0000 0,0000
task 0,5108 0,0003
null 0,0000 0,0000
background 0,0101 0,0000
true 0,0000 0,0000
header 0,0000 0,0000
watchtoken 0,0000 0,0000
since 0,3425 0,0002
mdx 3,5066 0,0019
belong 1,6607 0,0009
paradigm 1,1394 0,0006
quantum 1,6607 0,0009
delete 0,4155 0,0002
foreach 0,0000 0,0000
hour 1,4697 0,0008
postgresql 2,3026 0,0012
repeat 0,0101 0,0000
beth 4,6052 0,0025
louis 2,5257 0,0013
make 0,1165 0,0002
wggestructuredtaskrejectionreasontextinputenable 0,0000 0,0000
kotlin 2,4079 0,0013
structure 0,4155 0,0004
ruby 1,0217 0,0005
algol 2,1203 0,0011
conventional 1,6607 0,0009
due 0,5108 0,0003
conform 1,7148 0,0018
online 0,7340 0,0004
roadblock 3,5066 0,0019
cynefin 3,9120 0,0021
observer 2,1203 0,0011
predicate 2,4079 0,0026
character 1,1394 0,0006
contribution 0,0000 0,0000
yamato 4,6052 0,0025
concurrently 2,8134 0,0015
magnetic 2,8134 0,0015
tivoli 4,6052 0,0025
recursion 0,0513 0,0000
temporal 2,1203 0,0011
comprise 2,1203 0,0011
czech 0,9163 0,0005
height 0,0101 0,0000
august 0,0000 0,0000
module 0,0000 0,0000
wikibase 0,0619 0,0000
outer 1,2040 0,0006
fips 3,9120 0,0021
datemodify 0,0619 0,0000
scalar 3,2189 0,0017
filename 2,1203 0,0011
unique 1,2379 0,0007
processing 0,6162 0,0003
hrvatski 0,7550 0,0004
websphere 4,6052 0,0025
shared 2,0402 0,0011
notheme 0,3711 0,0002
association 1,0498 0,0006
eliminate 1,1712 0,0006
global 0,7985 0,0004
mim 3,9120 0,0021
into 0,1985 0,0001
outline 0,8440 0,0004
min 0,1165 0,0001
partition 1,3471 0,0007
fred 2,3026 0,0012
free 0,0000 0,0000
redirect 1,1087 0,0006
expression 1,3471 0,0007
middle 0,7765 0,0004
associates 2,6593 0,0014
star 2,0402 0,0011
though 0,8440 0,0004
many 0,2357 0,0001
appear 0,8210 0,0004
multiset 3,9120 0,0021
varbinary 4,6052 0,0025
simon 2,0402 0,0011
ibm 0,5621 0,0003
mismatch 2,1203 0,0011
yyyy 4,6052 0,0025
opel 4,6052 0,0025
operation 0,5108 0,0005
open 0,1625 0,0001
devote 2,9957 0,0016
tbody 0,6931 0,0004
approximate 2,3026 0,0012
project 0,0000 0,0000
enhancement 0,0101 0,0000
inside 0,0101 0,0000
modularity 2,5257 0,0013
wikiversity 0,9676 0,0005
thinkpad 4,6052 0,0025
diana 2,9957 0,0016
five 0,9943 0,0005
sigmod 2,5257 0,0013
monospace 2,0402 0,0011
constructor 2,6593 0,0014
collection 0,6733 0,0007
modification 1,4271 0,0015
plumbing 4,6052 0,0025
hermann 3,9120 0,0021
laboratory 2,0402 0,0011
internet 0,5447 0,0003
conflict 1,6094 0,0009
allow 0,1863 0,0001
defer 2,2073 0,0012
isbl 3,9120 0,0021
iec 1,5606 0,0008
isbn 0,1054 0,0001
polymorphic 2,9957 0,0016
rule 0,5978 0,0006
update 0,4463 0,0002
towers 4,6052 0,0025
common 0,3711 0,0002
linux 0,8916 0,0005
definition 0,4943 0,0005
placeholder 0,0000 0,0000
every 0,6162 0,0003
apply 0,0000 0,0000
recently 1,5141 0,0008
isam 3,9120 0,0021
mary 2,3026 0,0012
olap 2,9957 0,0016
comment 1,2730 0,0007
relational 1,5606 0,0008
whitespace 2,5257 0,0013
mark 0,6733 0,0004
base 0,0305 0,0000
employ 1,3093 0,0007
runa 0,9416 0,0005
folding 4,6052 0,0025
during 0,5447 0,0003
consist 0,6539 0,0007
relation 1,6094 0,0017
incentive 2,0402 0,0011
critic 2,6593 0,0014
grammar 2,1203 0,0011
relate 0,0000 0,0000
enable 0,0000 0,0000
sidebar 0,0000 0,0000
limitreport 0,0000 0,0000
decoration 0,0619 0,0000
reflist 0,0101 0,0000
transitive 3,9120 0,0021
zip 2,4079 0,0013
briefly 3,2189 0,0017
var 0,0000 0,0000
work 0,2231 0,0001
agree 0,0101 0,0000
vax 2,8134 0,0015
wgulsislanguageselectorempty 0,0000 0,0000
itself 0,6539 0,0003
among 0,5276 0,0003
pride 3,5066 0,0019
srpski 0,3711 0,0002
registration 0,0101 0,0000
lenovo 3,5066 0,0019
word 0,0101 0,0000
theory 0,9416 0,0005
spain 1,4271 0,0008
extension 0,6349 0,0007
internal 0,8210 0,0004
pascal 2,0402 0,0011
refbegin 1,4697 0,0008
mql 3,9120 0,0021
foundation 0,0000 0,0000
foreign 1,7720 0,0009
identity 1,2379 0,0007
event 0,0000 0,0000
academy 1,8971 0,0010
replication 1,9661 0,0010
include 0,0000 0,0000
kenexa 4,6052 0,0025
agency 1,6607 0,0018
toggle 0,0000 0,0000
uniquely 2,8134 0,0015
tetun 2,9957 0,0016
osborne 3,9120 0,0021
appearance 0,0000 0,0000
classname 0,0000 0,0000
holocaust 4,6052 0,0025
wggetopicsmatchmodeenable 0,0000 0,0000
first 0,0408 0,0000
nowrap 0,0408 0,0000
subquery 3,9120 0,0021
prefer 0,0101 0,0000
roman 0,0101 0,0000
existence 1,9661 0,0010
lotus 2,5257 0,0013
wgrelevantpageisprobablyeditable 0,0000 0,0000
float 0,0101 0,0000
transclusion 0,0619 0,0000
space 0,0408 0,0000
reference 0,0101 0,0000
expressive 4,6052 0,0025
html 0,4463 0,0002
toclimit 2,6593 0,0014
swedish 3,2189 0,0017
bottom 0,0000 0,0000
revision 0,0000 0,0000
magyar 0,3425 0,0002
sequence 1,2730 0,0007
publisher 0,0000 0,0000
slogan 4,6052 0,0025
img 0,0408 0,0000
o'reilly 0,6733 0,0004
scientific 1,1712 0,0006
rlstate 0,0000 0,0000
vincent 2,5257 0,0013
error 0,0101 0,0000
platform 0,0000 0,0000
network 0,3285 0,0002
rust 1,6094 0,0009
toclevel 2,6593 0,0014
shortcut 2,4079 0,0013
paper 0,9416 0,0005
public 0,4155 0,0002
texttt 4,6052 0,0025
array 1,4271 0,0015
bigint 3,5066 0,0019
value 0,0000 0,0000
inc 1,3093 0,0007
dbmss 3,5066 0,0019
advantage 0,9676 0,0005
resources 1,3471 0,0007
ambra 4,6052 0,0025
instead 0,4463 0,0002
command 0,7133 0,0004
expensive 0,0408 0,0000
performance 0,3425 0,0002
rochester 2,9957 0,0016
maint 0,0101 0,0000
variable 0,9676 0,0005
wiktionary 0,5798 0,0003
platformversion 0,0000 0,0000
references 0,0513 0,0000
saved 0,0619 0,0000
year 0,2614 0,0003
objects 2,5257 0,0013
building 0,7985 0,0009
via 0,3011 0,0002
quote 0,0101 0,0000
farr 3,9120 0,0021
sigfidet 3,9120 0,0021
understanding 1,4271 0,0008
visual 0,9416 0,0005
because 0,0000 0,0000
diagnostic 2,5257 0,0013
utilise 3,5066 0,0019
virtually 2,3026 0,0012
community 0,0000 0,0000
nonscalar 4,6052 0,0025
packages 3,9120 0,0021
version 0,0000 0,0000
brezhoneg 1,7148 0,0009
overload 2,3026 0,0012
selection 1,5141 0,0008
watsonx 3,5066 0,0019
eesti 0,3285 0,0002
science 0,5447 0,0003
institute 1,0498 0,0006
usefulness 3,2189 0,0017
criterion 1,5606 0,0008
least 0,9676 0,0005
openqasm 3,9120 0,0021
wgusergroup 0,0000 0,0000
wikipedia 0,0000 0,0000
behavior 0,8210 0,0004
close 0,8210 0,0004
haskell 1,9661 0,0010
fernando 3,5066 0,0019
website 0,3711 0,0002
learn 0,0000 0,0000
concurrency 1,3471 0,0007
rdb 2,9957 0,0032
fast 0,4943 0,0003
rdf 2,2073 0,0012
register 0,0000 0,0000
notes 0,9943 0,0005
iso 1,1394 0,0006
republic 0,8916 0,0005
microelectronics 2,9957 0,0016
honolulu 4,6052 0,0025
official 0,6162 0,0003
acm 0,8675 0,0005
acid 2,3026 0,0012
red 1,2730 0,0007
ref 2,5257 0,0013
post 0,0202 0,0000
leave 0,0101 0,0000
ada 2,0402 0,0011
swift 1,8326 0,0010
add 0,0000 0,0000
ell 3,9120 0,0021
need 0,1393 0,0001
its 0,0726 0,0000
originally 0,8675 0,0005
article 0,0000 0,0000
rfc 1,9661 0,0010
volume 1,1712 0,0006
transact 2,9957 0,0016
canada 1,6607 0,0009
parser 0,0000 0,0000
shell 1,0788 0,0006
http 0,0000 0,0000
decimal 0,0101 0,0000
useful 0,9943 0,0005
technical 0,6349 0,0003
united 0,4780 0,0003
standardization 1,6094 0,0009
wallace 2,6593 0,0014
wghostname 0,0000 0,0000
commercially 2,1203 0,0011
behave 1,5606 0,0017
precisely 2,3026 0,0012
wgtitle 0,0000 0,0000
constituent 3,5066 0,0019
scope 1,2730 0,0007
end 0,3011 0,0002
legalize 4,6052 0,0025
njmgz 4,6052 0,0025
cipher 2,8134 0,0015
keypunch 3,9120 0,0021
identify 0,6733 0,0004
wgdigittransformtable 0,0000 0,0000
odbc 2,5257 0,0013
hlist 0,0408 0,0000
label 0,0000 0,0000
message 0,3857 0,0002
special 0,0000 0,0000
environment 0,4308 0,0002
berkeley 1,6094 0,0009
truth 2,4079 0,0013
rlconf 0,0000 0,0000
hursley 4,6052 0,0025
progressive 1,0788 0,0006
vikas 3,5066 0,0019
pronounce 2,5257 0,0027
family 1,0217 0,0005
college 2,1203 0,0011
education 1,0788 0,0006
bahasa 0,3285 0,0002
release 0,2744 0,0001
ago 0,7765 0,0004
caption 0,3567 0,0002
number 0,0000 0,0000
wgbackendresponsetime 0,0000 0,0000
shorten 0,0000 0,0000
normalization 2,5257 0,0013
property 0,6539 0,0003
proceedings 0,7550 0,0004
manipulate 1,4271 0,0015
similar 0,4780 0,0003
sybase 3,9120 0,0021
specify 0,6349 0,0010
handle 0,6539 0,0003
forth 1,8971 0,0010
oltp 4,6052 0,0025
system 0,0101 0,0000
aid 1,3471 0,0007
fundamentals 1,4697 0,0008
other 0,0000 0,0000
aim 0,8210 0,0004
city 1,4697 0,0008
against 0,6931 0,0004
spss 3,5066 0,0019
cell 0,4308 0,0002
local 0,7985 0,0004
portability 1,9661 0,0010
initialism 3,5066 0,0019
vacuum 2,9957 0,0016
electronic 1,0788 0,0006
firstly 3,5066 0,0019
share 0,4620 0,0002
speak 1,7720 0,0009
incidentally 4,6052 0,0025
saenz 4,6052 0,0025
snowflake 3,2189 0,0017
workload 1,4697 0,0008
prototype 0,9676 0,0005
quasirelational 4,6052 0,0025
nist 2,6593 0,0014
predefine 3,5066 0,0019
rlq 0,0000 0,0000
ndl 4,6052 0,0025
cite 0,0000 0,0000
logic 0,9676 0,0005
atom 2,4079 0,0013
manifesto 2,4079 0,0013
francisco 1,6607 0,0009
donald 1,7148 0,0009
ess 3,5066 0,0019
precision 2,2073 0,0012
screen 0,0101 0,0000
implementer 3,5066 0,0019
body 0,0000 0,0000
whitemarsh 4,6052 0,0025
correspond 1,3093 0,0007
mode 0,0000 0,0000
pages 0,0000 0,0000
autogenerate 4,6052 0,0025
enhancements 2,9957 0,0016
ala 3,5066 0,0019
shafranovich 4,6052 0,0025
bureau 2,4079 0,0013
complement 2,8134 0,0015
net 0,9416 0,0005
closure 1,8971 0,0010
newpp 0,0619 0,0000
all 0,0408 0,0000
border 0,0000 0,0000
new 0,0000 0,0000
alphabetical 2,2073 0,0012
read 0,0000 0,0000
schemata 4,6052 0,0025
below 0,7550 0,0004
adhere 1,5141 0,0016
real 0,0408 0,0000
clientpref 0,0000 0,0000
tool 0,0000 0,0000
contemporary 1,8326 0,0010
alan 1,5606 0,0008
svenska 0,3857 0,0002
typing 2,3026 0,0012
joseph 1,5141 0,0008
chamberlin 4,6052 0,0025
bellamkonda 4,6052 0,0025
facilitate 0,8440 0,0004
centric 2,8134 0,0015
martha 3,9120 0,0021
indent 1,3863 0,0015
financial 1,4697 0,0008
wgpagecontentlanguage 0,0000 0,0000
media 0,2485 0,0001
wgisarticle 0,0000 0,0000
define 0,2744 0,0004
row 0,4943 0,0005
mongodb 2,0402 0,0011
render 0,0513 0,0000
universal 1,4271 0,0008
interlingua 1,3093 0,0007
specific 0,2877 0,0002
minute 1,8326 0,0010
generational 2,8134 0,0015
application 0,0943 0,0001
wgflaggedrevsparams 0,0000 0,0000
until 0,7765 0,0004
hawker 4,6052 0,0025
collapse 0,0408 0,0000
axiom 2,6593 0,0014
reason 0,7985 0,0004
maintain 0,3567 0,0002
wgrelevantarticleid 0,0000 0,0000
preprocessor 0,0513 0,0000
professional 0,9416 0,0005
java 0,6162 0,0003
jan 1,6094 0,0009
english 0,0000 0,0000
api 0,3425 0,0004
apl 2,6593 0,0014
fully 0,8210 0,0004
datenbanksysteme 3,9120 0,0021
cache 0,0305 0,0000
margin 0,0000 0,0000
suomi 0,2107 0,0001
wgrequestid 0,0000 0,0000
enwikimwclientpreference 0,0000 0,0000
rlpagemodules 0,0000 0,0000
treseler 4,6052 0,0025
nosql 1,8326 0,0010
himself 3,2189 0,0017
alex 1,3863 0,0007
dictionary 1,2040 0,0006
letter 1,5606 0,0008
alternatives 3,2189 0,0017
samea 0,0000 0,0000
recount 3,9120 0,0021
wgwikibaseitemid 0,0000 0,0000
complexity 0,9163 0,0005
wgulsiscompactlinksenable 0,0000 0,0000
another 0,3567 0,0002
pagevariantfallback 0,0000 0,0000
algebra 2,2073 0,0012
liveris 4,6052 0,0025
literal 2,4079 0,0013
matching 2,5257 0,0013
smallint 4,6052 0,0025
default 0,6931 0,0004
caml 2,8134 0,0015
varying 4,6052 0,0025
vendor 1,1087 0,0012
wgmonthname 0,0000 0,0000
disabled 0,0000 0,0000
where 0,2744 0,0001
reinsch 3,9120 0,0021
heron 4,6052 0,0025
popular 0,6539 0,0003
timestamp 0,0000 0,0000
vice 2,2073 0,0012
alternatively 2,4079 0,0013
conformance 2,1203 0,0011
tour 3,5066 0,0019
abraham 2,9957 0,0016
call 0,0101 0,0000
such 0,0943 0,0001
classic 1,3093 0,0007
describe 0,2485 0,0001
through 0,2107 0,0001
administration 1,2730 0,0007
bindings 3,9120 0,0021
run 0,3011 0,0002
incorporate 1,1712 0,0012
philip 1,8971 0,0010
microsoft 0,4005 0,0002
operator 1,1712 0,0006
research 0,5621 0,0003
debate 1,7720 0,0009
either 0,5621 0,0003
view 0,0000 0,0000
white 0,0305 0,0000
stripe 3,5066 0,0019
cambridge 1,5141 0,0008
donate 0,0000 0,0000
hugh 2,9957 0,0016
might 0,7340 0,0004
bold 0,0408 0,0000
duplicate 1,8971 0,0020
engineering 0,3857 0,0002
expressions 2,9957 0,0016
practicality 3,9120 0,0021
galego 0,7550 0,0004
name 0,0000 0,0000
cputime 0,0000 0,0000
watchlist 0,0000 0,0000
color 0,0101 0,0000
hidden 1,6094 0,0009
import 1,5606 0,0008
string 1,2040 0,0006
absence 2,4079 0,0013
michelle 2,9957 0,0016
show 0,0513 0,0001
description 0,0000 0,0000
not 0,0101 0,0000
central 0,9416 0,0005
now 0,4308 0,0002
statement 0,0000 0,0000
surrogate 2,4079 0,0013
trademark 0,0101 0,0000
factor 1,1712 0,0006
greek 0,0101 0,0000
armstrong 2,5257 0,0013
introduce 0,3285 0,0002
kaufmann 2,0402 0,0011
way 0,2485 0,0001
target 0,0101 0,0000
what 0,0000 0,0000
israel 0,7550 0,0004
nchar 4,6052 0,0025
window 1,5606 0,0008
container 0,0000 0,0000
microprocessor 2,8134 0,0015
developers 0,0000 0,0000
usage 0,0000 0,0000
charles 1,2730 0,0007
decide 0,9943 0,0005
cary 4,6052 0,0025
wgmediaviewerenabledbydefault 0,0000 0,0000
nearby 0,0000 0,0000
when 0,0834 0,0000
jim 1,5141 0,0008
crud 2,6593 0,0014
powershell 2,6593 0,0014
embed 0,9163 0,0010
plan 0,7985 0,0009
case 0,3285 0,0004
item 0,0000 0,0000
wgmediavieweronclick 0,0000 0,0000
gene 2,6593 0,0014
double 1,0498 0,0006
kulkarni 3,5066 0,0019
wgulsposition 0,0000 0,0000
selectric 4,6052 0,0025
tunneling 4,6052 0,0025
melayu 0,6349 0,0003
wgbreakframe 0,0000 0,0000
italiano 0,1278 0,0001
sticky 0,0000 0,0000
style 0,0000 0,0000
completely 1,4271 0,0008
card 1,3863 0,0007
explicitly 1,2040 0,0006
searchinput 0,0000 0,0000
gerstner 4,6052 0,0025
pattern 0,5978 0,0003
commons 0,0000 0,0000
julia 1,9661 0,0010
web 0,1165 0,0001
nclob 4,6052 0,0025
arvind 2,6593 0,0014
architecture 0,0000 0,0000
acronym 2,6593 0,0014
more 0,0000 0,0000
display 0,0000 0,0000
great 0,8675 0,0005
grid 1,4697 0,0008
prerelease 4,6052 0,0025
organization 0,0000 0,0000
width 0,0000 0,0000
board 1,0217 0,0005
statistics 0,0000 0,0000
indicator 2,1203 0,0011
distinction 2,0402 0,0011
navy 3,2189 0,0017
section 0,7340 0,0004
simple 0,2231 0,0001
influence 1,3471 0,0007
cloud 0,6349 0,0003
protocol 0,5621 0,0003
brandon 2,6593 0,0014
ldap 2,6593 0,0014
plex 3,9120 0,0021
package 0,9943 0,0011
visible 0,0101 0,0000
orient 0,5447 0,0003
pronunciation 2,6593 0,0014
kind 0,8675 0,0005
both 0,0305 0,0000
important 0,0101 0,0000
most 0,2107 0,0001
marker 3,2189 0,0017
outside 1,1087 0,0006
effect 0,8440 0,0009
eagle 4,6052 0,0025
topic 0,0000 0,0000
omit 2,3026 0,0012
underbrace 4,6052 0,0025
politics 2,3026 0,0012
globally 1,9661 0,0010
contribute 0,0000 0,0000
insert 1,6607 0,0009
sublanguage 3,9120 0,0021
microscope 4,6052 0,0025
necessarily 1,7720 0,0009
candidate 1,6094 0,0009
database 0,2485 0,0003
saa 3,5066 0,0019
strive 2,9957 0,0016
structural 1,7720 0,0009
david 0,5798 0,0003
lawyer 3,2189 0,0017
wip 2,8134 0,0015
citeseerx 1,8971 0,0010
wgseparatortransformtable 0,0000 0,0000
san 1,2379 0,0007
move 0,0000 0,0000
original 0,0943 0,0001
deviate 4,6052 0,0025
palmisano 4,6052 0,0025
also 0,0202 0,0000
say 0,6733 0,0007
raku 2,6593 0,0014
inline 0,0408 0,0000
visit 0,0408 0,0000
reduction 2,2073 0,0012
multidimensional 3,2189 0,0017
user 0,0000 0,0000
customer 0,7550 0,0004
equivalent 1,5141 0,0008
projects 1,4697 0,0008
mathtt 4,6052 0,0025
tooltip 0,8675 0,0005
fip 4,6052 0,0025
offer 0,4155 0,0002
bar 1,3863 0,0007
complex 0,5621 0,0003
draft 1,6607 0,0018
mirroring 3,9120 0,0021
overwrite 2,8134 0,0015
addition 0,6733 0,0004
pollack 4,6052 0,0025
documentation 0,6349 0,0003
personal 0,0000 0,0000
accurately 2,3026 0,0012
jrt 4,6052 0,0025
former 1,3093 0,0007
verlag 2,5257 0,0013
ar 1,5141 0,0008
fold 2,6593 0,0014
chatham 4,6052 0,0025
imageobject 0,0000 0,0000
drive 0,4780 0,0003
frank 1,4271 0,0008
schema 1,6094 0,0009
strong 0,9943 0,0005
be 0,1508 0,0002
scheme 0,0101 0,0000
icon 0,0101 0,0000
expansiondepth 0,0000 0,0000
cognos 4,6052 0,0025
communications 1,2040 0,0006
search 0,0000 0,0000
see 0,0408 0,0000
spacing 0,0619 0,0000
systems 0,4780 0,0003
wgrelevantpagename 0,0000 0,0000
jtc 2,6593 0,0014
national 0,4463 0,0002
frana 4,6052 0,0025
indicate 1,0217 0,0005
typescript 1,8971 0,0010
unbordered 2,5257 0,0013
contain 0,0101 0,0000
rdbms 2,5257 0,0013
set 0,2107 0,0002
shqip 0,6931 0,0004
edgar 2,8134 0,0015
column 0,0101 0,0000
procedure 0,9676 0,0010
integrate 0,5798 0,0006
incompatibility 2,5257 0,0013
cobol 2,2073 0,0012
somewhat 2,6593 0,0014
wgaction 0,0000 0,0000
freely 1,8326 0,0010
interview 1,5606 0,0008
font 0,0000 0,0000
arora 2,5257 0,0013
language 0,0000 0,0000
do 0,1625 0,0002
navbox 0,0943 0,0001
thunder 4,6052 0,0025
listitem 0,0408 0,0000
contact 0,0000 0,0000
hierarchical 2,5257 0,0013
france 0,8675 0,0005
criticism 1,1394 0,0012
programming 0,2744 0,0001
image 0,0202 0,0000
typically 0,3857 0,0002
mergers 3,2189 0,0017
aspiration 3,9120 0,0021
schemas 2,8134 0,0015
party 0,6539 0,0003
little 1,0788 0,0006
lucif 4,6052 0,0025
cursor 0,0619 0,0000
however 0,3011 0,0002
deep 1,3863 0,0007
foo 2,9957 0,0016
origin 0,0000 0,0000
flashsystem 4,6052 0,0025
perez 3,9120 0,0021
india 1,4271 0,0008
walltime 0,0000 0,0000
interlanguage 0,0000 0,0000
content 0,0000 0,0000
random 0,0000 0,0000
wikibooks 0,8210 0,0004
related 0,9676 0,0005
terminology 1,7148 0,0009
client 0,0000 0,0000
foss 1,8971 0,0010
json 1,2379 0,0007
babbage 3,5066 0,0019
class 0,0000 0,0000
gehomepagesuggestededitsenabletopic 0,0000 0,0000
digital 0,6162 0,0003
over 0,3285 0,0002
deductive 3,5066 0,0019
false 0,0000 0,0000
go 0,9943 0,0005
specification 0,7133 0,0008
counter 0,0408 0,0000
football 3,9120 0,0021
parse 0,0619 0,0001
srpskohrvatski 0,9163 0,0005
sebastopol 1,9661 0,0010
formalize 2,6593 0,0014
form 0,3011 0,0002
management 0,2231 0,0001
publish 0,4463 0,0005
developer 0,1744 0,0001
avoid 0,0101 0,0000
he 0,6733 0,0004
zloof 4,6052 0,0025
assign 1,2730 0,0007
big 0,7550 0,0004
select 0,9676 0,0005
fulfill 2,8134 0,0015
dialects 2,5257 0,0013
invoke 1,5141 0,0008
output 0,0000 0,0000
dram 3,5066 0,0019
ocl 3,9120 0,0021
mdarray 4,6052 0,0025
model 0,0000 0,0000
join 1,1087 0,0012
portal 0,0000 0,0000
sequel 3,9120 0,0021
manipulation 1,1712 0,0006
reduce 0,0101 0,0000
sentence 0,0000 0,0000
issue 0,3425 0,0002
kern 0,0101 0,0000
large 0,2485 0,0003
director 1,6607 0,0009
ocaml 2,6593 0,0014
lower 2,2073 0,0012
index 1,0498 0,0011
ordinary 2,1203 0,0011
odd 0,0943 0,0001
somebody 3,5066 0,0019
operate 0,3567 0,0002
john 0,5276 0,0003
apptio 4,6052 0,0025
begin 0,5108 0,0005
secondly 3,9120 0,0021
wgvisualeditor 0,0000 0,0000
become 0,2877 0,0002
template 0,0000 0,0000
enwiki 0,0619 0,0000
buberl 4,6052 0,0025
subscription 0,0101 0,0000
tournament 4,6052 0,0025
library 0,3857 0,0002
navbar 0,0202 0,0000
world 0,3857 0,0002
subbox 0,6931 0,0004
december 0,0000 0,0000
table 0,0000 0,0000
datalog 2,9957 0,0016
side 0,3425 0,0002
gaeilge 1,2040 0,0006
break 0,0101 0,0000
change 0,0000 0,0000
krishna 3,9120 0,0021
printable 0,0000 0,0000
generally 0,5447 0,0003
century 1,7720 0,0009
hide 0,0000 0,0000
multimedia 1,5606 0,0008
report 0,0202 0,0000
oral 3,9120 0,0021
complete 0,4780 0,0003
facilities 3,2189 0,0017
transaction 1,0217 0,0011
auto 0,0726 0,0000
montreal 3,9120 0,0021
certify 2,2073 0,0024
nulls 4,6052 0,0025
several 0,4155 0,0002
office 1,0498 0,0006
wgcanonicalspecialpagename 0,0000 0,0000
while 0,2614 0,0001
second 0,0408 0,0000
ported 2,4079 0,0013
download 0,0000 0,0000
high 0,0101 0,0000
split 0,0000 0,0000
morgan 1,7720 0,0009
www 1,7720 0,0009
than 0,2357 0,0001
limit 0,0000 0,0000
bnf 0,9163 0,0005
criticisms 3,9120 0,0021
seattle 2,4079 0,0013
different 0,0513 0,0000
directly 0,5108 0,0003
officially 1,8971 0,0010
drda 3,9120 0,0021
lance 3,5066 0,0019
level 0,0000 0,0000
author 0,0000 0,0000
interoperability 1,8326 0,0010
expansion 0,0619 0,0000
entry 0,8210 0,0004
license 0,0000 0,0000
disk 1,3471 0,0007
expand 0,0101 0,0000
subcommittee 2,8134 0,0015
wgmfdisplaywikibasedescription 0,0000 0,0000
retrieve 0,0000 0,0000
lorentz 4,6052 0,0025
datum 0,0408 0,0000
codd 2,6593 0,0014
code 0,0000 0,0000
wgdefaultdateformat 0,0000 0,0000
oppel 4,6052 0,0025
box 0,0408 0,0000
storage 0,3711 0,0002
boy 3,5066 0,0019
sql 1,0788 0,0006
head 0,7765 0,0008
total 0,0000 0,0000
jooq 4,6052 0,0025
deutsch 0,0943 0,0001
reserve 2,4079 0,0013
evaluierung 3,9120 0,0021
initiative 1,0217 0,0005
determine 0,7985 0,0004
src 0,6349 0,0003
osprey 4,6052 0,0025
control 0,1625 0,0001
attribution 0,0000 0,0000
purequery 4,6052 0,0025
essentially 2,2073 0,0012
vary 0,0619 0,0001
upper 0,0101 0,0000
ilog 4,6052 0,0025
discipline 1,1712 0,0006
calculus 2,3026 0,0012
decfloat 4,6052 0,0025
dynamics 1,8326 0,0010
expiry 0,0619 0,0000
minerva 0,0101 0,0000
brand 0,0000 0,0000
recent 0,0000 0,0000
they 0,0619 0,0001
diplomica 3,9120 0,0021
olb 4,6052 0,0025
edit 0,0000 0,0000
old 0,8675 0,0009
redwood 4,6052 0,0025
informally 2,5257 0,0013
then 0,3567 0,0002
node 0,0305 0,0000
concepts 1,1394 0,0006
adopt 0,9163 0,0005
atlanta 3,5066 0,0019
mainframe 2,1203 0,0011
archives 3,2189 0,0017
access 0,2877 0,0005
conference 0,3425 0,0002
gorsky 3,5066 0,0019
simi 0,9416 0,0005
cooperate 2,6593 0,0014
sum 1,9661 0,0010
simula 2,6593 0,0014
extended 2,2073 0,0012
selflink 0,0101 0,0000
current 0,0000 0,0000
xpath 2,5257 0,0013
nynorsk 1,2379 0,0007
variety 0,9943 0,0005
samuel 2,4079 0,0013
vector 0,0000 0,0000
key 0,0305 0,0000
cachereport 0,0000 0,0000
pretitle 1,3471 0,0007
decision 0,8675 0,0005
manager 0,8440 0,0004
jose 2,0402 0,0011
one 0,0943 0,0001
store 0,5447 0,0012
tagalog 1,2040 0,0006
bosanski 0,8916 0,0005
single 0,3147 0,0002
entityaccesscount 0,0000 0,0000
hill 1,7148 0,0009
country 1,3863 0,0007
commercial 0,8440 0,0004
joint 1,7148 0,0009
declare 1,6094 0,0017
available 0,0000 0,0000
frequency 1,6607 0,0009
ambiguity 2,4079 0,0013
variant 0,0619 0,0000
dynamic 0,7133 0,0004
terminator 3,5066 0,0019
oracle 0,8916 0,0005
query 1,1394 0,0012
this 0,1278 0,0001
norsk 0,3285 0,0002
demystify 3,2189 0,0017
memusage 0,0000 0,0000
tube 3,9120 0,0021
extract 1,7720 0,0009
especially 0,8210 0,0004
blockchain 2,0402 0,0011
know 0,2231 0,0001
support 0,1393 0,0001
mumps 4,6052 0,0025
drop 1,1394 0,0006
records 3,2189 0,0017
wgpopupsflag 0,0000 0,0000
polski 0,1165 0,0001
privacy 0,0000 0,0000
vertical 0,7985 0,0004
oql 3,5066 0,0019
life 0,9416 0,0005
proprietary 0,9676 0,0005
gap 1,2040 0,0006
monospaced 2,0402 0,0011
normal 0,0202 0,0000
wide 0,6539 0,0003
org 1,5141 0,0008
argue 1,4271 0,0008
technology 0,1863 0,0001
learson 4,6052 0,0025
wgarticleid 0,0000 0,0000
pagelanguagedir 0,0000 0,0000
wgcitereferencepreviewsactive 0,0000 0,0000
software 0,0000 0,0000
reach 1,2040 0,0006
none 0,0101 0,0000
type 0,0000 0,0000
april 0,0000 0,0000
optimization 0,8916 0,0005
justify 1,8326 0,0010
review 0,6162 0,0003
weather 2,4079 0,0013
connection 0,9676 0,0005
mutator 4,6052 0,0025
between 0,2107 0,0001
guide 0,3711 0,0004
amor 3,9120 0,0021
method 0,3147 0,0003
procedural 2,0402 0,0011
baseline 1,7720 0,0009
push 0,0000 0,0000
exist 0,4155 0,0004
concatenation 3,5066 0,0019
techrepublic 2,5257 0,0013
exact 1,5606 0,0008
force 1,0217 0,0005
sensitivity 2,6593 0,0014
insignificant 3,9120 0,0021
north 1,7148 0,0009
displaystyle 2,6593 0,0014
out 0,0000 0,0000
flaw 1,9661 0,0010
transcript 2,6593 0,0014
feature 0,0000 0,0000
get 0,0000 0,0000
dark 0,0101 0,0000
ginni 4,6052 0,0025
place 0,5447 0,0003
power 0,6733 0,0004
rometty 4,6052 0,0025
regular 1,2379 0,0007
mcjones 4,6052 0,0025
sell 1,3471 0,0007
suggest 1,0217 0,0005
lead 0,2231 0,0001
help 0,0000 0,0000
site 0,0000 0,0000
depth 0,0000 0,0000
elements 3,5066 0,0019
self 0,7133 0,0004
shrikanth 4,6052 0,0025
sharealike 0,0000 0,0000
date 0,3011 0,0003
categorical 2,8134 0,0015
argument 0,0513 0,0000
data 0,0000 0,0000
theoretical 1,6094 0,0009
own 0,4780 0,0003
wiki 1,2730 0,0007
wgpageviewlanguage 0,0000 0,0000
accesskey 0,0000 0,0000
should 0,3711 0,0002
create 0,0000 0,0000
criminal 2,2073 0,0012
tag 0,0000 0,0000
vsam 3,9120 0,0021
versa 3,5066 0,0019
matlab 2,3026 0,0012
development 0,1278 0,0001
individual 0,7985 0,0004
like 0,2231 0,0001
jamie 2,9957 0,0016
blob 2,5257 0,0013
person 0,6162 0,0003
enforce 1,4271 0,0008
concrete 1,8971 0,0010
here 0,0000 0,0000
note 0,4155 0,0002
purpose 0,5108 0,0003
line 0,0101 0,0000
link 0,0000 0,0000
distinct 1,3471 0,0007
can 0,0408 0,0000
computing 0,4155 0,0002
cap 0,0619 0,0001
contributor 0,0000 0,0000
subdivide 3,9120 0,0021
wgcanonicalnamespace 0,0000 0,0000
flex 0,5276 0,0003
ready 0,0000 0,0000
tcl 2,2073 0,0012
merative 4,6052 0,0025
wgisredirect 0,0000 0,0000
limited 0,8916 0,0005
textstyle 3,5066 0,0019
february 0,0000 0,0000
implementation 0,3147 0,0003
follow 0,2744 0,0003
really 1,5606 0,0008
readability 2,5257 0,0013
boolean 2,1203 0,0011
compliance 1,4271 0,0008
granite 3,5066 0,0019
responsive 0,0202 0,0000
challenge 0,6162 0,0003
category 0,0000 0,0000
informal 2,2073 0,0012
wikidata 0,0000 0,0000
