clockworkmod 4,6052 0,0010
carplay 3,5066 0,0008
half 1,7148 0,0004
upload 0,0000 0,0000
discourage 3,2189 0,0014
wgrestrictionmove 0,0000 0,0000
oversee 3,5066 0,0008
would 0,3425 0,0001
tee 4,6052 0,0010
oceania 3,9120 0,0008
ten 1,6607 0,0004
eweek 2,6593 0,0006
successfully 1,5141 0,0003
solid 0,0202 0,0000
antonio 2,9957 0,0006
notably 1,8326 0,0004
investment 1,5141 0,0003
require 0,0000 0,0000
scratch 2,1203 0,0005
backwards 2,5257 0,0005
scribunto 0,0000 0,0000
mcallister 3,5066 0,0008
size 0,0000 0,0000
left 0,0408 0,0000
cdx 0,0000 0,0000
handheld 3,5066 0,0008
eleven 3,5066 0,0008
rejoice 4,6052 0,0010
object 0,3711 0,0002
role 0,8916 0,0002
roll 1,9661 0,0008
notable 1,1394 0,0002
turn 1,0498 0,0009
ceo 1,5606 0,0003
miner 2,9957 0,0006
example 0,2485 0,0001
ces 4,6052 0,0010
result 0,2231 0,0001
skype 2,9957 0,0006
same 0,2357 0,0001
commission 1,4697 0,0006
after 0,0305 0,0000
flip 3,5066 0,0008
connect 0,8675 0,0004
boutin 4,6052 0,0010
hand 1,0217 0,0004
policy 0,0000 0,0000
rebuild 3,5066 0,0008
contractual 3,2189 0,0007
address 0,5621 0,0004
troll 3,9120 0,0008
pagelanguagecode 0,0000 0,0000
platypux 3,9120 0,0008
halt 2,5257 0,0005
sale 1,6607 0,0007
police 2,6593 0,0006
korora 3,9120 0,0008
norway 2,5257 0,0005
fifth 2,0402 0,0004
information 0,0000 0,0000
adrian 2,9957 0,0006
november 0,0000 0,0000
powered 3,9120 0,0008
good 0,4155 0,0003
empty 0,0305 0,0000
analytics 1,7720 0,0004
tie 2,0402 0,0004
serious 1,9661 0,0004
tim 1,0498 0,0002
implement 0,3285 0,0003
tip 3,2189 0,0007
export 0,0000 0,0000
beset 4,6052 0,0010
check 0,7985 0,0002
onto 1,8971 0,0004
chu 3,2189 0,0007
aside 2,8134 0,0006
peppermint 3,9120 0,0008
cia 2,6593 0,0006
makeuseof 4,6052 0,0010
harm 2,6593 0,0006
mainentity 0,0000 0,0000
cio 2,9957 0,0006
uninstalled 4,6052 0,0010
disclaimers 0,0000 0,0000
society 1,5141 0,0003
unsupported 2,3026 0,0005
provider 1,2730 0,0005
behavioral 2,0402 0,0004
root 0,4780 0,0003
lardinois 2,4079 0,0005
patrick 2,0402 0,0004
hard 1,1394 0,0002
tutorial 1,5141 0,0006
ticker 2,8134 0,0006
o'kane 4,6052 0,0010
citation 0,0101 0,0000
approval 2,1203 0,0005
multiple 0,2485 0,0001
versatile 3,5066 0,0008
room 1,7720 0,0004
better 1,8326 0,0004
plainlist 0,4463 0,0001
footprint 2,5257 0,0005
computerworld 1,7148 0,0004
automate 0,7340 0,0002
permit 1,3093 0,0003
well 0,2744 0,0002
handling 1,7148 0,0004
suitable 1,3471 0,0003
googlesource 4,6052 0,0010
splash 4,6052 0,0010
monobook 4,6052 0,0010
bitness 0,0000 0,0000
rgba 0,0101 0,0000
unstripnowiki 3,5066 0,0008
allegation 3,9120 0,0008
gadget 3,5066 0,0015
corel 3,9120 0,0008
schmidt 1,9661 0,0004
dummy 3,2189 0,0007
experiment 1,7720 0,0004
flop 4,6052 0,0010
uptodown 4,6052 0,0010
block 0,0408 0,0000
proffitt 3,5066 0,0008
flow 0,3425 0,0001
cooperation 2,3026 0,0005
order 0,4155 0,0001
boxtext 0,0619 0,0000
byte 0,0408 0,0000
buckley 3,2189 0,0007
destine 4,6052 0,0010
indonesia 0,3567 0,0001
intel 1,6094 0,0003
flog 4,6052 0,0010
minix 2,8134 0,0006
sydney 2,9957 0,0006
binary 0,9943 0,0002
remix 2,8134 0,0006
subsection 0,1508 0,0000
sunda 2,5257 0,0005
successor 1,5606 0,0003
boarisch 1,9661 0,0004
toc 0,0000 0,0000
protection 0,4463 0,0002
respectively 1,3863 0,0003
matter 1,2379 0,0003
mandatory 2,6593 0,0006
wgpagecontentmodel 0,0000 0,0000
trusty 4,6052 0,0010
relaunch 3,9120 0,0008
tom 1,3863 0,0003
top 0,0000 0,0000
technica 1,3093 0,0003
too 0,8916 0,0002
have 0,2744 0,0002
cnn 2,1203 0,0005
gaming 1,8971 0,0004
handsets 4,6052 0,0010
product 0,4005 0,0002
famous 2,9957 0,0006
question 0,9416 0,0002
walter 2,5257 0,0005
intellectual 2,3026 0,0005
produce 0,6931 0,0004
picture 2,1203 0,0005
disable 2,2073 0,0009
regard 1,1087 0,0002
rosa 3,2189 0,0007
thousand 1,5141 0,0006
infect 3,2189 0,0007
com 0,8210 0,0002
sacco 4,6052 0,0010
minor 1,7148 0,0004
brynjolfsson 3,5066 0,0008
fuel 2,3026 0,0005
anchorencode 2,8134 0,0006
bryan 2,4079 0,0005
employee 1,6094 0,0003
lab 1,3863 0,0006
upon 0,8916 0,0002
mageia 3,9120 0,0008
nougat 3,9120 0,0008
platforms 1,4697 0,0003
timeusage 0,0000 0,0000
automation 0,7550 0,0002
academic 1,3093 0,0003
function 0,0000 0,0000
raise 1,4271 0,0003
quite 2,2073 0,0005
traffic 1,5606 0,0003
comparison 0,4005 0,0002
including 4,6052 0,0010
law 1,2379 0,0005
tofel 4,6052 0,0010
unforkable 4,6052 0,0010
cpu 0,0408 0,0000
infobox 0,6931 0,0001
less 0,6162 0,0001
andy 1,8326 0,0004
eran 3,5066 0,0008
improve 0,2485 0,0001
parmar 3,9120 0,0008
violation 2,0402 0,0009
contractually 4,6052 0,0010
try 0,9676 0,0008
reinvent 3,2189 0,0007
chicken 3,5066 0,0008
gundotra 4,6052 0,0010
university 0,5621 0,0001
mapper 2,8134 0,0006
bloat 3,5066 0,0008
times 1,3093 0,0003
mayank 3,9120 0,0008
jelly 3,5066 0,0008
kalpana 4,6052 0,0010
timeless 0,0101 0,0000
direction 1,2379 0,0003
gnome 2,4079 0,0005
googleplex 3,9120 0,0008
aforementioned 3,2189 0,0007
luasandboxcallback 1,4271 0,0003
wgwmeschemaeditattemptstepoversample 0,0000 0,0000
cry 4,6052 0,0010
ttl 0,0000 0,0000
warman 4,6052 0,0010
investor 2,4079 0,0005
stable 0,7133 0,0002
harness 2,8134 0,0006
freemium 3,9120 0,0008
respond 1,3471 0,0009
cluster 1,2379 0,0003
japan 1,2730 0,0003
tug 4,6052 0,0010
marshmallow 3,5066 0,0008
slackware 3,9120 0,0008
lee 1,3471 0,0003
concern 0,8210 0,0005
rectify 4,6052 0,0010
integrity 1,3863 0,0003
mountain 2,9957 0,0006
stats 2,4079 0,0005
merge 1,6607 0,0004
pref 0,0000 0,0000
let 0,9943 0,0006
state 0,3425 0,0003
csrftoken 0,0000 0,0000
philippines 4,6052 0,0010
press 0,5621 0,0001
element 0,0000 0,0000
archbang 3,9120 0,0008
night 0,0000 0,0000
pace 2,9957 0,0006
picks 3,9120 0,0008
statt 4,6052 0,0010
vulnerability 1,3863 0,0006
pack 2,2073 0,0005
each 0,1393 0,0000
boland 4,6052 0,0010
cub 3,9120 0,0008
lewa 4,6052 0,0010
infringe 2,9957 0,0013
asahi 3,2189 0,0007
kaspersky 3,5066 0,0008
datawrapper 1,6094 0,0003
cut 1,7720 0,0004
entertainment 2,2073 0,0005
probably 2,3026 0,0005
warrior 3,2189 0,0007
document 0,4463 0,0002
jurisdiction 2,6593 0,0006
natasha 3,5066 0,0008
availability 1,1394 0,0002
battery 2,4079 0,0005
two 0,2744 0,0001
moment 2,6593 0,0006
promote 1,3093 0,0006
caixa 3,9120 0,0008
copyrightable 3,9120 0,0008
scenario 1,4271 0,0003
attack 1,1712 0,0005
wubuntu 3,9120 0,0008
distribute 0,3857 0,0002
flashlight 4,6052 0,0010
graphic 1,6094 0,0007
situation 1,2379 0,0005
think 0,9676 0,0004
portalleft 1,3093 0,0003
languages 1,3471 0,0003
budgie 3,9120 0,0008
librarian 3,5066 0,0008
services 1,1087 0,0002
team 0,4943 0,0002
gruman 4,6052 0,0010
marketing 1,2730 0,0003
preinstalled 3,9120 0,0008
wgusername 0,0000 0,0000
watch 1,6607 0,0007
mayerhofer 4,6052 0,0010
eadicicco 3,9120 0,0008
quit 3,5066 0,0008
brodkin 4,6052 0,0010
dataset 2,1203 0,0005
thing 1,0788 0,0005
optical 2,4079 0,0005
principle 0,7985 0,0002
source 0,1393 0,0001
screencast 4,6052 0,0010
telecommunication 2,8134 0,0006
domestic 2,6593 0,0006
unable 2,2073 0,0005
kevin 1,5606 0,0003
autosleep 4,6052 0,0010
compile 1,1712 0,0003
liu 2,2073 0,0005
budget 2,8134 0,0006
erik 2,3026 0,0005
tech 1,2040 0,0003
actual 1,1394 0,0002
glass 2,5257 0,0005
slideme 4,6052 0,0010
widely 0,7985 0,0002
eric 1,1394 0,0002
garun 3,9120 0,0008
develop 0,1863 0,0002
district 2,5257 0,0005
overall 1,1394 0,0002
page 0,0000 0,0000
uncertified 4,6052 0,0010
full 0,0202 0,0000
away 1,4271 0,0003
memory 0,0408 0,0000
gpay 4,6052 0,0010
vulkan 4,6052 0,0010
bootloader 3,5066 0,0015
kwame 4,6052 0,0010
lomas 4,6052 0,0010
enhance 0,8916 0,0002
recode 3,9120 0,0008
center 0,0000 0,0000
purchase 1,5141 0,0013
start 0,3011 0,0003
manage 0,3567 0,0003
wauters 3,5066 0,0008
bypass 2,1203 0,0005
frugalware 3,9120 0,0008
silicon 2,4079 0,0005
vectorlinux 3,9120 0,0008
fund 1,8971 0,0008
short 0,0000 0,0000
nixos 3,9120 0,0008
palo 2,8134 0,0006
studio 1,3471 0,0003
palm 2,9957 0,0006
lmg 4,6052 0,0010
interactive 0,4463 0,0001
preload 3,9120 0,0008
three 0,3711 0,0001
twitter 1,7720 0,0004
rowinski 4,6052 0,0010
moonshot 4,6052 0,0010
payment 2,0402 0,0009
specifically 0,8916 0,0002
enter 1,2040 0,0003
hardware 0,5798 0,0001
plaintiff 4,6052 0,0010
cameron 2,5257 0,0005
creative 0,0000 0,0000
nederlands 0,1985 0,0000
allocate 1,5606 0,0003
provide 0,1625 0,0001
wayback 0,7985 0,0002
centos 2,8134 0,0006
primary 0,7765 0,0002
loc 4,6052 0,0010
paula 4,6052 0,0010
clint 4,6052 0,0010
log 0,0000 0,0000
enterprise 0,4463 0,0001
consume 1,3471 0,0003
topologilinux 3,9120 0,0008
euskara 0,5108 0,0001
formation 2,4079 0,0005
anti 4,6052 0,0010
unknown 1,4271 0,0003
lot 1,5606 0,0003
advisor 3,5066 0,0008
computer 0,1863 0,0001
openjdk 2,8134 0,0006
premium 2,8134 0,0006
andreas 2,5257 0,0005
low 0,0101 0,0000
wgcategory 0,0000 0,0000
means 1,0217 0,0002
funding 1,6607 0,0004
initial 0,3857 0,0001
incisive 4,6052 0,0010
unstrip 0,0000 0,0000
backdoor 2,8134 0,0006
templateargumentsize 0,0000 0,0000
directmedia 3,5066 0,0008
motoblur 4,6052 0,0010
fetch 1,9661 0,0004
ubports 3,9120 0,0008
asturianu 1,2730 0,0003
barely 3,5066 0,0008
quick 1,3863 0,0003
headfirst 4,6052 0,0010
alliance 1,8971 0,0004
speedy 0,7133 0,0002
friendly 1,9661 0,0004
tell 1,5606 0,0007
improper 3,2189 0,0007
experience 0,7985 0,0003
italic 0,1278 0,0000
suspiciously 4,6052 0,0010
dan 0,9943 0,0002
euleros 3,9120 0,0008
ashmem 4,6052 0,0010
jordan 1,7148 0,0004
forcibly 4,6052 0,0010
redmi 4,6052 0,0010
day 0,0000 0,0000
combination 1,0788 0,0002
qualcomm 4,6052 0,0010
obtain 1,3471 0,0006
avast 2,6593 0,0006
format 0,0101 0,0000
particular 0,5978 0,0001
teller 3,5066 0,0008
water 2,6593 0,0006
formal 1,1394 0,0002
launcher 4,6052 0,0010
petrovan 4,6052 0,0010
manjaro 3,5066 0,0008
critical 0,8916 0,0002
mike 1,2040 0,0003
part 0,1985 0,0001
foursquare 3,9120 0,0008
wgpageparsereport 0,0000 0,0000
elsewhere 2,3026 0,0005
bike 4,6052 0,0010
netbook 3,5066 0,0015
browser 0,9943 0,0002
hiroshi 3,9120 0,0008
introduction 0,5621 0,0001
mikael 4,6052 0,0010
splashtop 3,9120 0,0008
flagship 4,6052 0,0010
lts 2,8134 0,0006
zoom 3,5066 0,0008
heavily 2,3026 0,0005
ltr 0,0000 0,0000
gingerbread 3,9120 0,0008
threadx 3,2189 0,0007
fadden 4,6052 0,0010
third 0,5447 0,0001
build 0,2357 0,0002
customised 4,6052 0,0010
interaction 0,8210 0,0002
lua 0,0513 0,0000
cheng 2,3026 0,0005
lightbulb 4,6052 0,0010
wireless 1,7720 0,0004
further 0,3711 0,0001
consumerist 4,6052 0,0010
electronics 1,5141 0,0003
stack 0,7340 0,0003
verizon 3,9120 0,0008
intellij 3,5066 0,0008
uyghurche 1,9661 0,0004
ambiguous 2,0402 0,0004
patras 4,6052 0,0010
portalborder 1,3093 0,0003
meier 3,5066 0,0008
crack 2,4079 0,0015
dev 1,7720 0,0008
biztech 4,6052 0,0010
dex 3,5066 0,0008
record 0,7765 0,0002
scanner 2,5257 0,0005
asturix 3,9120 0,0008
announcement 1,9661 0,0004
pass 0,8675 0,0004
past 1,8326 0,0004
impact 0,9163 0,0002
mild 3,9120 0,0008
profile 1,0788 0,0002
bill 1,5606 0,0003
megapixel 4,6052 0,0010
martonik 4,6052 0,0010
easy 0,6733 0,0001
whose 1,3471 0,0003
steamos 3,2189 0,0007
lubuntu 3,9120 0,0008
domain 0,6931 0,0001
statcounter 2,8134 0,0006
attitude 3,2189 0,0007
lwn 4,6052 0,0010
subgroup 0,0513 0,0000
dariusz 4,6052 0,0010
bharat 3,5066 0,0008
transparent 0,0619 0,0000
mint 3,2189 0,0007
adoption 0,8675 0,0002
citations 2,8134 0,0006
journal 0,4780 0,0001
unlike 1,2040 0,0003
term 0,0000 0,0000
acquisition 1,2040 0,0005
uiq 3,9120 0,0008
brad 2,3026 0,0005
business 0,3425 0,0001
mini 0,0619 0,0000
advent 2,4079 0,0005
involve 0,6539 0,0003
partly 2,8134 0,0006
possible 0,5276 0,0001
right 0,0101 0,0000
unwillingness 4,6052 0,0010
executable 1,3093 0,0003
doug 2,9957 0,0006
wikitext 0,0000 0,0000
tacker 4,6052 0,0010
showcase 2,9957 0,0006
desert 4,6052 0,0010
paul 0,7765 0,0002
under 0,0101 0,0000
taintdroid 4,6052 0,0010
quarter 2,8134 0,0006
ingrid 4,6052 0,0010
ryan 1,6094 0,0003
london 1,3863 0,0003
emergency 2,5257 0,0011
down 0,8440 0,0002
div 0,0000 0,0000
plurality 4,6052 0,0010
later 0,4005 0,0001
lookout 4,6052 0,0010
bird 3,9120 0,0008
clue 3,9120 0,0008
bracket 0,0619 0,0000
legal 1,1712 0,0003
linpus 3,9120 0,0008
signal 1,2730 0,0003
maemo 3,9120 0,0008
possibly 2,0402 0,0004
linhes 3,9120 0,0008
static 1,0217 0,0002
test 0,4463 0,0003
bray 2,8134 0,0006
finally 1,4271 0,0003
enforcement 2,0402 0,0004
thereafter 2,8134 0,0006
brown 1,8971 0,0004
mips 2,9957 0,0006
publicly 1,6094 0,0003
misleading 3,2189 0,0007
acceptance 1,9661 0,0004
month 0,7133 0,0003
dewitt 3,9120 0,0008
wgrevisionid 0,0000 0,0000
tackle 2,2073 0,0005
virtual 0,4620 0,0001
rather 0,5978 0,0001
back 0,6349 0,0001
endless 3,5066 0,0008
training 1,4697 0,0003
title 0,0000 0,0000
states 0,4943 0,0001
duration 2,4079 0,0005
bada 3,9120 0,0008
load 0,0202 0,0000
goldman 2,8134 0,0006
company 0,4308 0,0002
thomas 0,8675 0,0002
ricardo 3,5066 0,0008
misc 3,9120 0,0008
prince 3,5066 0,0008
mobithinking 4,6052 0,0010
kaios 3,5066 0,0008
relax 3,2189 0,0007
custom 0,0000 0,0000
kiswahili 1,2730 0,0003
advert 4,6052 0,0010
permission 1,6607 0,0007
schedule 1,1087 0,0002
blackberry 2,9957 0,0006
inherit 0,0101 0,0000
interpret 1,7148 0,0004
wiggers 2,9957 0,0006
grant 1,6094 0,0014
articles 1,0217 0,0002
upcoming 2,2073 0,0005
miui 3,5066 0,0008
verity 3,9120 0,0008
attempt 0,8440 0,0005
division 2,0402 0,0004
dmy 0,0000 0,0000
navigation 0,0000 0,0000
supplier 2,2073 0,0005
fingerprint 3,9120 0,0008
uos 3,9120 0,0008
chloe 3,9120 0,0008
lock 0,0101 0,0000
mimic 2,8134 0,0006
pitch 4,6052 0,0010
text 0,0000 0,0000
usually 0,4780 0,0001
whereas 1,4271 0,0003
fear 2,8134 0,0006
ppvisitednode 0,0000 0,0000
cookie 0,0000 0,0000
dobie 4,6052 0,0010
printer 2,2073 0,0005
statue 3,9120 0,0017
sense 1,3093 0,0003
brew 3,5066 0,0008
murali 4,6052 0,0010
contents 0,0000 0,0000
invalid 2,2073 0,0005
doc 1,8326 0,0004
legitimate 2,6593 0,0006
dog 2,9957 0,0006
doj 3,9120 0,0008
doi 0,4155 0,0001
status 0,0000 0,0000
eurogamer 4,6052 0,0010
mage 3,9120 0,0008
server 0,4005 0,0002
don 1,9661 0,0004
hyundai 3,5066 0,0008
skia 3,9120 0,0008
goodbye 3,5066 0,0008
dot 0,8210 0,0002
skin 0,0000 0,0000
tailor 2,2073 0,0005
mac 1,3471 0,0003
mention 1,7148 0,0004
government 1,2379 0,0003
zircon 3,9120 0,0008
thales 3,9120 0,0008
joshua 1,8326 0,0004
stream 1,0788 0,0005
herald 3,5066 0,0008
coalition 3,9120 0,0008
brin 3,2189 0,0007
man 1,8326 0,0004
map 0,8210 0,0002
mat 3,5066 0,0008
exponentially 2,9957 0,0006
hannah 2,9957 0,0006
may 0,0000 0,0000
max 0,0513 0,0000
raphael 4,6052 0,0010
url 0,0000 0,0000
vlad 3,2189 0,0007
poeter 3,9120 0,0008
scoped 3,9120 0,0008
comparable 2,9957 0,0006
gentoo 2,9957 0,0006
presumably 3,9120 0,0008
usb 2,0402 0,0004
subject 1,1087 0,0002
use 0,0000 0,0000
usd 2,9957 0,0006
edward 2,5257 0,0005
feel 1,8326 0,0008
main 0,0000 0,0000
mcc 3,9120 0,0008
evict 4,6052 0,0010
revenue 1,8971 0,0008
haptic 3,5066 0,0008
karen 2,9957 0,0006
logo 0,0000 0,0000
rubin 3,5066 0,0008
drm 2,9957 0,0006
combine 0,7340 0,0003
likes 4,6052 0,0010
crowdfund 3,5066 0,0008
ideal 2,1203 0,0005
utc 0,0000 0,0000
malagasy 2,4079 0,0005
equipment 1,6094 0,0003
pressure 2,4079 0,0010
streak 3,9120 0,0008
sistersitebox 0,6539 0,0001
null 0,0000 0,0000
background 0,0101 0,0000
codename 2,8134 0,0018
dsi 3,5066 0,0008
watchtoken 0,0000 0,0000
chacos 4,6052 0,0010
antergos 3,9120 0,0008
betawi 3,5066 0,0008
mdy 1,6094 0,0003
paradigm 1,1394 0,0002
blend 3,5066 0,0008
breath 4,6052 0,0010
ball 2,6593 0,0006
bali 2,8134 0,0006
mel 4,6052 0,0010
microg 4,6052 0,0010
repeat 0,0101 0,0000
mer 3,5066 0,0008
physical 1,0217 0,0002
aliyun 3,9120 0,0008
make 0,1165 0,0001
reichert 4,6052 0,0010
kotlin 2,4079 0,0005
thread 1,2379 0,0003
structure 0,4155 0,0001
intensity 4,6052 0,0010
orange 3,5066 0,0008
stake 2,4079 0,0005
eset 4,6052 0,0010
due 0,5108 0,0001
conform 1,7148 0,0004
opam 4,6052 0,0010
jurix 3,9120 0,0008
threat 1,7148 0,0007
lohr 3,2189 0,0007
xiaomi 3,9120 0,0008
inform 1,6607 0,0004
depend 0,7340 0,0005
sized 2,8134 0,0006
commit 1,2730 0,0005
unpatch 4,6052 0,0010
ryne 4,6052 0,0010
patch 1,5141 0,0003
elmer 3,9120 0,0008
jemielniak 4,6052 0,0010
above 1,0788 0,0002
drawing 3,5066 0,0008
stick 2,8134 0,0012
band 2,5257 0,0005
recursion 0,0513 0,0000
height 0,0101 0,0000
august 0,0000 0,0000
receiver 2,5257 0,0005
module 0,0000 0,0000
wikibase 0,0619 0,0000
execute 0,6733 0,0001
substantial 2,1203 0,0005
whitson 4,6052 0,0010
benefit 0,9416 0,0002
datemodify 0,0619 0,0000
quality 0,8916 0,0002
kendrick 4,6052 0,0010
vastly 3,2189 0,0007
miller 1,7720 0,0004
unique 1,2379 0,0003
consistently 2,0402 0,0004
boost 1,9661 0,0004
hrvatski 0,7550 0,0002
roundup 2,9957 0,0006
wccftech 4,6052 0,0010
aokp 4,6052 0,0010
ambitiously 4,6052 0,0010
notheme 0,3711 0,0001
customization 2,5257 0,0011
examine 1,5606 0,0003
betanews 3,9120 0,0008
latitude 3,9120 0,0008
scan 1,9661 0,0013
albanesius 3,9120 0,0008
association 1,0498 0,0002
eliminate 1,1712 0,0003
industry 0,7550 0,0002
believe 1,8326 0,0004
fragmentation 2,6593 0,0006
long 0,4005 0,0003
remember 2,5257 0,0005
into 0,1985 0,0000
min 0,1165 0,0000
partition 1,3471 0,0003
mit 1,2040 0,0003
relationship 1,0788 0,0002
mix 1,2379 0,0003
controller 1,5141 0,0006
xperia 4,6052 0,0010
middle 0,7765 0,0002
star 2,0402 0,0004
though 0,8440 0,0002
mann 2,8134 0,0006
appeal 2,4079 0,0005
many 0,2357 0,0001
gordon 2,5257 0,0005
releases 1,7720 0,0004
stay 2,1203 0,0005
dedicate 2,1203 0,0005
appear 0,8210 0,0004
extensive 1,5141 0,0003
stab 3,9120 0,0008
collaboration 1,1394 0,0002
inspire 1,6094 0,0003
associated 1,8326 0,0004
admob 3,9120 0,0008
respected 3,9120 0,0008
open 0,1625 0,0001
seller 3,2189 0,0007
treat 1,3863 0,0009
gorman 3,9120 0,0008
tbody 0,6931 0,0001
invest 1,7720 0,0004
qemu 3,5066 0,0008
rapid 1,3093 0,0003
project 0,0000 0,0000
seven 1,8326 0,0004
arena 2,0402 0,0004
enhancement 0,0101 0,0000
ndtv 4,6052 0,0010
barr 3,2189 0,0007
reformat 3,9120 0,0008
techcrunch 1,3093 0,0003
california 1,2379 0,0003
mckay 4,6052 0,0010
invert 2,5257 0,0005
maps 2,6593 0,0006
solutions 1,8971 0,0004
look 0,7765 0,0005
modification 1,4271 0,0006
discrete 1,8326 0,0004
chromecast 3,9120 0,0008
korea 2,1203 0,0005
misfire 4,6052 0,0010
cranz 4,6052 0,0010
driverless 3,9120 0,0008
inux 3,9120 0,0008
bitdefender 4,6052 0,0010
glibc 3,2189 0,0007
internet 0,5447 0,0001
allow 0,1863 0,0002
fairsearch 3,9120 0,0008
wired 1,2040 0,0003
mass 1,8971 0,0004
efront 4,6052 0,0010
proper 1,5606 0,0003
revoke 2,5257 0,0005
speed 0,9416 0,0004
gesture 2,9957 0,0006
apple 1,1712 0,0003
patel 2,9957 0,0006
admit 2,8134 0,0012
common 0,3711 0,0001
interest 0,9943 0,0002
themselves 1,1394 0,0002
placeholder 0,0000 0,0000
basa 2,0402 0,0004
apply 0,0000 0,0000
recently 1,5141 0,0003
conditt 4,6052 0,0010
incredible 3,9120 0,0008
layout 2,1203 0,0005
money 1,6094 0,0003
lucian 3,9120 0,0008
step 0,7765 0,0003
illogical 4,6052 0,0010
mark 0,6733 0,0003
agam 4,6052 0,0010
base 0,0305 0,0000
stem 2,5257 0,0011
disconnect 3,5066 0,0015
trend 1,7148 0,0004
whole 1,2040 0,0003
nspire 4,6052 0,0010
reliable 0,7765 0,0002
incentive 2,0402 0,0004
relate 0,0000 0,0000
stealth 4,6052 0,0010
controlling 3,2189 0,0007
obstacle 2,5257 0,0005
reflist 0,0101 0,0000
nextbit 4,6052 0,0010
still 0,5447 0,0001
van 1,3093 0,0003
isaac 2,9957 0,0006
aosp 3,9120 0,0008
collaborative 1,8971 0,0004
resemblance 4,6052 0,0010
var 0,0000 0,0000
work 0,2231 0,0001
exceptional 3,2189 0,0007
lose 1,3093 0,0008
matt 1,7720 0,0004
constitute 2,1203 0,0005
zorin 3,9120 0,0008
appellant 4,6052 0,0010
toward 1,5606 0,0003
axel 3,5066 0,0008
trent 3,5066 0,0008
among 0,5276 0,0001
convince 2,6593 0,0006
mate 3,5066 0,0008
srpski 0,3711 0,0001
registration 0,0101 0,0000
wikitable 4,6052 0,0010
lenovo 3,5066 0,0008
word 0,0101 0,0000
contractor 2,9957 0,0006
love 2,5257 0,0011
extension 0,6349 0,0003
internal 0,8210 0,0002
deprecate 1,6607 0,0004
enjoy 3,2189 0,0007
foundation 0,0000 0,0000
secret 1,6607 0,0007
bluestacks 3,5066 0,0008
edubuntu 3,9120 0,0008
across 0,5798 0,0001
flexibility 1,7148 0,0004
installation 1,6094 0,0007
federal 1,7148 0,0004
verify 1,5141 0,0010
europe 1,7720 0,0004
firmware 2,3026 0,0005
academy 1,8971 0,0004
reward 2,5257 0,0005
include 0,0000 0,0000
alongside 1,6607 0,0004
d'orazio 4,6052 0,0010
facebook 1,3863 0,0003
aged 4,6052 0,0010
torvalds 2,4079 0,0005
chakra 2,8134 0,0006
ipados 2,8134 0,0006
opinion 1,8971 0,0004
altogether 2,8134 0,0006
przegalinska 4,6052 0,0010
pritchard 3,9120 0,0008
inbox 3,5066 0,0008
grapheneos 3,9120 0,0008
indian 2,2073 0,0005
mcferran 4,6052 0,0010
sharma 2,8134 0,0006
insult 4,6052 0,0010
voice 1,6094 0,0003
klug 4,6052 0,0010
float 0,0101 0,0000
transclusion 0,0619 0,0000
caldera 3,9120 0,0008
oppo 4,6052 0,0010
defendant 3,5066 0,0008
coarse 3,9120 0,0008
html 0,4463 0,0001
burnette 4,6052 0,0010
exaggerate 4,6052 0,0010
rawlinson 3,9120 0,0008
fotoframe 4,6052 0,0010
streamline 2,5257 0,0011
discover 1,2379 0,0003
capture 1,4697 0,0006
paranoid 3,5066 0,0008
revision 0,0000 0,0000
gemini 2,5257 0,0005
blackarch 3,9120 0,0008
haslam 3,9120 0,0008
xobotos 4,6052 0,0010
bullying 4,6052 0,0010
eee 4,6052 0,0010
configuration 0,7550 0,0002
scientific 1,1712 0,0003
blankon 3,9120 0,0008
rlstate 0,0000 0,0000
asteroid 4,6052 0,0010
commonplace 3,2189 0,0007
platform 0,0000 0,0000
spend 1,3863 0,0003
iteration 2,4079 0,0010
ashlee 3,9120 0,0008
greenbot 4,6052 0,0010
monolithic 2,0402 0,0004
advantage 0,9676 0,0004
assistant 2,4079 0,0005
instead 0,4463 0,0001
controversy 1,7720 0,0004
command 0,7133 0,0002
jack 2,3026 0,0005
dessert 4,6052 0,0020
mwc 4,6052 0,0010
wiktionary 0,5798 0,0001
landscape 2,2073 0,0005
exception 1,3471 0,0006
renderscript 3,9120 0,0008
smartphone 2,3026 0,0010
egg 2,8134 0,0006
elgin 3,9120 0,0008
scop 2,6593 0,0006
saved 0,0619 0,0000
year 0,2614 0,0001
laptop 1,9661 0,0008
musix 3,9120 0,0008
branch 1,5606 0,0007
urge 2,6593 0,0011
via 0,3011 0,0001
chimera 3,9120 0,0008
hornjoserbsce 2,6593 0,0006
vic 4,6052 0,0010
pclinuxos 3,9120 0,0008
music 1,7720 0,0004
barcelona 3,5066 0,0008
visual 0,9416 0,0002
because 0,0000 0,0000
near 1,2730 0,0005
springer 0,9676 0,0002
coloros 3,9120 0,0008
agreement 1,3093 0,0006
upgrade 1,5141 0,0010
viz 4,6052 0,0010
google 0,4005 0,0001
community 0,0000 0,0000
version 0,0000 0,0000
capitalize 3,2189 0,0007
planning 1,6094 0,0003
selection 1,5141 0,0003
stop 1,1394 0,0005
eesti 0,3285 0,0001
lxle 3,9120 0,0008
twrp 4,6052 0,0010
detail 0,7133 0,0003
businessweek 2,5257 0,0005
customizable 3,2189 0,0007
least 0,9676 0,0002
utility 1,2730 0,0003
immediately 1,5141 0,0003
oneplus 4,6052 0,0010
subsequently 1,6094 0,0003
sleep 3,2189 0,0007
refuse 2,3026 0,0010
handylinux 3,9120 0,0008
wikipedia 0,0000 0,0000
behavior 0,8210 0,0002
franceschi 3,5066 0,0008
afrikaans 0,9416 0,0002
herrman 4,6052 0,0010
website 0,3711 0,0002
learn 0,0000 0,0000
slax 3,9120 0,0008
magnetometer 4,6052 0,0010
onset 4,6052 0,0010
headphone 3,9120 0,0008
ericsson 3,5066 0,0008
emerge 1,2730 0,0005
axon 4,6052 0,0010
thumbinner 2,9957 0,0006
exploit 1,6607 0,0011
sweet 3,9120 0,0017
anniversary 2,8134 0,0006
republic 0,8916 0,0002
sprint 2,8134 0,0006
entangle 3,9120 0,0008
qwerty 4,6052 0,0010
official 0,6162 0,0001
antipiracy 4,6052 0,0010
whirlwind 4,6052 0,0010
leave 0,0101 0,0000
kindle 3,2189 0,0007
microphone 2,9957 0,0013
partitions 4,6052 0,0010
intrusive 3,9120 0,0008
need 0,1393 0,0001
originally 0,8675 0,0002
often 0,2877 0,0001
elt 0,6931 0,0001
insist 2,9957 0,0006
volume 1,1712 0,0005
dreamlinux 3,9120 0,0008
nefarious 3,5066 0,0008
canada 1,6607 0,0004
guideline 1,3471 0,0003
http 0,0000 0,0000
decimal 0,0101 0,0000
vaughan 2,5257 0,0005
damon 3,5066 0,0008
private 0,8210 0,0002
technical 0,6349 0,0001
von 2,4079 0,0005
engine 0,4780 0,0002
end 0,3011 0,0003
satellite 2,5257 0,0005
vox 2,6593 0,0006
jake 2,9957 0,0006
mistake 2,0402 0,0004
wgdigittransformtable 0,0000 0,0000
rich 1,3093 0,0003
rice 2,9957 0,0006
special 0,0000 0,0000
horizon 2,5257 0,0005
environment 0,4308 0,0002
rootkit 3,9120 0,0008
pronounce 2,5257 0,0005
family 1,0217 0,0004
slightly 1,8326 0,0004
copyright 1,6607 0,0007
education 1,0788 0,0002
eol 4,6052 0,0010
release 0,2744 0,0002
pagan 4,6052 0,0010
explode 3,9120 0,0008
judge 2,5257 0,0005
manipulate 1,4271 0,0003
similar 0,4780 0,0001
wearable 2,5257 0,0011
programmer 0,9416 0,0002
quinton 4,6052 0,0010
specify 0,6349 0,0003
neil 2,4079 0,0005
myslewski 3,9120 0,0008
forth 1,8971 0,0004
uhrman 4,6052 0,0010
moynihan 4,6052 0,0010
relevance 3,2189 0,0007
converge 2,6593 0,0006
driver 1,3471 0,0003
phonearena 4,6052 0,0010
vrworld 4,6052 0,0010
against 0,6931 0,0001
cell 0,4308 0,0001
login 2,4079 0,0005
savov 3,9120 0,0008
singel 3,9120 0,0008
manufacturer 2,3026 0,0010
valid 1,4271 0,0003
encourage 1,5141 0,0006
era 2,2073 0,0005
mcpherson 3,9120 0,0008
share 0,4620 0,0003
ncr 4,6052 0,0010
foldable 4,6052 0,0010
grush 4,6052 0,0010
deployment 0,7985 0,0002
thoroughly 3,5066 0,0008
television 2,3026 0,0005
nichols 2,4079 0,0005
sharp 2,6593 0,0006
ndk 3,9120 0,0008
pentoo 3,9120 0,0008
penton 3,9120 0,0008
mozur 3,9120 0,0008
shake 2,8134 0,0006
screen 0,0101 0,0000
writeable 3,9120 0,0008
skanda 4,6052 0,0010
vibration 3,2189 0,0007
trial 2,4079 0,0005
pages 0,0000 0,0000
optimize 1,0217 0,0002
openembedded 2,9957 0,0006
ophone 4,6052 0,0010
newpp 0,0619 0,0000
new 0,0000 0,0000
alphabetical 2,2073 0,0005
charlatan 4,6052 0,0010
below 0,7550 0,0002
rapaka 4,6052 0,0010
woods 3,5066 0,0008
heater 3,5066 0,0008
pixelexperience 3,9120 0,0008
conger 4,6052 0,0010
tool 0,0000 0,0000
svenska 0,3857 0,0001
activate 2,2073 0,0014
mcafee 3,2189 0,0007
cosplay 4,6052 0,0010
shame 3,9120 0,0017
mandate 2,1203 0,0014
martha 3,9120 0,0008
uruk 3,9120 0,0008
financial 1,4697 0,0003
wgpagecontentlanguage 0,0000 0,0000
respective 2,0402 0,0004
media 0,2485 0,0001
trick 2,6593 0,0006
around 0,6931 0,0001
harden 2,9957 0,0006
bertel 4,6052 0,0010
eve 3,5066 0,0008
define 0,2744 0,0001
cawley 3,9120 0,0008
douglas 1,7148 0,0004
render 0,0513 0,0000
interlingua 1,3093 0,0003
neon 3,5066 0,0008
manifest 2,9957 0,0006
freedombox 3,2189 0,0007
quartz 2,5257 0,0005
requirement 0,5798 0,0002
gunther 3,9120 0,0008
specific 0,2877 0,0001
prioritize 2,1203 0,0005
engage 2,2073 0,0005
strategy 0,7340 0,0002
techradar 3,9120 0,0008
amendment 2,9957 0,0006
maintain 0,3567 0,0002
preprocessor 0,0513 0,0000
corbet 3,5066 0,0008
natively 2,4079 0,0005
commodore 3,5066 0,0008
mbox 0,7133 0,0002
professional 0,9416 0,0002
nobara 3,9120 0,0008
java 0,6162 0,0001
cordova 3,5066 0,0008
undervolt 4,6052 0,0010
pivot 3,2189 0,0007
fully 0,8210 0,0002
cache 0,0305 0,0000
suomi 0,2107 0,0000
remain 0,7550 0,0005
openmoko 3,5066 0,0008
patches 4,6052 0,0010
enwikimwclientpreference 0,0000 0,0000
rlpagemodules 0,0000 0,0000
monitoring 1,6094 0,0003
uzair 4,6052 0,0010
toss 4,6052 0,0010
eye 2,3026 0,0005
envelope 3,9120 0,0008
himself 3,2189 0,0007
dictionary 1,2040 0,0005
slow 1,1087 0,0002
samea 0,0000 0,0000
treble 4,6052 0,0010
flash 2,1203 0,0005
continent 3,9120 0,0017
another 0,3567 0,0001
automatically 0,7765 0,0002
kateos 3,9120 0,0008
pagevariantfallback 0,0000 0,0000
guarantee 1,3093 0,0003
recommend 1,4697 0,0006
webarchive 0,7985 0,0002
default 0,6931 0,0001
encryption 1,1712 0,0003
vendor 1,1087 0,0005
wgmonthname 0,0000 0,0000
advertisement 2,2073 0,0005
disabled 0,0000 0,0000
attribute 0,7765 0,0002
timestamp 0,0000 0,0000
alternatively 2,4079 0,0005
black 1,5141 0,0003
garrett 2,9957 0,0006
sadun 4,6052 0,0010
persuade 4,6052 0,0010
gradle 4,6052 0,0010
jawa 2,0402 0,0004
boring 4,6052 0,0010
such 0,0943 0,0000
optimus 4,6052 0,0010
cnet 1,7720 0,0004
plugin 1,9661 0,0004
absolute 2,0402 0,0004
describe 0,2485 0,0001
technological 1,9661 0,0004
perry 2,9957 0,0006
mahapatra 4,6052 0,0010
corbin 4,6052 0,0010
hugo 3,5066 0,0008
chishona 3,5066 0,0008
incorporate 1,1712 0,0005
philip 1,8971 0,0004
microsoft 0,4005 0,0001
operator 1,1712 0,0003
research 0,5621 0,0001
lifecycle 1,8971 0,0004
white 0,0305 0,0000
donut 3,9120 0,0008
segment 1,8326 0,0004
thailand 3,2189 0,0007
cambridge 1,5141 0,0003
huge 1,8326 0,0004
attractive 3,5066 0,0008
sqlite 3,5066 0,0008
leith 3,9120 0,0008
bloomberg 1,7148 0,0004
might 0,7340 0,0002
engineering 0,3857 0,0001
sharing 1,7148 0,0004
sohail 4,6052 0,0010
remand 4,6052 0,0010
next 0,5798 0,0001
color 0,0101 0,0000
hidden 1,6094 0,0003
occupy 2,6593 0,0006
string 1,2040 0,0003
submit 1,6094 0,0003
nearly 1,4697 0,0003
non 2,3026 0,0005
button 1,7720 0,0008
conclusion 2,4079 0,0005
nor 1,7720 0,0004
usable 2,1203 0,0005
not 0,0101 0,0000
central 0,9416 0,0002
trademarking 4,6052 0,0010
now 0,4308 0,0001
statement 0,0000 0,0000
trademark 0,0101 0,0000
factor 1,1712 0,0005
cnil 4,6052 0,0010
floppyfw 3,9120 0,0008
greek 0,0101 0,0000
news 0,4620 0,0001
delivery 1,4697 0,0003
pinch 3,9120 0,0008
green 1,3863 0,0003
race 1,8971 0,0004
effectively 1,3093 0,0003
barometer 4,6052 0,0010
war 1,8326 0,0008
regalado 3,9120 0,0008
way 0,2485 0,0001
jeffrey 1,7148 0,0004
ronald 2,8134 0,0006
antitrust 2,8134 0,0006
finnish 2,9957 0,0006
risc 2,6593 0,0006
brightness 3,9120 0,0008
what 0,0000 0,0000
fedora 2,2073 0,0005
furthermore 1,6607 0,0004
african 2,9957 0,0006
israel 0,7550 0,0002
timely 3,5066 0,0008
risk 0,8916 0,0002
window 1,5606 0,0003
rise 1,2379 0,0008
greg 2,0402 0,0004
container 0,0000 0,0000
erick 3,9120 0,0008
play 1,1712 0,0008
omnirom 3,9120 0,0008
yarow 4,6052 0,0010
quickly 1,1087 0,0002
charles 1,2730 0,0003
decide 0,9943 0,0002
nearby 0,0000 0,0000
when 0,0834 0,0000
instruments 2,9957 0,0006
far 1,2730 0,0003
univision 4,6052 0,0010
fas 4,6052 0,0010
catch 2,0402 0,0009
embed 0,9163 0,0002
plan 0,7985 0,0003
dashboard 2,0402 0,0004
nokia 2,0402 0,0004
give 0,4780 0,0004
galen 4,6052 0,0010
wgmediavieweronclick 0,0000 0,0000
double 1,0498 0,0002
wgulsposition 0,0000 0,0000
melayu 0,6349 0,0001
davis 1,7148 0,0004
wgbreakframe 0,0000 0,0000
italiano 0,1278 0,0000
completely 1,4271 0,0003
suit 1,9661 0,0008
nsa 2,8134 0,0006
browse 3,2189 0,0007
uclibc 3,2189 0,0007
archos 4,6052 0,0010
explicitly 1,2040 0,0003
study 0,9416 0,0002
widget 2,4079 0,0005
diag 4,6052 0,0010
portion 1,5141 0,0003
direct 0,8440 0,0004
statistica 3,5066 0,0008
commons 0,0000 0,0000
gain 0,8916 0,0006
arabia 2,9957 0,0006
fcm 4,6052 0,0010
julie 2,6593 0,0006
web 0,1165 0,0000
leaky 3,9120 0,0008
kovach 3,9120 0,0008
jacqui 3,2189 0,0007
nvidia 2,6593 0,0006
dial 3,5066 0,0008
grip 4,6052 0,0010
explore 1,9661 0,0004
niccolai 3,2189 0,0007
opengl 3,5066 0,0008
great 0,8675 0,0002
wrong 2,1203 0,0005
flail 4,6052 0,0010
criticize 1,5141 0,0006
organization 0,0000 0,0000
width 0,0000 0,0000
dominance 2,8134 0,0006
certain 0,6162 0,0001
board 1,0217 0,0002
erica 3,5066 0,0008
charlie 2,6593 0,0006
statistics 0,0000 0,0000
monkey 3,5066 0,0008
fee 2,2073 0,0009
baidu 2,4079 0,0005
section 0,7340 0,0003
used 2,3026 0,0005
constantly 2,4079 0,0005
notification 1,8971 0,0008
overflow 0,3567 0,0002
raja 3,9120 0,0008
roboto 3,9120 0,0008
theoretically 2,9957 0,0006
few 0,7133 0,0003
otherwise 1,3863 0,0003
licence 3,2189 0,0007
visible 0,0101 0,0000
orient 0,5447 0,0001
survival 2,8134 0,0006
inner 2,4079 0,0005
denominator 3,5066 0,0008
inflight 4,6052 0,0010
parabola 3,9120 0,0008
market 0,9943 0,0009
obsolescence 3,5066 0,0008
outside 1,1087 0,0002
overhaul 2,8134 0,0006
alpine 3,9120 0,0008
effect 0,8440 0,0002
keep 0,6733 0,0001
elementary 2,9957 0,0006
topic 0,0000 0,0000
ipad 2,9957 0,0013
automotive 1,8971 0,0004
option 0,9416 0,0004
who 0,5621 0,0001
game 0,7765 0,0003
globally 1,9661 0,0004
crucial 2,1203 0,0005
nimblex 3,9120 0,0008
unveil 2,3026 0,0010
contribute 0,0000 0,0000
why 0,6539 0,0001
droid 4,6052 0,0010
oldid 2,0402 0,0004
rocky 3,5066 0,0008
integrated 1,2379 0,0003
relaxed 3,9120 0,0008
alone 1,7148 0,0004
donor 3,5066 0,0008
along 0,7340 0,0002
rocks 3,5066 0,0008
david 0,5798 0,0001
lawee 4,6052 0,0010
win 1,7148 0,0007
breach 1,6094 0,0007
handful 3,5066 0,0008
nxp 4,6052 0,0010
designer 1,2730 0,0003
terminal 1,7720 0,0008
irina 4,6052 0,0010
surpass 2,3026 0,0015
various 0,3857 0,0001
landline 4,6052 0,0010
visit 0,0408 0,0000
user 0,0000 0,0000
approx 4,6052 0,0010
suse 2,6593 0,0006
bring 0,9676 0,0008
tooltip 0,8675 0,0002
robot 2,1203 0,0009
fix 0,5108 0,0004
ziff 2,8134 0,0006
warfare 2,5257 0,0005
assumption 1,8971 0,0004
giant 2,1203 0,0005
rank 2,1203 0,0009
addition 0,6733 0,0001
neglect 2,6593 0,0006
ad 2,8134 0,0006
grow 0,8675 0,0007
sure 2,1203 0,0005
shrink 3,2189 0,0014
supremacy 3,5066 0,0008
former 1,3093 0,0003
saudi 2,9957 0,0006
extend 0,6162 0,0005
moyer 4,6052 0,0010
ar 1,5141 0,0003
fold 2,6593 0,0006
proxy 1,7148 0,0004
steven 1,4697 0,0003
imageobject 0,0000 0,0000
lunduke 3,9120 0,0008
puppy 3,9120 0,0008
folk 4,6052 0,0010
simultaneously 1,6094 0,0003
hurt 2,9957 0,0006
lynn 3,5066 0,0008
mksh 4,6052 0,0010
be 0,1508 0,0001
prove 1,3093 0,0003
expansiondepth 0,0000 0,0000
customize 1,5141 0,0010
virus 2,4079 0,0010
communications 1,2040 0,0003
search 0,0000 0,0000
spacing 0,0619 0,0000
systems 0,4780 0,0001
wgrelevantpagename 0,0000 0,0000
popularity 1,3093 0,0003
arxiv 1,3471 0,0003
cardboard 3,9120 0,0008
shambles 4,6052 0,0010
dibona 4,6052 0,0010
charge 1,6094 0,0010
systemd 3,5066 0,0008
shqip 0,6931 0,0001
familiar 2,0402 0,0004
firebase 3,9120 0,0008
breathe 3,9120 0,0008
lorenzo 3,2189 0,0007
food 2,0402 0,0004
actor 2,5257 0,0005
partner 1,7720 0,0011
skeptical 3,9120 0,0008
wgaction 0,0000 0,0000
unfit 1,8326 0,0004
freely 1,8326 0,0004
interview 1,5606 0,0003
font 0,0000 0,0000
ditch 3,5066 0,0015
language 0,0000 0,0000
do 0,1625 0,0001
murky 4,6052 0,0010
gary 2,3026 0,0005
startup 1,2040 0,0003
rare 1,8971 0,0004
justin 2,3026 0,0005
warning 1,8326 0,0004
exclude 2,3026 0,0005
flyme 4,6052 0,0010
scary 3,9120 0,0008
criticism 1,1394 0,0002
image 0,0202 0,0000
motherboard 2,6593 0,0006
mainland 4,6052 0,0010
wiley 1,1712 0,0003
never 1,1712 0,0003
celebration 3,2189 0,0007
palmdos 3,9120 0,0008
terry 2,5257 0,0005
refrigerator 3,5066 0,0008
salon 4,6052 0,0010
origin 0,0000 0,0000
corinne 3,9120 0,0008
marguertite 4,6052 0,0010
india 1,4271 0,0003
content 0,0000 0,0000
random 0,0000 0,0000
rosenblatt 2,8134 0,0006
desktop 1,0788 0,0005
incrementally 3,2189 0,0007
rate 1,2730 0,0005
sanction 2,4079 0,0010
foss 1,8971 0,0004
antix 3,9120 0,0008
class 0,0000 0,0000
contrary 2,6593 0,0006
gehomepagesuggestededitsenabletopic 0,0000 0,0000
digital 0,6162 0,0001
go 0,9943 0,0006
specification 0,7133 0,0002
armors 4,6052 0,0010
counter 0,0408 0,0000
fork 1,1394 0,0007
clark 2,0402 0,0004
form 0,3011 0,0002
management 0,2231 0,0000
publish 0,4463 0,0002
he 0,6733 0,0001
withdraw 2,6593 0,0006
feather 3,2189 0,0007
very 0,5978 0,0001
practice 0,6349 0,0003
wsa 4,6052 0,0010
congress 2,3026 0,0005
wsj 3,9120 0,0008
else 2,0402 0,0004
four 0,9676 0,0002
context 0,5978 0,0001
addictivetips 4,6052 0,0010
easily 1,2040 0,0003
drag 3,5066 0,0008
portal 0,0000 0,0000
manipulation 1,1712 0,0003
copyleft 2,8134 0,0006
french 2,3026 0,0005
encouraging 4,6052 0,0010
likely 1,3471 0,0003
degoogle 3,9120 0,0008
issue 0,3425 0,0003
kern 0,0101 0,0000
dependency 1,2730 0,0003
index 1,0498 0,0002
announce 0,6733 0,0006
odd 0,0943 0,0000
certification 2,0402 0,0004
traditional 0,7985 0,0002
obolo 4,6052 0,0010
contrast 0,9416 0,0002
remotely 2,4079 0,0005
become 0,2877 0,0002
unsweetened 4,6052 0,0010
enwiki 0,0619 0,0000
johnston 2,9957 0,0006
indefinitely 1,9661 0,0004
eventually 1,1394 0,0002
mediati 4,6052 0,0010
subscription 0,0101 0,0000
settlement 2,4079 0,0005
library 0,3857 0,0002
malignity 4,6052 0,0010
oem 2,9957 0,0013
dependence 2,9957 0,0006
ability 0,7340 0,0002
camera 2,2073 0,0009
whonix 3,9120 0,0008
proliferation 3,2189 0,0007
reisinger 3,9120 0,0008
oxygenos 4,6052 0,0010
suggestion 3,2189 0,0007
conglomerate 4,6052 0,0010
contender 4,6052 0,0010
off 0,8916 0,0002
generally 0,5447 0,0001
places 4,6052 0,0010
anandtech 4,6052 0,0010
complete 0,4780 0,0001
trinity 4,6052 0,0010
hutchinson 3,5066 0,0008
adrianne 3,5066 0,0008
domination 3,9120 0,0008
qubes 3,9120 0,0008
certify 2,2073 0,0005
wgcanonicalspecialpagename 0,0000 0,0000
while 0,2614 0,0001
clarion 4,6052 0,0010
second 0,0408 0,0000
ported 2,4079 0,0005
that 0,5108 0,0001
edge 1,2379 0,0003
razr 4,6052 0,0010
ruling 3,2189 0,0007
targetsdkversion 4,6052 0,0010
than 0,2357 0,0001
limit 0,0000 0,0000
claim 0,9676 0,0006
venturebeat 2,1203 0,0005
brian 1,2730 0,0003
communication 0,6162 0,0001
porter 3,2189 0,0007
gigaom 2,8134 0,0006
toxic 3,2189 0,0007
lance 3,5066 0,0008
author 0,0000 0,0000
meter 3,2189 0,0007
oha 4,6052 0,0010
undisclosed 3,9120 0,0008
personalize 3,5066 0,0008
plus 1,6607 0,0004
expansion 0,0619 0,0000
amazon 1,0498 0,0002
daniel 1,2040 0,0003
entry 0,8210 0,0002
license 0,0000 0,0000
disk 1,3471 0,0003
expand 0,0101 0,0000
headquarters 2,4079 0,0005
dream 2,8134 0,0006
noble 4,6052 0,0010
retrieve 0,0000 0,0000
survey 0,9416 0,0002
thermometer 4,6052 0,0010
tablets 3,9120 0,0008
datum 0,0408 0,0000
code 0,0000 0,0000
legacy 1,5141 0,0003
dignan 3,9120 0,0008
sean 1,9661 0,0004
storage 0,3711 0,0001
head 0,7765 0,0002
considerable 2,4079 0,0005
appstore 3,9120 0,0008
cnnmoney 3,2189 0,0007
deutsch 0,0943 0,0000
blag 3,9120 0,0008
fight 2,4079 0,0005
unofficial 2,2073 0,0005
brief 1,5606 0,0003
keyboard 1,8971 0,0008
pretty 3,2189 0,0007
determine 0,7985 0,0002
os 3,2189 0,0007
headset 3,9120 0,0017
oadk 4,6052 0,0010
whilst 3,9120 0,0008
pc 2,9957 0,0006
equip 2,8134 0,0006
jared 3,2189 0,0007
oreo 3,9120 0,0008
infringement 2,6593 0,0006
increasingly 1,4271 0,0003
rocket 2,6593 0,0006
luasandbox 1,4271 0,0003
extremely 1,7720 0,0004
engines 1,3471 0,0003
estimate 1,3863 0,0009
expiry 0,0619 0,0000
minerva 0,0101 0,0000
brand 0,0000 0,0000
recent 0,0000 0,0000
they 0,0619 0,0000
inevitable 3,5066 0,0008
edit 0,0000 0,0000
old 0,8675 0,0004
frustration 3,5066 0,0008
touchscreen 3,5066 0,0015
portable 1,8971 0,0004
then 0,3567 0,0001
hyperbola 3,9120 0,0008
cody 3,2189 0,0007
seat 3,9120 0,0008
node 0,0305 0,0000
adopt 0,9163 0,0004
attorney 3,9120 0,0008
twelve 2,9957 0,0006
oppose 1,6094 0,0003
bridge 1,8971 0,0004
device 0,7550 0,0003
checking 2,8134 0,0006
conference 0,3425 0,0001
liau 4,6052 0,0010
activity 0,9943 0,0002
seed 2,2073 0,0005
omg 2,2073 0,0005
rooney 3,9120 0,0008
davenport 3,5066 0,0008
libc 4,6052 0,0010
seek 1,4697 0,0006
wilhelm 2,8134 0,0006
offline 2,5257 0,0005
defunct 1,9661 0,0004
nynorsk 1,2379 0,0003
variety 0,9943 0,0002
mclean 3,9120 0,0008
thompson 1,8326 0,0004
vector 0,0000 0,0000
liam 2,8134 0,0006
accountability 2,9957 0,0006
email 1,4271 0,0006
calendar 2,9957 0,0006
rollback 3,2189 0,0007
cachereport 0,0000 0,0000
sunmi 4,6052 0,0010
decision 0,8675 0,0002
necessary 0,8440 0,0002
itworld 3,5066 0,0008
one 0,0943 0,0000
ong 3,9120 0,0008
thumbcaption 3,2189 0,0007
bosanski 0,8916 0,0002
single 0,3147 0,0001
entityaccesscount 0,0000 0,0000
pull 1,5606 0,0007
subway 4,6052 0,0010
bleepingcomputer 4,6052 0,0010
closed 1,7720 0,0004
divestos 3,9120 0,0008
cupcake 3,9120 0,0008
partially 1,8971 0,0004
country 1,3863 0,0006
commercial 0,8440 0,0002
tv 3,5066 0,0008
separate 0,6162 0,0003
loader 1,8971 0,0004
willing 2,9957 0,0006
oom 4,6052 0,0010
soomaaliga 2,4079 0,0005
trivial 2,9957 0,0006
ui 3,9120 0,0008
yahoo 2,5257 0,0005
reluctant 3,9120 0,0008
bazaar 2,8134 0,0006
forgo 4,6052 0,0010
solus 3,9120 0,0008
mainline 3,9120 0,0008
this 0,1278 0,0000
norsk 0,3285 0,0001
hongmeng 4,6052 0,0010
memusage 0,0000 0,0000
opt 2,3026 0,0005
failure 1,1087 0,0005
solve 0,9416 0,0006
know 0,2231 0,0001
copyrightability 3,5066 0,0008
support 0,1393 0,0001
knox 4,6052 0,0010
drop 1,1394 0,0002
preview 1,6607 0,0004
polski 0,1165 0,0000
privacy 0,0000 0,0000
vertical 0,7985 0,0002
cole 3,5066 0,0008
pure 1,9661 0,0004
life 0,9416 0,0004
we 1,3093 0,0003
sparkylinux 3,9120 0,0008
gao 3,5066 0,0008
emphasize 1,6094 0,0003
bootload 3,9120 0,0008
customisation 4,6052 0,0010
lieu 4,6052 0,0010
previous 1,1712 0,0003
wide 0,6539 0,0001
licens 1,8971 0,0004
casey 2,9957 0,0006
honda 3,9120 0,0008
argue 1,4271 0,0006
directive 1,8971 0,0004
alastair 3,9120 0,0008
damn 2,8134 0,0006
wgarticleid 0,0000 0,0000
xda 4,6052 0,0010
succeed 2,1203 0,0005
subsidize 4,6052 0,0010
pagelanguagedir 0,0000 0,0000
location 0,9943 0,0004
accessory 3,2189 0,0007
eclair 3,9120 0,0008
ecosystem 1,2040 0,0003
software 0,0000 0,0000
competition 1,9661 0,0004
none 0,0101 0,0000
repository 0,5276 0,0001
type 0,0000 0,0000
april 0,0000 0,0000
beyond 1,0217 0,0002
celadon 3,9120 0,0008
salix 3,9120 0,0008
gcm 4,6052 0,0010
problem 0,3285 0,0001
optimization 0,8916 0,0002
proof 1,7148 0,0004
mobian 3,9120 0,0008
presence 1,3471 0,0003
ota 3,5066 0,0015
ultramobile 4,6052 0,0010
phase 1,2379 0,0003
inability 2,9957 0,0006
wifi 2,8134 0,0006
researcher 1,3093 0,0006
method 0,3147 0,0001
teams 2,4079 0,0005
scotusblog 4,6052 0,0010
contract 1,4271 0,0003
conclude 2,4079 0,0005
scroll 2,8134 0,0006
come 0,4155 0,0004
ftpqh 4,6052 0,0010
iphone 2,9957 0,0013
push 0,0000 0,0000
exist 0,4155 0,0003
androidland 3,9120 0,0008
techrepublic 2,5257 0,0005
force 1,0217 0,0009
frederic 2,3026 0,0005
doudoulinux 3,9120 0,0008
south 1,9661 0,0004
north 1,7148 0,0004
openmandriva 3,9120 0,0008
portalbox 1,3093 0,0003
distribution 0,8916 0,0004
frankenphone 4,6052 0,0010
tools 1,4697 0,0003
out 0,0000 0,0000
geo 2,8134 0,0006
get 0,0000 0,0000
portalright 1,3093 0,0003
dark 0,0101 0,0000
copy 1,1712 0,0003
power 0,6733 0,0004
aquos 4,6052 0,0010
cook 2,4079 0,0005
sell 1,3471 0,0012
continued 3,5066 0,0008
nook 4,6052 0,0010
help 0,0000 0,0000
deepin 3,9120 0,0008
cebuano 2,6593 0,0006
depth 0,0000 0,0000
massive 1,8326 0,0004
additionally 1,0498 0,0002
self 0,7133 0,0002
architectural 1,5141 0,0003
inscrutable 3,9120 0,0008
minimum 2,2073 0,0005
sharealike 0,0000 0,0000
date 0,3011 0,0002
magic 1,9661 0,0004
thru 4,6052 0,0010
mashable 3,2189 0,0007
reveal 1,5606 0,0010
data 0,0000 0,0000
firefox 2,2073 0,0005
own 0,4780 0,0002
perlman 4,6052 0,0010
wiki 1,2730 0,0003
blok 4,6052 0,0010
hollister 4,6052 0,0010
softland 3,9120 0,0008
blog 0,6349 0,0001
farhad 4,6052 0,0010
translate 1,3863 0,0003
barrier 1,8326 0,0004
create 0,0000 0,0000
sortbottom 4,6052 0,0010
cory 2,6593 0,0006
development 0,1278 0,0000
like 0,2231 0,0001
resource 0,4620 0,0002
replay 3,9120 0,0008
nightmare 4,6052 0,0010
kanotix 3,9120 0,0008
core 0,5621 0,0001
blob 2,5257 0,0005
council 2,2073 0,0005
fraud 2,1203 0,0005
endeavouros 3,9120 0,0008
ground 1,9661 0,0004
dash 2,6593 0,0006
ionescu 3,9120 0,0008
send 0,7550 0,0006
devine 3,9120 0,0008
here 0,0000 0,0000
youtube 1,5141 0,0003
note 0,4155 0,0003
purpose 0,5108 0,0001
line 0,0101 0,0000
penalty 2,8134 0,0006
almalinux 3,9120 0,0008
link 0,0000 0,0000
lineup 3,9120 0,0008
scale 0,4943 0,0002
recovery 1,6607 0,0004
florence 3,5066 0,0008
noto 3,9120 0,0008
robin 1,7720 0,0004
security 0,3285 0,0001
contributor 0,0000 0,0000
amdahl 3,9120 0,0008
station 1,9661 0,0004
unsupportive 4,6052 0,0010
hazarika 4,6052 0,0010
factory 2,0402 0,0004
cost 0,6733 0,0003
emil 3,9120 0,0008
will 0,2485 0,0001
implementation 0,3147 0,0001
ruddock 4,6052 0,0010
autofocus 4,6052 0,0010
follow 0,2744 0,0001
intent 1,8971 0,0004
limo 4,6052 0,0010
recursiveclone 1,6607 0,0004
compliance 1,4271 0,0003
york 0,8440 0,0002
challenge 0,6162 0,0003
unearth 4,6052 0,0010
brady 3,9120 0,0008
intend 0,6162 0,0001
german 1,6607 0,0004
greenberg 2,6593 0,0006
govern 2,5257 0,0005
numerous 1,3863 0,0003
multitasking 2,2073 0,0005
sinicki 3,9120 0,0008
wggelevelingupenabledforuser 0,0000 0,0000
remote 0,9163 0,0002
duino 4,6052 0,0010
without 0,2744 0,0001
victor 2,9957 0,0006
xml 1,1394 0,0002
menon 3,9120 0,0008
calculate 2,0402 0,0004
persistent 1,5141 0,0003
authorize 1,8326 0,0004
userland 2,8134 0,0006
nova 2,2073 0,0005
hildenbrand 4,6052 0,0010
thus 0,7550 0,0002
devices 1,9661 0,0004
neutral 0,5447 0,0001
optional 1,3093 0,0003
analysis 0,5108 0,0001
thuy 4,6052 0,0010
journalist 2,8134 0,0006
lint 3,9120 0,0008
honeycomb 3,5066 0,0008
sender 2,3026 0,0005
nilay 3,9120 0,0008
cellular 2,6593 0,0006
historically 2,0402 0,0004
menno 4,6052 0,0010
much 0,6931 0,0001
xnu 3,5066 0,0008
wind 2,8134 0,0006
flight 2,5257 0,0005
poise 4,6052 0,0010
independent 0,8440 0,0002
ahead 1,7148 0,0004
yellow 2,9957 0,0006
gsub 1,7148 0,0004
callaham 4,6052 0,0010
gms 3,9120 0,0008
camon 4,6052 0,0010
freertos 3,9120 0,0008
wesley 0,8675 0,0002
jailbreak 3,5066 0,0008
headline 0,0000 0,0000
xos 3,9120 0,0008
editorial 2,6593 0,0006
committed 3,5066 0,0008
kernel 1,2379 0,0005
vance 3,5066 0,0008
tardy 4,6052 0,0010
union 1,3093 0,0003
gnu 1,1087 0,0002
transientcontent 0,0000 0,0000
wipe 2,9957 0,0006
subtle 0,3285 0,0001
component 0,3147 0,0001
seth 2,4079 0,0005
suite 1,2040 0,0005
blue 1,8326 0,0004
idhash 0,0619 0,0000
timeline 1,0788 0,0002
arch 2,3026 0,0005
wrap 0,0101 0,0000
discuss 1,0217 0,0002
kylin 3,5066 0,0008
prominence 3,5066 0,0008
standard 0,2357 0,0001
harmony 3,2189 0,0007
ghani 4,6052 0,0010
gos 3,9120 0,0008
institution 2,0402 0,0004
pad 3,9120 0,0008
garuda 3,9120 0,0008
exceed 1,7148 0,0004
fullversionlist 0,0000 0,0000
lite 2,4079 0,0005
pan 3,2189 0,0007
gpe 4,6052 0,0010
infotainment 4,6052 0,0010
area 0,7985 0,0002
inquirer 3,9120 0,0008
gpl 2,2073 0,0005
shipment 2,9957 0,0013
european 1,3471 0,0003
pay 1,1712 0,0005
internationally 3,9120 0,0008
arcore 3,9120 0,0008
gps 3,2189 0,0007
list 0,0000 0,0000
andrew 1,0498 0,0002
strange 3,5066 0,0008
lack 0,5447 0,0002
external 0,1863 0,0000
wire 1,8326 0,0004
awesomeness 3,9120 0,0008
labs 1,2730 0,0003
revise 1,8326 0,0004
success 1,2379 0,0003
authority 0,4780 0,0001
lisa 2,4079 0,0005
releasenote 4,6052 0,0010
onwards 2,8134 0,0006
child 0,0202 0,0000
germany 0,5798 0,0001
obsolete 1,7720 0,0004
backbox 3,9120 0,0008
rothman 3,5066 0,0008
interface 0,2485 0,0001
remove 0,3711 0,0002
samsung 2,2073 0,0005
wgisprobablyeditable 0,0000 0,0000
compiler 1,3093 0,0003
sugary 4,6052 0,0010
live 1,1712 0,0003
mobile 0,0000 0,0000
perform 0,4463 0,0003
lucrative 3,9120 0,0008
trademarks 4,6052 0,0010
portrait 3,9120 0,0008
pdf 0,0000 0,0000
china 1,6094 0,0003
complaint 2,8134 0,0006
service 0,1393 0,0001
coffee 2,8134 0,0006
there 0,2614 0,0001
analyst 2,0402 0,0004
magazine 0,9943 0,0002
pocket 2,6593 0,0006
smartwatch 3,9120 0,0008
lifespan 3,5066 0,0008
channel 1,3863 0,0003
focus 0,6733 0,0004
american 0,8440 0,0004
entire 0,8675 0,0002
approach 0,3711 0,0001
sottek 4,6052 0,0010
wrist 3,9120 0,0008
ultra 2,9957 0,0006
lifehacker 3,9120 0,0008
emui 3,5066 0,0008
russia 2,6593 0,0006
per 0,8440 0,0002
write 0,1508 0,0001
preinstalling 4,6052 0,0010
wage 4,6052 0,0010
africa 2,5257 0,0005
period 1,4697 0,0003
proceed 2,4079 0,0005
aria 0,0000 0,0000
bulb 4,6052 0,0010
corporation 1,0498 0,0002
understand 0,6162 0,0001
zenfone 4,6052 0,0010
intelligence 0,8916 0,0002
ever 1,3863 0,0003
million 0,9416 0,0004
even 0,0513 0,0000
install 1,3093 0,0011
analyze 1,2040 0,0003
integration 0,4620 0,0001
restriction 1,4271 0,0003
toolbox 2,9957 0,0006
esperanto 0,7133 0,0002
iqoo 4,6052 0,0010
tagline 0,0000 0,0000
bulk 2,5257 0,0005
regexp 0,0000 0,0000
hundred 1,4271 0,0006
wagoner 4,6052 0,0010
wait 1,8326 0,0008
circuit 1,6607 0,0004
wgeditsubmitbuttonlabelpublish 0,0000 0,0000
piracy 3,9120 0,0008
magnificent 3,9120 0,0008
functionality 0,6539 0,0003
restrict 1,5141 0,0010
native 0,8916 0,0002
costly 2,5257 0,0005
debit 3,5066 0,0008
particularly 0,9943 0,0002
robust 2,0402 0,0004
dominant 1,7148 0,0004
invisibly 4,6052 0,0010
verge 1,8326 0,0004
wgnamespacenumber 0,0000 0,0000
framework 0,2877 0,0001
hacker 1,3471 0,0006
pivotal 2,8134 0,0006
wgwmepagelength 0,0000 0,0000
entity 0,0101 0,0000
buzbee 4,6052 0,0010
chronicle 2,6593 0,0006
prohibit 2,3026 0,0005
covid 1,8326 0,0004
expensivefunctioncount 0,0000 0,0000
almost 1,1087 0,0002
pie 3,5066 0,0008
associate 0,6931 0,0001
roettgers 4,6052 0,0010
hacking 2,5257 0,0005
wake 2,8134 0,0006
fraunhofer 4,6052 0,0010
pin 0,0000 0,0000
whether 0,7765 0,0002
stock 1,8326 0,0004
suspend 2,8134 0,0012
void 2,1203 0,0005
everyone 1,9661 0,0004
swap 2,4079 0,0005
kingo 4,6052 0,0010
pcache 0,0619 0,0000
ricker 3,9120 0,0008
unresponsive 3,9120 0,0008
openbinder 4,6052 0,0010
october 0,0000 0,0000
schechner 4,6052 0,0010
overclock 4,6052 0,0010
complication 0,0513 0,0000
locate 1,6094 0,0007
unclear 2,9957 0,0006
bradshaw 4,6052 0,0010
cause 0,6162 0,0004
magisk 4,6052 0,0010
combat 2,6593 0,0006
chromeo 3,9120 0,0008
jquery 0,0000 0,0000
unity 2,9957 0,0006
eviction 4,6052 0,0010
haoyu 4,6052 0,0010
design 0,1393 0,0001
extra 1,7720 0,0004
working 1,3471 0,0003
chief 1,6607 0,0004
plc 2,8134 0,0006
accord 0,5108 0,0001
sandbox 2,3026 0,0010
despite 1,3093 0,0003
openharmony 3,9120 0,0008
summerson 4,6052 0,0010
upstreaming 4,6052 0,0010
cyber 2,5257 0,0005
encyclopedia 0,0000 0,0000
conduct 0,0000 0,0000
jessica 2,8134 0,0006
formerly 1,2040 0,0003
wall 1,7148 0,0004
quietly 4,6052 0,0010
abovebelow 0,0943 0,0000
advertising 1,7720 0,0004
discussion 1,3093 0,0003
netbsd 2,5257 0,0005
lessen 3,5066 0,0008
crook 3,9120 0,0008
bluedroid 4,6052 0,0010
welcome 2,2073 0,0005
chaos 2,5257 0,0005
separately 1,5606 0,0003
warzel 4,6052 0,0010
crdroid 3,9120 0,0008
want 0,8675 0,0004
forecast 1,8971 0,0004
qaraqalpaqsha 1,1712 0,0003
recognize 1,3471 0,0003
processor 1,1394 0,0005
javascript 0,9416 0,0002
mediawiki 1,0788 0,0002
input 0,0000 0,0000
kennedy 3,2189 0,0007
toolkit 1,5141 0,0003
engadget 2,9957 0,0006
difference 0,8916 0,0002
reality 1,5141 0,0003
must 0,4620 0,0001
amazfit 3,9120 0,0008
unpinned 0,0000 0,0000
sideload 3,9120 0,0008
scanning 2,4079 0,0005
alemannisch 2,3026 0,0005
hibernate 3,5066 0,0008
pop 1,6607 0,0004
incompatible 1,9661 0,0004
found 1,2379 0,0003
aficionados 4,6052 0,0010
uninstall 3,9120 0,0008
defense 2,0402 0,0004
pos 3,2189 0,0007
encrypt 1,5141 0,0003
knight 2,8134 0,0006
datepublished 0,0000 0,0000
validate 1,4697 0,0006
receive 0,7340 0,0006
entirely 1,5141 0,0003
diagram 1,6094 0,0003
extensively 2,8134 0,0006
chart 1,7148 0,0004
fridge 4,6052 0,0010
predominantly 3,9120 0,0008
smith 1,7148 0,0004
webos 3,5066 0,0008
appgallery 4,6052 0,0010
consortium 1,8326 0,0004
kumparak 3,9120 0,0008
juan 2,9957 0,0006
align 0,0101 0,0000
lynch 3,9120 0,0008
secure 1,0217 0,0002
hak 2,3026 0,0005
late 0,4155 0,0003
mccann 3,9120 0,0008
continue 0,6931 0,0004
nickinson 4,6052 0,0010
things 3,5066 0,0008
hat 1,4697 0,0003
inherent 2,4079 0,0005
sabily 3,9120 0,0008
pre 2,9957 0,0006
unlock 2,4079 0,0015
last 0,0000 0,0000
imageright 0,2614 0,0001
adapt 1,4271 0,0003
insufficient 2,4079 0,0005
weight 0,0101 0,0000
pro 1,6094 0,0003
measure 0,9416 0,0006
libranet 3,9120 0,0008
proximity 3,2189 0,0007
statutory 3,9120 0,0008
compatibility 0,9416 0,0002
psa 3,9120 0,0008
protalinski 4,6052 0,0010
venkat 3,9120 0,0008
rovio 4,6052 0,0010
thead 4,6052 0,0010
impossible 1,8971 0,0004
microsd 4,6052 0,0010
effort 0,8916 0,0004
video 0,8210 0,0002
peru 4,6052 0,0010
updates 3,9120 0,0008
hartley 3,9120 0,0008
minimal 1,2730 0,0003
gchq 3,5066 0,0008
evernote 4,6052 0,0010
jacob 2,3026 0,0005
early 0,4308 0,0003
overview 0,5447 0,0001
yet 1,1087 0,0002
windows 0,7985 0,0002
engineer 0,7765 0,0003
infrastructure 0,6733 0,0001
wikimedia 0,0000 0,0000
typical 1,1394 0,0002
initially 1,0788 0,0002
readwrite 3,9120 0,0008
time 0,0000 0,0000
pricing 2,0402 0,0004
unquestionably 3,9120 0,0008
shadow 2,1203 0,0005
bicchierai 3,5066 0,0008
happy 2,8134 0,0006
program 0,2614 0,0001
hyperos 3,9120 0,0008
put 0,9416 0,0002
multi 2,2073 0,0005
elive 3,9120 0,0008
launchers 4,6052 0,0010
coloring 4,6052 0,0010
tran 3,5066 0,0008
counterclaim 3,9120 0,0008
identifier 1,4697 0,0003
russian 1,8971 0,0004
lesson 2,4079 0,0005
efrati 4,6052 0,0010
infancy 3,9120 0,0008
supreme 2,9957 0,0006
chris 1,2040 0,0003
multiimageinner 3,2189 0,0007
doubles 3,9120 0,0008
light 1,3093 0,0003
postmortem 4,6052 0,0010
tiny 2,9957 0,0006
nitix 3,9120 0,0008
lawn 3,9120 0,0008
pirate 2,9957 0,0013
wgcheckuserclienthintsheadersjsapi 0,0000 0,0000
actuate 3,9120 0,0017
layer 0,7340 0,0002
smart 1,2379 0,0005
ways 2,8134 0,0006
timingprofile 0,0000 0,0000
theme 0,0000 0,0000
wagenseil 4,6052 0,0010
predatory 4,6052 0,0010
yin 3,5066 0,0008
editor 0,0000 0,0000
postexpandincludesize 0,0000 0,0000
chain 1,3471 0,0003
disclosure 2,5257 0,0005
desire 1,1087 0,0002
touching 4,6052 0,0010
upgradeable 4,6052 0,0010
mainlining 4,6052 0,0010
openezx 3,9120 0,0008
reverse 1,7720 0,0011
sabayon 3,9120 0,0008
unsourced 0,5621 0,0001
january 0,0000 0,0000
permanent 0,0000 0,0000
motorola 3,2189 0,0007
gphone 4,6052 0,0010
melanson 3,9120 0,0008
chan 2,6593 0,0006
choice 1,0498 0,0002
small 0,0305 0,0000
before 0,0305 0,0000
theader 3,2189 0,0007
replace 0,7340 0,0006
pruett 4,6052 0,0010
hit 2,0402 0,0009
systemrescue 3,9120 0,0008
major 0,5621 0,0001
thermostat 3,2189 0,0007
beat 1,9661 0,0004
worldwide 1,4271 0,0003
consider 0,4005 0,0001
potential 1,0788 0,0002
bean 3,5066 0,0008
stallman 3,2189 0,0007
group 0,0408 0,0000
rollout 4,6052 0,0010
tree 1,1394 0,0002
runtime 1,2040 0,0005
archive 0,0943 0,0000
history 0,0000 0,0000
eclipse 1,7720 0,0004
absolutely 2,6593 0,0006
soar 3,2189 0,0014
soap 2,4079 0,0005
request 0,6733 0,0001
credentials 2,2073 0,0005
wgrestrictionedit 0,0000 0,0000
percent 1,7720 0,0004
point 0,5447 0,0004
banking 2,3026 0,0005
debut 2,5257 0,0011
general 0,0000 0,0000
september 0,0000 0,0000
gartner 2,3026 0,0005
ecodesign 4,6052 0,0010
padding 0,0000 0,0000
process 0,1625 0,0001
debug 1,8326 0,0008
restore 1,9661 0,0004
cpus 2,1203 0,0005
alternative 0,6931 0,0003
clear 0,0101 0,0000
armageddon 3,9120 0,0008
encounter 2,2073 0,0009
clean 1,6094 0,0003
trevizo 4,6052 0,0010
cymraeg 1,4697 0,0003
sunwah 3,9120 0,0008
mean 0,4463 0,0003
neither 2,2073 0,0005
chew 4,6052 0,0010
socs 4,6052 0,0010
chet 3,9120 0,0008
cooper 2,6593 0,0006
account 0,0000 0,0000
leyden 4,6052 0,0010
catalonia 3,5066 0,0008
mostly 1,2730 0,0003
dansk 0,5798 0,0001
marguerite 4,6052 0,0010
alphabet 2,4079 0,0005
luneos 3,9120 0,0008
barra 3,9120 0,0008
mobilinux 3,5066 0,0008
trip 2,4079 0,0005
kroah 3,9120 0,0008
diverse 2,4079 0,0005
killer 2,9957 0,0013
abbr 0,0619 0,0000
you 0,0000 0,0000
jump 0,0000 0,0000
knowledge 0,7340 0,0002
sammobile 4,6052 0,0010
happen 1,3471 0,0006
seamless 3,2189 0,0007
preference 2,0402 0,0004
mainstream 1,9661 0,0004
active 0,7985 0,0002
july 0,0000 0,0000
opportunity 1,8326 0,0004
enthusiast 2,9957 0,0006
leste 3,9120 0,0008
court 1,9661 0,0004
warren 2,3026 0,0005
atlantic 2,6593 0,0006
valuation 2,8134 0,0006
flexible 1,6094 0,0003
openlinux 3,9120 0,0008
mirror 2,1203 0,0005
nintendo 3,9120 0,0008
delaney 3,9120 0,0008
mascot 2,9957 0,0006
how 0,0834 0,0000
alabaster 4,6052 0,0010
capability 0,7765 0,0002
involvement 3,5066 0,0008
sears 3,9120 0,0008
peter 0,8210 0,0002
spark 1,7720 0,0004
blocking 3,5066 0,0008
hearing 2,6593 0,0006
replicate 1,8971 0,0004
tail 3,2189 0,0007
dante 4,6052 0,0010
idref 2,0402 0,0004
march 0,0000 0,0000
transition 1,5606 0,0003
appeals 3,5066 0,0008
june 0,0000 0,0000
answer 1,5606 0,0003
meet 0,9163 0,0004
series 0,5798 0,0001
interception 3,5066 0,0008
backtrack 3,5066 0,0008
represent 0,5978 0,0003
compete 2,0402 0,0009
takahashi 4,6052 0,0010
asha 3,5066 0,0008
branding 2,9957 0,0006
debugger 1,8326 0,0004
sometimes 0,6931 0,0001
promise 1,5141 0,0010
autocapitalize 0,0000 0,0000
robotic 2,6593 0,0006
hold 0,7985 0,0003
chinese 1,5141 0,0003
touchscreens 3,9120 0,0008
wgpagename 0,0000 0,0000
talk 0,0000 0,0000
vault 2,6593 0,0006
canalys 4,6052 0,0010
kopfstein 3,9120 0,0008
richard 0,9676 0,0002
dedicated 1,6094 0,0003
upstream 2,8134 0,0012
count 0,0513 0,0000
hatnote 0,2107 0,0000
pinnable 0,0000 0,0000
take 0,2877 0,0002
vision 1,1394 0,0002
thereof 3,2189 0,0007
immediate 2,4079 0,0005
sophos 4,6052 0,0010
blame 2,5257 0,0005
relatively 1,0498 0,0002
excerpt 2,3026 0,0005
autoconfirm 1,9661 0,0004
some 0,1744 0,0000
cinnamon 3,9120 0,0008
additional 0,0000 0,0000
yue 3,5066 0,0008
malaysia 3,5066 0,0008
patroltoken 0,0000 0,0000
kongoni 3,9120 0,0008
primarily 0,9943 0,0002
telecommunications 2,4079 0,0005
trow 3,2189 0,0007
petit 4,6052 0,0010
yun 3,9120 0,0008
zdnet 1,4697 0,0003
htc 3,9120 0,0008
alpha 0,0101 0,0000
diego 3,2189 0,0007
soften 4,6052 0,0010
reception 2,6593 0,0006
just 0,4943 0,0001
pixel 2,5257 0,0005
owner 1,3863 0,0006
jury 3,5066 0,0008
asia 2,4079 0,0005
deccan 4,6052 0,0010
vahcuengh 3,5066 0,0008
mullin 3,9120 0,0008
home 0,8675 0,0004
hole 2,5257 0,0005
michael 0,7133 0,0002
mullis 4,6052 0,0010
print 0,0000 0,0000
although 0,6162 0,0001
hub 1,9661 0,0004
material 0,7765 0,0002
iron 2,4079 0,0005
injection 1,8326 0,0004
hul 4,6052 0,0010
president 1,9661 0,0004
umar 3,9120 0,0008
explain 1,1712 0,0008
souppouris 3,9120 0,0008
simulation 1,9661 0,0004
hindy 4,6052 0,0010
hope 2,1203 0,0009
collaborate 1,8971 0,0004
tracking 1,6607 0,0004
norwegian 2,9957 0,0006
america 1,7720 0,0004
hiner 4,6052 0,0010
executive 1,5606 0,0007
tablet 2,0402 0,0009
sony 2,8134 0,0006
sons 1,5606 0,0003
action 0,0000 0,0000
chou 3,9120 0,0008
cream 3,9120 0,0008
sensitive 1,2730 0,0003
loading 0,0000 0,0000
replicant 3,9120 0,0008
machinery 1,4271 0,0003
shield 2,8134 0,0006
anatomy 2,9957 0,0006
deliver 1,1394 0,0005
notify 2,4079 0,0005
summer 1,6607 0,0004
eight 1,8326 0,0004
file 0,0000 0,0000
member 0,9163 0,0004
steve 1,1394 0,0002
meego 3,5066 0,0008
customizability 4,6052 0,0010
liteos 3,9120 0,0008
wgnoticeproject 0,0000 0,0000
together 0,5978 0,0001
within 0,3011 0,0001
could 0,4780 0,0001
allege 2,8134 0,0006
marks 3,9120 0,0008
trigger 0,0513 0,0000
menu 0,0000 0,0000
supersite 3,9120 0,0008
trusted 2,8134 0,0006
machine 0,2744 0,0001
able 0,9943 0,0002
stuart 2,5257 0,0005
return 0,0000 0,0000
rotate 2,9957 0,0006
coder 2,4079 0,0005
practically 2,6593 0,0006
british 2,2073 0,0005
serve 1,0217 0,0004
radio 1,6607 0,0004
wakelock 4,6052 0,0010
solution 0,5621 0,0002
downloading 3,9120 0,0008
fine 1,5606 0,0010
find 0,3425 0,0002
host 0,6539 0,0001
accelerate 1,8326 0,0004
international 0,3011 0,0001
citizen 2,0402 0,0004
snooping 4,6052 0,0010
seifert 3,9120 0,0008
difficult 0,9163 0,0002
canonical 0,0408 0,0000
film 1,8971 0,0004
sort 1,5606 0,0003
sustainability 2,5257 0,0005
priya 4,6052 0,0010
wgcurrevisionid 0,0000 0,0000
astro 3,2189 0,0007
task 0,5108 0,0002
tmultus 3,2189 0,0007
kaisen 3,9120 0,0008
true 0,0000 0,0000
header 0,0000 0,0000
position 1,5141 0,0006
present 0,5621 0,0002
astra 3,9120 0,0008
kickstarter 4,6052 0,0010
since 0,3425 0,0001
nexus 3,5066 0,0008
belong 1,6607 0,0004
patent 1,8971 0,0008
derek 2,8134 0,0006
dangerous 2,4079 0,0005
phones 4,6052 0,0010
delete 0,4155 0,0002
foreach 0,0000 0,0000
competitor 1,9661 0,0008
beta 1,3863 0,0003
wggestructuredtaskrejectionreasontextinputenable 0,0000 0,0000
execution 0,7340 0,0002
qing 4,6052 0,0010
master 1,0498 0,0002
gobuntu 3,9120 0,0008
conventional 1,6607 0,0004
regulation 1,7720 0,0004
complicate 2,4079 0,0005
online 0,7340 0,0002
roadblock 3,5066 0,0008
qnx 2,5257 0,0005
simplify 1,1394 0,0002
socket 2,4079 0,0005
antivirus 2,8134 0,0006
shawn 3,9120 0,0008
dalvik 2,9957 0,0006
kastrenakes 3,5066 0,0008
firm 1,3863 0,0006
reflect 1,1712 0,0003
contribution 0,0000 0,0000
cordless 4,6052 0,0010
massacre 4,6052 0,0010
fire 1,7148 0,0004
czech 0,9163 0,0002
alibaba 1,8326 0,0004
fairphone 4,6052 0,0010
distinguish 1,3471 0,0003
sirianni 4,6052 0,0010
intention 2,4079 0,0010
meta 1,4271 0,0003
processing 0,6162 0,0001
except 1,5141 0,0003
functional 0,9943 0,0002
nordfriisk 2,4079 0,0005
fact 1,0217 0,0002
prominent 2,3026 0,0005
global 0,7985 0,0002
hackable 4,6052 0,0010
occitan 1,8326 0,0004
purch 4,6052 0,0010
austrumi 3,9120 0,0008
unless 1,5606 0,0003
christian 2,1203 0,0005
perspective 1,3093 0,0003
operating 0,9416 0,0002
free 0,0000 0,0000
galaxy 3,9120 0,0008
hager 4,6052 0,0010
reaction 2,3026 0,0005
kubuntu 3,9120 0,0008
actually 1,3093 0,0003
face 1,1712 0,0008
simon 2,0402 0,0004
abandon 2,0402 0,0004
immunix 3,9120 0,0008
ibm 0,5621 0,0001
oclc 1,2040 0,0003
household 2,4079 0,0010
invite 2,6593 0,0006
asus 4,6052 0,0010
operation 0,5108 0,0002
ratio 2,6593 0,0006
circumvent 2,6593 0,0006
daydream 3,9120 0,0008
reputation 2,6593 0,0006
cyanogen 4,6052 0,0010
ice 2,8134 0,0006
inside 0,0101 0,0000
getjar 4,6052 0,0010
mainly 1,5141 0,0003
leaves 4,6052 0,0010
copperheados 4,6052 0,0010
five 0,9943 0,0002
poco 4,6052 0,0010
celebrate 3,2189 0,0007
idc 2,9957 0,0006
please 0,8210 0,0002
sofia 4,6052 0,0010
collection 0,6733 0,0001
ide 1,4697 0,0003
deprecation 2,8134 0,0006
guix 3,9120 0,0008
idg 2,1203 0,0005
ido 1,2730 0,0003
laboratory 2,0402 0,0004
freeware 3,2189 0,0007
campaign 2,2073 0,0009
zenwalk 3,9120 0,0008
vital 2,9957 0,0006
installed 3,9120 0,0008
expandable 4,6052 0,0010
lawsuit 2,8134 0,0012
newman 2,9957 0,0006
isbn 0,1054 0,0000
detect 1,0788 0,0002
rule 0,5978 0,0005
update 0,4463 0,0004
derivative 1,9661 0,0004
linus 2,4079 0,0005
motors 3,2189 0,0007
debian 1,9661 0,0004
linux 0,8916 0,0002
definition 0,4943 0,0001
every 0,6162 0,0001
middleware 1,6607 0,0004
summary 1,6607 0,0004
again 1,2379 0,0003
fingas 4,6052 0,0010
dramatic 4,6052 0,0010
stockpile 3,9120 0,0008
indeed 2,4079 0,0005
jason 1,7148 0,0004
removal 1,6607 0,0004
comment 1,2730 0,0008
runa 0,9416 0,0002
during 0,5447 0,0001
fair 2,1203 0,0005
compatible 1,2040 0,0003
critic 2,6593 0,0006
enable 0,0000 0,0000
price 1,2730 0,0003
sidebar 0,0000 0,0000
limitreport 0,0000 0,0000
defensive 3,9120 0,0008
decoration 0,0619 0,0000
dependent 1,6094 0,0003
boulton 4,6052 0,0010
calculator 2,6593 0,0011
agree 0,0101 0,0000
resistance 2,6593 0,0006
wgulsislanguageselectorempty 0,0000 0,0000
fail 0,9676 0,0004
filing 3,2189 0,0007
itself 0,6539 0,0001
versions 3,5066 0,0008
anyone 1,7148 0,0004
pride 3,5066 0,0008
spain 1,4271 0,0003
damages 3,5066 0,0008
isolated 4,6052 0,0010
substitute 2,1203 0,0005
foreign 1,7720 0,0004
nick 1,8971 0,0004
discontinue 1,3863 0,0006
fall 1,2379 0,0003
kyle 2,4079 0,0005
moreover 2,1203 0,0005
violate 1,8971 0,0004
collective 2,2073 0,0005
steer 3,9120 0,0008
event 0,0000 0,0000
erase 3,2189 0,0007
agency 1,6607 0,0007
multitude 3,5066 0,0008
toggle 0,0000 0,0000
cyanogenmod 3,9120 0,0008
nice 3,2189 0,0007
tetun 2,9957 0,0006
appearance 0,0000 0,0000
wikileaks 3,5066 0,0008
classname 0,0000 0,0000
wggetopicsmatchmodeenable 0,0000 0,0000
fake 2,6593 0,0006
first 0,0408 0,0000
span 1,2730 0,0005
nowrap 0,0408 0,0000
prefer 0,0101 0,0000
iconic 3,9120 0,0008
roman 0,0101 0,0000
wgrelevantpageisprobablyeditable 0,0000 0,0000
tight 3,2189 0,0007
space 0,0408 0,0000
spec 1,7720 0,0004
reference 0,0101 0,0000
ambox 0,7133 0,0002
tether 3,2189 0,0007
ubuntu 2,2073 0,0005
bottom 0,0000 0,0000
ill 2,9957 0,0006
commitment 2,0402 0,0004
finished 3,5066 0,0008
gdpr 3,2189 0,0007
magyar 0,3425 0,0001
manufacture 2,4079 0,0005
publisher 0,0000 0,0000
replacement 1,7148 0,0007
arthur 2,2073 0,0005
tecno 3,9120 0,0008
img 0,0408 0,0000
arrival 2,8134 0,0006
o'reilly 0,6733 0,0001
steal 2,0402 0,0013
slimroms 4,6052 0,0010
vincent 2,5257 0,0005
error 0,0101 0,0000
moritz 3,9120 0,0008
network 0,3285 0,0001
christina 3,5066 0,0008
fuchsia 2,9957 0,0006
rust 1,6094 0,0003
trace 1,6607 0,0007
shortcut 2,4079 0,0005
public 0,4155 0,0001
formatnum 3,2189 0,0007
track 0,9676 0,0006
value 0,0000 0,0000
clearos 3,9120 0,0008
verified 3,9120 0,0008
rush 2,9957 0,0006
expensive 0,0408 0,0000
tricky 3,5066 0,0008
performance 0,3425 0,0001
trade 1,3863 0,0003
bluetooth 2,6593 0,0006
currently 1,0788 0,0002
round 1,3093 0,0003
hartman 3,5066 0,0008
maint 0,0101 0,0000
derivation 3,5066 0,0008
growth 1,2040 0,0003
unwanted 3,9120 0,0008
platformversion 0,0000 0,0000
vague 1,8971 0,0004
bicycle 3,9120 0,0008
references 0,0513 0,0000
ion 2,9957 0,0006
parsix 3,9120 0,0008
redistribution 3,5066 0,0008
texas 2,5257 0,0005
ios 1,8971 0,0004
iot 1,9661 0,0004
setting 1,4697 0,0003
properly 1,3471 0,0003
quote 0,0101 0,0000
lockheimer 4,6052 0,0010
wccf 4,6052 0,0010
gillmor 4,6052 0,0010
ram 2,0402 0,0004
internally 1,8326 0,0004
virtually 2,3026 0,0005
unlocking 3,9120 0,0008
brezhoneg 1,7148 0,0004
antimonopoly 4,6052 0,0010
metrics 2,5257 0,0005
placement 2,6593 0,0006
shortly 2,6593 0,0006
qtmoko 3,9120 0,0008
whitehorn 4,6052 0,0010
wgusergroup 0,0000 0,0000
dollar 1,8971 0,0004
dual 2,5257 0,0005
retire 3,9120 0,0008
aspect 0,7765 0,0002
smartphones 2,9957 0,0006
scott 1,0217 0,0002
close 0,8210 0,0007
scots 1,8971 0,0004
abner 3,9120 0,0008
pagliery 3,5066 0,0008
egan 4,6052 0,0010
meyer 2,9957 0,0006
acer 4,6052 0,0010
mitigate 1,8326 0,0008
abi 3,2189 0,0007
zte 3,9120 0,0008
xubuntu 3,9120 0,0008
fast 0,4943 0,0003
calling 2,9957 0,0006
dissect 4,6052 0,0010
loosely 2,1203 0,0005
spit 4,6052 0,0010
register 0,0000 0,0000
fleet 3,9120 0,0008
nine 2,1203 0,0005
appleinsider 3,5066 0,0008
mackenzie 2,9957 0,0006
exfiltrate 4,6052 0,0010
shakir 4,6052 0,0010
pegasus 4,6052 0,0010
deactivate 4,6052 0,0010
zui 4,6052 0,0010
red 1,2730 0,0003
act 0,9416 0,0002
post 0,0202 0,0000
destructoid 4,6052 0,0010
insecure 2,2073 0,0005
rem 3,5066 0,0008
adb 4,6052 0,0010
bergen 4,6052 0,0010
add 0,0000 0,0000
adi 3,9120 0,0008
its 0,0726 0,0000
consent 2,8134 0,0006
article 0,0000 0,0000
adt 3,9120 0,0008
schlaeffer 4,6052 0,0010
appbrain 4,6052 0,0010
parser 0,0000 0,0000
port 1,8326 0,0008
shell 1,0788 0,0002
therefore 0,7985 0,0002
bridgeos 3,2189 0,0007
exchange 1,1087 0,0002
activation 2,9957 0,0013
trust 1,2730 0,0005
production 0,9943 0,0002
united 0,4780 0,0001
choose 0,8440 0,0004
wirelessly 3,9120 0,0008
overtake 4,6052 0,0039
directory 1,5141 0,0006
wghostname 0,0000 0,0000
defragg 4,6052 0,0010
commercially 2,1203 0,0005
prevent 0,7340 0,0003
previously 1,1712 0,0003
wgtitle 0,0000 0,0000
beresford 3,9120 0,0008
demolinux 3,9120 0,0008
scope 1,2730 0,0003
handset 3,9120 0,0017
jools 4,6052 0,0010
surveillance 2,5257 0,0005
identify 0,6733 0,0003
hlist 0,0408 0,0000
chipset 4,6052 0,0020
label 0,0000 0,0000
improvement 0,9163 0,0004
message 0,3857 0,0002
lawler 3,5066 0,0008
filesystem 2,5257 0,0005
modify 0,7765 0,0003
truth 2,4079 0,0005
micro 2,5257 0,0005
janus 3,5066 0,0008
rlconf 0,0000 0,0000
bioslax 3,9120 0,0008
pledge 2,6593 0,0006
exempt 3,5066 0,0008
droidviews 4,6052 0,0010
college 2,1203 0,0005
bahasa 0,3285 0,0001
movie 2,2073 0,0005
ago 0,7765 0,0002
caption 0,3567 0,0001
shah 2,3026 0,0005
rumors 4,6052 0,0010
variation 1,9661 0,0008
boas 4,6052 0,0010
number 0,0000 0,0000
wgbackendresponsetime 0,0000 0,0000
disappointment 3,9120 0,0008
shorten 0,0000 0,0000
backseat 4,6052 0,0010
pcworld 3,5066 0,0008
rik 3,9120 0,0008
homescreen 3,9120 0,0008
reinforce 2,6593 0,0006
rim 4,6052 0,0010
property 0,6539 0,0001
rip 2,9957 0,0006
jerry 2,8134 0,0006
proschofsky 4,6052 0,0010
infoworld 1,6094 0,0003
nothing 1,6607 0,0004
testing 0,6733 0,0001
handle 0,6539 0,0001
animation 1,5141 0,0006
system 0,0101 0,0000
issn 0,7765 0,0002
spot 2,1203 0,0009
lukewarm 3,9120 0,0008
other 0,0000 0,0000
aim 0,8210 0,0005
city 1,4697 0,0003
air 1,8326 0,0004
userspace 3,9120 0,0008
innovate 3,5066 0,0008
mobe 4,6052 0,0010
armasu 4,6052 0,0010
electronic 1,0788 0,0002
infected 3,2189 0,0007
wordmark 4,6052 0,0010
damien 3,9120 0,0008
prototype 0,9676 0,0004
reardon 3,5066 0,0008
powerful 1,4697 0,0003
future 0,5978 0,0001
rlq 0,0000 0,0000
atop 3,5066 0,0008
cite 0,0000 0,0000
cwalter 4,6052 0,0010
donald 1,7148 0,0004
impressed 4,6052 0,0010
amadeo 4,6052 0,0010
body 0,0000 0,0000
correspond 1,3093 0,0003
maintainer 2,5257 0,0005
aleksandra 4,6052 0,0010
mode 0,0000 0,0000
amongst 2,1203 0,0005
decimate 3,5066 0,0008
all 0,0408 0,0000
always 0,9416 0,0002
border 0,0000 0,0000
read 0,0000 0,0000
already 1,1087 0,0002
ganapati 4,6052 0,0010
alt 2,6593 0,0006
touch 2,1203 0,0005
adhere 1,5141 0,0003
clock 2,6593 0,0011
real 0,0408 0,0000
clientpref 0,0000 0,0000
unit 0,6539 0,0001
cafe 4,6052 0,0010
hybrid 1,4271 0,0003
outsell 4,6052 0,0010
villas 4,6052 0,0010
swipe 3,9120 0,0025
monthly 2,6593 0,0006
sensor 1,8326 0,0004
collect 1,2730 0,0005
unix 1,3093 0,0003
leverage 1,3863 0,0003
outing 4,6052 0,0010
rod 3,9120 0,0008
crisostomo 4,6052 0,0010
ifixit 4,6052 0,0010
ron 1,8971 0,0004
telegraph 2,8134 0,0006
rom 2,8134 0,0012
wgisarticle 0,0000 0,0000
pichai 3,5066 0,0008
accelerometer 3,5066 0,0008
today 1,0788 0,0002
predict 1,6607 0,0004
comscore 4,6052 0,0010
row 0,4943 0,0001
brodman 4,6052 0,0010
anr 4,6052 0,0010
mills 3,2189 0,0007
any 0,2107 0,0000
watchos 3,2189 0,0007
huawei 2,2073 0,0005
aloysius 4,6052 0,0010
application 0,0943 0,0000
compilation 2,1203 0,0005
wgflaggedrevsparams 0,0000 0,0000
papiamentu 3,9120 0,0008
until 0,7765 0,0002
lowensohn 4,6052 0,0010
collapse 0,0408 0,0000
aol 2,2073 0,0005
reason 0,7985 0,0003
legend 2,2073 0,0005
wgrelevantarticleid 0,0000 0,0000
aot 2,9957 0,0006
ship 1,6094 0,0010
shim 3,9120 0,0008
annual 1,0788 0,0002
english 0,0000 0,0000
exclusive 2,4079 0,0010
api 0,3425 0,0001
funtouch 4,6052 0,0010
apk 3,9120 0,0008
whitney 3,9120 0,0008
app 0,9943 0,0004
margin 0,0000 0,0000
wgrequestid 0,0000 0,0000
jay 2,5257 0,0005
demand 1,1712 0,0003
mount 2,4079 0,0005
viaf 2,4079 0,0005
alex 1,3863 0,0003
geek 2,8134 0,0006
turkey 3,2189 0,0007
bohn 3,9120 0,0008
wgwikibaseitemid 0,0000 0,0000
bytecode 2,2073 0,0005
accuse 3,2189 0,0021
mobility 2,8134 0,0006
dublin 2,9957 0,0006
wgulsiscompactlinksenable 0,0000 0,0000
frequently 1,0788 0,0002
acquire 1,1087 0,0005
automobile 2,8134 0,0012
ara 3,9120 0,0008
openness 3,2189 0,0007
bhattacharya 4,6052 0,0010
where 0,2744 0,0001
arm 1,6607 0,0004
popular 0,6539 0,0001
cleveland 3,9120 0,0008
broken 3,9120 0,0008
art 1,2379 0,0003
detection 1,2730 0,0003
vice 2,2073 0,0005
ananya 4,6052 0,0010
ars 1,9661 0,0004
malware 2,1203 0,0005
macworld 3,2189 0,0007
call 0,0101 0,0000
supersu 4,6052 0,0010
watchdog 3,9120 0,0008
wilson 2,1203 0,0005
escalation 2,6593 0,0006
ask 1,0498 0,0005
fsfe 4,6052 0,0010
through 0,2107 0,0000
xolo 4,6052 0,0010
strength 2,3026 0,0005
reportedly 2,8134 0,0006
run 0,3011 0,0003
challenging 2,2073 0,0005
mouse 2,1203 0,0009
either 0,5621 0,0001
view 0,0000 0,0000
vulnerable 1,7720 0,0004
atm 3,2189 0,0007
donate 0,0000 0,0000
helpful 2,4079 0,0005
mandrake 3,9120 0,0008
fragmented 2,9957 0,0006
dust 4,6052 0,0010
watcher 3,9120 0,0008
worry 3,2189 0,0007
aisec 4,6052 0,0010
boosting 4,6052 0,0010
overlay 2,8134 0,0006
defens 2,9957 0,0006
calyxos 3,9120 0,0008
telephone 2,6593 0,0011
bold 0,0408 0,0000
froyo 3,9120 0,0008
significant 0,6931 0,0001
camp 3,2189 0,0007
difficulty 1,6607 0,0007
freespire 3,9120 0,0008
longer 2,3026 0,0005
overlap 1,7148 0,0004
everywhere 2,5257 0,0005
telephony 4,6052 0,0010
galego 0,7550 0,0002
name 0,0000 0,0000
selling 3,5066 0,0008
cputime 0,0000 0,0000
larry 1,9661 0,0004
omar 3,2189 0,0007
phonedog 4,6052 0,0010
watchlist 0,0000 0,0000
android 1,4697 0,0003
attract 2,9957 0,0006
show 0,0513 0,0000
critique 3,2189 0,0007
description 0,0000 0,0000
edition 0,7985 0,0002
cautious 4,6052 0,0010
cracked 4,6052 0,0010
shot 3,9120 0,0008
malicious 2,1203 0,0005
playstation 2,9957 0,0006
avg 4,6052 0,0010
defend 2,8134 0,0006
arrive 2,0402 0,0009
street 1,5606 0,0003
knoppix 3,9120 0,0008
boot 1,7720 0,0008
analogous 1,7720 0,0004
norton 2,8134 0,0006
introduce 0,3285 0,0003
momentum 2,8134 0,0006
target 0,0101 0,0000
yang 2,6593 0,0006
reorganize 3,2189 0,0007
leader 1,6607 0,0004
developers 0,0000 0,0000
jie 3,5066 0,0008
lunden 4,6052 0,0010
usage 0,0000 0,0000
experimental 1,4697 0,0003
jonathan 1,8326 0,0004
wgmediaviewerenabledbydefault 0,0000 0,0000
billing 3,2189 0,0007
jim 1,5141 0,0003
cast 2,3026 0,0005
explanatory 3,5066 0,0008
connectivity 2,1203 0,0005
jit 2,5257 0,0005
siphon 4,6052 0,0010
broad 1,1394 0,0002
pureos 3,5066 0,0008
princess 4,6052 0,0010
truly 2,2073 0,0005
cash 2,2073 0,0005
case 0,3285 0,0001
generation 1,2040 0,0003
item 0,0000 0,0000
subscriber 2,9957 0,0006
gene 2,6593 0,0006
chester 4,6052 0,0010
sundar 3,5066 0,0008
xoom 4,6052 0,0010
cars 3,2189 0,0007
phone 1,4271 0,0006
rely 0,6931 0,0001
slide 2,3026 0,0005
sticky 0,0000 0,0000
reset 2,8134 0,0018
dieter 3,2189 0,0007
style 0,0000 0,0000
haase 3,9120 0,0008
card 1,3863 0,0006
bennett 3,2189 0,0007
natt 3,9120 0,0008
alistair 3,5066 0,0008
cherry 4,6052 0,0010
damage 2,6593 0,0011
searchinput 0,0000 0,0000
devuan 3,9120 0,0008
settle 2,4079 0,0005
lollipop 3,9120 0,0008
vehicle 1,8326 0,0004
preferential 4,6052 0,0010
freedom 2,0402 0,0004
spyware 2,8134 0,0006
ouya 4,6052 0,0010
bender 3,9120 0,0008
protect 1,1394 0,0005
licensing 1,7148 0,0004
architecture 0,0000 0,0000
insider 1,5606 0,0003
more 0,0000 0,0000
display 0,0000 0,0000
nast 3,5066 0,0008
kill 2,1203 0,0005
aptoide 4,6052 0,0010
mexico 2,9957 0,0006
nasa 2,1203 0,0005
waive 4,6052 0,0010
forbes 1,5141 0,0003
accounts 2,8134 0,0006
sailfish 3,5066 0,0008
crux 3,9120 0,0008
shut 2,6593 0,0011
byford 3,9120 0,0008
simple 0,2231 0,0000
montavista 3,9120 0,0008
brandom 4,6052 0,0010
cloud 0,6349 0,0003
epoc 3,9120 0,0008
brandon 2,6593 0,0006
phonemaker 4,6052 0,0010
audi 3,9120 0,0008
percentage 2,2073 0,0005
vine 3,5066 0,0008
harmonyos 3,9120 0,0008
negotiate 3,9120 0,0008
speculation 3,2189 0,0014
england 2,3026 0,0005
adam 1,5606 0,0003
package 0,9943 0,0004
jni 3,9120 0,0008
marketplace 2,3026 0,0010
king 2,6593 0,0006
kind 0,8675 0,0002
chromeos 2,9957 0,0006
moto 4,6052 0,0010
resurrection 3,9120 0,0008
both 0,0305 0,0000
unauthorised 3,9120 0,0008
important 0,0101 0,0000
most 0,2107 0,0000
persuasion 3,9120 0,0008
turkix 3,9120 0,0008
microvisor 4,6052 0,0010
phrase 1,6094 0,0003
trisquel 3,9120 0,0008
daily 1,8326 0,0004
janko 4,6052 0,0010
joe 1,7720 0,0004
hughes 2,2073 0,0005
linuxcon 4,6052 0,0010
jon 1,6607 0,0004
downplay 3,9120 0,0008
alto 2,8134 0,0006
forbid 2,2073 0,0005
solydxk 3,9120 0,0008
highlight 1,3093 0,0008
database 0,2485 0,0001
touchpad 3,2189 0,0007
billion 1,3471 0,0003
fonts 3,5066 0,0008
joy 2,8134 0,0006
reject 2,1203 0,0005
gabeldorsche 4,6052 0,0010
miracle 3,5066 0,0008
saf 4,6052 0,0010
inventor 2,4079 0,0005
moblin 3,9120 0,0008
reto 4,6052 0,0010
kitkat 3,9120 0,0008
whitwam 4,6052 0,0010
sam 1,8326 0,0004
sheep 3,9120 0,0008
authentication 1,3863 0,0003
wgseparatortransformtable 0,0000 0,0000
rest 1,0788 0,0002
san 1,2379 0,0003
amount 0,9416 0,0002
move 0,0000 0,0000
comply 2,2073 0,0005
original 0,0943 0,0000
strumpf 4,6052 0,0010
mandriva 3,9120 0,0008
also 0,0202 0,0000
sandwich 3,5066 0,0008
say 0,6733 0,0006
enough 0,9676 0,0002
toybox 3,5066 0,0008
increase 0,4620 0,0004
abiresearch 4,6052 0,0010
inline 0,0408 0,0000
favor 1,5141 0,0003
yandex 2,1203 0,0005
investigation 2,3026 0,0010
latter 1,6607 0,0004
front 1,1394 0,0002
timothy 1,9661 0,0004
simply 0,9676 0,0002
customer 0,7550 0,0002
statista 2,9957 0,0006
hypocritical 4,6052 0,0010
projects 1,4697 0,0003
bad 1,4271 0,0009
spokesperson 3,5066 0,0008
ban 2,3026 0,0010
offer 0,4155 0,0004
bar 1,3863 0,0009
suffer 1,9661 0,0004
complex 0,5621 0,0001
fluid 2,3026 0,0005
howley 4,6052 0,0010
kwort 3,9120 0,0008
playbook 3,5066 0,0008
afterwards 3,9120 0,0008
bbc 1,9661 0,0004
amanda 3,2189 0,0007
documentation 0,6349 0,0001
personal 0,0000 0,0000
angry 4,6052 0,0010
delay 1,8326 0,0012
aaron 2,1203 0,0005
sde 3,5066 0,0008
sdl 2,9957 0,0006
sdk 2,4079 0,0005
drive 0,4780 0,0002
dean 2,6593 0,0006
deal 1,1712 0,0005
strong 0,9943 0,0002
abuse 2,3026 0,0005
scheme 0,0101 0,0000
freebsd 1,7720 0,0004
affect 1,0217 0,0002
icon 0,0101 0,0000
dead 1,7148 0,0004
safetynet 3,9120 0,0008
see 0,0408 0,0000
responsibility 1,3863 0,0003
motomagx 3,9120 0,0008
vita 3,9120 0,0008
national 0,4463 0,0001
subsequent 1,6094 0,0003
indicate 1,0217 0,0002
postmarketos 3,9120 0,0008
plummet 4,6052 0,0010
contain 0,0101 0,0000
set 0,2107 0,0000
founder 1,4697 0,0003
archlabs 3,9120 0,0008
column 0,0101 0,0000
linaro 4,6052 0,0010
procedure 0,9676 0,0002
sample 1,5141 0,0003
barnes 3,9120 0,0008
integrate 0,5798 0,0001
practices 1,5606 0,0003
booting 4,6052 0,0010
earnest 3,2189 0,0007
opensuse 3,5066 0,0008
ben 1,3093 0,0003
navbox 0,0943 0,0000
fastboot 3,9120 0,0008
listitem 0,0408 0,0000
differentiate 2,3026 0,0005
contact 0,0000 0,0000
france 0,8675 0,0002
vivo 4,6052 0,0010
programming 0,2744 0,0001
digit 2,0402 0,0004
disadvantage 1,8971 0,0004
jvm 2,8134 0,0006
chrome 2,2073 0,0005
multithread 1,9661 0,0004
typically 0,3857 0,0001
aamoth 4,6052 0,0010
promon 3,9120 0,0008
suspicious 2,8134 0,0006
complain 3,9120 0,0008
emulator 3,2189 0,0014
she 1,8326 0,0004
forian 4,6052 0,0010
linuxtle 3,9120 0,0008
adjust 1,8971 0,0008
western 2,2073 0,0005
shr 3,9120 0,0008
party 0,6539 0,0003
little 1,0788 0,0002
cursor 0,0619 0,0000
however 0,3011 0,0001
robertson 3,5066 0,0008
deem 2,5257 0,0005
kain 4,6052 0,0010
capable 1,6094 0,0003
hijink 4,6052 0,0010
walltime 0,0000 0,0000
interlanguage 0,0000 0,0000
wikibooks 0,8210 0,0002
client 0,0000 0,0000
over 0,3285 0,0001
historic 2,9957 0,0006
living 2,8134 0,0006
six 1,4271 0,0003
bound 2,1203 0,0005
false 0,0000 0,0000
steering 2,4079 0,0005
football 3,9120 0,0008
parse 0,0619 0,0000
breed 3,9120 0,0008
srpskohrvatski 0,9163 0,0002
developer 0,1744 0,0001
sergey 2,9957 0,0006
avoid 0,0101 0,0000
bid 3,2189 0,0007
fresh 2,2073 0,0005
appealing 4,6052 0,0010
comprehensive 1,3863 0,0003
prompt 1,5606 0,0003
merger 2,5257 0,0005
subset 1,1394 0,0002
big 0,7550 0,0005
porteus 3,9120 0,0008
select 0,9676 0,0002
advanced 0,7985 0,0002
crowd 2,6593 0,0006
nations 2,9957 0,0006
bit 1,3863 0,0006
output 0,0000 0,0000
thanks 2,6593 0,0006
biz 4,6052 0,0010
stagefright 4,6052 0,0010
inactive 2,5257 0,0005
orion 2,3026 0,0005
warranty 3,5066 0,0008
majority 1,5141 0,0003
model 0,0000 0,0000
join 1,1087 0,0010
crown 3,9120 0,0008
reduce 0,0101 0,0000
sentence 0,0000 0,0000
large 0,2485 0,0002
surface 2,1203 0,0005
baton 4,6052 0,0010
preinstal 3,9120 0,0008
tomorrow 2,9957 0,0006
unpacked 3,9120 0,0008
foresight 3,5066 0,0008
messaging 1,4271 0,0003
phil 2,3026 0,0005
operate 0,3567 0,0001
bionic 2,9957 0,0006
intercept 2,3026 0,0010
stereo 3,9120 0,0008
exclusively 1,6607 0,0004
john 0,5276 0,0001
hello 1,6607 0,0004
reconsider 3,2189 0,0007
christopher 1,5141 0,0003
openelec 3,9120 0,0008
begin 0,5108 0,0005
parrot 3,9120 0,0008
wgvisualeditor 0,0000 0,0000
template 0,0000 0,0000
cycle 1,3093 0,0003
lure 3,9120 0,0008
commentator 3,9120 0,0008
navbar 0,0202 0,0000
world 0,3857 0,0002
russell 2,1203 0,0005
subbox 0,6931 0,0001
sms 3,2189 0,0007
december 0,0000 0,0000
leeco 4,6052 0,0010
guardian 1,8326 0,0004
bundle 1,6094 0,0007
macos 1,6607 0,0004
table 0,0000 0,0000
affordable 3,9120 0,0008
bodhi 3,9120 0,0008
kali 3,9120 0,0008
side 0,3425 0,0001
cunningham 2,0402 0,0004
gaeilge 1,2040 0,0003
break 0,0101 0,0000
change 0,0000 0,0000
expressly 4,6052 0,0010
matos 4,6052 0,0010
indirectly 2,5257 0,0005
printable 0,0000 0,0000
hide 0,0000 0,0000
corporate 1,4697 0,0003
discovery 1,3863 0,0003
report 0,0202 0,0000
auto 0,0726 0,0000
soc 2,0402 0,0004
kaos 3,9120 0,0008
mislead 3,2189 0,0014
several 0,4155 0,0001
sign 1,2379 0,0008
traction 3,9120 0,0008
alios 4,6052 0,0010
office 1,0498 0,0002
downgrade 3,9120 0,0008
download 0,0000 0,0000
high 0,0101 0,0000
reuters 2,2073 0,0005
split 0,0000 0,0000
bnf 0,9163 0,0002
different 0,0513 0,0000
directly 0,5108 0,0001
novice 3,9120 0,0008
officially 1,8971 0,0004
cipriani 3,5066 0,0008
level 0,0000 0,0000
establish 0,8916 0,0006
permanently 2,0402 0,0004
relevant 1,2040 0,0003
wgmfdisplaywikibasedescription 0,0000 0,0000
bunch 3,5066 0,0008
spy 2,5257 0,0011
birthday 3,2189 0,0014
behind 1,2730 0,0003
gnewsense 3,9120 0,0008
wgdefaultdateformat 0,0000 0,0000
bot 2,8134 0,0006
box 0,0408 0,0000
boy 3,5066 0,0008
demo 3,5066 0,0008
oems 3,9120 0,0008
switch 0,9163 0,0008
total 0,0000 0,0000
consumer 1,4697 0,0006
highly 1,1712 0,0003
console 1,7720 0,0008
initiative 1,0217 0,0004
nature 1,0498 0,0002
social 0,8210 0,0002
src 0,6349 0,0001
wheel 3,2189 0,0007
illegally 4,6052 0,0010
cross 1,8326 0,0004
control 0,1625 0,0001
symbian 2,2073 0,0005
dell 3,5066 0,0008
lobby 3,9120 0,0017
earth 2,4079 0,0005
attribution 0,0000 0,0000
lineage 3,5066 0,0008
eitzen 4,6052 0,0010
vary 0,0619 0,0000
reinstate 4,6052 0,0010
upper 0,0101 0,0000
county 3,9120 0,0008
bogdan 4,6052 0,0010
dynamics 1,8326 0,0004
scandal 2,9957 0,0006
hinder 2,6593 0,0006
friend 1,8971 0,0004
linksys 4,6052 0,0010
publishing 0,7550 0,0002
adware 3,2189 0,0007
trends 1,5141 0,0003
browsing 1,8326 0,0004
deny 2,3026 0,0015
closely 1,6094 0,0003
unrealistic 3,9120 0,0008
pleasure 3,2189 0,0007
australia 1,8971 0,0004
kde 3,5066 0,0008
accept 1,1087 0,0005
morning 3,5066 0,0008
secondary 1,5606 0,0003
bsd 1,8326 0,0004
lessons 2,8134 0,0006
sub 1,9661 0,0004
sue 2,3026 0,0010
access 0,2877 0,0002
simi 0,9416 0,0002
sims 3,9120 0,0008
idac 4,6052 0,0010
extended 2,2073 0,0005
workaround 2,8134 0,0012
haroon 4,6052 0,0010
selflink 0,0101 0,0000
current 0,0000 0,0000
unlockable 4,6052 0,0010
zepp 3,9120 0,0008
yamshon 4,6052 0,0010
audio 1,2379 0,0003
key 0,0305 0,0000
preferred 2,9957 0,0006
manager 0,8440 0,0002
jose 2,0402 0,0004
maker 1,8971 0,0008
launch 0,9943 0,0009
josh 2,8134 0,0006
reviewer 2,6593 0,0011
store 0,5447 0,0004
adoptable 4,6052 0,0010
bugdroid 4,6052 0,0010
gyroscope 3,2189 0,0007
tagalog 1,2040 0,0003
confirm 1,6094 0,0007
bug 0,8675 0,0004
kate 3,2189 0,0007
amir 2,6593 0,0006
fourth 1,8971 0,0004
contacts 3,9120 0,0008
story 1,2730 0,0003
purchasable 4,6052 0,0010
buy 1,4271 0,0012
revelation 3,9120 0,0008
available 0,0000 0,0000
express 1,0788 0,0005
frequency 1,6607 0,0004
pinguy 3,9120 0,0008
zero 1,0217 0,0002
apache 1,0788 0,0002
hios 3,5066 0,0008
variant 0,0619 0,0000
tizen 3,5066 0,0008
sector 1,8971 0,0004
extreme 1,8971 0,0004
oracle 0,8916 0,0002
lineageos 3,9120 0,0008
query 1,1394 0,0002
degree 1,7720 0,0004
especially 0,8210 0,0002
once 0,7985 0,0002
headlines 4,6052 0,0010
demonstrate 1,3471 0,0003
storefront 3,9120 0,0008
alfred 3,2189 0,0007
brazil 2,5257 0,0005
hire 2,2073 0,0005
idea 0,9676 0,0002
wgpopupsflag 0,0000 0,0000
ziegler 4,6052 0,0010
devs 3,2189 0,0007
proprietary 0,9676 0,0002
kit 1,7720 0,0004
throughout 1,6094 0,0003
bouncer 4,6052 0,0010
stomp 3,9120 0,0008
successful 1,2379 0,0003
normal 0,0202 0,0000
figure 1,8326 0,0004
transmit 1,8326 0,0004
advices 4,6052 0,0010
consumption 1,4697 0,0003
technology 0,1863 0,0000
schonfeld 3,9120 0,0008
nethunter 4,6052 0,0010
functioning 3,5066 0,0008
litigation 2,4079 0,0005
bluez 4,6052 0,0010
wgcitereferencepreviewsactive 0,0000 0,0000
compromise 1,8326 0,0004
welch 3,9120 0,0008
expedite 3,2189 0,0007
gobolinux 3,9120 0,0008
backed 4,6052 0,0010
reach 1,2040 0,0008
comparative 2,8134 0,0006
graphical 1,2730 0,0003
molen 4,6052 0,0010
hesitant 3,9120 0,0008
feedback 1,3471 0,0003
hack 1,3471 0,0009
ludwig 3,9120 0,0008
jeffries 2,8134 0,0006
road 1,7148 0,0004
turbolinux 3,9120 0,0008
justify 1,8326 0,0004
review 0,6162 0,0004
weather 2,4079 0,0005
simulate 2,0402 0,0009
between 0,2107 0,0000
guide 0,3711 0,0001
inclusive 2,6593 0,0006
raspberry 2,5257 0,0005
goal 0,8440 0,0002
amol 4,6052 0,0010
techspot 4,6052 0,0010
following 2,1203 0,0005
tsingle 3,2189 0,0007
gizmodo 2,9957 0,0006
notifications 2,8134 0,0006
gmail 3,9120 0,0008
hive 3,2189 0,0007
geckolinux 3,9120 0,0008
racing 4,6052 0,0010
james 0,9676 0,0002
wear 2,9957 0,0006
martinez 3,5066 0,0008
range 0,8675 0,0002
hoffman 2,9957 0,0006
weak 2,1203 0,0005
leak 1,5606 0,0010
hellstew 3,9120 0,0008
leah 3,9120 0,0008
flaw 1,9661 0,0004
feature 0,0000 0,0000
assert 2,6593 0,0006
chavez 3,5066 0,0008
place 0,5447 0,0002
artix 3,9120 0,0008
regular 1,2379 0,0003
dispute 1,6607 0,0011
phandroid 4,6052 0,0010
russakovskii 4,6052 0,0010
restart 3,2189 0,0007
prominently 3,2189 0,0007
suggest 1,0217 0,0004
lead 0,2231 0,0002
touchwiz 4,6052 0,0010
expect 0,8440 0,0002
site 0,0000 0,0000
assess 1,9661 0,0004
rename 1,5141 0,0003
behaviour 2,2073 0,0005
obsess 4,6052 0,0010
argument 0,0513 0,0000
begun 4,6052 0,0010
subsystem 2,0402 0,0004
wgpageviewlanguage 0,0000 0,0000
dozen 2,4079 0,0005
tremendous 3,5066 0,0008
unofficially 3,9120 0,0008
router 1,8326 0,0008
accesskey 0,0000 0,0000
tab 2,4079 0,0010
plain 1,5141 0,0003
only 0,2107 0,0000
should 0,3711 0,0001
justice 2,4079 0,0005
tag 0,0000 0,0000
saga 2,9957 0,0006
tap 2,5257 0,0016
individual 0,7985 0,0002
balky 4,6052 0,0010
regards 3,2189 0,0007
crypto 2,3026 0,0005
opensignal 4,6052 0,0010
interim 3,5066 0,0008
chromiumos 2,9957 0,0006
person 0,6162 0,0001
safe 0,8675 0,0002
enforce 1,4271 0,0003
androids 3,9120 0,0008
manjoo 4,6052 0,0010
arsenal 4,6052 0,0010
potentially 0,7765 0,0002
covering 4,6052 0,0010
secretive 3,5066 0,0008
week 1,2379 0,0005
kingsley 3,2189 0,0007
artem 4,6052 0,0010
distinct 1,3471 0,0003
tung 2,8134 0,0006
restructure 3,5066 0,0008
aware 1,9661 0,0004
can 0,0408 0,0000
inclusion 2,3026 0,0005
computing 0,4155 0,0001
targeting 3,2189 0,0007
cap 0,0619 0,0000
wgcanonicalnamespace 0,0000 0,0000
car 1,8326 0,0008
flex 0,5276 0,0001
ready 0,0000 0,0000
cat 2,3026 0,0005
alarm 2,9957 0,0006
mascots 3,9120 0,0008
tcl 2,2073 0,0005
player 1,8326 0,0008
orientation 2,3026 0,0005
manufacturers 3,2189 0,0007
wgisredirect 0,0000 0,0000
idle 2,6593 0,0006
limited 0,8916 0,0002
february 0,0000 0,0000
toombs 4,6052 0,0010
crunchbang 3,9120 0,0008
rethink 3,5066 0,0008
really 1,5606 0,0003
carrier 2,6593 0,0011
realme 4,6052 0,0010
arguably 4,6052 0,0010
cbs 2,4079 0,0005
response 0,7340 0,0002
responsive 0,0202 0,0000
independently 1,3863 0,0003
category 0,0000 0,0000
rival 2,6593 0,0006
wikidata 0,0000 0,0000
callparserfunction 1,4271 0,0003
