reuse 1,8971 0,0009
upload 0,0000 0,0000
wggelevelingupenabledforuser 0,0000 0,0000
wgrestrictionmove 0,0000 0,0000
descriptor 3,2189 0,0015
remote 0,9163 0,0004
without 0,2744 0,0001
ted 2,2073 0,0010
would 0,3425 0,0002
setstate 3,9120 0,0018
xml 1,1394 0,0005
cohler 4,6052 0,0021
audience 2,6593 0,0012
solid 0,0202 0,0000
eich 2,9957 0,0014
notably 1,8326 0,0008
neutral 0,5447 0,0002
require 0,0000 0,0000
codecademy 3,9120 0,0018
analysis 0,5108 0,0002
rewrite 1,2040 0,0005
scribunto 0,0000 0,0000
haugen 4,6052 0,0021
midgard 3,5066 0,0016
willow 4,6052 0,0021
diplomacy 4,6052 0,0021
size 0,0000 0,0000
util 3,9120 0,0018
left 0,0408 0,0000
cdx 0,0000 0,0000
citerefabramov 4,6052 0,0021
object 0,3711 0,0003
newspaper 1,5606 0,0007
chapter 1,1712 0,0005
hang 1,3863 0,0006
infinite 2,5257 0,0011
scalatra 3,5066 0,0016
gsub 1,7148 0,0008
notable 1,1394 0,0005
ceo 1,5606 0,0007
example 0,2485 0,0001
monorail 3,5066 0,0016
result 0,2231 0,0003
same 0,2357 0,0001
commission 1,4697 0,0007
after 0,0305 0,0000
headline 0,0000 0,0000
connect 0,8675 0,0004
policy 0,0000 0,0000
analytica 4,6052 0,0021
address 0,5621 0,0003
licensee 3,9120 0,0018
kernel 1,2379 0,0006
sublicense 3,9120 0,0018
pagelanguagecode 0,0000 0,0000
transientcontent 0,0000 0,0000
subtle 0,3285 0,0001
component 0,3147 0,0003
frances 3,5066 0,0016
idhash 0,0619 0,0000
timeline 1,0788 0,0005
information 0,0000 0,0000
wrap 0,0101 0,0000
discuss 1,0217 0,0005
kenji 3,9120 0,0018
standard 0,2357 0,0002
november 0,0000 0,0000
redux 3,9120 0,0018
good 0,4155 0,0002
deploy 1,0217 0,0005
empty 0,0305 0,0000
compute 0,6733 0,0006
gleit 4,6052 0,0021
fullversionlist 0,0000 0,0000
tim 1,0498 0,0005
implement 0,3285 0,0001
andrei 3,9120 0,0018
gracefully 3,9120 0,0018
export 0,0000 0,0000
owen 2,9957 0,0014
lisp 1,7720 0,0008
quixote 3,2189 0,0015
check 0,7985 0,0004
list 0,0000 0,0000
andrew 1,0498 0,0005
suzor 4,6052 0,0021
savona 4,6052 0,0021
external 0,1863 0,0001
beacon 3,9120 0,0018
authority 0,4780 0,0002
onwards 2,8134 0,0013
child 0,0202 0,0000
manning 1,6607 0,0007
mainentity 0,0000 0,0000
young 2,4079 0,0011
germany 0,5798 0,0003
medium 1,4271 0,0006
aquila 4,6052 0,0021
interface 0,2485 0,0002
remove 0,3711 0,0005
disclaimers 0,0000 0,0000
root 0,4780 0,0002
usereducer 4,6052 0,0021
wgisprobablyeditable 0,0000 0,0000
lardinois 2,4079 0,0011
nestjs 2,8134 0,0013
compiler 1,3093 0,0006
onmouseenter 4,6052 0,0021
live 1,1712 0,0011
packageprevent 4,6052 0,0021
citation 0,0101 0,0000
mobile 0,0000 0,0000
multiple 0,2485 0,0001
perform 0,4463 0,0004
room 1,7720 0,0008
plainlist 0,4463 0,0002
pdf 0,0000 0,0000
maypole 3,5066 0,0016
service 0,1393 0,0001
there 0,2614 0,0001
permit 1,3093 0,0006
syntax 1,1394 0,0005
well 0,2744 0,0001
handling 1,7148 0,0008
suitable 1,3471 0,0006
bitness 0,0000 0,0000
rgba 0,0101 0,0000
atlas 3,2189 0,0015
walke 4,6052 0,0021
channel 1,3863 0,0006
inception 2,8134 0,0013
focus 0,6733 0,0006
priscilla 4,6052 0,0021
entire 0,8675 0,0004
approach 0,3711 0,0003
collapsible 2,4079 0,0011
schmidt 1,9661 0,0009
actionscript 2,9957 0,0014
isaacs 3,5066 0,0016
mediagroup 4,6052 0,0021
normalize 3,9120 0,0018
block 0,0408 0,0000
write 0,1508 0,0001
flow 0,3425 0,0002
order 0,4155 0,0002
fiber 2,6593 0,0024
aria 0,0000 0,0000
boxtext 0,0619 0,0000
byte 0,0408 0,0000
unconventional 3,9120 0,0018
understand 0,6162 0,0003
dismiss 2,9957 0,0014
indonesia 0,3567 0,0002
angular 2,5257 0,0011
andreessen 3,2189 0,0015
even 0,0513 0,0000
tagline 0,0000 0,0000
razor 3,2189 0,0015
remix 2,8134 0,0013
regexp 0,0000 0,0000
subsection 0,1508 0,0001
wait 1,8326 0,0008
jsdoc 3,2189 0,0015
wgeditsubmitbuttonlabelpublish 0,0000 0,0000
save 1,3863 0,0006
toc 0,0000 0,0000
protection 0,4463 0,0002
respectively 1,3863 0,0006
functionality 0,6539 0,0003
matter 1,2379 0,0006
wgpagecontentmodel 0,0000 0,0000
instant 2,5257 0,0011
tom 1,3863 0,0006
top 0,0000 0,0000
native 0,8916 0,0004
rails 2,1203 0,0010
wakanda 3,5066 0,0016
have 0,2744 0,0002
relicensing 3,9120 0,0018
declarative 1,8326 0,0008
imperative 2,0402 0,0009
documentary 3,2189 0,0015
gaming 1,8971 0,0009
product 0,4005 0,0002
linear 1,6607 0,0007
particularly 0,9943 0,0004
question 0,9416 0,0004
ross 2,5257 0,0011
hydrate 3,9120 0,0035
ronaldo 4,6052 0,0021
picture 2,1203 0,0010
wgnamespacenumber 0,0000 0,0000
framework 0,2877 0,0003
messenger 3,5066 0,0016
wgwmepagelength 0,0000 0,0000
php 1,3471 0,0006
entity 0,0101 0,0000
myrocks 3,9120 0,0018
smalltalk 1,6607 0,0007
com 0,8210 0,0004
col 0,9943 0,0004
coo 2,6593 0,0012
expensivefunctioncount 0,0000 0,0000
minor 1,7148 0,0008
arrow 2,9957 0,0014
gwt 3,2189 0,0015
supernatural 4,6052 0,0021
employee 1,6094 0,0007
lab 1,3863 0,0006
cox 3,2189 0,0015
associate 0,6931 0,0003
platforms 1,4697 0,0007
identical 2,0402 0,0009
timeusage 0,0000 0,0000
pin 0,0000 0,0000
whether 0,7765 0,0004
function 0,0000 0,0000
members 3,5066 0,0016
verification 0,8440 0,0004
comparison 0,4005 0,0004
cpo 3,2189 0,0015
void 2,1203 0,0010
introducing 2,4079 0,0011
licensor 4,6052 0,0021
cpu 0,0408 0,0000
infobox 0,6931 0,0003
less 0,6162 0,0003
pcache 0,0619 0,0000
condition 1,2040 0,0005
improve 0,2485 0,0003
october 0,0000 0,0000
try 0,9676 0,0004
basic 0,6539 0,0003
twist 2,6593 0,0012
complication 0,0513 0,0000
footer 2,9957 0,0014
cause 0,6162 0,0003
jquery 0,0000 0,0000
hereunder 4,6052 0,0021
acdlite 4,6052 0,0021
design 0,1393 0,0001
extra 1,7720 0,0008
flux 2,8134 0,0013
working 1,3471 0,0006
owono 4,6052 0,0021
timeless 0,0101 0,0000
chief 1,6607 0,0007
luasandboxcallback 1,4271 0,0006
sandbox 2,3026 0,0010
automatic 1,2379 0,0006
wgwmeschemaeditattemptstepoversample 0,0000 0,0000
refactor 2,6593 0,0012
ttl 0,0000 0,0000
arriaga 4,6052 0,0021
chourasia 4,6052 0,0021
kimmitt 4,6052 0,0021
encyclopedia 0,0000 0,0000
conduct 0,0000 0,0000
gridrow 4,6052 0,0021
stable 0,7133 0,0003
formerly 1,2040 0,0005
maintenance 0,6733 0,0003
futhark 3,5066 0,0016
abovebelow 0,0943 0,0000
css 1,8971 0,0009
shouldcomponentupdate 4,6052 0,0021
discussion 1,3093 0,0006
ajax 1,7148 0,0008
concern 0,8210 0,0004
integrity 1,3863 0,0006
oversight 2,3026 0,0010
merge 1,6607 0,0022
pref 0,0000 0,0000
let 0,9943 0,0004
state 0,3425 0,0005
strut 2,9957 0,0014
csrftoken 0,0000 0,0000
dustin 4,6052 0,0021
meeting 1,7720 0,0008
cto 2,8134 0,0013
element 0,0000 0,0000
separately 1,5606 0,0007
night 0,0000 0,0000
want 0,8675 0,0004
qaraqalpaqsha 1,1712 0,0005
jstransform 4,6052 0,0021
each 0,1393 0,0001
javascript 0,9416 0,0004
mediawiki 1,0788 0,0005
input 0,0000 0,0000
moskovitz 4,6052 0,0021
groovy 2,4079 0,0011
toolkit 1,5141 0,0007
difference 0,8916 0,0004
reality 1,5141 0,0007
infringe 2,9957 0,0014
peerdependency 4,6052 0,0021
marino 4,6052 0,0021
unpinned 0,0000 0,0000
renderer 3,5066 0,0016
lars 2,9957 0,0014
document 0,4463 0,0004
concurrent 1,2040 0,0005
risingstack 4,6052 0,0021
onmouseover 3,9120 0,0018
two 0,2744 0,0001
mcconnell 3,5066 0,0016
pop 1,6607 0,0007
incompatible 1,9661 0,0009
routing 2,6593 0,0012
tear 3,5066 0,0016
scenario 1,4271 0,0006
initialization 2,4079 0,0011
datepublished 0,0000 0,0000
pend 2,4079 0,0011
validate 1,4697 0,0007
clause 2,2073 0,0010
receive 0,7340 0,0007
referrerpolicy 4,6052 0,0021
think 0,9676 0,0004
portalleft 1,3093 0,0006
team 0,4943 0,0002
entirely 1,5141 0,0007
marketing 1,2730 0,0006
wgusername 0,0000 0,0000
createroot 4,6052 0,0021
watch 1,6607 0,0007
occhino 4,6052 0,0021
chart 1,7148 0,0008
source 0,1393 0,0002
align 0,0101 0,0000
initiate 2,1203 0,0010
compile 1,1712 0,0005
late 0,4155 0,0002
continue 0,6931 0,0003
isomorphic 3,9120 0,0018
scheduling 1,5606 0,0007
liu 2,2073 0,0010
spidermonkey 3,2189 0,0015
actual 1,1394 0,0005
last 0,0000 0,0000
imageright 0,2614 0,0001
ultimate 1,8971 0,0009
widely 0,7985 0,0004
batch 1,7148 0,0008
mozilla 1,8326 0,0008
weight 0,0101 0,0000
develop 0,1863 0,0002
pro 1,6094 0,0007
warn 2,2073 0,0010
openacs 3,5066 0,0016
measure 0,9416 0,0004
page 0,0000 0,0000
compatibility 0,9416 0,0004
full 0,0202 0,0000
polymer 2,8134 0,0013
away 1,4271 0,0006
memory 0,0408 0,0000
const 2,5257 0,0011
scientist 1,3863 0,0006
concept 0,3711 0,0002
erlang 1,7720 0,0008
video 0,8210 0,0004
endy 4,6052 0,0021
leanpub 4,6052 0,0021
minimal 1,2730 0,0006
perl 1,3093 0,0006
perf 4,6052 0,0021
early 0,4308 0,0002
enhance 0,8916 0,0004
overview 0,5447 0,0002
center 0,0000 0,0000
start 0,3011 0,0001
configure 1,3093 0,0006
windows 0,7985 0,0004
engineer 0,7765 0,0004
pair 1,3863 0,0006
manage 0,3567 0,0002
wikimedia 0,0000 0,0000
initially 1,0788 0,0005
short 0,0000 0,0000
sandberg 4,6052 0,0021
time 0,0000 0,0000
shadow 2,1203 0,0010
interactive 0,4463 0,0002
textarea 4,6052 0,0021
program 0,2614 0,0001
preload 3,9120 0,0018
three 0,3711 0,0002
required 3,5066 0,0016
xmln 3,2189 0,0015
pete 2,9957 0,0014
specifically 0,8916 0,0004
hardware 0,5798 0,0003
counterclaim 3,9120 0,0018
getentitystatement 2,5257 0,0011
priority 1,4697 0,0013
creative 0,0000 0,0000
nederlands 0,1985 0,0001
chris 1,2040 0,0005
provide 0,1625 0,0001
wayback 0,7985 0,0004
elliot 4,6052 0,0021
dojo 3,2189 0,0015
primary 0,7765 0,0004
log 0,0000 0,0000
lazy 2,6593 0,0012
wgcheckuserclienthintsheadersjsapi 0,0000 0,0000
layer 0,7340 0,0003
accidental 2,6593 0,0012
javascriptcore 3,5066 0,0016
vaadin 3,5066 0,0016
low 0,0101 0,0000
processwire 3,5066 0,0016
timingprofile 0,0000 0,0000
prop 3,9120 0,0035
yii 3,5066 0,0016
clegg 4,6052 0,0021
theme 0,0000 0,0000
wgcategory 0,0000 0,0000
editor 0,0000 0,0000
postexpandincludesize 0,0000 0,0000
swfobject 3,5066 0,0016
efficient 1,0217 0,0005
initial 0,3857 0,0002
chair 2,5257 0,0011
unstrip 0,0000 0,0000
apress 1,7148 0,0008
consistent 1,1712 0,0005
reactjs 4,6052 0,0021
templateargumentsize 0,0000 0,0000
unsourced 0,5621 0,0003
january 0,0000 0,0000
permanent 0,0000 0,0000
fetch 1,9661 0,0018
chan 2,6593 0,0012
choice 1,0498 0,0005
small 0,0305 0,0000
rhino 3,2189 0,0015
compact 1,7720 0,0008
websharper 2,9957 0,0014
before 0,0305 0,0000
speedy 0,7133 0,0003
dad 2,1203 0,0010
friendly 1,9661 0,0009
replace 0,7340 0,0003
caching 2,6593 0,0012
italic 0,1278 0,0001
dan 0,9943 0,0004
major 0,5621 0,0003
wgredirectedfrom 3,2189 0,0015
jordan 1,7148 0,0008
inappropriate 2,2073 0,0010
propagate 3,2189 0,0015
unionization 4,6052 0,0021
consider 0,4005 0,0004
day 0,0000 0,0000
potential 1,0788 0,0005
group 0,0408 0,0000
hock 4,6052 0,0021
gatsby 4,6052 0,0021
manually 1,5606 0,0007
format 0,0101 0,0000
tree 1,1394 0,0005
runtime 1,2040 0,0005
archive 0,0943 0,0000
inappropriately 3,9120 0,0018
history 0,0000 0,0000
useeffect 4,6052 0,0021
twice 1,9661 0,0009
hydration 2,5257 0,0011
cssfloat 4,6052 0,0021
dhtml 2,4079 0,0011
reblogging 4,6052 0,0021
request 0,6733 0,0006
critical 0,8916 0,0004
mike 1,2040 0,0005
wgrestrictionedit 0,0000 0,0000
part 0,1985 0,0002
wgpageparsereport 0,0000 0,0000
elsewhere 2,3026 0,0010
point 0,5447 0,0005
afia 4,6052 0,0021
general 0,0000 0,0000
inducement 4,6052 0,0021
september 0,0000 0,0000
zope 3,2189 0,0015
browser 0,9943 0,0009
componentwillunmount 4,6052 0,0021
boycott 4,6052 0,0021
ebersman 4,6052 0,0021
introduction 0,5621 0,0003
duguid 3,9120 0,0018
chen 1,7148 0,0008
padding 0,0000 0,0000
process 0,1625 0,0001
alternative 0,6931 0,0003
clear 0,0101 0,0000
ltr 0,0000 0,0000
isrunning 4,6052 0,0021
third 0,5447 0,0002
wginternalredirecttargeturl 3,2189 0,0015
build 0,2357 0,0004
lua 0,0513 0,0000
account 0,0000 0,0000
stack 0,7340 0,0007
ambiguous 2,0402 0,0009
advance 1,0788 0,0005
portalborder 1,3093 0,0006
barra 3,9120 0,0018
dev 1,7720 0,0008
abbr 0,0619 0,0000
strict 1,5606 0,0007
you 0,0000 0,0000
jump 0,0000 0,0000
seamless 3,2189 0,0015
wavemaker 2,2073 0,0010
yesod 3,5066 0,0016
pass 0,8675 0,0012
yishan 4,6052 0,0021
profile 1,0788 0,0005
july 0,0000 0,0000
whichever 3,5066 0,0016
infra 3,5066 0,0016
whose 1,3471 0,0006
subsidiary 2,8134 0,0013
qtscript 3,5066 0,0016
route 1,6094 0,0015
profiling 2,9957 0,0014
jshint 3,2189 0,0015
subgroup 0,0513 0,0000
larsen 3,2189 0,0015
characteristic 1,2379 0,0006
transparent 0,0619 0,0000
how 0,0834 0,0000
capability 0,7765 0,0004
adoption 0,8675 0,0004
journal 0,4780 0,0002
composition 1,9661 0,0009
peter 0,8210 0,0004
oculus 4,6052 0,0021
term 0,0000 0,0000
acquisition 1,2040 0,0005
business 0,3425 0,0002
mini 0,0619 0,0000
commonjs 2,8134 0,0013
fraley 4,6052 0,0021
right 0,0101 0,0000
march 0,0000 0,0000
transition 1,5606 0,0007
katherine 2,5257 0,0011
june 0,0000 0,0000
wikitext 0,0000 0,0000
supersede 1,9661 0,0009
paul 0,7765 0,0004
under 0,0101 0,0000
represent 0,5978 0,0003
giphy 4,6052 0,0021
sometimes 0,6931 0,0003
jsconf 3,5066 0,0016
useformstatus 4,6052 0,0021
autocapitalize 0,0000 0,0000
down 0,8440 0,0004
jaxer 3,5066 0,0016
hold 0,7985 0,0004
div 0,0000 0,0000
later 0,4005 0,0002
bracket 0,0619 0,0000
legal 1,1712 0,0005
wgpagename 0,0000 0,0000
talk 0,0000 0,0000
static 1,0217 0,0005
commonly 0,6931 0,0003
test 0,4463 0,0002
count 0,0513 0,0000
hatnote 0,2107 0,0001
scholar 1,3863 0,0006
graph 1,4697 0,0007
tamarin 3,5066 0,0016
pinnable 0,0000 0,0000
take 0,2877 0,0003
propagation 2,8134 0,0013
month 0,7133 0,0006
drupal 2,8134 0,0013
wgrevisionid 0,0000 0,0000
bluebream 3,5066 0,0016
trustees 4,6052 0,0021
some 0,1744 0,0001
virtual 0,4620 0,0002
rather 0,5978 0,0003
additional 0,0000 0,0000
back 0,6349 0,0003
title 0,0000 0,0000
patroltoken 0,0000 0,0000
umd 4,6052 0,0021
primarily 0,9943 0,0004
bret 4,6052 0,0021
load 0,0202 0,0000
houston 3,9120 0,0018
htc 3,9120 0,0018
alpha 0,0101 0,0000
company 0,4308 0,0004
thomas 0,8675 0,0004
continuation 3,9120 0,0018
just 0,4943 0,0002
notice 1,6094 0,0007
knockout 3,9120 0,0018
custom 0,0000 0,0000
relay 2,5257 0,0011
getentity 2,6593 0,0012
home 0,8675 0,0004
michael 0,7133 0,0003
existing 3,5066 0,0016
print 0,0000 0,0000
although 0,6162 0,0003
material 0,7765 0,0004
regression 1,7720 0,0016
inherit 0,0101 0,0000
interpret 1,7148 0,0008
idiom 3,5066 0,0016
grant 1,6094 0,0015
articles 1,0217 0,0005
president 1,9661 0,0009
explain 1,1712 0,0005
suzanne 3,2189 0,0015
memo 3,2189 0,0015
convert 1,6607 0,0007
attempt 0,8440 0,0008
autocorrect 4,6052 0,0021
dmy 0,0000 0,0000
executive 1,5606 0,0007
navigation 0,0000 0,0000
hook 2,9957 0,0041
wmlscript 3,5066 0,0016
action 0,0000 0,0000
lock 0,0101 0,0000
text 0,0000 0,0000
usually 0,4780 0,0002
python 0,6539 0,0003
ppvisitednode 0,0000 0,0000
cookie 0,0000 0,0000
dnn 3,5066 0,0016
loading 0,0000 0,0000
hiphop 4,6052 0,0021
carozza 4,6052 0,0021
mouseenter 4,6052 0,0021
field 0,7550 0,0003
contents 0,0000 0,0000
prado 3,5066 0,0016
invalid 2,2073 0,0010
doc 1,8326 0,0008
status 0,0000 0,0000
server 0,4005 0,0002
dom 1,6094 0,0007
skin 0,0000 0,0000
products 1,4271 0,0006
thiel 4,6052 0,0021
robert 0,9676 0,0004
nuke 3,2189 0,0015
bibliography 2,2073 0,0010
file 0,0000 0,0000
stream 1,0788 0,0005
austin 2,1203 0,0010
member 0,9163 0,0008
wgnoticeproject 0,0000 0,0000
jhipster 3,5066 0,0016
may 0,0000 0,0000
jstor 1,4271 0,0006
max 0,0513 0,0000
within 0,3011 0,0001
blake 3,2189 0,0015
could 0,4780 0,0002
forward 1,2730 0,0006
allege 2,8134 0,0013
trigger 0,0513 0,0000
menu 0,0000 0,0000
batching 4,6052 0,0021
url 0,0000 0,0000
natta 4,6052 0,0021
machine 0,2744 0,0001
laminas 3,5066 0,0016
efficiently 1,4697 0,0007
workplace 2,8134 0,0013
gffxv 4,6052 0,0021
return 0,0000 0,0000
createsyncroot 4,6052 0,0021
bidirectional 2,8134 0,0013
instance 0,7765 0,0007
concerned 2,4079 0,0011
marny 4,6052 0,0021
use 0,0000 0,0000
main 0,0000 0,0000
bosworth 4,6052 0,0021
arrangement 3,2189 0,0015
solution 0,5621 0,0005
find 0,3425 0,0003
interactivity 3,5066 0,0016
logo 0,0000 0,0000
credit 1,6094 0,0007
international 0,3011 0,0001
logs 1,3093 0,0006
alter 1,5141 0,0007
utc 0,0000 0,0000
occur 0,7765 0,0004
joomla 3,2189 0,0015
webgui 3,5066 0,0016
canonical 0,0408 0,0000
chamath 4,6052 0,0021
feed 1,9661 0,0009
wgcurrevisionid 0,0000 0,0000
astro 3,2189 0,0015
task 0,5108 0,0002
null 0,0000 0,0000
cleanup 2,2073 0,0010
background 0,0101 0,0000
mdn 3,2189 0,0015
appfuse 3,5066 0,0016
marne 4,6052 0,0021
true 0,0000 0,0000
header 0,0000 0,0000
watchtoken 0,0000 0,0000
since 0,3425 0,0002
patent 1,8971 0,0017
movementy 4,6052 0,0021
phalcon 3,5066 0,0016
paradigm 1,1394 0,0005
movementx 4,6052 0,0021
delete 0,4155 0,0002
foreach 0,0000 0,0000
transform 1,4697 0,0007
repeat 0,0101 0,0000
saverin 4,6052 0,0021
karman 4,6052 0,0021
make 0,1165 0,0002
wggestructuredtaskrejectionreasontextinputenable 0,0000 0,0000
execution 0,7340 0,0003
thread 1,2379 0,0006
structure 0,4155 0,0004
master 1,0498 0,0005
ruby 1,0217 0,0005
wicket 3,2189 0,0015
complicate 2,4079 0,0011
callback 2,8134 0,0025
merb 2,9957 0,0014
simplify 1,1394 0,0005
hotz 4,6052 0,0021
webassembly 1,7720 0,0008
depend 0,7340 0,0010
instagram 3,2189 0,0015
crash 1,6094 0,0007
uwp 4,6052 0,0021
stripes 3,2189 0,0015
observer 2,1203 0,0010
reflect 1,1712 0,0005
contribution 0,0000 0,0000
mvvm 2,8134 0,0013
ongoing 1,9661 0,0009
fire 1,7148 0,0015
sunspider 3,5066 0,0016
recursion 0,0513 0,0000
height 0,0101 0,0000
pointer 2,0402 0,0009
august 0,0000 0,0000
module 0,0000 0,0000
wikibase 0,0619 0,0000
sebastian 3,2189 0,0015
execute 0,6733 0,0006
benefit 0,9416 0,0004
datemodify 0,0619 0,0000
polyfill 3,9120 0,0018
thereby 1,6607 0,0007
cassandra 2,9957 0,0014
meta 1,4271 0,0006
boost 1,9661 0,0009
functional 0,9943 0,0004
notheme 0,3711 0,0002
safari 2,1203 0,0010
cappuccino 3,5066 0,0016
eliminate 1,1712 0,0005
global 0,7985 0,0004
industry 0,7550 0,0003
long 0,4005 0,0002
into 0,1985 0,0001
min 0,1165 0,0001
glance 3,9120 0,0018
thrift 3,2189 0,0015
mit 1,2040 0,0005
bayuni 4,6052 0,0021
free 0,0000 0,0000
mix 1,2379 0,0006
redirect 1,1087 0,0005
controller 1,5141 0,0007
expression 1,3471 0,0006
middle 0,7765 0,0004
though 0,8440 0,0004
componentdidmount 4,6052 0,0021
srcdoc 4,6052 0,0021
many 0,2357 0,0001
people 0,9943 0,0004
hyperlapse 4,6052 0,0021
friendfeed 4,6052 0,0021
releases 1,7720 0,0008
stay 2,1203 0,0010
actually 1,3093 0,0006
evolve 1,0498 0,0005
extensive 1,5141 0,0007
face 1,1712 0,0005
umbraco 3,5066 0,0016
associated 1,8326 0,0008
progress 1,4271 0,0006
operation 0,5108 0,0002
open 0,1625 0,0001
agent 1,3863 0,0006
wordpress 2,4079 0,0011
tbody 0,6931 0,0003
project 0,0000 0,0000
cherine 4,6052 0,0021
enhancement 0,0101 0,0000
inside 0,0101 0,0000
gridcolumn 4,6052 0,0021
techcrunch 1,3093 0,0006
loop 1,7148 0,0015
zef 4,6052 0,0021
kyei 4,6052 0,0021
monospace 2,0402 0,0009
solutions 1,8971 0,0009
wong 2,5257 0,0011
arnold 2,9957 0,0014
please 0,8210 0,0004
deprecation 2,8134 0,0025
sinatra 2,9957 0,0014
immutable 3,2189 0,0015
nicola 2,9957 0,0014
padrino 2,9957 0,0014
internet 0,5447 0,0002
allow 0,1863 0,0003
defer 2,2073 0,0010
onerror 3,9120 0,0018
lawsuit 2,8134 0,0013
isbn 0,1054 0,0000
mass 1,8971 0,0009
detect 1,0788 0,0005
revoke 2,5257 0,0011
rule 0,5978 0,0003
update 0,4463 0,0008
common 0,3711 0,0002
interest 0,9943 0,0004
pamela 3,2189 0,0015
themselves 1,1394 0,0005
definition 0,4943 0,0002
placeholder 0,0000 0,0000
every 0,6162 0,0003
componentdidupdate 4,6052 0,0021
lopez 3,9120 0,0018
apply 0,0000 0,0000
again 1,2379 0,0006
scribe 4,6052 0,0021
marc 2,3026 0,0010
comment 1,2730 0,0006
gutenberg 3,9120 0,0018
mark 0,6733 0,0006
base 0,0305 0,0000
runa 0,9416 0,0004
trend 1,7148 0,0008
whole 1,2040 0,0005
during 0,5447 0,0002
consist 0,6539 0,0003
reliable 0,7765 0,0004
compatible 1,2040 0,0005
relate 0,0000 0,0000
tangentialpressure 4,6052 0,0021
enable 0,0000 0,0000
safety 1,3093 0,0006
sidebar 0,0000 0,0000
limitreport 0,0000 0,0000
decoration 0,0619 0,0000
reflist 0,0101 0,0000
still 0,5447 0,0002
van 1,3093 0,0006
arise 1,8326 0,0008
var 0,0000 0,0000
work 0,2231 0,0001
matt 1,7720 0,0008
agree 0,0101 0,0000
packt 1,8326 0,0008
dancer 3,5066 0,0016
wgulsislanguageselectorempty 0,0000 0,0000
itself 0,6539 0,0003
anyone 1,7148 0,0008
srpski 0,3711 0,0002
rocksdb 3,9120 0,0018
registration 0,0101 0,0000
terminate 2,4079 0,0011
word 0,0101 0,0000
extension 0,6349 0,0003
internal 0,8210 0,0004
deprecate 1,6607 0,0015
fetchmessagefromdb 4,6052 0,0021
iii 2,1203 0,0010
refbegin 1,4697 0,0007
foundation 0,0000 0,0000
nick 1,8971 0,0009
federal 1,7148 0,0008
violate 1,8971 0,0009
event 0,0000 0,0000
muted 4,6052 0,0021
turbogears 3,2189 0,0015
include 0,0000 0,0000
facebook 1,3863 0,0006
downstream 3,9120 0,0018
chakra 2,8134 0,0013
toggle 0,0000 0,0000
batchedupdate 4,6052 0,0021
appearance 0,0000 0,0000
classname 0,0000 0,0000
krunal 4,6052 0,0021
wggetopicsmatchmodeenable 0,0000 0,0000
sufyan 4,6052 0,0021
first 0,0408 0,0000
span 1,2730 0,0006
imbalance 4,6052 0,0021
nowrap 0,0408 0,0000
prefer 0,0101 0,0000
htmx 2,9957 0,0014
roman 0,0101 0,0000
cppcms 3,5066 0,0016
wgrelevantpageisprobablyeditable 0,0000 0,0000
float 0,0101 0,0000
symfony 3,5066 0,0016
transclusion 0,0619 0,0000
space 0,0408 0,0000
reference 0,0101 0,0000
brendan 2,8134 0,0013
ambox 0,7133 0,0003
nontechnical 3,9120 0,0018
gating 3,9120 0,0018
html 0,4463 0,0002
mojolicious 3,5066 0,0016
laravel 3,2189 0,0015
bottom 0,0000 0,0000
revision 0,0000 0,0000
sequence 1,2730 0,0006
hreflang 4,6052 0,0021
unreliable 2,2073 0,0010
publisher 0,0000 0,0000
permissive 2,2073 0,0010
img 0,0408 0,0000
addon 3,9120 0,0018
chunk 2,8134 0,0013
silverstripe 3,5066 0,0016
rlstate 0,0000 0,0000
textanchor 4,6052 0,0021
error 0,0101 0,0000
platform 0,0000 0,0000
network 0,3285 0,0001
rust 1,6094 0,0007
paper 0,9416 0,0004
public 0,4155 0,0002
eventlistener 4,6052 0,0021
mvc 2,5257 0,0011
track 0,9676 0,0004
value 0,0000 0,0000
inf 4,6052 0,0021
virtualdom 4,6052 0,0021
opaque 2,5257 0,0011
maina 4,6052 0,0021
advantage 0,9676 0,0004
rawnak 4,6052 0,0021
stephen 1,5141 0,0007
unchanged 3,5066 0,0016
tricks 3,2189 0,0015
efn 2,3026 0,0010
instead 0,4463 0,0002
controversy 1,7720 0,0008
command 0,7133 0,0003
expensive 0,0408 0,0000
async 3,9120 0,0018
performance 0,3425 0,0002
trade 1,3863 0,0006
bluetooth 2,6593 0,0012
currently 1,0788 0,0005
maint 0,0101 0,0000
variable 0,9676 0,0009
growth 1,2040 0,0005
greene 3,2189 0,0015
platformversion 0,0000 0,0000
thorning 4,6052 0,0021
hands 3,2189 0,0015
references 0,0513 0,0000
saved 0,0619 0,0000
year 0,2614 0,0001
ios 1,8971 0,0009
resolution 1,8326 0,0008
building 0,7985 0,0004
via 0,3011 0,0001
neal 2,5257 0,0011
quote 0,0101 0,0000
citerefjohnson 4,6052 0,0021
because 0,0000 0,0000
edgerank 4,6052 0,0021
upgrade 1,5141 0,0007
ipo 3,2189 0,0015
google 0,4005 0,0002
ray 1,8971 0,0009
community 0,0000 0,0000
version 0,0000 0,0000
advancement 1,8971 0,0009
selection 1,5141 0,0007
stop 1,1394 0,0005
usedeferredvalue 4,6052 0,0021
eesti 0,3285 0,0001
conception 2,9957 0,0014
unused 2,5257 0,0011
palmor 4,6052 0,0021
fenerec 4,6052 0,0021
utility 1,2730 0,0006
immediately 1,5141 0,0007
wgusergroup 0,0000 0,0000
subsequently 1,6094 0,0007
measurement 2,3026 0,0010
optimistic 3,5066 0,0016
refuse 2,3026 0,0010
aspect 0,7765 0,0004
nashorn 2,9957 0,0014
devtools 3,5066 0,0016
wikipedia 0,0000 0,0000
behavior 0,8210 0,0007
d'angelo 4,6052 0,0021
scott 1,0217 0,0005
haskell 1,9661 0,0009
minimize 1,4697 0,0007
website 0,3711 0,0002
learn 0,0000 0,0000
tawakkol 4,6052 0,0021
reconciliation 3,5066 0,0016
sling 3,2189 0,0015
fast 0,4943 0,0002
mycomponent 4,6052 0,0021
usememo 4,6052 0,0021
emerge 1,2730 0,0006
exploit 1,6607 0,0007
register 0,0000 0,0000
notes 0,9943 0,0004
fledged 3,2189 0,0015
haaga 4,6052 0,0021
official 0,6162 0,0003
suspense 4,6052 0,0021
jscript 3,2189 0,0015
spring 1,8971 0,0009
ref 2,5257 0,0023
helper 2,9957 0,0014
post 0,0202 0,0000
newstead 4,6052 0,0021
leave 0,0101 0,0000
nathan 2,2073 0,0010
crockford 2,9957 0,0014
add 0,0000 0,0000
citerefliu 4,6052 0,0021
need 0,1393 0,0003
its 0,0726 0,0000
often 0,2877 0,0001
gather 1,7720 0,0008
elt 0,6931 0,0003
jain 2,9957 0,0014
article 0,0000 0,0000
fusion 1,9661 0,0009
parser 0,0000 0,0000
catalyst 2,5257 0,0011
http 0,0000 0,0000
therefore 0,7985 0,0004
decimal 0,0101 0,0000
mccollum 4,6052 0,0021
useful 0,9943 0,0004
emi 4,6052 0,0021
faxj 4,6052 0,0021
wghostname 0,0000 0,0000
prevent 0,7340 0,0003
svelte 3,5066 0,0016
behave 1,5606 0,0007
wehner 3,9120 0,0018
geeksforgeeks 2,9957 0,0014
accomplish 1,6607 0,0015
previously 1,1712 0,0005
wgtitle 0,0000 0,0000
engine 0,4780 0,0004
codeigniter 3,5066 0,0016
scope 1,2730 0,0006
end 0,3011 0,0001
wanda 4,6052 0,0021
uzayr 4,6052 0,0021
yoshino 4,6052 0,0021
mistake 2,0402 0,0009
wgdigittransformtable 0,0000 0,0000
mset 4,6052 0,0021
hlist 0,0408 0,0000
label 0,0000 0,0000
improvement 0,9163 0,0004
message 0,3857 0,0003
jest 3,9120 0,0018
onload 4,6052 0,0021
forum 1,3863 0,0006
special 0,0000 0,0000
horizon 2,5257 0,0011
modify 0,7765 0,0004
truth 2,4079 0,0011
childcomponent 4,6052 0,0021
rlconf 0,0000 0,0000
paolo 2,8134 0,0013
progressive 1,0788 0,0005
family 1,0217 0,0005
contributory 4,6052 0,0021
age 1,2730 0,0006
bahasa 0,3285 0,0001
release 0,2744 0,0002
ago 0,7765 0,0004
caption 0,3567 0,0002
number 0,0000 0,0000
wgbackendresponsetime 0,0000 0,0000
shorten 0,0000 0,0000
onauxclick 4,6052 0,0021
property 0,6539 0,0003
infoworld 1,6094 0,0007
algorithm 0,8675 0,0008
splitting 2,6593 0,0012
mendelsohn 4,6052 0,0021
similar 0,4780 0,0002
shape 1,9661 0,0009
programmer 0,9416 0,0004
specify 0,6349 0,0003
evelyn 2,8134 0,0013
handle 0,6539 0,0006
grails 3,5066 0,0016
schrage 4,6052 0,0021
script 1,2379 0,0006
animation 1,5141 0,0007
system 0,0101 0,0000
wirehog 4,6052 0,0021
other 0,0000 0,0000
aim 0,8210 0,0004
against 0,6931 0,0003
mobx 4,6052 0,0021
cell 0,4308 0,0002
kelly 2,3026 0,0010
srcset 4,6052 0,0021
local 0,7985 0,0004
memoize 4,6052 0,0021
spry 3,5066 0,0016
rights 2,6593 0,0012
assertion 2,4079 0,0011
onmouseleave 4,6052 0,0021
billionaires 4,6052 0,0021
chairman 2,4079 0,0011
prototype 0,9676 0,0004
lockhart 4,6052 0,0021
phabricator 3,9120 0,0018
rift 3,9120 0,0018
reardon 3,5066 0,0016
future 0,5978 0,0003
onmouseout 4,6052 0,0021
rlq 0,0000 0,0000
firing 3,9120 0,0018
cite 0,0000 0,0000
logic 0,9676 0,0004
movement 1,4697 0,0007
naomi 3,2189 0,0015
shake 2,8134 0,0013
modx 3,5066 0,0016
screen 0,0101 0,0000
alexandrescu 3,9120 0,0018
body 0,0000 0,0000
acceptcharset 4,6052 0,0021
correspond 1,3093 0,0006
mode 0,0000 0,0000
pages 0,0000 0,0000
optimize 1,0217 0,0005
wakandadb 3,5066 0,0016
net 0,9416 0,0004
closure 1,8971 0,0009
newpp 0,0619 0,0000
all 0,0408 0,0000
border 0,0000 0,0000
new 0,0000 0,0000
unmounted 3,9120 0,0018
read 0,0000 0,0000
touch 2,1203 0,0010
adhere 1,5141 0,0007
real 0,0408 0,0000
clientpref 0,0000 0,0000
tool 0,0000 0,0000
tony 1,8326 0,0008
alan 1,5606 0,0007
linter 4,6052 0,0021
svenska 0,3857 0,0002
unidirectional 4,6052 0,0021
amd 2,8134 0,0013
joseph 1,5141 0,0007
boundary 1,7720 0,0008
leverage 1,3863 0,0006
elixir 2,6593 0,0012
indent 1,3863 0,0013
financial 1,4697 0,0007
arrayof 4,6052 0,0021
wgpagecontentlanguage 0,0000 0,0000
media 0,2485 0,0001
lightweight 1,6094 0,0007
wgisarticle 0,0000 0,0000
influences 3,9120 0,0018
define 0,2744 0,0001
notelist 2,3026 0,0010
douglas 1,7148 0,0008
row 0,4943 0,0004
render 0,0513 0,0001
universal 1,4271 0,0006
manifest 2,9957 0,0014
abstraction 1,2040 0,0011
unnecessary 2,9957 0,0014
requirement 0,5798 0,0003
specific 0,2877 0,0001
any 0,2107 0,0001
prioritize 2,1203 0,0010
application 0,0943 0,0001
wgflaggedrevsparams 0,0000 0,0000
martin 1,0788 0,0005
getinitialstate 4,6052 0,0021
collapse 0,0408 0,0000
o'regan 3,9120 0,0018
reason 0,7985 0,0007
unmount 4,6052 0,0021
qooxdoo 3,5066 0,0016
maintain 0,3567 0,0002
synchronous 2,6593 0,0012
wgrelevantarticleid 0,0000 0,0000
preprocessor 0,0513 0,0000
shift 1,4697 0,0007
echo 2,2073 0,0010
friending 4,6052 0,0021
expertise 2,1203 0,0010
johnson 1,8326 0,0008
mbox 0,7133 0,0003
java 0,6162 0,0003
english 0,0000 0,0000
api 0,3425 0,0003
fully 0,8210 0,0004
karlan 4,6052 0,0021
app 0,9943 0,0009
ext 2,8134 0,0013
cache 0,0305 0,0000
margin 0,0000 0,0000
suomi 0,2107 0,0001
wgrequestid 0,0000 0,0000
nicholas 2,6593 0,0012
remain 0,7550 0,0003
enwikimwclientpreference 0,0000 0,0000
lazily 4,6052 0,0021
rlpagemodules 0,0000 0,0000
brooks 2,9957 0,0014
demand 1,1712 0,0005
mount 2,4079 0,0022
alex 1,3863 0,0006
kiai 4,6052 0,0021
slow 1,1087 0,0010
samea 0,0000 0,0000
caja 3,2189 0,0015
flask 2,9957 0,0014
wgwikibaseitemid 0,0000 0,0000
complexity 0,9163 0,0004
rsc 4,6052 0,0042
wgulsiscompactlinksenable 0,0000 0,0000
maybe 2,8134 0,0013
another 0,3567 0,0002
automatically 0,7765 0,0004
pagevariantfallback 0,0000 0,0000
nossel 4,6052 0,0021
grav 3,5066 0,0016
webarchive 0,7985 0,0004
default 0,6931 0,0003
gray 2,5257 0,0011
wgmonthname 0,0000 0,0000
disabled 0,0000 0,0000
drogon 3,5066 0,0016
where 0,2744 0,0001
attribute 0,7765 0,0007
mechanism 0,7550 0,0003
hooks 4,6052 0,0021
palihapitiya 4,6052 0,0021
paypal 3,5066 0,0016
popular 0,6539 0,0003
kids 3,9120 0,0018
timestamp 0,0000 0,0000
empower 2,5257 0,0011
meteor 2,8134 0,0013
nest 1,7720 0,0008
bower 3,9120 0,0018
call 0,0101 0,0000
such 0,0943 0,0000
classid 4,6052 0,0021
sheryl 4,6052 0,0021
asf 4,6052 0,0021
ask 1,0498 0,0005
describe 0,2485 0,0002
blazor 3,2189 0,0015
through 0,2107 0,0001
ullyot 4,6052 0,0021
hugo 3,5066 0,0016
officer 2,0402 0,0018
transformwithdetails 4,6052 0,0021
lifetime 2,3026 0,0010
occasional 2,9957 0,0014
run 0,3011 0,0001
operator 1,1712 0,0005
research 0,5621 0,0003
ecmascript 2,5257 0,0011
debate 1,7720 0,0008
lifecycle 1,8971 0,0009
mouse 2,1203 0,0010
view 0,0000 0,0000
killefer 4,6052 0,0021
white 0,0305 0,0000
segment 1,8326 0,0008
cambridge 1,5141 0,0007
donate 0,0000 0,0000
preact 3,9120 0,0018
ecma 2,8134 0,0013
termination 3,2189 0,0015
overlay 2,8134 0,0013
might 0,7340 0,0003
carakan 3,5066 0,0016
bold 0,0408 0,0000
significant 0,6931 0,0003
drone 3,9120 0,0018
glossary 1,7148 0,0008
mixin 3,9120 0,0018
aug 2,5257 0,0011
levine 2,8134 0,0013
name 0,0000 0,0000
bolt 2,4079 0,0011
cputime 0,0000 0,0000
parker 3,5066 0,0016
watchlist 0,0000 0,0000
whatsapp 4,6052 0,0021
color 0,0101 0,0000
android 1,4697 0,0007
book 0,4308 0,0004
show 0,0513 0,0000
description 0,0000 0,0000
button 1,7720 0,0008
mono 2,5257 0,0011
usable 2,1203 0,0010
discontinuing 4,6052 0,0021
not 0,0101 0,0000
central 0,9416 0,0004
onavo 4,6052 0,0021
now 0,4308 0,0002
statement 0,0000 0,0000
trademark 0,0101 0,0000
greek 0,0101 0,0000
news 0,4620 0,0002
outage 2,4079 0,0011
green 1,3863 0,0006
introduce 0,3285 0,0004
way 0,2485 0,0002
target 0,0101 0,0000
what 0,0000 0,0000
detailed 1,6094 0,0007
refer 0,4155 0,0002
olivan 4,6052 0,0021
risk 0,8916 0,0004
krill 2,5257 0,0011
container 0,0000 0,0000
play 1,1712 0,0005
developers 0,0000 0,0000
usage 0,0000 0,0000
decide 0,9943 0,0004
experimental 1,4697 0,0007
wgmediaviewerenabledbydefault 0,0000 0,0000
nearby 0,0000 0,0000
when 0,0834 0,0000
fan 2,5257 0,0011
broad 1,1394 0,0010
fat 2,6593 0,0012
case 0,3285 0,0003
generation 1,2040 0,0005
canvas 2,3026 0,0010
counsel 3,2189 0,0015
item 0,0000 0,0000
wgmediavieweronclick 0,0000 0,0000
wgulsposition 0,0000 0,0000
reactdom 4,6052 0,0021
rendering 2,4079 0,0011
lybrand 4,6052 0,0021
refend 1,9661 0,0009
wgbreakframe 0,0000 0,0000
rely 0,6931 0,0003
italiano 0,1278 0,0001
sticky 0,0000 0,0000
excessive 2,2073 0,0010
style 0,0000 0,0000
appjet 3,2189 0,0015
tooling 2,9957 0,0014
searchinput 0,0000 0,0000
getderivedstatefromprop 4,6052 0,0021
direct 0,8440 0,0004
pattern 0,5978 0,0005
exercise 2,5257 0,0011
commons 0,0000 0,0000
usestate 4,6052 0,0021
julie 2,6593 0,0012
modern 0,7340 0,0003
web 0,1165 0,0001
wavegroup 4,6052 0,0021
licensing 1,7148 0,0008
architecture 0,0000 0,0000
reliance 2,8134 0,0013
tornado 3,2189 0,0015
more 0,0000 0,0000
display 0,0000 0,0000
great 0,8675 0,0004
schroepfer 4,6052 0,0021
grid 1,4697 0,0007
organization 0,0000 0,0000
width 0,0000 0,0000
board 1,0217 0,0005
charlie 2,6593 0,0012
statistics 0,0000 0,0000
mature 2,5257 0,0011
hhvm 4,6052 0,0021
sitepoint 3,9120 0,0018
dawson 3,5066 0,0016
qcodo 3,5066 0,0016
cloud 0,6349 0,0003
overflow 0,3567 0,0002
setinterval 4,6052 0,0021
adam 1,5606 0,0007
hunt 2,6593 0,0012
package 0,9943 0,0009
visible 0,0101 0,0000
jslint 3,2189 0,0015
both 0,0305 0,0000
important 0,0101 0,0000
most 0,2107 0,0001
effect 0,8440 0,0008
topic 0,0000 0,0000
fallback 2,5257 0,0011
who 0,5621 0,0003
joe 1,7720 0,0008
hughes 2,2073 0,0010
contribute 0,0000 0,0000
resig 3,2189 0,0015
generator 1,7148 0,0008
insert 1,6607 0,0007
why 0,6539 0,0003
oldid 2,0402 0,0009
database 0,2485 0,0001
donor 3,5066 0,0016
along 0,7340 0,0003
carmack 4,6052 0,0021
jsgi 2,4079 0,0011
david 0,5798 0,0003
yaws 3,5066 0,0016
wgseparatortransformtable 0,0000 0,0000
san 1,2379 0,0006
move 0,0000 0,0000
original 0,0943 0,0000
selective 3,5066 0,0016
unfairly 4,6052 0,0021
also 0,0202 0,0000
increase 0,4620 0,0002
spread 1,6607 0,0007
fastapi 3,2189 0,0015
django 2,8134 0,0013
inline 0,0408 0,0000
favor 1,5141 0,0007
shiny 3,2189 0,0015
front 1,1394 0,0005
visit 0,0408 0,0000
affiliate 2,6593 0,0012
user 0,0000 0,0000
simply 0,9676 0,0004
esprima 4,6052 0,0021
equity 2,5257 0,0011
ban 2,3026 0,0010
offer 0,4155 0,0004
igtv 4,6052 0,0021
useoptimistic 4,6052 0,0021
fix 0,5108 0,0007
complex 0,5621 0,0003
draft 1,6607 0,0007
tracemonkey 3,5066 0,0016
documentation 0,6349 0,0003
diff 2,9957 0,0014
personal 0,0000 0,0000
former 1,3093 0,0006
extend 0,6162 0,0006
imageobject 0,0000 0,0000
turning 4,6052 0,0021
grok 2,8134 0,0013
calypso 4,6052 0,0021
drive 0,4780 0,0002
be 0,1508 0,0001
scheme 0,0101 0,0000
icon 0,0101 0,0000
expansiondepth 0,0000 0,0000
civic 3,5066 0,0016
jsx 3,5066 0,0016
communications 1,2040 0,0005
search 0,0000 0,0000
see 0,0408 0,0000
servant 2,6593 0,0012
spacing 0,0619 0,0000
responsibility 1,3863 0,0006
wgrelevantpagename 0,0000 0,0000
national 0,4463 0,0002
mootools 3,2189 0,0015
typescript 1,8971 0,0009
mojarra 3,5066 0,0016
coldfusion 3,2189 0,0015
getdefaultprop 4,6052 0,0021
kristina 2,9957 0,0014
contain 0,0101 0,0000
set 0,2107 0,0001
founder 1,4697 0,0007
column 0,0101 0,0000
midori 2,4079 0,0011
familiar 2,0402 0,0009
sample 1,5141 0,0007
integrate 0,5798 0,0008
sfn 1,6607 0,0007
wgaction 0,0000 0,0000
acquisitions 2,4079 0,0011
essential 1,1087 0,0005
font 0,0000 0,0000
icefaces 3,5066 0,0016
contexttype 4,6052 0,0021
ditch 3,5066 0,0016
language 0,0000 0,0000
do 0,1625 0,0002
navbox 0,0943 0,0000
listitem 0,0408 0,0000
browserify 4,6052 0,0021
startup 1,2040 0,0005
contact 0,0000 0,0000
warning 1,8326 0,0017
khaled 3,5066 0,0016
criticism 1,1394 0,0005
bfc 3,5066 0,0016
programming 0,2744 0,0001
image 0,0202 0,0000
nighat 4,6052 0,0021
slingshot 4,6052 0,0021
chrome 2,2073 0,0010
viewmodel 3,5066 0,0016
typically 0,3857 0,0002
party 0,6539 0,0003
frame 1,6094 0,0007
cursor 0,0619 0,0000
elkann 4,6052 0,0021
however 0,3011 0,0001
sencha 3,5066 0,0016
renderable 4,6052 0,0021
compelling 3,9120 0,0018
jwt 3,5066 0,0016
origin 0,0000 0,0000
walltime 0,0000 0,0000
interlanguage 0,0000 0,0000
content 0,0000 0,0000
random 0,0000 0,0000
sudhir 4,6052 0,0021
perhaps 2,2073 0,0010
await 2,9957 0,0014
client 0,0000 0,0000
json 1,2379 0,0006
lemos 4,6052 0,0021
class 0,0000 0,0000
gehomepagesuggestededitsenabletopic 0,0000 0,0000
reporting 2,1203 0,0010
over 0,3285 0,0001
cakephp 3,5066 0,0016
aswad 4,6052 0,0021
false 0,0000 0,0000
specification 0,7133 0,0003
nancy 2,8134 0,0013
counter 0,0408 0,0000
parse 0,0619 0,0000
clark 2,0402 0,0009
coldbox 3,5066 0,0016
form 0,3011 0,0003
management 0,2231 0,0001
publish 0,4463 0,0006
pyramid 2,6593 0,0012
developer 0,1744 0,0002
avoid 0,0101 0,0000
fresh 2,2073 0,0010
prompt 1,5606 0,0007
significantly 1,5141 0,0007
subset 1,1394 0,0005
assign 1,2730 0,0006
fql 4,6052 0,0021
bin 2,6593 0,0012
dialects 2,5257 0,0011
invoke 1,5141 0,0007
cherrypy 3,2189 0,0015
improved 2,9957 0,0014
output 0,0000 0,0000
krishnaswamy 3,9120 0,0018
panchal 4,6052 0,0021
context 0,5978 0,0003
model 0,0000 0,0000
unenforceable 4,6052 0,0021
portal 0,0000 0,0000
dispatcher 4,6052 0,0021
reduce 0,0101 0,0000
sentence 0,0000 0,0000
helle 4,6052 0,0021
oct 1,9661 0,0009
issue 0,3425 0,0003
kern 0,0101 0,0000
large 0,2485 0,0002
dependency 1,2730 0,0011
director 1,6607 0,0007
fuelphp 3,5066 0,0016
pyjs 2,9957 0,0014
eduardo 3,5066 0,0016
announce 0,6733 0,0006
odd 0,0943 0,0000
lively 3,2189 0,0015
operate 0,3567 0,0002
contrast 0,9416 0,0008
exclusively 1,6607 0,0007
john 0,5276 0,0002
reconsider 3,2189 0,0015
wgvisualeditor 0,0000 0,0000
become 0,2877 0,0001
template 0,0000 0,0000
jennifer 2,4079 0,0011
enwiki 0,0619 0,0000
subscription 0,0101 0,0000
xmlnsxlink 4,6052 0,0021
library 0,3857 0,0003
navbar 0,0202 0,0000
unmounting 4,6052 0,0021
subbox 0,6931 0,0003
jsss 2,6593 0,0012
december 0,0000 0,0000
ability 0,7340 0,0003
bundle 1,6094 0,0007
table 0,0000 0,0000
side 0,3425 0,0002
break 0,0101 0,0000
change 0,0000 0,0000
programmatically 3,5066 0,0016
indirectly 2,5257 0,0011
draw 1,7148 0,0008
printable 0,0000 0,0000
asare 4,6052 0,0021
off 0,8916 0,0004
likewise 2,8134 0,0013
hide 0,0000 0,0000
corporate 1,4697 0,0007
felton 4,6052 0,0021
report 0,0202 0,0000
complete 0,4780 0,0002
cheever 4,6052 0,0021
auto 0,0726 0,0000
several 0,4155 0,0002
dist 4,6052 0,0021
wgcanonicalspecialpagename 0,0000 0,0000
while 0,2614 0,0001
second 0,0408 0,0000
that 0,5108 0,0002
download 0,0000 0,0000
edge 1,2379 0,0006
high 0,0101 0,0000
split 0,0000 0,0000
than 0,2357 0,0001
limit 0,0000 0,0000
claim 0,9676 0,0004
different 0,0513 0,0000
directly 0,5108 0,0002
officially 1,8971 0,0009
level 0,0000 0,0000
author 0,0000 0,0000
expansion 0,0619 0,0000
entry 0,8210 0,0004
license 0,0000 0,0000
expand 0,0101 0,0000
cubicweb 3,2189 0,0015
focused 2,6593 0,0012
wgmfdisplaywikibasedescription 0,0000 0,0000
retrieve 0,0000 0,0000
disc 2,0402 0,0009
angularjs 2,5257 0,0011
datum 0,0408 0,0000
code 0,0000 0,0000
wgdefaultdateformat 0,0000 0,0000
proptype 4,6052 0,0021
box 0,0408 0,0000
mixed 2,8134 0,0013
sean 1,9661 0,0009
seam 3,5066 0,0016
storage 0,3711 0,0002
sql 1,0788 0,0005
switch 0,9163 0,0004
head 0,7765 0,0004
total 0,0000 0,0000
productivity 1,8971 0,0009
deutsch 0,0943 0,0000
consumer 1,4697 0,0007
stateful 3,2189 0,0015
initiative 1,0217 0,0005
determine 0,7985 0,0007
social 0,8210 0,0004
control 0,1625 0,0001
pylons 3,2189 0,0015
drew 3,9120 0,0018
honeypot 4,6052 0,0021
phoenix 2,8134 0,0013
oneoftype 4,6052 0,0021
attribution 0,0000 0,0000
nevow 3,2189 0,0015
mapillary 4,6052 0,0021
infringement 2,6593 0,0012
handler 2,0402 0,0009
metadata 1,5606 0,0007
readily 2,6593 0,0012
vary 0,0619 0,0000
rocket 2,6593 0,0012
upper 0,0101 0,0000
luasandbox 1,4271 0,0006
iterator 2,5257 0,0011
ssr 3,9120 0,0018
scandal 2,9957 0,0014
heck 4,6052 0,0021
engines 1,3471 0,0006
expiry 0,0619 0,0000
minerva 0,0101 0,0000
brand 0,0000 0,0000
publishing 0,7550 0,0003
recent 0,0000 0,0000
inscript 3,5066 0,0016
they 0,0619 0,0001
github 0,7340 0,0003
modular 1,5141 0,0007
edit 0,0000 0,0000
old 0,8675 0,0008
then 0,3567 0,0002
deno 3,2189 0,0015
accept 1,1087 0,0005
node 0,0305 0,0000
bsd 1,8326 0,0008
concepts 1,1394 0,0005
adopt 0,9163 0,0004
javier 3,5066 0,0016
oppose 1,6094 0,0007
stamos 4,6052 0,0021
device 0,7550 0,0003
hunzaker 4,6052 0,0021
sue 2,3026 0,0010
access 0,2877 0,0001
conference 0,3425 0,0002
activity 0,9943 0,0004
simi 0,9416 0,0004
netflix 2,9957 0,0014
selflink 0,0101 0,0000
current 0,0000 0,0000
secretary 2,9957 0,0014
george 1,6607 0,0007
dere 4,6052 0,0021
mochikit 3,5066 0,0016
vector 0,0000 0,0000
audio 1,2379 0,0006
hemel 4,6052 0,0021
key 0,0305 0,0000
cachereport 0,0000 0,0000
manager 0,8440 0,0004
necessary 0,8440 0,0004
svg 1,0788 0,0005
one 0,0943 0,0001
heuristic 2,1203 0,0010
soshace 4,6052 0,0021
store 0,5447 0,0005
gyroscope 3,2189 0,0015
single 0,3147 0,0001
entityaccesscount 0,0000 0,0000
pull 1,5606 0,0007
bug 0,8675 0,0008
kate 3,2189 0,0015
bun 3,2189 0,0015
censorship 2,6593 0,0012
story 1,2730 0,0006
declare 1,6094 0,0015
separate 0,6162 0,0003
aida 3,2189 0,0015
available 0,0000 0,0000
express 1,0788 0,0010
rules 3,5066 0,0016
quest 2,3026 0,0010
realdom 4,6052 0,0021
reactj 4,6052 0,0021
randi 4,6052 0,0021
zero 1,0217 0,0005
apache 1,0788 0,0005
chakracore 3,2189 0,0015
ui 3,9120 0,0018
usecontext 4,6052 0,0021
xoops 3,5066 0,0016
variant 0,0619 0,0000
dynamic 0,7133 0,0003
generate 0,8210 0,0004
tapestry 3,2189 0,0015
ensure 0,7985 0,0004
this 0,1278 0,0001
norsk 0,3285 0,0001
incorrectly 3,5066 0,0016
memusage 0,0000 0,0000
especially 0,8210 0,0004
once 0,7985 0,0004
failure 1,1087 0,0005
freecodecamp 3,9120 0,0018
know 0,2231 0,0001
support 0,1393 0,0002
preview 1,6607 0,0007
basics 2,1203 0,0010
jamal 3,9120 0,0018
wgpopupsflag 0,0000 0,0000
polski 0,1165 0,0001
privacy 0,0000 0,0000
vertical 0,7985 0,0004
pure 1,9661 0,0009
we 1,3093 0,0006
devs 3,2189 0,0015
thenable 4,6052 0,0021
missing 2,4079 0,0011
monospaced 2,0402 0,0009
emphasize 1,6094 0,0007
dana 2,6593 0,0012
normal 0,0202 0,0000
gradual 3,5066 0,0016
vercel 2,4079 0,0011
technology 0,1863 0,0002
fastify 2,8134 0,0013
aggarwal 3,9120 0,0018
litigation 2,4079 0,0011
wgarticleid 0,0000 0,0000
kjs 3,5066 0,0016
pagelanguagedir 0,0000 0,0000
wgcitereferencepreviewsactive 0,0000 0,0000
parentcomponent 4,6052 0,0021
ecosystem 1,2040 0,0005
software 0,0000 0,0000
frameworks 2,0402 0,0009
conf 2,9957 0,0014
rasmussen 4,6052 0,0021
react 2,2073 0,0010
none 0,0101 0,0000
repository 0,5276 0,0002
type 0,0000 0,0000
april 0,0000 0,0000
beyond 1,0217 0,0005
feedback 1,3471 0,0006
hack 1,3471 0,0006
closing 2,1203 0,0010
optimization 0,8916 0,0004
road 1,7148 0,0008
nicolas 3,2189 0,0015
review 0,6162 0,0003
ambler 3,2189 0,0015
connection 0,9676 0,0004
effortlessly 4,6052 0,0021
presence 1,3471 0,0006
between 0,2107 0,0001
guide 0,3711 0,0002
sanchit 4,6052 0,0021
stylesheet 2,9957 0,0014
crossorigin 4,6052 0,0021
chalaby 4,6052 0,0021
efficiency 0,8916 0,0004
lauren 2,9957 0,0014
goal 0,8440 0,0004
method 0,3147 0,0003
overhead 1,2040 0,0005
wife 3,5066 0,0016
come 0,4155 0,0002
push 0,0000 0,0000
lift 2,5257 0,0011
force 1,0217 0,0005
frederic 2,3026 0,0010
hive 3,2189 0,0015
oncontextmenu 4,6052 0,0021
portalbox 1,3093 0,0006
lookalike 4,6052 0,0021
tools 1,4697 0,0007
out 0,0000 0,0000
leak 1,5606 0,0014
feature 0,0000 0,0000
cached 0,4463 0,0002
get 0,0000 0,0000
portalright 1,3093 0,0006
dark 0,0101 0,0000
telecom 2,8134 0,0013
place 0,5447 0,0002
mosseri 4,6052 0,0021
lead 0,2231 0,0001
help 0,0000 0,0000
site 0,0000 0,0000
depth 0,0000 0,0000
seaside 3,2189 0,0015
rename 1,5141 0,0014
catalina 3,5066 0,0016
self 0,7133 0,0003
devlane 4,6052 0,0021
architectural 1,5141 0,0007
sharealike 0,0000 0,0000
date 0,3011 0,0003
xhp 3,9120 0,0018
argument 0,0513 0,0000
mansour 4,6052 0,0021
data 0,0000 0,0000
onion 3,2189 0,0015
firefox 2,2073 0,0010
mohan 2,9957 0,0014
own 0,4780 0,0002
sound 1,3471 0,0006
wiki 1,2730 0,0006
wgpageviewlanguage 0,0000 0,0000
blog 0,6349 0,0003
router 1,8326 0,0008
accesskey 0,0000 0,0000
plain 1,5141 0,0007
only 0,2107 0,0001
should 0,3711 0,0002
create 0,0000 0,0000
tag 0,0000 0,0000
backport 3,2189 0,0015
tan 3,2189 0,0015
development 0,1278 0,0001
taylor 2,2073 0,0010
indirect 3,5066 0,0016
individual 0,7985 0,0004
like 0,2231 0,0002
resource 0,4620 0,0004
behaviors 4,6052 0,0021
profiler 2,0402 0,0009
towards 1,2040 0,0005
core 0,5621 0,0003
botero 4,6052 0,0021
enforce 1,4271 0,0006
gideon 3,9120 0,0018
tbh 4,6052 0,0021
rusbridger 4,6052 0,0021
send 0,7550 0,0007
here 0,0000 0,0000
youtube 1,5141 0,0007
note 0,4155 0,0002
week 1,2379 0,0006
purpose 0,5108 0,0002
scala 2,0402 0,0009
line 0,0101 0,0000
link 0,0000 0,0000
scale 0,4943 0,0002
wieruch 4,6052 0,0021
atishay 4,6052 0,0021
robin 1,7720 0,0008
can 0,0408 0,0000
cap 0,0619 0,0000
contributor 0,0000 0,0000
wgcanonicalnamespace 0,0000 0,0000
buck 4,6052 0,0021
asynchronous 1,8326 0,0008
ready 0,0000 0,0000
sproutcore 2,8134 0,0013
tcl 2,2073 0,0010
village 3,5066 0,0016
asantewaa 4,6052 0,0021
affairs 2,8134 0,0013
smooth 2,6593 0,0012
factory 2,0402 0,0018
horde 3,5066 0,0016
wgisredirect 0,0000 0,0000
will 0,2485 0,0001
sputnik 2,4079 0,0011
february 0,0000 0,0000
implementation 0,3147 0,0003
match 0,5276 0,0002
zuckerberg 4,6052 0,0021
follow 0,2744 0,0002
passive 3,2189 0,0015
abramov 4,6052 0,0021
recursiveclone 1,6607 0,0007
response 0,7340 0,0003
responsive 0,0202 0,0000
namespace 1,5141 0,0007
challenge 0,6162 0,0006
useactionstate 4,6052 0,0021
category 0,0000 0,0000
delegation 2,8134 0,0013
wikidata 0,0000 0,0000
callparserfunction 1,4271 0,0006
snap 2,9957 0,0014
