cancel 2,4079 0,0009
greenberg 2,6593 0,0010
latina 1,4697 0,0006
numerous 1,3863 0,0005
upload 0,0000 0,0000
multitasking 2,2073 0,0008
wggelevelingupenabledforuser 0,0000 0,0000
stylus 3,5066 0,0013
wgrestrictionmove 0,0000 0,0000
remote 0,9163 0,0003
without 0,2744 0,0001
emma 2,9957 0,0011
would 0,3425 0,0001
appnexus 3,5066 0,0013
xml 1,1394 0,0004
ten 1,6607 0,0006
sister 1,6094 0,0006
userland 2,8134 0,0011
eweek 2,6593 0,0010
solid 0,0202 0,0000
devices 1,9661 0,0008
notably 1,8326 0,0007
optional 1,3093 0,0005
require 0,0000 0,0000
click 1,7148 0,0007
backwards 2,5257 0,0010
isixhosa 3,5066 0,0013
rewrite 1,2040 0,0009
scribunto 0,0000 0,0000
cooperative 1,7720 0,0007
ntldr 4,6052 0,0018
winlogon 4,6052 0,0018
size 0,0000 0,0000
left 0,0408 0,0000
cdx 0,0000 0,0000
much 0,6931 0,0003
takelessons 3,5066 0,0013
wine 3,9120 0,0015
object 0,3711 0,0003
newspaper 1,5606 0,0006
accessible 1,1712 0,0004
lombard 1,1712 0,0004
achieve 0,7985 0,0006
turn 1,0498 0,0008
ceo 1,5606 0,0006
gold 2,6593 0,0010
result 0,2231 0,0003
skype 2,9957 0,0011
same 0,2357 0,0001
commission 1,4697 0,0006
after 0,0305 0,0000
headline 0,0000 0,0000
policy 0,0000 0,0000
address 0,5621 0,0004
qualls 4,6052 0,0018
kernel 1,2379 0,0005
simplygon 3,5066 0,0013
union 1,3093 0,0005
cfo 2,5257 0,0010
pagelanguagecode 0,0000 0,0000
gnu 1,1087 0,0004
transientcontent 0,0000 0,0000
halt 2,5257 0,0010
subtle 0,3285 0,0001
component 0,3147 0,0001
sale 1,6607 0,0006
blue 1,8326 0,0007
throw 2,5257 0,0010
idhash 0,0619 0,0000
norway 2,5257 0,0010
timeline 1,0788 0,0004
information 0,0000 0,0000
wrap 0,0101 0,0000
novel 2,2073 0,0008
standard 0,2357 0,0001
november 0,0000 0,0000
correct 1,2730 0,0005
reader 1,5606 0,0006
good 0,4155 0,0003
dominate 2,3026 0,0009
empty 0,0305 0,0000
analytics 1,7720 0,0007
compute 0,6733 0,0003
exceed 1,7148 0,0007
fullversionlist 0,0000 0,0000
tim 1,0498 0,0004
implement 0,3285 0,0005
export 0,0000 0,0000
multipoint 4,6052 0,0018
area 0,7985 0,0003
pay 1,1712 0,0009
list 0,0000 0,0000
sparta 4,6052 0,0018
external 0,1863 0,0001
wire 1,8326 0,0007
derrick 4,6052 0,0018
labs 1,2730 0,0005
success 1,2379 0,0005
authority 0,4780 0,0002
chmccl 4,6052 0,0018
forethought 3,5066 0,0013
lisa 2,4079 0,0009
cia 2,6593 0,0010
onwards 2,8134 0,0011
child 0,0202 0,0000
homeos 3,9120 0,0015
mainentity 0,0000 0,0000
germany 0,5798 0,0002
rashid 3,5066 0,0013
interface 0,2485 0,0002
remove 0,3711 0,0004
disclaimers 0,0000 0,0000
samsung 2,2073 0,0008
unsupported 2,3026 0,0009
root 0,4780 0,0002
disambiguation 1,5606 0,0006
wgisprobablyeditable 0,0000 0,0000
hard 1,1394 0,0004
ntbackup 4,6052 0,0018
bruce 1,8326 0,0007
ligure 2,5257 0,0010
live 1,1712 0,0004
citation 0,0101 0,0000
approval 2,1203 0,0008
mobile 0,0000 0,0000
multiple 0,2485 0,0001
perform 0,4463 0,0002
evolution 1,3471 0,0005
peak 3,2189 0,0012
pda 3,9120 0,0015
pdc 3,5066 0,0013
plainlist 0,4463 0,0002
tinker 3,2189 0,0012
pdf 0,0000 0,0000
computerworld 1,7148 0,0007
service 0,1393 0,0001
snip 4,6052 0,0018
there 0,2614 0,0001
well 0,2744 0,0001
magazine 0,9943 0,0004
outlook 3,2189 0,0012
jahiu 4,6052 0,0018
pocket 2,6593 0,0010
bitness 0,0000 0,0000
rgba 0,0101 0,0000
channel 1,3863 0,0011
focus 0,6733 0,0005
entire 0,8675 0,0003
kenny 3,9120 0,0015
usher 3,5066 0,0013
experiment 1,7720 0,0007
pen 3,9120 0,0015
block 0,0408 0,0000
per 0,8440 0,0003
write 0,1508 0,0002
flow 0,3425 0,0001
order 0,4155 0,0002
hololens 3,5066 0,0013
ntfs 3,2189 0,0012
cli 1,5141 0,0006
aria 0,0000 0,0000
boxtext 0,0619 0,0000
byte 0,0408 0,0000
clo 3,5066 0,0013
corporation 1,0498 0,0008
confirmation 3,2189 0,0012
macintosh 2,2073 0,0008
underlying 2,4079 0,0009
indonesia 0,3567 0,0001
intel 1,6094 0,0006
ever 1,3863 0,0005
million 0,9416 0,0004
even 0,0513 0,0000
install 1,3093 0,0015
analyze 1,2040 0,0005
integration 0,4620 0,0002
restriction 1,4271 0,0005
esperanto 0,7133 0,0003
tagline 0,0000 0,0000
gui 1,3471 0,0010
regexp 0,0000 0,0000
hundred 1,4271 0,0005
subsection 0,1508 0,0001
successor 1,5606 0,0012
cmo 3,5066 0,0013
wgeditsubmitbuttonlabelpublish 0,0000 0,0000
freedows 4,6052 0,0018
boarisch 1,9661 0,0008
toc 0,0000 0,0000
protection 0,4463 0,0002
functionality 0,6539 0,0002
aero 3,9120 0,0015
mandatory 2,6593 0,0010
wgpagecontentmodel 0,0000 0,0000
tom 1,3863 0,0005
top 0,0000 0,0000
native 0,8916 0,0003
technica 1,3093 0,0005
too 0,8916 0,0003
peer 1,8971 0,0007
have 0,2744 0,0002
powerpc 2,8134 0,0011
tos 4,6052 0,0018
hobbyist 2,3026 0,0009
cnn 2,1203 0,0008
gaming 1,8971 0,0007
product 0,4005 0,0003
gothic 4,6052 0,0018
lgbtqia 3,2189 0,0012
dominant 1,7148 0,0007
question 0,9416 0,0004
foley 3,2189 0,0012
asian 2,9957 0,0011
produce 0,6931 0,0003
verge 1,8326 0,0007
wgnamespacenumber 0,0000 0,0000
framework 0,2877 0,0001
messenger 3,5066 0,0013
wgwmepagelength 0,0000 0,0000
entity 0,0101 0,0000
chronicle 2,6593 0,0010
com 0,8210 0,0003
col 0,9943 0,0004
coo 2,6593 0,0010
covid 1,8326 0,0007
franchise 4,6052 0,0018
expensivefunctioncount 0,0000 0,0000
almost 1,1087 0,0004
employee 1,6094 0,0012
lab 1,3863 0,0005
cox 3,2189 0,0012
associate 0,6931 0,0003
platforms 1,4697 0,0006
timeusage 0,0000 0,0000
bellis 4,6052 0,0018
automation 0,7550 0,0003
pin 0,0000 0,0000
frysk 2,6593 0,0010
lal 3,9120 0,0015
function 0,0000 0,0000
lan 3,2189 0,0012
west 2,2073 0,0008
verification 0,8440 0,0003
suspend 2,8134 0,0011
comparison 0,4005 0,0002
cpo 3,2189 0,0012
virtualization 1,5606 0,0006
swap 2,4079 0,0009
oses 4,6052 0,0018
solitaire 4,6052 0,0018
cpu 0,0408 0,0000
infobox 0,6931 0,0003
less 0,6162 0,0002
pcache 0,0619 0,0000
andy 1,8326 0,0007
winapi 4,6052 0,0018
improve 0,2485 0,0003
obligation 2,8134 0,0011
naming 2,6593 0,0010
october 0,0000 0,0000
try 0,9676 0,0004
basic 0,6539 0,0002
twist 2,6593 0,0010
specialized 1,3471 0,0005
complication 0,0513 0,0000
arizona 4,6052 0,0018
nuance 2,9957 0,0011
subfamily 4,6052 0,0018
university 0,5621 0,0002
cause 0,6162 0,0002
accidentally 2,6593 0,0010
jquery 0,0000 0,0000
scripting 1,2040 0,0005
timer 3,5066 0,0013
chaitanya 4,6052 0,0018
design 0,1393 0,0001
possibility 1,6094 0,0006
timeless 0,0101 0,0000
direction 1,2379 0,0005
elevation 4,6052 0,0018
vlams 3,2189 0,0012
chief 1,6607 0,0006
accord 0,5108 0,0002
automatic 1,2379 0,0005
lengthy 3,2189 0,0012
wgwmeschemaeditattemptstepoversample 0,0000 0,0000
ttl 0,0000 0,0000
lojban 2,8134 0,0011
cyber 2,5257 0,0010
activemovie 4,6052 0,0018
encyclopedia 0,0000 0,0000
conduct 0,0000 0,0000
formerly 1,2040 0,0005
incident 2,2073 0,0008
maintenance 0,6733 0,0003
wall 1,7148 0,0007
slashdot 3,2189 0,0012
abovebelow 0,0943 0,0000
japan 1,2730 0,0005
discussion 1,3093 0,0005
revamp 3,5066 0,0013
helen 2,8134 0,0011
integrity 1,3863 0,0005
ctf 4,6052 0,0018
docs 2,3026 0,0009
stats 2,4079 0,0009
acompli 3,5066 0,0013
pref 0,0000 0,0000
state 0,3425 0,0001
csrftoken 0,0000 0,0000
press 0,5621 0,0002
meeting 1,7720 0,0007
cto 2,8134 0,0011
element 0,0000 0,0000
separately 1,5606 0,0006
night 0,0000 0,0000
want 0,8675 0,0007
forecast 1,8971 0,0007
qaraqalpaqsha 1,1712 0,0004
vulnerability 1,3863 0,0005
pack 2,2073 0,0017
processor 1,1394 0,0009
each 0,1393 0,0001
input 0,0000 0,0000
engadget 2,9957 0,0011
reality 1,5141 0,0006
must 0,4620 0,0002
directx 3,9120 0,0015
unpinned 0,0000 0,0000
sophisticated 1,8326 0,0007
sunrise 3,5066 0,0013
entertainment 2,2073 0,0008
warrior 3,2189 0,0012
document 0,4463 0,0003
vkernel 2,3026 0,0009
clippy 3,2189 0,0012
availability 1,1394 0,0004
csrss 4,6052 0,0018
screenshot 2,5257 0,0010
networks 1,2730 0,0005
two 0,2744 0,0001
cve 2,8134 0,0011
distribute 0,3857 0,0001
graphic 1,6094 0,0006
datepublished 0,0000 0,0000
receive 0,7340 0,0003
think 0,9676 0,0004
participate 1,8326 0,0007
txf 4,6052 0,0018
webtv 3,5066 0,0013
services 1,1087 0,0004
team 0,4943 0,0002
marketing 1,2730 0,0005
preinstalled 3,9120 0,0015
wgusername 0,0000 0,0000
speech 2,0402 0,0008
redmond 3,9120 0,0015
thing 1,0788 0,0008
smith 1,7148 0,0007
spencer 2,3026 0,0009
megabyte 3,5066 0,0027
source 0,1393 0,0001
align 0,0101 0,0000
secure 1,0217 0,0004
netsh 4,6052 0,0018
hal 1,9661 0,0008
kevin 1,5606 0,0006
lip 4,6052 0,0018
hak 2,3026 0,0009
late 0,4155 0,0002
continue 0,6931 0,0005
informationweek 2,3026 0,0009
tile 2,9957 0,0034
stability 1,9661 0,0008
tech 1,2040 0,0005
chess 2,8134 0,0011
last 0,0000 0,0000
activision 3,5066 0,0013
campus 2,3026 0,0009
imageright 0,2614 0,0001
ultimate 1,8971 0,0007
eric 1,1394 0,0004
insufficient 2,4079 0,0009
weight 0,0101 0,0000
develop 0,1863 0,0001
pro 1,6094 0,0006
techweb 4,6052 0,0018
privileged 3,5066 0,0013
technologies 1,0788 0,0004
suited 2,6593 0,0010
overall 1,1394 0,0004
page 0,0000 0,0000
assume 1,6094 0,0006
compatibility 0,9416 0,0004
tellme 3,5066 0,0013
full 0,0202 0,0000
dhurata 4,6052 0,0018
away 1,4271 0,0005
memory 0,0408 0,0000
concept 0,3711 0,0003
millennium 3,2189 0,0012
nadella 3,5066 0,0013
video 0,8210 0,0003
house 1,4271 0,0005
clfs 4,6052 0,0018
early 0,4308 0,0005
enhance 0,8916 0,0007
center 0,0000 0,0000
cairo 3,9120 0,0015
start 0,3011 0,0005
yet 1,1087 0,0004
windows 0,7985 0,0003
manage 0,3567 0,0001
bypass 2,1203 0,0008
vosa 2,9957 0,0011
wikimedia 0,0000 0,0000
typical 1,1394 0,0004
initially 1,0788 0,0004
short 0,0000 0,0000
time 0,0000 0,0000
studio 1,3471 0,0005
rosoff 4,6052 0,0018
shadow 2,1203 0,0008
autorun 4,6052 0,0018
interactive 0,4463 0,0002
program 0,2614 0,0002
continually 2,6593 0,0010
three 0,3711 0,0001
put 0,9416 0,0004
tips 2,9957 0,0011
specifically 0,8916 0,0003
attain 2,8134 0,0011
smartscreen 4,6052 0,0018
gallery 2,6593 0,0010
hardware 0,5798 0,0002
infamously 4,6052 0,0018
standalone 2,0402 0,0008
paging 2,5257 0,0010
happe 3,5066 0,0013
priority 1,4697 0,0006
creative 0,0000 0,0000
nederlands 0,1985 0,0001
provide 0,1625 0,0002
wayback 0,7985 0,0003
mellon 2,5257 0,0010
russinovich 3,5066 0,0013
xandr 3,5066 0,0013
supercomputer 2,0402 0,0008
log 0,0000 0,0000
enterprise 0,4463 0,0002
translator 2,8134 0,0011
wgcheckuserclienthintsheadersjsapi 0,0000 0,0000
bright 2,6593 0,0010
cleartype 4,6052 0,0018
roadmap 2,4079 0,0009
euskara 0,5108 0,0002
pws 2,9957 0,0011
facelift 4,6052 0,0018
layer 0,7340 0,0003
computer 0,1863 0,0001
ways 2,8134 0,0011
low 0,0101 0,0000
timingprofile 0,0000 0,0000
uac 4,6052 0,0018
theme 0,0000 0,0000
holdings 2,8134 0,0011
pxe 2,5257 0,0010
wgcategory 0,0000 0,0000
editor 0,0000 0,0000
postexpandincludesize 0,0000 0,0000
indexing 1,7148 0,0007
initial 0,3857 0,0001
unstrip 0,0000 0,0000
apress 1,7148 0,0007
unify 2,4079 0,0018
reversi 4,6052 0,0018
templateargumentsize 0,0000 0,0000
unsourced 0,5621 0,0002
firewall 2,0402 0,0008
january 0,0000 0,0000
chat 2,5257 0,0010
permanent 0,0000 0,0000
foster 2,2073 0,0008
asturianu 1,2730 0,0005
mikerowesoft 3,5066 0,0013
prevalent 3,2189 0,0012
travel 2,0402 0,0008
serverwatch 4,6052 0,0018
small 0,0305 0,0000
beam 2,2073 0,0008
ubm 3,2189 0,0012
quick 1,3863 0,0005
compact 1,7720 0,0007
before 0,0305 0,0000
speedy 0,7133 0,0003
friendly 1,9661 0,0008
improper 3,2189 0,0012
replace 0,7340 0,0003
checker 3,9120 0,0015
emulate 2,3026 0,0009
whistler 4,6052 0,0018
experience 0,7985 0,0006
italic 0,1278 0,0000
rtos 3,9120 0,0015
major 0,5621 0,0002
wgredirectedfrom 3,2189 0,0012
emphasis 2,3026 0,0009
interrupt 2,2073 0,0008
worldwide 1,4271 0,0005
consider 0,4005 0,0002
skydrive 4,6052 0,0018
linkexchange 3,5066 0,0013
day 0,0000 0,0000
group 0,0408 0,0000
manually 1,5606 0,0006
carole 4,6052 0,0018
format 0,0101 0,0000
tree 1,1394 0,0004
runtime 1,2040 0,0005
archive 0,0943 0,0000
particular 0,5978 0,0002
greenbutton 2,3026 0,0009
history 0,0000 0,0000
fried 3,9120 0,0015
minwin 4,6052 0,0018
satran 4,6052 0,0018
winball 4,6052 0,0018
udf 3,5066 0,0013
yochay 4,6052 0,0018
applocker 4,6052 0,0018
novell 3,2189 0,0012
preinstallation 4,6052 0,0018
request 0,6733 0,0008
critical 0,8916 0,0003
credentials 2,2073 0,0008
mike 1,2040 0,0005
wgrestrictionedit 0,0000 0,0000
reactos 4,6052 0,0018
part 0,1985 0,0002
wgpageparsereport 0,0000 0,0000
percent 1,7720 0,0007
textbooks 1,7720 0,0007
point 0,5447 0,0002
corsu 2,9957 0,0011
general 0,0000 0,0000
netbook 3,5066 0,0013
tend 1,5141 0,0006
east 2,3026 0,0009
september 0,0000 0,0000
browser 0,9943 0,0008
gartner 2,3026 0,0009
introduction 0,5621 0,0002
chen 1,7148 0,0007
padding 0,0000 0,0000
process 0,1625 0,0001
restore 1,9661 0,0008
alternative 0,6931 0,0003
clear 0,0101 0,0000
encounter 2,2073 0,0008
ltr 0,0000 0,0000
threadx 3,2189 0,0012
cymraeg 1,4697 0,0006
third 0,5447 0,0002
wginternalredirecttargeturl 3,2189 0,0012
build 0,2357 0,0003
mean 0,4463 0,0002
interaction 0,8210 0,0003
lua 0,0513 0,0000
wireless 1,7720 0,0007
further 0,3711 0,0001
sicilianu 2,9957 0,0011
account 0,0000 0,0000
catalonia 3,5066 0,0013
monstrous 4,6052 0,0018
mostly 1,2730 0,0005
dec 2,0402 0,0008
dansk 0,5798 0,0002
inode 2,4079 0,0009
path 1,0498 0,0004
dev 1,7720 0,0007
scanner 2,5257 0,0010
abbr 0,0619 0,0000
minesweeper 4,6052 0,0018
strict 1,5606 0,0006
chicago 2,4079 0,0009
prevention 2,0402 0,0008
you 0,0000 0,0000
announcement 1,9661 0,0008
jump 0,0000 0,0000
profile 1,0788 0,0004
coulter 4,6052 0,0018
mainstream 1,9661 0,0008
active 0,7985 0,0003
bill 1,5606 0,0006
july 0,0000 0,0000
court 1,9661 0,0008
easy 0,6733 0,0003
warren 2,3026 0,0009
dfs 3,9120 0,0015
senior 2,0402 0,0008
flexible 1,6094 0,0006
domain 0,6931 0,0005
statcounter 2,8134 0,0011
compare 0,9416 0,0004
subgroup 0,0513 0,0000
transparent 0,0619 0,0000
how 0,0834 0,0000
capability 0,7765 0,0003
journal 0,4780 0,0002
peter 0,8210 0,0003
unlike 1,2040 0,0005
assembly 1,3471 0,0005
hpc 2,9957 0,0011
term 0,0000 0,0000
acquisition 1,2040 0,0005
lucent 3,5066 0,0013
itpro 3,9120 0,0015
brad 2,3026 0,0009
leblanc 4,6052 0,0018
mind 1,6094 0,0006
business 0,3425 0,0003
mini 0,0619 0,0000
microkernel 2,3026 0,0009
staff 1,7720 0,0007
involve 0,6539 0,0005
possible 0,5276 0,0002
right 0,0101 0,0000
hibernation 4,6052 0,0018
bing 2,8134 0,0011
executable 1,3093 0,0005
march 0,0000 0,0000
june 0,0000 0,0000
wikitext 0,0000 0,0000
answer 1,5606 0,0006
meet 0,9163 0,0007
stage 1,2040 0,0005
series 0,5798 0,0002
supersede 1,9661 0,0008
simonx 4,6052 0,0018
wizard 4,6052 0,0018
inch 3,2189 0,0012
paul 0,7765 0,0003
under 0,0101 0,0000
spotlight 2,9957 0,0011
represent 0,5978 0,0002
compete 2,0402 0,0008
ryan 1,6094 0,0006
asha 3,5066 0,0013
sometimes 0,6931 0,0003
promise 1,5141 0,0006
autocapitalize 0,0000 0,0000
down 0,8440 0,0003
divisions 3,2189 0,0012
hold 0,7985 0,0003
div 0,0000 0,0000
chinese 1,5141 0,0006
later 0,4005 0,0002
passport 3,5066 0,0013
prior 1,3093 0,0005
seals 3,9120 0,0015
teleo 3,5066 0,0013
bracket 0,0619 0,0000
wgpagename 0,0000 0,0000
talk 0,0000 0,0000
signal 1,2730 0,0005
vault 2,6593 0,0010
richard 0,9676 0,0004
dedicated 1,6094 0,0006
coordinator 3,5066 0,0013
static 1,0217 0,0004
commonly 0,6931 0,0003
test 0,4463 0,0002
planet 2,6593 0,0010
finally 1,4271 0,0005
count 0,0513 0,0000
hatnote 0,2107 0,0001
mips 2,9957 0,0011
scholar 1,3863 0,0005
pinnable 0,0000 0,0000
take 0,2877 0,0002
accompany 2,6593 0,0010
month 0,7133 0,0005
final 1,0788 0,0004
wgrevisionid 0,0000 0,0000
autoconfirm 1,9661 0,0008
cdfs 3,9120 0,0015
some 0,1744 0,0001
virtual 0,4620 0,0002
mace 4,6052 0,0018
rather 0,5978 0,0002
session 1,7720 0,0007
additional 0,0000 0,0000
back 0,6349 0,0002
mach 2,8134 0,0011
title 0,0000 0,0000
patroltoken 0,0000 0,0000
primarily 0,9943 0,0004
states 0,4943 0,0002
load 0,0202 0,0000
optimizer 2,3026 0,0009
zdnet 1,4697 0,0006
alpha 0,0101 0,0000
proclarity 3,5066 0,0013
company 0,4308 0,0002
just 0,4943 0,0002
pixel 2,5257 0,0019
defragmentation 2,4079 0,0009
dll 3,5066 0,0013
custom 0,0000 0,0000
kiswahili 1,2730 0,0005
monitor 1,2040 0,0005
permission 1,6607 0,0013
raymond 1,9661 0,0008
vahcuengh 3,5066 0,0013
home 0,8675 0,0003
michael 0,7133 0,0003
schedule 1,1087 0,0008
print 0,0000 0,0000
although 0,6162 0,0002
approximately 1,8971 0,0007
hub 1,9661 0,0008
material 0,7765 0,0003
inherit 0,0101 0,0000
mira 3,9120 0,0015
vivaty 3,5066 0,0013
articles 1,0217 0,0004
upcoming 2,2073 0,0008
newsletter 3,2189 0,0012
qualified 3,2189 0,0012
copilot 3,2189 0,0012
memo 3,2189 0,0012
variants 2,3026 0,0009
attempt 0,8440 0,0003
benj 3,5066 0,0013
dmy 0,0000 0,0000
executive 1,5606 0,0006
tablet 2,0402 0,0016
navigation 0,0000 0,0000
tape 1,8971 0,0007
action 0,0000 0,0000
lock 0,0101 0,0000
text 0,0000 0,0000
usually 0,4780 0,0002
sasha 3,5066 0,0013
takeshi 3,5066 0,0013
ppvisitednode 0,0000 0,0000
cookie 0,0000 0,0000
printer 2,2073 0,0008
dns 2,0402 0,0008
hood 2,5257 0,0010
loading 0,0000 0,0000
zenimax 3,5066 0,0013
contents 0,0000 0,0000
dod 3,2189 0,0012
explorer 1,7148 0,0007
baseball 3,5066 0,0013
interval 2,2073 0,0008
msixbundle 4,6052 0,0018
status 0,0000 0,0000
aquantive 3,5066 0,0013
server 0,4005 0,0003
netmeeting 4,6052 0,0018
floppy 3,2189 0,0012
dot 0,8210 0,0003
skin 0,0000 0,0000
clipchamp 3,5066 0,0013
dos 1,7720 0,0007
lifecam 3,5066 0,0013
mac 1,3471 0,0005
products 1,4271 0,0005
file 0,0000 0,0000
mvpl 3,5066 0,0013
reparse 3,9120 0,0015
member 0,9163 0,0007
crime 2,2073 0,0008
lucovsky 4,6052 0,0018
map 0,8210 0,0003
wgnoticeproject 0,0000 0,0000
together 0,5978 0,0002
may 0,0000 0,0000
jstor 1,4271 0,0005
max 0,0513 0,0000
within 0,3011 0,0001
could 0,4780 0,0002
allege 2,8134 0,0011
health 1,5606 0,0006
tara 3,2189 0,0012
trigger 0,0513 0,0000
menu 0,0000 0,0000
minitool 4,6052 0,0018
url 0,0000 0,0000
supersite 3,9120 0,0015
machine 0,2744 0,0001
able 0,9943 0,0004
trustworthy 2,9957 0,0011
return 0,0000 0,0000
hogan 3,5066 0,0013
furlan 3,2189 0,0012
mail 2,2073 0,0008
usb 2,0402 0,0008
subject 1,1087 0,0004
use 0,0000 0,0000
recognition 1,6607 0,0006
feel 1,8326 0,0007
main 0,0000 0,0000
networking 1,5606 0,0006
fine 1,5606 0,0006
find 0,3425 0,0003
host 0,6539 0,0002
backward 1,6607 0,0006
logo 0,0000 0,0000
international 0,3011 0,0001
mojang 3,5066 0,0013
regardless 1,7720 0,0007
drm 2,9957 0,0011
combine 0,7340 0,0003
carolina 2,9957 0,0011
vbscript 3,2189 0,0012
utc 0,0000 0,0000
malagasy 2,4079 0,0009
equipment 1,6094 0,0006
establishment 2,3026 0,0009
canonical 0,0408 0,0000
sistersitebox 0,6539 0,0002
chacon 3,5066 0,0013
winre 4,6052 0,0018
wgcurrevisionid 0,0000 0,0000
convenient 2,5257 0,0010
task 0,5108 0,0004
null 0,0000 0,0000
cleanup 2,2073 0,0008
background 0,0101 0,0000
codename 2,8134 0,0021
true 0,0000 0,0000
header 0,0000 0,0000
watchtoken 0,0000 0,0000
present 0,5621 0,0002
since 0,3425 0,0001
mdy 1,6094 0,0006
groove 3,5066 0,0013
delete 0,4155 0,0002
foreach 0,0000 0,0000
hour 1,4697 0,0006
competitor 1,9661 0,0015
custer 3,9120 0,0015
leadership 2,4079 0,0009
repeat 0,0101 0,0000
make 0,1165 0,0001
beta 1,3863 0,0005
categorize 2,4079 0,0009
mesh 2,5257 0,0010
wggestructuredtaskrejectionreasontextinputenable 0,0000 0,0000
execution 0,7340 0,0003
segmented 3,9120 0,0015
thread 1,2379 0,0005
livestream 4,6052 0,0018
structure 0,4155 0,0003
dub 3,5066 0,0013
eiger 4,6052 0,0018
narrator 4,6052 0,0018
due 0,5108 0,0002
online 0,7340 0,0003
simplify 1,1394 0,0004
writer 2,0402 0,0008
duo 3,2189 0,0012
antivirus 2,8134 0,0011
depend 0,7340 0,0006
logon 4,6052 0,0018
commit 1,2730 0,0005
sellin 4,6052 0,0018
danger 2,3026 0,0009
crash 1,6094 0,0006
patch 1,5141 0,0012
agudlp 4,6052 0,0018
character 1,1394 0,0009
reflect 1,1712 0,0004
bitlocker 4,6052 0,0018
contribution 0,0000 0,0000
dvd 2,8134 0,0011
devops 1,5141 0,0006
above 1,0788 0,0004
playback 3,2189 0,0012
recursion 0,0513 0,0000
czech 0,9163 0,0003
height 0,0101 0,0000
proton 2,4079 0,0009
dvr 3,9120 0,0015
august 0,0000 0,0000
module 0,0000 0,0000
wikibase 0,0619 0,0000
shortcoming 3,2189 0,0012
execute 0,6733 0,0003
yupi 3,5066 0,0013
datemodify 0,0619 0,0000
intention 2,4079 0,0009
scalar 3,2189 0,0012
installer 2,8134 0,0011
miller 1,7720 0,0007
frontline 4,6052 0,0018
except 1,5141 0,0006
hrvatski 0,7550 0,0003
understandable 2,6593 0,0010
shared 2,0402 0,0008
crossover 3,9120 0,0015
notheme 0,3711 0,0001
fact 1,0217 0,0004
scan 1,9661 0,0008
fundamental 1,4271 0,0005
global 0,7985 0,0003
industry 0,7550 0,0003
wsus 4,6052 0,0018
long 0,4005 0,0003
occitan 1,8326 0,0007
entitle 3,5066 0,0013
into 0,1985 0,0001
outline 0,8440 0,0003
min 0,1165 0,0000
partition 1,3471 0,0005
ian 1,7148 0,0007
operating 0,9416 0,0004
free 0,0000 0,0000
mix 1,2379 0,0009
redirect 1,1087 0,0008
middle 0,7765 0,0003
though 0,8440 0,0003
blizzard 3,5066 0,0013
many 0,2357 0,0001
broadest 4,6052 0,0018
people 0,9943 0,0004
releases 1,7720 0,0007
appear 0,8210 0,0003
face 1,1712 0,0004
abandon 2,0402 0,0008
ibm 0,5621 0,0002
inspire 1,6094 0,0006
operation 0,5108 0,0002
gadgets 4,6052 0,0018
open 0,1625 0,0001
azyxxi 3,5066 0,0013
treat 1,3863 0,0005
mojave 2,9957 0,0011
tbody 0,6931 0,0003
chronology 3,9120 0,0015
project 0,0000 0,0000
enhancement 0,0101 0,0000
atelier 3,5066 0,0013
inside 0,0101 0,0000
mainly 1,5141 0,0006
specs 4,6052 0,0018
roughly 1,7720 0,0007
wikiversity 0,9676 0,0004
california 1,2379 0,0005
vermeer 3,5066 0,0013
bare 2,9957 0,0011
obsidian 3,5066 0,0013
maps 2,6593 0,0010
solutions 1,8971 0,0007
please 0,8210 0,0003
collection 0,6733 0,0003
idg 2,1203 0,0008
look 0,7765 0,0003
dcom 3,5066 0,0013
ido 1,2730 0,0005
bungie 3,5066 0,0013
campaign 2,2073 0,0008
internet 0,5447 0,0002
allow 0,1863 0,0003
wired 1,2040 0,0005
lawsuit 2,8134 0,0011
isbn 0,1054 0,0000
rule 0,5978 0,0005
update 0,4463 0,0007
assistance 2,8134 0,0011
linus 2,4079 0,0009
speed 0,9416 0,0004
scheduler 1,6607 0,0006
apple 1,1712 0,0004
admit 2,8134 0,0011
common 0,3711 0,0001
interest 0,9943 0,0004
linux 0,8916 0,0003
themselves 1,1394 0,0004
placeholder 0,0000 0,0000
every 0,6162 0,0002
registry 2,2073 0,0008
canary 3,9120 0,0015
windowing 3,5066 0,0013
apply 0,0000 0,0000
sandi 3,5066 0,0013
mary 2,3026 0,0009
lionhead 3,5066 0,0013
purble 4,6052 0,0018
money 1,6094 0,0006
ifs 4,6052 0,0018
jason 1,7148 0,0007
removal 1,6607 0,0006
step 0,7765 0,0003
mark 0,6733 0,0003
ransomware 2,8134 0,0011
base 0,0305 0,0000
anand 3,2189 0,0012
runa 0,9416 0,0004
estates 3,5066 0,0013
trend 1,7148 0,0007
cardfile 4,6052 0,0018
colloquis 3,5066 0,0013
whole 1,2040 0,0005
during 0,5447 0,0002
revolution 1,7148 0,0007
consist 0,6539 0,0005
reliable 0,7765 0,0003
compatible 1,2040 0,0005
relate 0,0000 0,0000
rump 2,3026 0,0009
enable 0,0000 0,0000
permissions 2,9957 0,0011
sidebar 0,0000 0,0000
limitreport 0,0000 0,0000
winfs 3,9120 0,0015
games 1,9661 0,0008
decoration 0,0619 0,0000
reflist 0,0101 0,0000
azure 1,2730 0,0005
calculator 2,6593 0,0010
still 0,5447 0,0002
worm 3,5066 0,0027
var 0,0000 0,0000
work 0,2231 0,0002
matt 1,7720 0,0007
agree 0,0101 0,0000
packs 4,6052 0,0018
wgulsislanguageselectorempty 0,0000 0,0000
vba 3,5066 0,0013
spectrum 1,9661 0,0008
among 0,5276 0,0002
srpski 0,3711 0,0001
registration 0,0101 0,0000
valve 3,2189 0,0012
word 0,0101 0,0000
theory 0,9416 0,0004
extension 0,6349 0,0002
foundation 0,0000 0,0000
privilege 1,8971 0,0014
publicise 4,6052 0,0018
carnegie 2,6593 0,0010
discontinue 1,3863 0,0005
iis 4,6052 0,0018
fall 1,2379 0,0005
scroogle 3,5066 0,0013
installation 1,6094 0,0006
writing 1,7720 0,0007
event 0,0000 0,0000
multilingual 2,9957 0,0011
replication 1,9661 0,0008
include 0,0000 0,0000
alongside 1,6607 0,0006
torvalds 2,4079 0,0009
scandisk 4,6052 0,0018
ipados 2,8134 0,0011
toggle 0,0000 0,0000
incremental 1,6607 0,0006
appearance 0,0000 0,0000
wikileaks 3,5066 0,0013
classname 0,0000 0,0000
ebs 3,5066 0,0013
wggetopicsmatchmodeenable 0,0000 0,0000
kinsman 4,6052 0,0018
first 0,0408 0,0000
defender 3,9120 0,0015
voice 1,6094 0,0006
msi 3,5066 0,0013
nowrap 0,0408 0,0000
allen 2,0402 0,0008
prefer 0,0101 0,0000
roman 0,0101 0,0000
msn 2,3026 0,0009
msp 3,9120 0,0015
wgrelevantpageisprobablyeditable 0,0000 0,0000
float 0,0101 0,0000
forensic 2,2073 0,0008
bowden 4,6052 0,0018
transclusion 0,0619 0,0000
space 0,0408 0,0000
spec 1,7720 0,0007
reference 0,0101 0,0000
unqualified 3,9120 0,0015
msx 4,6052 0,0018
spite 3,9120 0,0015
ambox 0,7133 0,0003
theater 3,2189 0,0012
naraine 4,6052 0,0018
html 0,4463 0,0002
donthini 4,6052 0,0018
christy 4,6052 0,0018
bottom 0,0000 0,0000
sequentially 2,9957 0,0011
workstation 2,0402 0,0016
finished 3,5066 0,0013
barrelfish 3,9120 0,0015
revision 0,0000 0,0000
fixture 3,5066 0,0013
magyar 0,3425 0,0001
wintel 4,6052 0,0018
publisher 0,0000 0,0000
ime 4,6052 0,0035
img 0,0408 0,0000
vfs 3,9120 0,0015
configuration 0,7550 0,0006
frequent 2,3026 0,0009
stolee 4,6052 0,0018
linkedin 2,5257 0,0010
rlstate 0,0000 0,0000
error 0,0101 0,0000
platform 0,0000 0,0000
differential 2,0402 0,0008
network 0,3285 0,0003
rust 1,6094 0,0006
shortcut 2,4079 0,0018
zazaki 2,2073 0,0008
paper 0,9416 0,0004
public 0,4155 0,0002
shimpi 4,6052 0,0018
track 0,9676 0,0004
crowdstrike 3,9120 0,0015
ina 4,6052 0,0018
redirection 3,9120 0,0015
value 0,0000 0,0000
monolithic 2,0402 0,0008
hpfs 3,9120 0,0015
advantage 0,9676 0,0004
ink 3,5066 0,0013
resources 1,3471 0,0005
instead 0,4463 0,0002
ultimately 2,2073 0,0008
command 0,7133 0,0003
expensive 0,0408 0,0000
efs 3,5066 0,0013
performance 0,3425 0,0001
round 1,3093 0,0005
maint 0,0101 0,0000
verifier 3,9120 0,0015
wiktionary 0,5798 0,0002
loyd 4,6052 0,0018
platformversion 0,0000 0,0000
vakaviti 2,9957 0,0011
hands 3,2189 0,0012
smartphone 2,3026 0,0018
references 0,0513 0,0000
saved 0,0619 0,0000
year 0,2614 0,0002
aglp 4,6052 0,0018
straub 3,9120 0,0015
ios 1,8971 0,0007
laptop 1,9661 0,0015
resolution 1,8326 0,0007
building 0,7985 0,0003
iot 1,9661 0,0008
setting 1,4697 0,0006
via 0,3011 0,0001
properly 1,3471 0,0005
hornjoserbsce 2,6593 0,0010
music 1,7720 0,0007
quote 0,0101 0,0000
visual 0,9416 0,0004
because 0,0000 0,0000
diagnostic 2,5257 0,0010
ipc 2,1203 0,0008
agreement 1,3093 0,0005
upgrade 1,5141 0,0012
google 0,4005 0,0002
sideshow 4,6052 0,0018
community 0,0000 0,0000
packet 2,6593 0,0010
version 0,0000 0,0000
brezhoneg 1,7148 0,0007
capitalize 3,2189 0,0012
taskbar 3,9120 0,0015
folder 2,5257 0,0019
eesti 0,3285 0,0001
detail 0,7133 0,0008
vista 2,4079 0,0009
shortly 2,6593 0,0010
exfat 3,9120 0,0015
criterion 1,5606 0,0006
nashville 4,6052 0,0018
utility 1,2730 0,0005
wgusergroup 0,0000 0,0000
subsequently 1,6094 0,0006
aspect 0,7765 0,0003
wikipedia 0,0000 0,0000
scott 1,0217 0,0004
close 0,8210 0,0003
scots 1,8971 0,0007
afrikaans 0,9416 0,0004
perceptive 3,5066 0,0013
website 0,3711 0,0001
learn 0,0000 0,0000
fasa 3,5066 0,0013
photo 2,0402 0,0016
resiliency 3,2189 0,0012
mahjong 4,6052 0,0018
logical 1,6607 0,0006
fast 0,4943 0,0004
spin 2,2073 0,0008
emerge 1,2730 0,0005
netware 3,5066 0,0013
christoffel 4,6052 0,0018
register 0,0000 0,0000
nine 2,1203 0,0008
notes 0,9943 0,0004
republic 0,8916 0,0003
official 0,6162 0,0002
pandemic 1,9661 0,0008
jscript 3,2189 0,0012
assessment 1,7148 0,0007
post 0,0202 0,0000
fitness 2,4079 0,0009
incorporated 2,8134 0,0011
leave 0,0101 0,0000
add 0,0000 0,0000
winhec 3,5066 0,0013
sonic 3,2189 0,0012
need 0,1393 0,0002
its 0,0726 0,0000
originally 0,8675 0,0003
often 0,2877 0,0001
consent 2,8134 0,0011
elt 0,6931 0,0003
nullify 4,6052 0,0018
article 0,0000 0,0000
volume 1,1712 0,0004
riskiq 3,5066 0,0013
transact 2,9957 0,0011
pinyin 3,9120 0,0015
parser 0,0000 0,0000
ninja 2,9957 0,0011
port 1,8326 0,0007
shell 1,0788 0,0008
neptune 2,9957 0,0011
http 0,0000 0,0000
decimal 0,0101 0,0000
technical 0,6349 0,0002
companion 2,3026 0,0009
united 0,4780 0,0002
directory 1,5141 0,0006
wghostname 0,0000 0,0000
prevent 0,7340 0,0003
gates 2,8134 0,0011
vol 1,1712 0,0004
previously 1,1712 0,0004
wgtitle 0,0000 0,0000
intentionally 2,3026 0,0009
end 0,3011 0,0002
satellite 2,5257 0,0010
surveillance 2,5257 0,0010
havok 3,5066 0,0013
incapable 4,6052 0,0018
vox 2,6593 0,0010
mistake 2,0402 0,0008
memphis 4,6052 0,0018
recorder 3,9120 0,0015
vfsforgit 4,6052 0,0018
wgdigittransformtable 0,0000 0,0000
hlist 0,0408 0,0000
label 0,0000 0,0000
improvement 0,9163 0,0003
message 0,3857 0,0001
special 0,0000 0,0000
modify 0,7765 0,0006
activex 2,5257 0,0010
environment 0,4308 0,0003
rlconf 0,0000 0,0000
unpatched 3,9120 0,0015
clone 2,3026 0,0018
progressive 1,0788 0,0004
collectively 2,0402 0,0008
family 1,0217 0,0008
slightly 1,8326 0,0007
backup 2,1203 0,0008
career 2,8134 0,0011
copyright 1,6607 0,0006
education 1,0788 0,0004
bahasa 0,3285 0,0001
movie 2,2073 0,0017
release 0,2744 0,0004
ago 0,7765 0,0003
caption 0,3567 0,0001
shah 2,3026 0,0009
faulty 3,9120 0,0015
preemptive 2,3026 0,0009
variation 1,9661 0,0015
newly 2,3026 0,0009
gradually 2,1203 0,0008
number 0,0000 0,0000
wgbackendresponsetime 0,0000 0,0000
shorten 0,0000 0,0000
advogato 4,6052 0,0018
property 0,6539 0,0002
infoworld 1,6094 0,0006
algorithm 0,8675 0,0003
troubleshoot 3,5066 0,0013
similar 0,4780 0,0002
testing 0,6733 0,0003
isolation 1,6607 0,0006
script 1,2379 0,0005
system 0,0101 0,0000
driver 1,3471 0,0010
issn 0,7765 0,0003
jenks 4,6052 0,0018
fundamentals 1,4697 0,0006
swiftkey 3,5066 0,0013
other 0,0000 0,0000
aim 0,8210 0,0013
city 1,4697 0,0006
against 0,6931 0,0003
loadable 2,3026 0,0009
cell 0,4308 0,0002
dianmsft 4,6052 0,0018
local 0,7985 0,0003
retail 2,0402 0,0008
manufacturer 2,3026 0,0009
electronic 1,0788 0,0004
share 0,4620 0,0004
daytona 4,6052 0,0018
deployment 0,7985 0,0003
synthesis 2,1203 0,0008
msix 4,6052 0,0018
chairman 2,4079 0,0009
belfiore 3,5066 0,0013
future 0,5978 0,0002
rlq 0,0000 0,0000
cite 0,0000 0,0000
penton 3,9120 0,0015
rating 2,6593 0,0010
screen 0,0101 0,0000
body 0,0000 0,0000
vandalism 2,6593 0,0010
mode 0,0000 0,0000
amongst 2,1203 0,0008
pages 0,0000 0,0000
optimize 1,0217 0,0004
neo 2,6593 0,0010
longhorn 3,9120 0,0015
net 0,9416 0,0004
newpp 0,0619 0,0000
all 0,0408 0,0000
border 0,0000 0,0000
new 0,0000 0,0000
hyperterminal 4,6052 0,0018
read 0,0000 0,0000
already 1,1087 0,0004
touch 2,1203 0,0008
clock 2,6593 0,0010
real 0,0408 0,0000
clientpref 0,0000 0,0000
tool 0,0000 0,0000
tony 1,8326 0,0007
driving 2,9957 0,0011
unit 0,6539 0,0002
hybrid 1,4271 0,0005
acpi 3,9120 0,0015
svenska 0,3857 0,0001
franklin 2,9957 0,0011
unix 1,3093 0,0005
leznek 4,6052 0,0018
extremetech 3,9120 0,0015
wgpagecontentlanguage 0,0000 0,0000
media 0,2485 0,0001
amy 2,4079 0,0009
around 0,6931 0,0003
lightweight 1,6094 0,0006
wgisarticle 0,0000 0,0000
today 1,0788 0,0004
row 0,4943 0,0002
harder 3,9120 0,0015
render 0,0513 0,0000
universal 1,4271 0,0005
interlingua 1,3093 0,0005
tuner 4,6052 0,0018
vxd 4,6052 0,0018
abstraction 1,2040 0,0005
lewis 2,4079 0,0009
requirement 0,5798 0,0002
specific 0,2877 0,0001
any 0,2107 0,0001
application 0,0943 0,0001
wgflaggedrevsparams 0,0000 0,0000
sardu 2,8134 0,0011
msmq 4,6052 0,0018
until 0,7765 0,0003
strategy 0,7340 0,0003
unikernel 2,4079 0,0009
collapse 0,0408 0,0000
reason 0,7985 0,0003
hotmail 3,5066 0,0013
ring 2,2073 0,0008
legend 2,2073 0,0008
maintain 0,3567 0,0001
wgrelevantarticleid 0,0000 0,0000
preprocessor 0,0513 0,0000
ship 1,6094 0,0006
sysprep 4,6052 0,0018
zune 4,6052 0,0018
navision 3,5066 0,0013
mbox 0,7133 0,0003
professional 0,9416 0,0004
powerset 3,5066 0,0013
limburgs 3,9120 0,0015
exe 3,2189 0,0012
onenote 4,6052 0,0018
multikernel 2,5257 0,0010
english 0,0000 0,0000
api 0,3425 0,0003
counterpane 4,6052 0,0018
app 0,9943 0,0008
cache 0,0305 0,0000
margin 0,0000 0,0000
suomi 0,2107 0,0001
wgrequestid 0,0000 0,0000
xamarin 3,2189 0,0012
remain 0,7550 0,0003
enwikimwclientpreference 0,0000 0,0000
rlpagemodules 0,0000 0,0000
mount 2,4079 0,0009
quattro 4,6052 0,0018
viaf 2,4079 0,0009
geek 2,8134 0,0011
samea 0,0000 0,0000
neowin 4,6052 0,0018
wgwikibaseitemid 0,0000 0,0000
mobility 2,8134 0,0011
schneier 3,2189 0,0012
wgulsiscompactlinksenable 0,0000 0,0000
frequently 1,0788 0,0004
another 0,3567 0,0001
automatically 0,7765 0,0003
pagevariantfallback 0,0000 0,0000
predecessor 2,8134 0,0021
webarchive 0,7985 0,0003
default 0,6931 0,0003
encryption 1,1712 0,0004
vendor 1,1087 0,0004
wgmonthname 0,0000 0,0000
kinect 3,5066 0,0013
catherine 2,6593 0,0010
appx 4,6052 0,0018
disabled 0,0000 0,0000
where 0,2744 0,0001
attribute 0,7765 0,0003
arm 1,6607 0,0006
perforce 2,9957 0,0011
popular 0,6539 0,0002
timestamp 0,0000 0,0000
art 1,2379 0,0005
ars 1,9661 0,0008
malware 2,1203 0,0008
gram 4,6052 0,0018
rtm 4,6052 0,0018
xbox 3,2189 0,0012
call 0,0101 0,0000
jawa 2,0402 0,0008
such 0,0943 0,0000
diagnostics 2,9957 0,0011
cnet 1,7720 0,0007
refs 3,9120 0,0015
codebase 2,8134 0,0011
ask 1,0498 0,0004
describe 0,2485 0,0001
through 0,2107 0,0001
agdlp 4,6052 0,0018
officer 2,0402 0,0008
chishona 3,5066 0,0013
run 0,3011 0,0005
incorporate 1,1712 0,0004
microsoft 0,4005 0,0002
research 0,5621 0,0002
lifecycle 1,8971 0,0007
sandboxing 3,5066 0,0013
yamm 3,5066 0,0013
mouse 2,1203 0,0008
either 0,5621 0,0002
view 0,0000 0,0000
white 0,0305 0,0000
unrestricted 2,9957 0,0011
counterpart 2,6593 0,0020
segment 1,8326 0,0014
padmasree 3,5066 0,0013
huge 1,8326 0,0007
donate 0,0000 0,0000
cater 3,2189 0,0037
winternals 3,5066 0,0013
coursey 4,6052 0,0018
telephone 2,6593 0,0010
bold 0,0408 0,0000
engineering 0,3857 0,0001
significant 0,6931 0,0003
imaging 2,5257 0,0010
decrease 2,1203 0,0008
altspacevr 3,5066 0,0013
overlap 1,7148 0,0007
galego 0,7550 0,0003
instability 3,5066 0,0013
name 0,0000 0,0000
cputime 0,0000 0,0000
reid 3,5066 0,0013
watchlist 0,0000 0,0000
next 0,5798 0,0002
itanium 3,2189 0,0012
color 0,0101 0,0000
android 1,4697 0,0006
book 0,4308 0,0003
multilevel 2,5257 0,0010
show 0,0513 0,0000
description 0,0000 0,0000
edition 0,7985 0,0006
magnify 3,9120 0,0015
alma 4,6052 0,0018
not 0,0101 0,0000
central 0,9416 0,0004
ally 2,9957 0,0011
street 1,5606 0,0006
now 0,4308 0,0002
plains 3,5066 0,0013
statement 0,0000 0,0000
gregg 2,9957 0,0011
trademark 0,0101 0,0000
boot 1,7720 0,0014
greek 0,0101 0,0000
news 0,4620 0,0002
effectively 1,3093 0,0005
introduce 0,3285 0,0005
placeware 3,5066 0,0013
npm 2,4079 0,0009
rodriguez 2,9957 0,0011
way 0,2485 0,0001
target 0,0101 0,0000
sibling 3,9120 0,0015
what 0,0000 0,0000
furthermore 1,6607 0,0006
refer 0,4155 0,0005
restricted 2,8134 0,0011
risk 0,8916 0,0003
window 1,5606 0,0012
rise 1,2379 0,0005
penny 3,5066 0,0013
container 0,0000 0,0000
play 1,1712 0,0004
developers 0,0000 0,0000
usage 0,0000 0,0000
cernuda 3,5066 0,0013
charles 1,2730 0,0005
decide 0,9943 0,0004
wgmediaviewerenabledbydefault 0,0000 0,0000
issues 2,5257 0,0010
nearby 0,0000 0,0000
when 0,0834 0,0000
kathleen 2,6593 0,0010
far 1,2730 0,0005
faq 1,6094 0,0006
powershell 2,6593 0,0010
titans 3,9120 0,0015
broad 1,1394 0,0004
fat 2,6593 0,0010
whea 4,6052 0,0018
embed 0,9163 0,0003
fax 4,6052 0,0018
case 0,3285 0,0001
dashboard 2,0402 0,0008
internetnews 4,6052 0,0018
generation 1,2040 0,0009
nokia 2,0402 0,0008
give 0,4780 0,0004
item 0,0000 0,0000
wgmediavieweronclick 0,0000 0,0000
double 1,0498 0,0004
wgulsposition 0,0000 0,0000
melayu 0,6349 0,0002
davis 1,7148 0,0007
guthrie 3,2189 0,0012
powertoys 3,9120 0,0015
wgbreakframe 0,0000 0,0000
phone 1,4271 0,0011
rely 0,6931 0,0003
carl 2,9957 0,0011
metro 3,5066 0,0013
pinball 3,5066 0,0013
utilize 1,7148 0,0007
italiano 0,1278 0,0000
sticky 0,0000 0,0000
style 0,0000 0,0000
suit 1,9661 0,0008
card 1,3863 0,0005
searchinput 0,0000 0,0000
guard 2,4079 0,0009
harry 2,5257 0,0010
repo 3,2189 0,0012
settle 2,4079 0,0009
commons 0,0000 0,0000
confuse 1,2040 0,0005
web 0,1165 0,0000
arabic 2,6593 0,0010
farecast 3,5066 0,0013
protect 1,1394 0,0013
licensing 1,7148 0,0007
architecture 0,0000 0,0000
dial 3,5066 0,0013
insider 1,5606 0,0006
more 0,0000 0,0000
display 0,0000 0,0000
nast 3,5066 0,0013
anytime 4,6052 0,0018
great 0,8675 0,0007
syskey 4,6052 0,0018
organization 0,0000 0,0000
width 0,0000 0,0000
accounts 2,8134 0,0011
nash 3,9120 0,0015
certain 0,6162 0,0002
board 1,0217 0,0004
statistics 0,0000 0,0000
dice 3,5066 0,0013
cortana 4,6052 0,0018
section 0,7340 0,0003
simple 0,2231 0,0001
rework 3,5066 0,0013
used 2,3026 0,0009
influence 1,3471 0,0005
cloud 0,6349 0,0002
protocol 0,5621 0,0002
brandon 2,6593 0,0010
overflow 0,3567 0,0001
nsakey 3,5066 0,0013
percentage 2,2073 0,0008
shum 3,5066 0,0013
few 0,7133 0,0003
undead 3,5066 0,0013
hyper 2,4079 0,0009
bott 4,6052 0,0018
package 0,9943 0,0008
visible 0,0101 0,0000
orient 0,5447 0,0002
kind 0,8675 0,0007
exceptionally 3,9120 0,0015
ripoarisch 3,2189 0,0012
both 0,0305 0,0000
important 0,0101 0,0000
market 0,9943 0,0011
most 0,2107 0,0001
homegroup 4,6052 0,0018
iexpress 4,6052 0,0018
transfer 0,7985 0,0003
effect 0,8440 0,0003
keep 0,6733 0,0003
topic 0,0000 0,0000
ipad 2,9957 0,0011
automotive 1,8971 0,0007
correction 2,4079 0,0009
job 1,3093 0,0005
option 0,9416 0,0004
who 0,5621 0,0002
joe 1,7720 0,0007
limitation 1,0498 0,0004
game 0,7765 0,0006
globally 1,9661 0,0008
unveil 2,3026 0,0018
contribute 0,0000 0,0000
insert 1,6607 0,0006
why 0,6539 0,0002
remark 3,5066 0,0013
whiteboard 3,5066 0,0013
highlight 1,3093 0,0005
administrator 1,6094 0,0012
database 0,2485 0,0002
along 0,7340 0,0003
david 0,5798 0,0002
virtualize 3,2189 0,0012
win 1,7148 0,0007
malti 3,5066 0,0013
wgseparatortransformtable 0,0000 0,0000
san 1,2379 0,0005
move 0,0000 0,0000
original 0,0943 0,0000
sysop 2,9957 0,0011
also 0,0202 0,0000
say 0,6733 0,0005
enough 0,9676 0,0004
terminal 1,7720 0,0007
increase 0,4620 0,0004
surpass 2,3026 0,0009
onfolio 3,5066 0,0013
verloy 4,6052 0,0018
inline 0,0408 0,0000
favor 1,5141 0,0006
various 0,3857 0,0001
visio 3,5066 0,0013
visit 0,0408 0,0000
user 0,0000 0,0000
simply 0,9676 0,0004
customer 0,7550 0,0003
equivalent 1,5141 0,0006
bad 1,4271 0,0005
bring 0,9676 0,0004
tooltip 0,8675 0,0003
edwards 2,4079 0,0009
plague 3,5066 0,0013
hausa 1,8971 0,0007
offer 0,4155 0,0005
campaigns 3,5066 0,0013
fix 0,5108 0,0004
ziff 2,8134 0,0011
complex 0,5621 0,0002
warfare 2,5257 0,0010
manufacturing 2,2073 0,0008
giant 2,1203 0,0008
elmcip 2,3026 0,0009
addition 0,6733 0,0005
surf 2,6593 0,0010
grow 0,8675 0,0007
league 3,5066 0,0013
personal 0,0000 0,0000
former 1,3093 0,0005
extend 0,6162 0,0005
ar 1,5141 0,0006
fold 2,6593 0,0010
proxy 1,7148 0,0007
lindows 3,5066 0,0013
redesign 3,5066 0,0013
aaron 2,1203 0,0008
imageobject 0,0000 0,0000
simultaneously 1,6094 0,0006
compression 1,5141 0,0006
drive 0,4780 0,0002
higgins 3,5066 0,0013
strong 0,9943 0,0004
be 0,1508 0,0001
prove 1,3093 0,0005
scheme 0,0101 0,0000
affect 1,0217 0,0016
icon 0,0101 0,0000
expansiondepth 0,0000 0,0000
dead 1,7148 0,0007
altamira 3,5066 0,0013
virus 2,4079 0,0018
communications 1,2040 0,0005
search 0,0000 0,0000
see 0,0408 0,0000
wmi 4,6052 0,0018
spacing 0,0619 0,0000
systems 0,4780 0,0002
wgrelevantpagename 0,0000 0,0000
popularity 1,3093 0,0005
national 0,4463 0,0002
relinquish 3,9120 0,0015
segmentation 2,3026 0,0009
subsequent 1,6094 0,0006
typescript 1,8971 0,0007
panel 2,5257 0,0010
bluekeep 4,6052 0,0018
contain 0,0101 0,0000
set 0,2107 0,0001
founder 1,4697 0,0006
shqip 0,6931 0,0003
column 0,0101 0,0000
midori 2,4079 0,0009
sample 1,5141 0,0006
food 2,0402 0,0008
integrate 0,5798 0,0007
pearson 1,7720 0,0007
redistributable 4,6052 0,0018
wgaction 0,0000 0,0000
unfit 1,8326 0,0007
acquisitions 2,4079 0,0009
spider 3,5066 0,0013
essential 1,1087 0,0004
font 0,0000 0,0000
carlos 2,5257 0,0010
ifilt 4,6052 0,0018
ben 1,3093 0,0005
language 0,0000 0,0000
do 0,1625 0,0001
graphics 1,6607 0,0006
navbox 0,0943 0,0000
listitem 0,0408 0,0000
japanese 2,0402 0,0008
unworkable 4,6052 0,0018
contact 0,0000 0,0000
rare 1,8971 0,0007
france 0,8675 0,0003
alcatel 3,5066 0,0013
criticism 1,1394 0,0004
modal 3,5066 0,0013
programming 0,2744 0,0001
image 0,0202 0,0000
typically 0,3857 0,0001
ribbon 3,5066 0,0013
polaris 4,6052 0,0018
workgroups 4,6052 0,0018
autoplay 4,6052 0,0018
never 1,1712 0,0004
thurrott 4,6052 0,0018
party 0,6539 0,0005
little 1,0788 0,0004
cursor 0,0619 0,0000
however 0,3011 0,0001
deep 1,3863 0,0005
killers 4,6052 0,0018
origin 0,0000 0,0000
india 1,4271 0,0005
packing 4,6052 0,0018
walltime 0,0000 0,0000
interlanguage 0,0000 0,0000
content 0,0000 0,0000
hover 3,9120 0,0015
random 0,0000 0,0000
wikibooks 0,8210 0,0003
desktop 1,0788 0,0008
venus 4,6052 0,0018
related 0,9676 0,0004
client 0,0000 0,0000
northrup 4,6052 0,0018
divide 1,4271 0,0005
class 0,0000 0,0000
posix 2,3026 0,0009
gehomepagesuggestededitsenabletopic 0,0000 0,0000
volometrix 3,5066 0,0013
digital 0,6162 0,0002
over 0,3285 0,0001
dejablue 4,6052 0,0018
six 1,4271 0,0005
false 0,0000 0,0000
specification 0,7133 0,0005
counter 0,0408 0,0000
parse 0,0619 0,0000
patrizio 4,6052 0,0018
srpskohrvatski 0,9163 0,0003
fork 1,1394 0,0004
form 0,3011 0,0001
management 0,2231 0,0001
publish 0,4463 0,0003
setup 1,9661 0,0008
developer 0,1744 0,0001
avoid 0,0101 0,0000
renew 3,9120 0,0015
informit 3,5066 0,0013
prompt 1,5606 0,0006
significantly 1,5141 0,0006
assign 1,2730 0,0005
elaborate 2,1203 0,0008
very 0,5978 0,0002
decade 1,7720 0,0007
expert 1,3863 0,0005
congress 2,3026 0,0009
bit 1,3863 0,0011
clipboard 3,9120 0,0015
wsh 4,6052 0,0018
output 0,0000 0,0000
datatable 4,6052 0,0018
four 0,9676 0,0004
peterson 2,8134 0,0011
technet 3,2189 0,0012
context 0,5978 0,0002
easily 1,2040 0,0005
pritzker 3,5066 0,0013
majority 1,5141 0,0006
model 0,0000 0,0000
portal 0,0000 0,0000
french 2,3026 0,0009
reduce 0,0101 0,0000
sentence 0,0000 0,0000
issue 0,3425 0,0001
kern 0,0101 0,0000
large 0,2485 0,0003
surface 2,1203 0,0008
winusb 4,6052 0,0018
director 1,6607 0,0006
literally 3,2189 0,0012
kerr 3,9120 0,0015
metal 2,4079 0,0009
vera 4,6052 0,0018
announce 0,6733 0,0008
drink 3,9120 0,0015
odd 0,0943 0,0000
messaging 1,4271 0,0005
phil 2,3026 0,0009
operate 0,3567 0,0003
slm 4,6052 0,0018
exclusively 1,6607 0,0006
vail 4,6052 0,0018
john 0,5276 0,0002
begin 0,5108 0,0004
wgvisualeditor 0,0000 0,0000
become 0,2877 0,0002
template 0,0000 0,0000
viewer 2,8134 0,0011
enwiki 0,0619 0,0000
indefinitely 1,9661 0,0008
eventually 1,1394 0,0004
subscription 0,0101 0,0000
cycle 1,3093 0,0005
library 0,3857 0,0003
navbar 0,0202 0,0000
world 0,3857 0,0001
ftc 2,6593 0,0010
sphere 2,9957 0,0011
oem 2,9957 0,0011
subbox 0,6931 0,0003
december 0,0000 0,0000
ability 0,7340 0,0003
camera 2,2073 0,0017
everything 1,2730 0,0005
bundle 1,6094 0,0018
macos 1,6607 0,0006
revealable 4,6052 0,0018
table 0,0000 0,0000
taqbaylit 2,4079 0,0009
creator 1,2730 0,0005
side 0,3425 0,0001
gaeilge 1,2040 0,0005
break 0,0101 0,0000
change 0,0000 0,0000
winhelp 4,6052 0,0018
printable 0,0000 0,0000
gamespot 4,6052 0,0018
off 0,8916 0,0003
generally 0,5447 0,0002
reapply 4,6052 0,0018
hide 0,0000 0,0000
multimedia 1,5606 0,0006
turner 2,9957 0,0011
corporate 1,4697 0,0006
report 0,0202 0,0000
outercurve 3,5066 0,0013
onedrive 2,4079 0,0009
complete 0,4780 0,0004
patton 3,9120 0,0015
transaction 1,0217 0,0004
improvements 4,6052 0,0018
freestyle 4,6052 0,0018
maluuba 3,5066 0,0013
auto 0,0726 0,0000
notepad 3,9120 0,0015
several 0,4155 0,0002
cardspace 4,6052 0,0018
office 1,0498 0,0004
wgcanonicalspecialpagename 0,0000 0,0000
while 0,2614 0,0001
second 0,0408 0,0000
ported 2,4079 0,0009
that 0,5108 0,0002
download 0,0000 0,0000
edge 1,2379 0,0005
high 0,0101 0,0000
split 0,0000 0,0000
than 0,2357 0,0001
limit 0,0000 0,0000
champagne 3,5066 0,0013
bnf 0,9163 0,0003
freecell 4,6052 0,0018
brian 1,2730 0,0005
different 0,0513 0,0000
directly 0,5108 0,0002
administrators 2,9957 0,0011
officially 1,8971 0,0007
level 0,0000 0,0000
author 0,0000 0,0000
cybersecurity 2,4079 0,0009
permanently 2,0402 0,0008
plus 1,6607 0,0006
expansion 0,0619 0,0000
keizer 3,9120 0,0015
entry 0,8210 0,0003
license 0,0000 0,0000
disk 1,3471 0,0010
expand 0,0101 0,0000
bob 1,8326 0,0007
dream 2,8134 0,0011
focused 2,6593 0,0010
wgmfdisplaywikibasedescription 0,0000 0,0000
retrieve 0,0000 0,0000
plug 2,2073 0,0008
lsass 4,6052 0,0018
datum 0,0408 0,0000
heat 2,4079 0,0009
behind 1,2730 0,0005
devblog 4,6052 0,0018
code 0,0000 0,0000
legacy 1,5141 0,0006
student 1,4271 0,0005
tilley 4,6052 0,0018
wgdefaultdateformat 0,0000 0,0000
box 0,0408 0,0000
storage 0,3711 0,0001
oems 3,9120 0,0015
sql 1,0788 0,0004
switch 0,9163 0,0007
dialog 2,6593 0,0010
total 0,0000 0,0000
deutsch 0,0943 0,0000
goldshtein 4,6052 0,0018
playground 2,9957 0,0011
consumers 3,2189 0,0012
singularity 3,2189 0,0012
consumer 1,4697 0,0011
fight 2,4079 0,0009
highly 1,1712 0,0004
unofficial 2,2073 0,0008
console 1,7720 0,0014
keyboard 1,8971 0,0007
siechert 4,6052 0,0018
exokernel 2,5257 0,0010
initiative 1,0217 0,0004
sports 2,9957 0,0011
nature 1,0498 0,0004
social 0,8210 0,0003
src 0,6349 0,0002
control 0,1625 0,0001
editions 3,2189 0,0012
pc 2,9957 0,0011
zack 3,5066 0,0013
attribution 0,0000 0,0000
infringement 2,6593 0,0010
architectures 1,4697 0,0006
reece 4,6052 0,0018
vary 0,0619 0,0000
upper 0,0101 0,0000
paint 3,9120 0,0015
smss 4,6052 0,0018
dynamics 1,8326 0,0007
freeze 3,2189 0,0012
composite 2,3026 0,0009
estimate 1,3863 0,0005
expiry 0,0619 0,0000
minerva 0,0101 0,0000
brand 0,0000 0,0000
recent 0,0000 0,0000
they 0,0619 0,0001
trends 1,5141 0,0006
browsing 1,8326 0,0007
github 0,7340 0,0003
modular 1,5141 0,0006
multitask 3,5066 0,0027
edit 0,0000 0,0000
old 0,8675 0,0007
ole 4,6052 0,0018
decentralized 2,3026 0,0009
portable 1,8971 0,0007
then 0,3567 0,0001
node 0,0305 0,0000
concepts 1,1394 0,0004
adopt 0,9163 0,0007
drivespace 4,6052 0,0018
device 0,7550 0,0006
access 0,2877 0,0002
ilokano 2,8134 0,0011
simi 0,9416 0,0004
dreamcast 4,6052 0,0018
extended 2,2073 0,0008
offline 2,5257 0,0010
selflink 0,0101 0,0000
current 0,0000 0,0000
defunct 1,9661 0,0008
kel 3,9120 0,0015
nynorsk 1,2379 0,0005
minimalistic 3,9120 0,0015
actively 2,6593 0,0010
george 1,6607 0,0006
mclean 3,9120 0,0015
thompson 1,8326 0,0007
vector 0,0000 0,0000
conferences 2,2073 0,0008
key 0,0305 0,0000
calendar 2,9957 0,0011
cachereport 0,0000 0,0000
manager 0,8440 0,0003
necessary 0,8440 0,0003
jose 2,0402 0,0008
one 0,0943 0,0000
garage 3,2189 0,0012
maker 1,8971 0,0014
launch 0,9943 0,0004
store 0,5447 0,0004
winaray 1,7720 0,0007
svp 3,5066 0,0013
segoe 4,6052 0,0018
tagalog 1,2040 0,0005
bosanski 0,8916 0,0003
confirm 1,6094 0,0006
single 0,3147 0,0001
entityaccesscount 0,0000 0,0000
hill 1,7148 0,0007
walmsley 3,5066 0,0013
iloo 3,5066 0,0013
bug 0,8675 0,0007
assist 1,8971 0,0007
fourth 1,8971 0,0007
partially 1,8971 0,0007
story 1,2730 0,0005
bus 1,6607 0,0006
country 1,3863 0,0005
ignite 2,9957 0,0011
vxtreme 3,5066 0,0013
commercial 0,8440 0,0003
tv 3,5066 0,0013
declare 1,6094 0,0006
separate 0,6162 0,0002
loader 1,8971 0,0007
buy 1,4271 0,0005
available 0,0000 0,0000
express 1,0788 0,0004
zero 1,0217 0,0004
soomaaliga 2,4079 0,0009
variant 0,0619 0,0000
sega 4,6052 0,0018
sector 1,8971 0,0007
unusual 2,5257 0,0010
studios 2,6593 0,0010
degree 1,7720 0,0007
this 0,1278 0,0000
norsk 0,3285 0,0001
stanton 3,5066 0,0013
memusage 0,0000 0,0000
especially 0,8210 0,0003
once 0,7985 0,0003
hint 2,5257 0,0010
know 0,2231 0,0002
vp 3,5066 0,0013
region 2,0402 0,0008
support 0,1393 0,0002
higher 3,5066 0,0013
drop 1,1394 0,0009
preview 1,6607 0,0006
basics 2,1203 0,0008
streamlined 4,6052 0,0018
swatch 2,8134 0,0011
wgpopupsflag 0,0000 0,0000
polski 0,1165 0,0000
privacy 0,0000 0,0000
cold 2,8134 0,0011
learning 0,8916 0,0003
vertical 0,7985 0,0003
pure 1,9661 0,0008
life 0,9416 0,0004
inkball 4,6052 0,0018
kin 2,8134 0,0011
proprietary 0,9676 0,0004
catapult 3,9120 0,0015
gap 1,2040 0,0005
xenix 3,2189 0,0012
scharf 3,5066 0,0013
successful 1,2379 0,0005
compulsion 3,5066 0,0013
connectix 3,5066 0,0013
normal 0,0202 0,0000
allocation 1,8326 0,0007
corrupt 2,2073 0,0008
previous 1,1712 0,0004
functioning 3,5066 0,0013
litigation 2,4079 0,0009
wgarticleid 0,0000 0,0000
succeed 2,1203 0,0008
migration 1,4697 0,0006
pagelanguagedir 0,0000 0,0000
wgcitereferencepreviewsactive 0,0000 0,0000
location 0,9943 0,0004
compromise 1,8326 0,0007
cutler 3,5066 0,0013
software 0,0000 0,0000
graphical 1,2730 0,0005
gigabyte 2,9957 0,0011
none 0,0101 0,0000
repository 0,5276 0,0004
type 0,0000 0,0000
april 0,0000 0,0000
easytimeline 2,9957 0,0011
'em 4,6052 0,0018
odyssey 3,9120 0,0015
osr 4,6052 0,0018
feedback 1,3471 0,0005
hack 1,3471 0,0010
problem 0,3285 0,0003
credential 3,5066 0,0013
optimization 0,8916 0,0003
road 1,7148 0,0007
review 0,6162 0,0002
weather 2,4079 0,0009
connection 0,9676 0,0004
roam 4,6052 0,0018
simulate 2,0402 0,0008
between 0,2107 0,0001
guide 0,3711 0,0001
firefly 2,9957 0,0011
goal 0,8440 0,0003
method 0,3147 0,0001
teams 2,4079 0,0009
come 0,4155 0,0003
iphone 2,9957 0,0011
push 0,0000 0,0000
typeface 3,5066 0,0013
exist 0,4155 0,0002
techrepublic 2,5257 0,0010
soundworks 3,5066 0,0013
substantially 2,6593 0,0010
verve 4,6052 0,0018
filip 4,6052 0,0018
quinstreet 3,9120 0,0015
sharepoint 4,6052 0,0018
distribution 0,8916 0,0003
hoffman 2,9957 0,0011
derive 1,1394 0,0004
out 0,0000 0,0000
weak 2,1203 0,0008
leak 1,5606 0,0006
flaw 1,9661 0,0015
transcript 2,6593 0,0010
feature 0,0000 0,0000
ctfmon 4,6052 0,0018
cached 0,4463 0,0002
get 0,0000 0,0000
dark 0,0101 0,0000
copy 1,1712 0,0009
place 0,5447 0,0004
power 0,6733 0,0003
regular 1,2379 0,0005
sell 1,3471 0,0015
continued 3,5066 0,0013
lead 0,2231 0,0001
token 1,7148 0,0013
filter 1,4697 0,0006
help 0,0000 0,0000
site 0,0000 0,0000
cebuano 2,6593 0,0010
depth 0,0000 0,0000
massive 1,8326 0,0007
dybeck 3,5066 0,0013
owe 3,5066 0,0013
architectural 1,5141 0,0006
minimum 2,2073 0,0008
scarce 3,5066 0,0013
queue 1,1394 0,0004
sharealike 0,0000 0,0000
date 0,3011 0,0003
argument 0,0513 0,0000
reveal 1,5606 0,0012
data 0,0000 0,0000
depot 3,9120 0,0015
own 0,4780 0,0002
sound 1,3471 0,0005
wiki 1,2730 0,0005
subsystem 2,0402 0,0008
wgpageviewlanguage 0,0000 0,0000
blog 0,6349 0,0005
translate 1,3863 0,0011
schofield 4,6052 0,0018
accesskey 0,0000 0,0000
only 0,2107 0,0001
should 0,3711 0,0001
create 0,0000 0,0000
tag 0,0000 0,0000
cory 2,6593 0,0010
development 0,1278 0,0000
like 0,2231 0,0001
resource 0,4620 0,0004
appxbundle 4,6052 0,0018
towards 1,2040 0,0005
wordpad 4,6052 0,0018
tay 2,9957 0,0011
kiriaty 4,6052 0,0018
crypto 2,3026 0,0009
pando 3,5066 0,0013
core 0,5621 0,0002
safe 0,8675 0,0003
inxile 3,5066 0,0013
numoto 3,5066 0,0013
send 0,7550 0,0003
interix 3,2189 0,0012
potentially 0,7765 0,0003
here 0,0000 0,0000
note 0,4155 0,0002
dave 1,5141 0,0006
week 1,2379 0,0005
purpose 0,5108 0,0002
line 0,0101 0,0000
link 0,0000 0,0000
macgregor 3,5066 0,0013
scale 0,4943 0,0002
recovery 1,6607 0,0006
robin 1,7720 0,0007
can 0,0408 0,0000
computing 0,4155 0,0002
security 0,3285 0,0001
award 1,9661 0,0008
cap 0,0619 0,0000
contributor 0,0000 0,0000
git 1,8971 0,0007
wgcanonicalnamespace 0,0000 0,0000
flex 0,5276 0,0002
ready 0,0000 0,0000
hearts 4,6052 0,0018
vintzel 4,6052 0,0018
studies 2,5257 0,0010
player 1,8326 0,0007
aims 2,8134 0,0011
manufacturers 3,2189 0,0012
wgisredirect 0,0000 0,0000
idle 2,6593 0,0010
limited 0,8916 0,0003
will 0,2485 0,0001
february 0,0000 0,0000
implementation 0,3147 0,0002
arbitrary 1,3863 0,0005
fault 1,1712 0,0004
follow 0,2744 0,0003
satya 3,5066 0,0013
tuesday 3,5066 0,0013
response 0,7340 0,0003
responsive 0,0202 0,0000
namespace 1,5141 0,0006
challenge 0,6162 0,0005
category 0,0000 0,0000
metaswitch 3,5066 0,0013
intend 0,6162 0,0002
wikidata 0,0000 0,0000
