references 0,0513 0,0000
saved 0,0619 0,0000
upload 0,0000 0,0000
year 0,2614 0,0004
wggelevelingupenabledforuser 0,0000 0,0000
wgrestrictionmove 0,0000 0,0000
remote 0,9163 0,0007
via 0,3011 0,0002
quote 0,0101 0,0000
because 0,0000 0,0000
persistent 1,5141 0,0012
wins 3,9120 0,0032
agreement 1,3093 0,0011
solid 0,0202 0,0000
neutral 0,5447 0,0004
google 0,4005 0,0003
require 0,0000 0,0000
analysis 0,5108 0,0004
community 0,0000 0,0000
version 0,0000 0,0000
scribunto 0,0000 0,0000
cooperative 1,7720 0,0014
esxi 3,9120 0,0032
size 0,0000 0,0000
stop 1,1394 0,0009
left 0,0408 0,0000
cdx 0,0000 0,0000
eesti 0,3285 0,0003
object 0,3711 0,0003
poweruser 4,6052 0,0037
commodity 2,4079 0,0019
combinator 3,2189 0,0026
lombard 1,1712 0,0009
role 0,8916 0,0007
independent 0,8440 0,0007
utility 1,2730 0,0010
turn 1,0498 0,0008
wgusergroup 0,0000 0,0000
example 0,2485 0,0002
result 0,2231 0,0002
same 0,2357 0,0002
xtratum 3,9120 0,0032
nvgre 3,9120 0,0032
after 0,0305 0,0000
wikipedia 0,0000 0,0000
scott 1,0217 0,0008
cisco 2,6593 0,0021
headline 0,0000 0,0000
solaris 1,7148 0,0014
connect 0,8675 0,0007
policy 0,0000 0,0000
website 0,3711 0,0003
address 0,5621 0,0005
kvm 3,5066 0,0028
learn 0,0000 0,0000
kernel 1,2379 0,0010
union 1,3093 0,0011
pagelanguagecode 0,0000 0,0000
logical 1,6607 0,0013
gnu 1,1087 0,0009
transientcontent 0,0000 0,0000
subtle 0,3285 0,0003
component 0,3147 0,0005
idhash 0,0619 0,0000
persistence 2,4079 0,0019
information 0,0000 0,0000
brandz 3,9120 0,0032
wrap 0,0101 0,0000
vcloud 2,3026 0,0019
lmctfy 3,5066 0,0028
register 0,0000 0,0000
standard 0,2357 0,0002
november 0,0000 0,0000
communicate 1,1394 0,0009
blogs 3,5066 0,0028
lpar 3,9120 0,0032
turbo 3,2189 0,0026
official 0,6162 0,0005
deploy 1,0217 0,0008
empty 0,0305 0,0000
compute 0,6733 0,0011
red 1,2730 0,0010
post 0,0202 0,0000
leave 0,0101 0,0000
seigler 4,6052 0,0037
fullversionlist 0,0000 0,0000
implement 0,3285 0,0003
myvolume 4,6052 0,0037
export 0,0000 0,0000
add 0,0000 0,0000
need 0,1393 0,0003
its 0,0726 0,0001
jail 3,5066 0,0028
list 0,0000 0,0000
article 0,0000 0,0000
fusion 1,9661 0,0016
volume 1,1712 0,0009
external 0,1863 0,0002
parser 0,0000 0,0000
port 1,8326 0,0015
http 0,0000 0,0000
decimal 0,0101 0,0000
vaughan 2,5257 0,0020
child 0,0202 0,0000
private 0,8210 0,0007
mainentity 0,0000 0,0000
production 0,9943 0,0008
interface 0,2485 0,0004
directory 1,5141 0,0012
remove 0,3711 0,0003
wghostname 0,0000 0,0000
abstracted 4,6052 0,0037
disclaimers 0,0000 0,0000
previously 1,1712 0,0009
wgtitle 0,0000 0,0000
engine 0,4780 0,0008
containerized 3,5066 0,0028
scope 1,2730 0,0010
bochs 3,9120 0,0032
wgisprobablyeditable 0,0000 0,0000
end 0,3011 0,0005
lardinois 2,4079 0,0019
standardized 1,8971 0,0015
embrace 1,9661 0,0016
wgdigittransformtable 0,0000 0,0000
citation 0,0101 0,0000
mobile 0,0000 0,0000
multiple 0,2485 0,0002
perform 0,4463 0,0007
hlist 0,0408 0,0000
label 0,0000 0,0000
env 3,9120 0,0032
expose 1,4271 0,0012
special 0,0000 0,0000
horizon 2,5257 0,0020
plainlist 0,4463 0,0004
environment 0,4308 0,0007
pdf 0,0000 0,0000
vpn 2,6593 0,0021
service 0,1393 0,0002
rlconf 0,0000 0,0000
automate 0,7340 0,0012
well 0,2744 0,0002
family 1,0217 0,0008
bitness 0,0000 0,0000
rgba 0,0101 0,0000
bahasa 0,3285 0,0003
release 0,2744 0,0004
ago 0,7765 0,0006
channel 1,3863 0,0022
caption 0,3567 0,0003
number 0,0000 0,0000
wgbackendresponsetime 0,0000 0,0000
shorten 0,0000 0,0000
block 0,0408 0,0000
per 0,8440 0,0007
infoworld 1,6094 0,0013
write 0,1508 0,0001
algorithm 0,8675 0,0007
cli 1,5141 0,0012
similar 0,4780 0,0004
partnership 1,9661 0,0016
aria 0,0000 0,0000
boxtext 0,0619 0,0000
byte 0,0408 0,0000
testing 0,6733 0,0005
specify 0,6349 0,0005
handle 0,6539 0,0005
isolation 1,6607 0,0013
system 0,0101 0,0000
driver 1,3471 0,0022
serdar 3,5066 0,0028
compose 1,5141 0,0012
even 0,0513 0,0000
install 1,3093 0,0021
analyze 1,2040 0,0010
integration 0,4620 0,0004
tagline 0,0000 0,0000
regexp 0,0000 0,0000
other 0,0000 0,0000
subsection 0,1508 0,0001
wgeditsubmitbuttonlabelpublish 0,0000 0,0000
openshift 2,2073 0,0018
cms 3,5066 0,0028
toc 0,0000 0,0000
moby 4,6052 0,0037
functionality 0,6539 0,0005
cell 0,4308 0,0003
installfree 3,9120 0,0032
openvz 3,9120 0,0032
wgpagecontentmodel 0,0000 0,0000
top 0,0000 0,0000
native 0,8916 0,0007
have 0,2744 0,0002
rkt 3,9120 0,0032
share 0,4620 0,0007
deployment 0,7985 0,0013
product 0,4005 0,0003
foley 3,2189 0,0026
ratan 4,6052 0,0037
nichols 2,4079 0,0019
workload 1,4697 0,0012
pivots 4,6052 0,0037
gluster 4,6052 0,0037
wgnamespacenumber 0,0000 0,0000
tutum 3,9120 0,0032
future 0,5978 0,0005
rlq 0,0000 0,0000
wgwmepagelength 0,0000 0,0000
cite 0,0000 0,0000
entity 0,0101 0,0000
xenserver 3,9120 0,0032
com 0,8210 0,0007
francisco 1,6607 0,0013
pearpc 3,9120 0,0032
con 2,9957 0,0024
expensivefunctioncount 0,0000 0,0000
orchestration 2,3026 0,0019
screen 0,0101 0,0000
body 0,0000 0,0000
mode 0,0000 0,0000
timeusage 0,0000 0,0000
pages 0,0000 0,0000
pin 0,0000 0,0000
function 0,0000 0,0000
lan 3,2189 0,0026
raise 1,4271 0,0023
newpp 0,0619 0,0000
o'gara 4,6052 0,0037
all 0,0408 0,0000
border 0,0000 0,0000
new 0,0000 0,0000
comparison 0,4005 0,0003
read 0,0000 0,0000
virtualization 1,5606 0,0013
swan 3,9120 0,0032
cpu 0,0408 0,0000
infobox 0,6931 0,0006
real 0,0408 0,0000
clientpref 0,0000 0,0000
pcache 0,0619 0,0000
tool 0,0000 0,0000
lynxsecure 3,9120 0,0032
kubevirt 3,9120 0,0032
october 0,0000 0,0000
specialized 1,3471 0,0011
facilitate 0,8440 0,0007
complication 0,0513 0,0000
nuance 2,9957 0,0024
wgpagecontentlanguage 0,0000 0,0000
media 0,2485 0,0002
around 0,6931 0,0006
jquery 0,0000 0,0000
lightweight 1,6094 0,0013
ron 1,8971 0,0015
wgisarticle 0,0000 0,0000
tier 1,7720 0,0014
design 0,1393 0,0001
paas 2,1203 0,0017
define 0,2744 0,0009
row 0,4943 0,0004
render 0,0513 0,0000
crn 3,9120 0,0032
timeless 0,0101 0,0000
accord 0,5108 0,0004
wgwmeschemaeditattemptstepoversample 0,0000 0,0000
any 0,2107 0,0002
dotcloud 4,6052 0,0037
ttl 0,0000 0,0000
pcem 3,9120 0,0032
huawei 2,2073 0,0018
encyclopedia 0,0000 0,0000
application 0,0943 0,0002
conduct 0,0000 0,0000
stable 0,7133 0,0006
wgflaggedrevsparams 0,0000 0,0000
collapse 0,0408 0,0000
cluster 1,2379 0,0020
reason 0,7985 0,0006
abovebelow 0,0943 0,0001
maintain 0,3567 0,0003
wgrelevantarticleid 0,0000 0,0000
preprocessor 0,0513 0,0000
ship 1,6094 0,0013
natively 2,4079 0,0019
stackengine 3,9120 0,0032
pref 0,0000 0,0000
english 0,0000 0,0000
hyke 4,6052 0,0037
api 0,3425 0,0003
csrftoken 0,0000 0,0000
dock 3,5066 0,0028
welcome 2,2073 0,0018
prem 3,9120 0,0032
element 0,0000 0,0000
app 0,9943 0,0016
cache 0,0305 0,0000
margin 0,0000 0,0000
wgrequestid 0,0000 0,0000
apt 3,5066 0,0028
remain 0,7550 0,0012
night 0,0000 0,0000
vmware 2,5257 0,0020
carey 4,6052 0,0037
enwikimwclientpreference 0,0000 0,0000
rlpagemodules 0,0000 0,0000
mount 2,4079 0,0039
each 0,1393 0,0001
mediawiki 1,0788 0,0009
input 0,0000 0,0000
vswitch 3,9120 0,0032
offering 1,6607 0,0013
barby 4,6052 0,0037
samea 0,0000 0,0000
devender 4,6052 0,0037
wgwikibaseitemid 0,0000 0,0000
evpn 3,9120 0,0032
unpinned 0,0000 0,0000
wgulsiscompactlinksenable 0,0000 0,0000
another 0,3567 0,0003
pagevariantfallback 0,0000 0,0000
vkernel 2,3026 0,0019
availability 1,1394 0,0009
acquire 1,1087 0,0027
default 0,6931 0,0006
found 1,2379 0,0010
vendor 1,1087 0,0009
wgmonthname 0,0000 0,0000
arg 3,5066 0,0028
disabled 0,0000 0,0000
where 0,2744 0,0002
distribute 0,3857 0,0006
arm 1,6607 0,0013
proxmox 3,9120 0,0032
creation 0,7985 0,0006
datepublished 0,0000 0,0000
timestamp 0,0000 0,0000
portalleft 1,3093 0,0011
scaling 2,0402 0,0016
services 1,1087 0,0009
team 0,4943 0,0004
call 0,0101 0,0000
consensus 2,3026 0,0019
such 0,0943 0,0001
wgusername 0,0000 0,0000
through 0,2107 0,0002
kubernetes 1,9661 0,0016
pahl 3,9120 0,0032
run 0,3011 0,0007
source 0,1393 0,0001
align 0,0101 0,0000
microsoft 0,4005 0,0003
research 0,5621 0,0005
guides 3,5066 0,0028
kevin 1,5606 0,0013
view 0,0000 0,0000
late 0,4155 0,0003
white 0,0305 0,0000
hat 1,4697 0,0012
donate 0,0000 0,0000
yaml 2,8134 0,0023
tech 1,2040 0,0010
scottgu 4,6052 0,0037
last 0,0000 0,0000
overlay 2,8134 0,0023
weight 0,0101 0,0000
bold 0,0408 0,0000
develop 0,1863 0,0003
pro 1,6094 0,0013
surprising 2,8134 0,0023
name 0,0000 0,0000
dockerd 4,6052 0,0037
cputime 0,0000 0,0000
page 0,0000 0,0000
watchlist 0,0000 0,0000
full 0,0202 0,0000
next 0,5798 0,0005
memory 0,0408 0,0000
color 0,0101 0,0000
show 0,0513 0,0001
description 0,0000 0,0000
edition 0,7985 0,0006
gupta 2,5257 0,0020
not 0,0101 0,0000
sheepshaver 3,5066 0,0028
now 0,4308 0,0003
statement 0,0000 0,0000
trademark 0,0101 0,0000
greek 0,0101 0,0000
overview 0,5447 0,0004
introduce 0,3285 0,0003
center 0,0000 0,0000
dockerfile 4,6052 0,0037
start 0,3011 0,0007
yet 1,1087 0,0009
clarification 1,7148 0,0014
configure 1,3093 0,0011
windows 0,7985 0,0006
generic 1,4697 0,0012
manage 0,3567 0,0009
momentum 2,8134 0,0023
target 0,0101 0,0000
gist 2,9957 0,0024
what 0,0000 0,0000
fedora 2,2073 0,0018
giants 3,9120 0,0032
infrastructure 0,6733 0,0005
wikimedia 0,0000 0,0000
typical 1,1394 0,0009
short 0,0000 0,0000
collabnix 4,6052 0,0037
time 0,0000 0,0000
aws 1,3471 0,0011
applications 1,3093 0,0011
container 0,0000 0,0000
developers 0,0000 0,0000
usage 0,0000 0,0000
interactive 0,4463 0,0004
raft 4,6052 0,0037
program 0,2614 0,0004
wgmediaviewerenabledbydefault 0,0000 0,0000
nearby 0,0000 0,0000
three 0,3711 0,0003
when 0,0834 0,0001
premise 2,6593 0,0021
vserver 3,9120 0,0032
yegulalp 3,5066 0,0028
plan 0,7985 0,0006
case 0,3285 0,0003
hardware 0,5798 0,0005
item 0,0000 0,0000
wgmediavieweronclick 0,0000 0,0000
wgulsposition 0,0000 0,0000
melayu 0,6349 0,0005
creative 0,0000 0,0000
nederlands 0,1985 0,0002
pikeos 3,5066 0,0028
guthrie 3,2189 0,0026
chris 1,2040 0,0010
provide 0,1625 0,0004
wgbreakframe 0,0000 0,0000
italiano 0,1278 0,0001
sticky 0,0000 0,0000
style 0,0000 0,0000
searchinput 0,0000 0,0000
log 0,0000 0,0000
enterprise 0,4463 0,0007
repo 3,2189 0,0026
wgcheckuserclienthintsheadersjsapi 0,0000 0,0000
commons 0,0000 0,0000
toolchain 2,6593 0,0021
dona 4,6052 0,0037
computer 0,1863 0,0002
premium 2,8134 0,0023
low 0,0101 0,0000
timingprofile 0,0000 0,0000
web 0,1165 0,0001
datadog 2,8134 0,0023
theme 0,0000 0,0000
licensing 1,7148 0,0014
architecture 0,0000 0,0000
insider 1,5606 0,0013
wgcategory 0,0000 0,0000
editor 0,0000 0,0000
postexpandincludesize 0,0000 0,0000
initial 0,3857 0,0003
more 0,0000 0,0000
unstrip 0,0000 0,0000
display 0,0000 0,0000
unify 2,4079 0,0019
siluk 4,6052 0,0037
consistent 1,1712 0,0009
great 0,8675 0,0007
templateargumentsize 0,0000 0,0000
onward 3,9120 0,0032
vsphere 3,2189 0,0026
dosbox 3,9120 0,0032
january 0,0000 0,0000
permanent 0,0000 0,0000
organization 0,0000 0,0000
ovirt 2,3026 0,0019
width 0,0000 0,0000
accounts 2,8134 0,0023
facility 1,0498 0,0008
board 1,0217 0,0008
citrix 2,3026 0,0019
statistics 0,0000 0,0000
small 0,0305 0,0000
adeos 3,9120 0,0032
before 0,0305 0,0000
replace 0,7340 0,0006
simple 0,2231 0,0002
italic 0,1278 0,0001
listen 2,2073 0,0018
gvisor 3,2189 0,0026
cloud 0,6349 0,0005
containerization 3,2189 0,0026
dan 0,9943 0,0008
notification 1,8971 0,0015
few 0,7133 0,0012
day 0,0000 0,0000
hyper 2,4079 0,0019
group 0,0408 0,0000
package 0,9943 0,0016
ucp 3,9120 0,0032
visible 0,0101 0,0000
format 0,0101 0,0000
tree 1,1394 0,0009
archive 0,0943 0,0001
particular 0,5978 0,0005
history 0,0000 0,0000
both 0,0305 0,0000
important 0,0101 0,0000
topic 0,0000 0,0000
option 0,9416 0,0015
who 0,5621 0,0005
libcontainer 4,6052 0,0037
request 0,6733 0,0005
wgrestrictionedit 0,0000 0,0000
part 0,1985 0,0002
contribute 0,0000 0,0000
wgpageparsereport 0,0000 0,0000
oldid 2,0402 0,0016
golub 4,6052 0,0037
debut 2,5257 0,0020
general 0,0000 0,0000
september 0,0000 0,0000
encapsulated 4,6052 0,0037
parallel 1,1087 0,0009
introduction 0,5621 0,0005
wgseparatortransformtable 0,0000 0,0000
padding 0,0000 0,0000
san 1,2379 0,0010
move 0,0000 0,0000
process 0,1625 0,0003
original 0,0943 0,0001
alternative 0,6931 0,0006
clear 0,0101 0,0000
also 0,0202 0,0000
ltr 0,0000 0,0000
inline 0,0408 0,0000
build 0,2357 0,0006
mean 0,4463 0,0004
various 0,3857 0,0003
lua 0,0513 0,0000
visit 0,0408 0,0000
user 0,0000 0,0000
account 0,0000 0,0000
customer 0,7550 0,0006
mostly 1,2730 0,0010
stack 0,7340 0,0006
virt 3,9120 0,0032
dansk 0,5798 0,0005
den 2,8134 0,0023
portalborder 1,3093 0,0011
offer 0,4155 0,0003
path 1,0498 0,0008
mullany 4,6052 0,0037
chroot 3,5066 0,0028
abbr 0,0619 0,0000
you 0,0000 0,0000
addition 0,6733 0,0005
jump 0,0000 0,0000
grow 0,8675 0,0007
documentation 0,6349 0,0005
profile 1,0788 0,0009
july 0,0000 0,0000
personal 0,0000 0,0000
former 1,3093 0,0011
steven 1,4697 0,0012
imageobject 0,0000 0,0000
plans 2,8134 0,0023
simultaneously 1,6094 0,0013
subgroup 0,0513 0,0000
scheme 0,0101 0,0000
freebsd 1,7720 0,0014
icon 0,0101 0,0000
expansiondepth 0,0000 0,0000
transparent 0,0619 0,0000
how 0,0834 0,0001
isolate 2,2073 0,0036
capability 0,7765 0,0013
search 0,0000 0,0000
see 0,0408 0,0000
adoption 0,8675 0,0007
spacing 0,0619 0,0000
dove 3,5066 0,0028
lxc 4,6052 0,0037
wgrelevantpagename 0,0000 0,0000
hpc 2,9957 0,0024
term 0,0000 0,0000
override 2,6593 0,0021
sparc 2,4079 0,0019
charge 1,6094 0,0013
contain 0,0101 0,0000
set 0,2107 0,0002
business 0,3425 0,0003
mini 0,0619 0,0000
systemd 3,5066 0,0028
founder 1,4697 0,0024
shqip 0,6931 0,0006
column 0,0101 0,0000
involve 0,6539 0,0005
right 0,0101 0,0000
assemble 2,5257 0,0020
integrate 0,5798 0,0014
march 0,0000 0,0000
katherine 2,5257 0,0020
june 0,0000 0,0000
wikitext 0,0000 0,0000
infoq 2,0402 0,0016
wgaction 0,0000 0,0000
under 0,0101 0,0000
font 0,0000 0,0000
quarter 2,8134 0,0023
ben 1,3093 0,0011
language 0,0000 0,0000
do 0,1625 0,0001
navbox 0,0943 0,0001
autocapitalize 0,0000 0,0000
listitem 0,0408 0,0000
div 0,0000 0,0000
later 0,4005 0,0003
shipping 2,9957 0,0024
startup 1,2040 0,0019
contact 0,0000 0,0000
bracket 0,0619 0,0000
wgpagename 0,0000 0,0000
france 0,8675 0,0007
talk 0,0000 0,0000
programming 0,2744 0,0002
image 0,0202 0,0000
abel 4,6052 0,0037
count 0,0513 0,0000
hatnote 0,2107 0,0002
emulator 3,2189 0,0026
ethernet 3,5066 0,0028
pinnable 0,0000 0,0000
wgrevisionid 0,0000 0,0000
containers 2,9957 0,0024
pycon 3,9120 0,0032
cursor 0,0619 0,0000
some 0,1744 0,0001
virtual 0,4620 0,0004
additional 0,0000 0,0000
origin 0,0000 0,0000
cohort 3,9120 0,0032
capable 1,6094 0,0013
title 0,0000 0,0000
walltime 0,0000 0,0000
interlanguage 0,0000 0,0000
patroltoken 0,0000 0,0000
content 0,0000 0,0000
maureen 3,9120 0,0032
santa 3,2189 0,0026
random 0,0000 0,0000
desktop 1,0788 0,0017
load 0,0202 0,0000
terminology 1,7148 0,0014
zdnet 1,4697 0,0012
rath 4,6052 0,0037
alpha 0,0101 0,0000
client 0,0000 0,0000
company 0,4308 0,0007
symantec 2,9957 0,0024
class 0,0000 0,0000
gehomepagesuggestededitsenabletopic 0,0000 0,0000
clara 4,6052 0,0037
practical 1,0217 0,0008
custom 0,0000 0,0000
false 0,0000 0,0000
counter 0,0408 0,0000
parse 0,0619 0,0000
simmon 3,9120 0,0032
home 0,8675 0,0007
michael 0,7133 0,0006
print 0,0000 0,0000
hub 1,9661 0,0016
management 0,2231 0,0002
inherit 0,0101 0,0000
iron 2,4079 0,0019
developer 0,1744 0,0003
avoid 0,0101 0,0000
big 0,7550 0,0006
geneve 3,9120 0,0032
very 0,5978 0,0005
select 0,9676 0,0008
registries 4,6052 0,0037
output 0,0000 0,0000
dmy 0,0000 0,0000
wsl 4,6052 0,0037
navigation 0,0000 0,0000
context 0,5978 0,0005
action 0,0000 0,0000
lock 0,0101 0,0000
majority 1,5141 0,0012
model 0,0000 0,0000
id 2,8134 0,0023
text 0,0000 0,0000
usually 0,4780 0,0004
portal 0,0000 0,0000
manipulation 1,1712 0,0009
reduce 0,0101 0,0000
sentence 0,0000 0,0000
vxlan 3,9120 0,0032
ppvisitednode 0,0000 0,0000
cookie 0,0000 0,0000
kern 0,0101 0,0000
large 0,2485 0,0004
dependency 1,2730 0,0010
cgroup 3,5066 0,0028
loading 0,0000 0,0000
announce 0,6733 0,0016
odd 0,0943 0,0001
operate 0,3567 0,0003
julien 3,2189 0,0026
contents 0,0000 0,0000
john 0,5276 0,0004
wgvisualeditor 0,0000 0,0000
status 0,0000 0,0000
template 0,0000 0,0000
server 0,4005 0,0006
prasad 4,6052 0,0037
enwiki 0,0619 0,0000
gizmoxo 4,6052 0,0037
skin 0,0000 0,0000
deliver 1,1394 0,0009
dos 1,7720 0,0014
subscription 0,0101 0,0000
basilisk 2,4079 0,0019
mac 1,3471 0,0011
summer 1,6607 0,0013
eight 1,8326 0,0015
mention 1,7148 0,0014
file 0,0000 0,0000
library 0,3857 0,0003
navbar 0,0202 0,0000
world 0,3857 0,0003
austin 2,1203 0,0017
subbox 0,6931 0,0006
december 0,0000 0,0000
ability 0,7340 0,0006
bundle 1,6094 0,0013
wgnoticeproject 0,0000 0,0000
macos 1,6607 0,0013
table 0,0000 0,0000
together 0,5978 0,0005
ldom 3,9120 0,0032
may 0,0000 0,0000
break 0,0101 0,0000
max 0,0513 0,0000
within 0,3011 0,0002
could 0,4780 0,0004
change 0,0000 0,0000
rhel 3,9120 0,0032
trigger 0,0513 0,0000
favourite 4,6052 0,0037
menu 0,0000 0,0000
printable 0,0000 0,0000
url 0,0000 0,0000
hide 0,0000 0,0000
discovery 1,3863 0,0011
machine 0,2744 0,0004
efficiently 1,4697 0,0012
report 0,0202 0,0000
mclaughlin 3,5066 0,0028
return 0,0000 0,0000
auto 0,0726 0,0001
instance 0,7765 0,0006
use 0,0000 0,0000
several 0,4155 0,0003
main 0,0000 0,0000
wgcanonicalspecialpagename 0,0000 0,0000
while 0,2614 0,0002
microservices 2,1203 0,0017
second 0,0408 0,0001
download 0,0000 0,0000
high 0,0101 0,0000
split 0,0000 0,0000
find 0,3425 0,0003
than 0,2357 0,0002
host 0,6539 0,0016
limit 0,0000 0,0000
logo 0,0000 0,0000
different 0,0513 0,0000
directly 0,5108 0,0004
combine 0,7340 0,0006
podman 3,9120 0,0032
level 0,0000 0,0000
utc 0,0000 0,0000
author 0,0000 0,0000
canonical 0,0408 0,0000
ceedo 3,9120 0,0032
nomad 3,5066 0,0028
expansion 0,0619 0,0000
amazon 1,0498 0,0008
relevant 1,2040 0,0010
entry 0,8210 0,0007
license 0,0000 0,0000
expand 0,0101 0,0000
wgcurrevisionid 0,0000 0,0000
null 0,0000 0,0000
background 0,0101 0,0000
true 0,0000 0,0000
wgmfdisplaywikibasedescription 0,0000 0,0000
header 0,0000 0,0000
retrieve 0,0000 0,0000
watchtoken 0,0000 0,0000
since 0,3425 0,0003
datum 0,0408 0,0000
code 0,0000 0,0000
mdy 1,6094 0,0013
shirley 3,5066 0,0028
wgdefaultdateformat 0,0000 0,0000
box 0,0408 0,0000
storage 0,3711 0,0003
delete 0,4155 0,0003
sql 1,0788 0,0009
switch 0,9163 0,0007
libvirt 2,4079 0,0019
foreach 0,0000 0,0000
bali 2,8134 0,0023
total 0,0000 0,0000
deutsch 0,0943 0,0001
repeat 0,0101 0,0000
aanand 4,6052 0,0037
singularity 3,2189 0,0026
make 0,1165 0,0001
beta 1,3863 0,0011
wggestructuredtaskrejectionreasontextinputenable 0,0000 0,0000
execution 0,7340 0,0006
initiative 1,0217 0,0008
nspawn 4,6052 0,0037
attribution 0,0000 0,0000
pulse 2,8134 0,0023
clustering 2,5257 0,0020
qnx 2,5257 0,0020
strategic 2,0402 0,0016
vary 0,0619 0,0000
dalvik 2,9957 0,0024
upper 0,0101 0,0000
ssh 2,3026 0,0019
walsh 3,5066 0,0028
contribution 0,0000 0,0000
devops 1,5141 0,0012
revoir 4,6052 0,0037
expiry 0,0619 0,0000
minerva 0,0101 0,0000
brand 0,0000 0,0000
recent 0,0000 0,0000
recursion 0,0513 0,0000
they 0,0619 0,0001
height 0,0101 0,0000
github 0,7340 0,0006
closely 1,6094 0,0013
august 0,0000 0,0000
edit 0,0000 0,0000
module 0,0000 0,0000
wikibase 0,0619 0,0000
decentralized 2,3026 0,0019
execute 0,6733 0,0005
datemodify 0,0619 0,0000
node 0,0305 0,0000
miller 1,7720 0,0014
rancher 3,9120 0,0032
components 3,2189 0,0026
notheme 0,3711 0,0003
access 0,2877 0,0002
fact 1,0217 0,0008
simh 3,9120 0,0032
avram 4,6052 0,0037
cooperate 2,6593 0,0021
long 0,4005 0,0003
into 0,1985 0,0002
selflink 0,0101 0,0000
stratoscale 4,6052 0,0037
current 0,0000 0,0000
min 0,1165 0,0001
partition 1,3471 0,0022
variety 0,9943 0,0008
hykes 4,6052 0,0037
vector 0,0000 0,0000
operating 0,9416 0,0008
free 0,0000 0,0000
relationship 1,0788 0,0009
key 0,0305 0,0000
cachereport 0,0000 0,0000
middle 0,7765 0,0006
manager 0,8440 0,0014
one 0,0943 0,0001
launch 0,9943 0,0008
store 0,5447 0,0004
entrepreneur 2,9957 0,0024
bosanski 0,8916 0,0007
single 0,3147 0,0003
entityaccesscount 0,0000 0,0000
pull 1,5606 0,0013
dosemu 3,9120 0,0032
ibm 0,5621 0,0005
collaboration 1,1394 0,0009
elastic 2,3026 0,0019
operation 0,5108 0,0004
icore 3,9120 0,0032
open 0,1625 0,0003
coreos 3,9120 0,0032
workspace 2,2073 0,0018
rancheros 3,9120 0,0032
tbody 0,6931 0,0006
available 0,0000 0,0000
qemu 3,5066 0,0028
project 0,0000 0,0000
enhancement 0,0101 0,0000
inside 0,0101 0,0000
barr 3,2189 0,0026
apache 1,0788 0,0009
techcrunch 1,3093 0,0011
wikiversity 0,9676 0,0008
variant 0,0619 0,0000
extreme 1,8971 0,0015
oracle 0,8916 0,0007
monospace 2,0402 0,0016
this 0,1278 0,0001
zerovm 3,9120 0,0032
look 0,7765 0,0006
daemon 2,6593 0,0043
kamel 4,6052 0,0037
demystify 3,2189 0,0026
memusage 0,0000 0,0000
sarkar 4,6052 0,0037
once 0,7985 0,0006
know 0,2231 0,0004
vivek 4,6052 0,0037
support 0,1393 0,0002
allow 0,1863 0,0005
drop 1,1394 0,0009
preview 1,6607 0,0013
wgpopupsflag 0,0000 0,0000
polski 0,1165 0,0001
privacy 0,0000 0,0000
update 0,4463 0,0011
vertical 0,7985 0,0006
sys 3,9120 0,0032
docker 2,8134 0,0023
mesos 3,9120 0,0032
common 0,3711 0,0003
linux 0,8916 0,0007
themselves 1,1394 0,0009
monospaced 2,0402 0,0016
placeholder 0,0000 0,0000
extensible 1,8326 0,0015
unaffected 3,5066 0,0028
normal 0,0202 0,0000
registry 2,2073 0,0036
basa 2,0402 0,0016
xcp 3,9120 0,0032
apply 0,0000 0,0000
mary 2,3026 0,0019
technology 0,1863 0,0002
wgarticleid 0,0000 0,0000
pagelanguagedir 0,0000 0,0000
wgcitereferencepreviewsactive 0,0000 0,0000
location 0,9943 0,0008
base 0,0305 0,0000
encapsulation 2,9957 0,0024
firshman 4,6052 0,0037
ecosystem 1,2040 0,0010
software 0,0000 0,0000
jeff 1,6607 0,0013
during 0,5447 0,0004
ganeti 3,2189 0,0026
none 0,0101 0,0000
repository 0,5276 0,0004
type 0,0000 0,0000
april 0,0000 0,0000
consist 0,6539 0,0005
relate 0,0000 0,0000
rump 2,3026 0,0019
enable 0,0000 0,0000
sidebar 0,0000 0,0000
limitreport 0,0000 0,0000
presence 1,3471 0,0011
decoration 0,0619 0,0000
between 0,2107 0,0002
guide 0,3711 0,0003
reflist 0,0101 0,0000
azure 1,2730 0,0010
xen 3,5066 0,0028
raspberry 2,5257 0,0020
overhead 1,2040 0,0010
var 0,0000 0,0000
work 0,2231 0,0004
come 0,4155 0,0007
agree 0,0101 0,0000
thinapp 3,9120 0,0032
push 0,0000 0,0000
wgulsislanguageselectorempty 0,0000 0,0000
solomon 3,9120 0,0032
frederic 2,3026 0,0019
openstack 2,1203 0,0017
registration 0,0101 0,0000
word 0,0101 0,0000
parallels 3,9120 0,0032
internal 0,8210 0,0007
virtuozzo 3,9120 0,0032
portalbox 1,3093 0,0011
foundation 0,0000 0,0000
secret 1,6607 0,0013
distribution 0,8916 0,0014
bluestacks 3,5066 0,0028
tools 1,4697 0,0012
out 0,0000 0,0000
across 0,5798 0,0005
flexibility 1,7148 0,0014
feature 0,0000 0,0000
virtualbox 3,2189 0,0026
cached 0,4463 0,0004
get 0,0000 0,0000
portalright 1,3093 0,0011
dark 0,0101 0,0000
copy 1,1712 0,0009
power 0,6733 0,0005
event 0,0000 0,0000
include 0,0000 0,0000
sell 1,3471 0,0011
toggle 0,0000 0,0000
token 1,7148 0,0014
help 0,0000 0,0000
site 0,0000 0,0000
appearance 0,0000 0,0000
depth 0,0000 0,0000
bhyve 3,9120 0,0032
classname 0,0000 0,0000
rename 1,5141 0,0012
wggetopicsmatchmodeenable 0,0000 0,0000
ebpf 3,5066 0,0028
first 0,0408 0,0000
sharealike 0,0000 0,0000
date 0,3011 0,0002
argument 0,0513 0,0000
nowrap 0,0408 0,0000
data 0,0000 0,0000
prefer 0,0101 0,0000
own 0,4780 0,0004
roman 0,0101 0,0000
seccomp 3,9120 0,0032
subsystem 2,0402 0,0016
wgpageviewlanguage 0,0000 0,0000
wgrelevantpageisprobablyeditable 0,0000 0,0000
blog 0,6349 0,0005
float 0,0101 0,0000
founadi 4,6052 0,0037
transclusion 0,0619 0,0000
space 0,0408 0,0000
reference 0,0101 0,0000
accesskey 0,0000 0,0000
ecs 2,6593 0,0021
only 0,2107 0,0002
create 0,0000 0,0000
tag 0,0000 0,0000
backport 3,2189 0,0026
keyrings 4,6052 0,0037
development 0,1278 0,0001
like 0,2231 0,0002
resource 0,4620 0,0007
ubuntu 2,2073 0,0018
bottom 0,0000 0,0000
orchestrate 3,2189 0,0026
sebastien 3,5066 0,0028
workstation 2,0402 0,0016
revision 0,0000 0,0000
magyar 0,3425 0,0003
publisher 0,0000 0,0000
send 0,7550 0,0006
here 0,0000 0,0000
windocks 4,6052 0,0037
youtube 1,5141 0,0012
note 0,4155 0,0003
img 0,0408 0,0000
noyes 4,6052 0,0037
configuration 0,7550 0,0006
line 0,0101 0,0000
link 0,0000 0,0000
interact 1,1712 0,0009
scale 0,4943 0,0004
clouds 3,9120 0,0032
linkedin 2,5257 0,0020
rlstate 0,0000 0,0000
error 0,0101 0,0000
platform 0,0000 0,0000
network 0,3285 0,0003
atomicjar 4,6052 0,0037
can 0,0408 0,0000
computing 0,4155 0,0003
security 0,3285 0,0003
cap 0,0619 0,0000
contributor 0,0000 0,0000
incubator 3,2189 0,0026
public 0,4155 0,0003
wgcanonicalnamespace 0,0000 0,0000
ready 0,0000 0,0000
hypervisor 2,5257 0,0020
value 0,0000 0,0000
inc 1,3093 0,0011
player 1,8326 0,0015
wgisredirect 0,0000 0,0000
advantage 0,9676 0,0008
february 0,0000 0,0000
implementation 0,3147 0,0003
overlayfs 3,9120 0,0032
follow 0,2744 0,0002
instead 0,4463 0,0004
command 0,7133 0,0012
expensive 0,0408 0,0000
swarm 2,5257 0,0041
cbs 2,4079 0,0019
maint 0,0101 0,0000
responsive 0,0202 0,0000
namespace 1,5141 0,0012
category 0,0000 0,0000
platformversion 0,0000 0,0000
clubhouse 4,6052 0,0037
wikidata 0,0000 0,0000
