cancel 2,4079 0,0009
prepare 1,6094 0,0018
numerous 1,3863 0,0005
upload 0,0000 0,0000
multitasking 2,2073 0,0008
scrummaster 4,6052 0,0017
wggelevelingupenabledforuser 0,0000 0,0000
weidong 4,6052 0,0017
wgrestrictionmove 0,0000 0,0000
remote 0,9163 0,0003
cco 2,3026 0,0009
without 0,2744 0,0001
ted 2,2073 0,0008
would 0,3425 0,0001
pick 1,9661 0,0007
victor 2,9957 0,0011
warrant 3,5066 0,0013
persistent 1,5141 0,0006
ten 1,6607 0,0006
organizational 1,8971 0,0007
solid 0,0202 0,0000
competent 4,6052 0,0017
investment 1,5141 0,0006
neutral 0,5447 0,0002
rosenberg 4,6052 0,0017
require 0,0000 0,0000
analysis 0,5108 0,0002
scribunto 0,0000 0,0000
cooperative 1,7720 0,0007
prioritization 3,5066 0,0013
standards 1,1087 0,0004
size 0,0000 0,0000
left 0,0408 0,0000
auditable 4,6052 0,0017
cdx 0,0000 0,0000
nilay 3,9120 0,0015
inefficient 2,4079 0,0009
much 0,6931 0,0003
object 0,3711 0,0001
chapter 1,1712 0,0004
hang 1,3863 0,0005
role 0,8916 0,0007
achieve 0,7985 0,0003
roll 1,9661 0,0007
gsub 1,7148 0,0006
notable 1,1394 0,0004
turn 1,0498 0,0004
turk 3,5066 0,0013
wesley 0,8675 0,0003
example 0,2485 0,0002
mastery 3,9120 0,0015
result 0,2231 0,0002
opposition 3,5066 0,0013
economically 3,2189 0,0012
same 0,2357 0,0001
after 0,0305 0,0000
headline 0,0000 0,0000
rational 2,3026 0,0009
hand 1,0217 0,0004
policy 0,0000 0,0000
salo 4,6052 0,0017
iacocca 4,6052 0,0017
spiral 2,2073 0,0008
vance 3,5066 0,0013
kenneth 2,8134 0,0011
abbreviation 2,5257 0,0009
adopter 2,6593 0,0010
riehle 3,9120 0,0015
pagelanguagecode 0,0000 0,0000
transientcontent 0,0000 0,0000
subtle 0,3285 0,0001
component 0,3147 0,0001
consultant 2,8134 0,0011
idhash 0,0619 0,0000
unprecedented 3,2189 0,0012
obvious 2,9957 0,0011
information 0,0000 0,0000
wrap 0,0101 0,0000
discuss 1,0217 0,0004
standard 0,2357 0,0002
november 0,0000 0,0000
reader 1,5606 0,0006
good 0,4155 0,0005
empty 0,0305 0,0000
analytics 1,7720 0,0007
crispin 3,9120 0,0015
sanchez 3,5066 0,0013
fullversionlist 0,0000 0,0000
disperse 3,9120 0,0015
implement 0,3285 0,0004
export 0,0000 0,0000
conversation 2,0402 0,0008
area 0,7985 0,0006
stefan 2,4079 0,0009
making 2,5257 0,0009
lisp 1,7720 0,0007
pay 1,1712 0,0004
check 0,7985 0,0009
list 0,0000 0,0000
andrew 1,0498 0,0004
lack 0,5447 0,0002
external 0,1863 0,0001
spending 2,5257 0,0009
aside 2,8134 0,0011
pragmatic 3,2189 0,0012
success 1,2379 0,0009
authority 0,4780 0,0002
takeuchi 3,9120 0,0015
gojko 4,6052 0,0017
lisa 2,4079 0,0009
warden 3,9120 0,0015
agility 2,9957 0,0011
child 0,0202 0,0000
manning 1,6607 0,0006
benito 4,6052 0,0017
applied 1,8326 0,0007
mainentity 0,0000 0,0000
regional 2,6593 0,0010
young 2,4079 0,0009
germany 0,5798 0,0002
rothman 3,5066 0,0013
medium 1,4271 0,0005
remove 0,3711 0,0001
wisdom 3,9120 0,0015
disclaimers 0,0000 0,0000
motivate 2,6593 0,0010
wgisprobablyeditable 0,0000 0,0000
hard 1,1394 0,0004
bruce 1,8326 0,0007
citation 0,0101 0,0000
umbrella 3,5066 0,0013
laneways 4,6052 0,0017
mobile 0,0000 0,0000
multiple 0,2485 0,0001
perform 0,4463 0,0003
retrospective 3,2189 0,0012
room 1,7720 0,0007
better 1,8326 0,0007
edmonds 4,6052 0,0017
pdf 0,0000 0,0000
service 0,1393 0,0001
there 0,2614 0,0001
automate 0,7340 0,0003
well 0,2744 0,0002
suitable 1,3471 0,0005
bitness 0,0000 0,0000
rgba 0,0101 0,0000
focus 0,6733 0,0010
entire 0,8675 0,0003
approach 0,3711 0,0003
cla 4,6052 0,0017
block 0,0408 0,0000
write 0,1508 0,0002
flow 0,3425 0,0001
cooperation 2,3026 0,0009
order 0,4155 0,0002
arie 4,6052 0,0017
period 1,4697 0,0011
proceed 2,4079 0,0009
aria 0,0000 0,0000
boxtext 0,0619 0,0000
byte 0,0408 0,0000
corporation 1,0498 0,0004
understand 0,6162 0,0007
esther 4,6052 0,0017
indonesia 0,3567 0,0001
eylean 4,6052 0,0017
intelligence 0,8916 0,0003
even 0,0513 0,0000
install 1,3093 0,0005
analyze 1,2040 0,0004
transparency 1,8326 0,0007
integration 0,4620 0,0002
tagline 0,0000 0,0000
gui 1,3471 0,0005
coach 3,5066 0,0026
southeast 4,6052 0,0017
regexp 0,0000 0,0000
cmm 3,9120 0,0015
hundred 1,4271 0,0005
subsection 0,1508 0,0001
wgeditsubmitbuttonlabelpublish 0,0000 0,0000
sutherland 3,2189 0,0012
toc 0,0000 0,0000
functionality 0,6539 0,0002
matter 1,2379 0,0009
wgpagecontentmodel 0,0000 0,0000
tom 1,3863 0,0005
top 0,0000 0,0000
too 0,8916 0,0003
peer 1,8971 0,0007
tor 2,5257 0,0009
have 0,2744 0,0002
costly 2,5257 0,0009
liles 4,6052 0,0017
accordingly 3,2189 0,0012
product 0,4005 0,0003
stupidity 3,9120 0,0015
question 0,9416 0,0007
coady 4,6052 0,0017
produce 0,6931 0,0005
rory 3,5066 0,0013
wgnamespacenumber 0,0000 0,0000
framework 0,2877 0,0002
hacker 1,3471 0,0010
dsdm 2,3026 0,0009
wgwmepagelength 0,0000 0,0000
overly 3,5066 0,0013
bennekum 4,6052 0,0017
entity 0,0101 0,0000
smalltalk 1,6607 0,0006
thousand 1,5141 0,0006
chronicle 2,6593 0,0010
feiler 4,6052 0,0017
prohibit 2,3026 0,0009
capital 1,8326 0,0007
covid 1,8326 0,0007
expensivefunctioncount 0,0000 0,0000
minor 1,7148 0,0006
krajewski 4,6052 0,0017
manner 1,6607 0,0006
bryan 2,4079 0,0009
employee 1,6094 0,0006
upon 0,8916 0,0003
associate 0,6931 0,0003
crawl 3,5066 0,0013
timeusage 0,0000 0,0000
preprocess 2,4079 0,0009
automation 0,7550 0,0003
pin 0,0000 0,0000
academic 1,3093 0,0005
compendium 3,9120 0,0015
whether 0,7765 0,0003
adzic 4,6052 0,0017
function 0,0000 0,0000
raise 1,4271 0,0005
representative 2,3026 0,0009
verification 0,8440 0,0003
mindset 2,9957 0,0011
comparison 0,4005 0,0001
law 1,2379 0,0005
grassroots 3,9120 0,0015
cpu 0,0408 0,0000
rout 4,6052 0,0017
less 0,6162 0,0002
pcache 0,0619 0,0000
improve 0,2485 0,0003
october 0,0000 0,0000
try 0,9676 0,0007
rarely 2,3026 0,0009
basic 0,6539 0,0002
mcmillan 2,8134 0,0011
rarity 4,6052 0,0017
complication 0,0513 0,0000
locate 1,6094 0,0006
university 0,5621 0,0002
cause 0,6162 0,0005
technique 0,7550 0,0006
mehmet 3,9120 0,0015
jquery 0,0000 0,0000
tsp 2,2073 0,0008
effective 1,0217 0,0004
convey 2,8134 0,0011
design 0,1393 0,0002
working 1,3471 0,0005
detrimental 3,9120 0,0015
rationality 3,5066 0,0013
department 1,3863 0,0010
timeless 0,0101 0,0000
direction 1,2379 0,0009
measurable 4,6052 0,0017
accord 0,5108 0,0002
luasandboxcallback 1,4271 0,0005
wgwmeschemaeditattemptstepoversample 0,0000 0,0000
despite 1,3093 0,0005
refactor 2,6593 0,0020
ttl 0,0000 0,0000
encyclopedia 0,0000 0,0000
conduct 0,0000 0,0000
quantitative 2,6593 0,0010
stable 0,7133 0,0003
interested 1,8326 0,0007
respond 1,3471 0,0015
incident 2,2073 0,0008
maintenance 0,6733 0,0003
abovebelow 0,0943 0,0000
japan 1,2730 0,0005
antanas 4,6052 0,0017
led 3,9120 0,0015
discussion 1,3093 0,0005
lee 1,3471 0,0005
supply 1,4697 0,0005
concern 0,8210 0,0003
marchesi 4,6052 0,0017
pref 0,0000 0,0000
coaching 3,9120 0,0015
organizationheavyweight 4,6052 0,0017
state 0,3425 0,0004
csrftoken 0,0000 0,0000
press 0,5621 0,0002
meeting 1,7720 0,0013
welcome 2,2073 0,0008
element 0,0000 0,0000
inefficiency 2,8134 0,0011
dobb 2,6593 0,0010
night 0,0000 0,0000
pace 2,9957 0,0011
want 0,8675 0,0003
uncover 3,2189 0,0012
recognize 1,3471 0,0010
each 0,1393 0,0001
mediawiki 1,0788 0,0004
input 0,0000 0,0000
wang 2,1203 0,0008
toolkit 1,5141 0,0006
ooad 3,9120 0,0015
difference 0,8916 0,0007
reality 1,5141 0,0006
must 0,4620 0,0002
datawrapper 1,6094 0,0006
unpinned 0,0000 0,0000
probably 2,3026 0,0009
document 0,4463 0,0005
concurrent 1,2040 0,0004
ward 2,3026 0,0009
two 0,2744 0,0001
promote 1,3093 0,0010
remediation 4,6052 0,0017
found 1,2379 0,0005
defense 2,0402 0,0008
siponen 4,6052 0,0017
builder 1,7148 0,0006
distribute 0,3857 0,0001
procedia 3,5066 0,0013
creation 0,7985 0,0003
datepublished 0,0000 0,0000
situation 1,2379 0,0005
validate 1,4697 0,0005
think 0,9676 0,0011
participate 1,8326 0,0014
languages 1,3471 0,0005
perplexed 4,6052 0,0017
routledge 3,9120 0,0015
ikujiro 3,9120 0,0015
services 1,1087 0,0004
team 0,4943 0,0004
declaration 1,8326 0,0007
diagram 1,6094 0,0006
marketing 1,2730 0,0005
marvin 2,9957 0,0011
wgusername 0,0000 0,0000
reflective 2,8134 0,0011
extensively 2,8134 0,0011
wiseman 4,6052 0,0017
medical 1,8971 0,0007
principle 0,7985 0,0006
smith 1,7148 0,0006
lie 2,1203 0,0008
source 0,1393 0,0001
align 0,0101 0,0000
smell 3,2189 0,0012
ieee 0,8440 0,0003
participant 2,4079 0,0009
geoffrey 3,2189 0,0012
late 0,4155 0,0002
lynda 4,6052 0,0017
continue 0,6931 0,0003
bias 2,3026 0,0009
weslsy 4,6052 0,0017
hat 1,4697 0,0005
shoot 3,9120 0,0015
liz 3,5066 0,0013
tonianne 4,6052 0,0017
inherent 2,4079 0,0009
realize 1,9661 0,0007
tech 1,2040 0,0004
accountable 3,2189 0,0012
actual 1,1394 0,0004
last 0,0000 0,0000
reflection 2,1203 0,0008
ultimate 1,8971 0,0007
adapt 1,4271 0,0016
arun 3,5066 0,0013
widely 0,7985 0,0003
eric 1,1394 0,0004
doubt 2,9957 0,0011
insufficient 2,4079 0,0009
weight 0,0101 0,0000
develop 0,1863 0,0003
technologies 1,0788 0,0004
measure 0,9416 0,0007
suited 2,6593 0,0010
vidas 4,6052 0,0017
crossroads 3,9120 0,0015
overall 1,1394 0,0004
page 0,0000 0,0000
assume 1,6094 0,0012
compatibility 0,9416 0,0004
full 0,0202 0,0000
away 1,4271 0,0005
memory 0,0408 0,0000
lappo 4,6052 0,0017
concept 0,3711 0,0001
effort 0,8916 0,0007
video 0,8210 0,0003
psp 2,3026 0,0009
house 1,4271 0,0005
wave 2,2073 0,0008
newton 2,8134 0,0011
minimal 1,2730 0,0005
early 0,4308 0,0003
enhance 0,8916 0,0003
mchugh 4,6052 0,0017
overview 0,5447 0,0002
center 0,0000 0,0000
kristin 3,9120 0,0015
shore 3,9120 0,0015
start 0,3011 0,0003
yet 1,1087 0,0004
engineer 0,7765 0,0003
generic 1,4697 0,0005
pair 1,3863 0,0005
manage 0,3567 0,0003
hdl 1,6094 0,0006
infrastructure 0,6733 0,0003
wikimedia 0,0000 0,0000
typical 1,1394 0,0004
initially 1,0788 0,0004
mayberg 4,6052 0,0017
short 0,0000 0,0000
time 0,0000 0,0000
finance 1,8326 0,0007
tampa 4,6052 0,0017
regulate 2,3026 0,0009
noida 4,6052 0,0017
interactive 0,4463 0,0002
broderick 4,6052 0,0017
program 0,2614 0,0002
consistency 1,6094 0,0006
tips 2,9957 0,0011
schwaber 3,9120 0,0015
artifact 2,2073 0,0008
keith 2,5257 0,0009
vznpj 4,6052 0,0017
sweden 3,5066 0,0013
kanban 2,2073 0,0008
hendrickson 3,9120 0,0015
specifically 0,8916 0,0003
trap 2,4079 0,0009
lesson 2,4079 0,0009
deborah 3,9120 0,0015
philosophy 1,1712 0,0009
priority 1,4697 0,0011
creative 0,0000 0,0000
junior 4,6052 0,0017
nederlands 0,1985 0,0001
chris 1,2040 0,0004
allocate 1,5606 0,0006
provide 0,1625 0,0002
wayback 0,7985 0,0003
light 1,3093 0,0005
undesired 3,2189 0,0012
addison 0,9163 0,0003
mellor 4,6052 0,0017
myklebust 4,6052 0,0017
valuable 2,3026 0,0009
primary 0,7765 0,0003
engin 3,9120 0,0015
karlskrona 4,6052 0,0017
log 0,0000 0,0000
enterprise 0,4463 0,0002
methods 2,6593 0,0010
reliability 1,1712 0,0004
wgcheckuserclienthintsheadersjsapi 0,0000 0,0000
planned 3,9120 0,0015
layer 0,7340 0,0003
triangle 3,9120 0,0015
lot 1,5606 0,0006
los 2,5257 0,0009
computer 0,1863 0,0001
mcgraw 2,2073 0,0008
low 0,0101 0,0000
timingprofile 0,0000 0,0000
emergent 3,5066 0,0013
theme 0,0000 0,0000
wgcategory 0,0000 0,0000
editor 0,0000 0,0000
postexpandincludesize 0,0000 0,0000
chain 1,3471 0,0010
funding 1,6607 0,0006
desire 1,1087 0,0004
efficient 1,0217 0,0004
initial 0,3857 0,0001
unstrip 0,0000 0,0000
apress 1,7148 0,0006
citerefshore 4,6052 0,0017
unify 2,4079 0,0009
consistent 1,1712 0,0004
kjetil 4,6052 0,0017
templateargumentsize 0,0000 0,0000
unsourced 0,5621 0,0002
january 0,0000 0,0000
chat 2,5257 0,0009
permanent 0,0000 0,0000
fellow 2,6593 0,0010
barely 3,5066 0,0013
motorola 3,2189 0,0012
choice 1,0498 0,0004
small 0,0305 0,0000
alliance 1,8971 0,0014
before 0,0305 0,0000
cucumber 3,5066 0,0013
dad 2,1203 0,0008
distinguishing 3,9120 0,0015
tell 1,5606 0,0006
replace 0,7340 0,0003
experience 0,7985 0,0006
italic 0,1278 0,0000
dan 0,9943 0,0004
denote 2,1203 0,0008
jordan 1,7148 0,0006
worldwide 1,4271 0,0005
consider 0,4005 0,0004
day 0,0000 0,0000
potential 1,0788 0,0004
group 0,0408 0,0000
obtain 1,3471 0,0005
nimble 3,9120 0,0015
queueing 3,5066 0,0013
workshop 1,5606 0,0006
format 0,0101 0,0000
sacrifice 3,9120 0,0015
archive 0,0943 0,0001
particular 0,5978 0,0002
history 0,0000 0,0000
formal 1,1394 0,0004
square 2,1203 0,0008
ireb 2,3026 0,0009
critical 0,8916 0,0003
beck 2,3026 0,0009
mike 1,2040 0,0004
wgrestrictionedit 0,0000 0,0000
part 0,1985 0,0001
wgpageparsereport 0,0000 0,0000
point 0,5447 0,0004
general 0,0000 0,0000
tend 1,5141 0,0006
east 2,3026 0,0009
september 0,0000 0,0000
icrito 4,6052 0,0017
dimension 2,2073 0,0008
introduction 0,5621 0,0002
park 2,1203 0,0008
cynicism 4,6052 0,0017
padding 0,0000 0,0000
process 0,1625 0,0001
debug 1,8326 0,0007
bernie 4,6052 0,0017
restore 1,9661 0,0007
ddd 2,2073 0,0008
alternative 0,6931 0,0003
clear 0,0101 0,0000
encounter 2,2073 0,0016
ltr 0,0000 0,0000
velocity 2,6593 0,0010
colleague 2,8134 0,0011
editsection 2,6593 0,0010
someone 2,0402 0,0008
build 0,2357 0,0003
approve 1,7148 0,0006
mean 0,4463 0,0005
interaction 0,8210 0,0006
lua 0,0513 0,0000
chet 3,9120 0,0015
cooper 2,6593 0,0010
further 0,3711 0,0001
account 0,0000 0,0000
methodology 1,2040 0,0009
marick 4,6052 0,0017
developmental 2,5257 0,0009
electronics 1,5141 0,0006
cubicle 4,6052 0,0017
dansk 0,5798 0,0002
barry 2,4079 0,0009
advance 1,0788 0,0008
path 1,0498 0,0004
trip 2,4079 0,0009
interdependence 3,9120 0,0015
qualitative 2,8134 0,0011
abbr 0,0619 0,0000
rally 2,9957 0,0011
you 0,0000 0,0000
jump 0,0000 0,0000
knowledge 0,7340 0,0003
happen 1,3471 0,0005
past 1,8326 0,0007
impact 0,9163 0,0003
profile 1,0788 0,0004
active 0,7985 0,0003
july 0,0000 0,0000
opportunity 1,8326 0,0007
contextualize 3,9120 0,0015
misuse 2,3026 0,0009
senior 2,0402 0,0008
nepcon 4,6052 0,0017
flexible 1,6094 0,0006
domain 0,6931 0,0005
agile 1,8971 0,0007
booch 2,8134 0,0011
compare 0,9416 0,0004
mirror 2,1203 0,0008
subgroup 0,0513 0,0000
sustainable 2,0402 0,0008
larsen 3,2189 0,0012
characteristic 1,2379 0,0009
transparent 0,0619 0,0000
rouse 3,9120 0,0015
adaptive 2,1203 0,0008
how 0,0834 0,0000
capability 0,7765 0,0003
adoption 0,8675 0,0003
journal 0,4780 0,0002
peter 0,8210 0,0003
radiator 4,6052 0,0017
stacia 4,6052 0,0017
unlike 1,2040 0,0004
fallacy 2,9957 0,0011
term 0,0000 0,0000
acquisition 1,2040 0,0004
rigid 2,8134 0,0011
spare 2,6593 0,0010
laxmi 4,6052 0,0017
zelkowitz 4,6052 0,0017
business 0,3425 0,0001
mini 0,0619 0,0000
operational 1,7148 0,0006
pazoki 4,6052 0,0017
swamidass 4,6052 0,0017
involve 0,6539 0,0007
possible 0,5276 0,0002
right 0,0101 0,0000
torgeir 4,6052 0,0017
executable 1,3093 0,0005
idref 2,0402 0,0008
march 0,0000 0,0000
transition 1,5606 0,0012
june 0,0000 0,0000
wikitext 0,0000 0,0000
answer 1,5606 0,0017
meet 0,9163 0,0010
stage 1,2040 0,0009
harvnb 3,2189 0,0012
series 0,5798 0,0002
infoq 2,0402 0,0008
drastically 3,5066 0,0013
paul 0,7765 0,0003
under 0,0101 0,0000
publications 2,2073 0,0008
represent 0,5978 0,0002
ryan 1,6094 0,0006
kruchten 4,6052 0,0017
cecil 4,6052 0,0017
debugger 1,8326 0,0007
sometimes 0,6931 0,0003
deliverable 2,9957 0,0011
autocapitalize 0,0000 0,0000
down 0,8440 0,0003
faculty 2,9957 0,0011
hold 0,7985 0,0003
div 0,0000 0,0000
correctly 1,5606 0,0006
later 0,4005 0,0001
prior 1,3093 0,0005
margaret 3,2189 0,0012
bracket 0,0619 0,0000
wgpagename 0,0000 0,0000
talk 0,0000 0,0000
signal 1,2730 0,0005
richard 0,9676 0,0004
dedicated 1,6094 0,0006
ines 4,6052 0,0017
angeles 2,5257 0,0009
static 1,0217 0,0004
commonly 0,6931 0,0003
test 0,4463 0,0005
casagni 4,6052 0,0017
finally 1,4271 0,0005
count 0,0513 0,0000
hatnote 0,2107 0,0001
berczuk 4,6052 0,0017
pinnable 0,0000 0,0000
take 0,2877 0,0003
acceptance 1,9661 0,0007
month 0,7133 0,0005
unscheduled 3,9120 0,0015
final 1,0788 0,0004
wgrevisionid 0,0000 0,0000
excerpt 2,3026 0,0017
confusion 2,1203 0,0008
distract 4,6052 0,0017
some 0,1744 0,0001
beginning 1,8326 0,0007
rather 0,5978 0,0002
commonality 3,2189 0,0012
importance 2,0402 0,0008
session 1,7720 0,0007
additional 0,0000 0,0000
back 0,6349 0,0002
training 1,4697 0,0005
title 0,0000 0,0000
patroltoken 0,0000 0,0000
primarily 0,9943 0,0004
miss 1,3471 0,0005
states 0,4943 0,0002
duration 2,4079 0,0009
load 0,0202 0,0000
passer 4,6052 0,0017
uml 1,9661 0,0007
alpha 0,0101 0,0000
company 0,4308 0,0003
maria 2,6593 0,0010
thomas 0,8675 0,0003
nuclear 2,5257 0,0009
human 0,9416 0,0004
just 0,4943 0,0002
owner 1,3863 0,0005
arrogant 4,6052 0,0017
custom 0,0000 0,0000
length 1,6094 0,0006
wirth 2,9957 0,0011
home 0,8675 0,0003
henry 2,1203 0,0008
schedule 1,1087 0,0004
print 0,0000 0,0000
although 0,6162 0,0002
regression 1,7720 0,0007
inherit 0,0101 0,0000
pmbok 2,3026 0,0009
explain 1,1712 0,0004
simulation 1,9661 0,0007
wagner 2,8134 0,0011
attempt 0,8440 0,0006
collaborate 1,8971 0,0007
cooperandi 4,6052 0,0017
dmy 0,0000 0,0000
navigation 0,0000 0,0000
balance 1,7148 0,0006
sons 1,5606 0,0006
supplier 2,2073 0,0008
action 0,0000 0,0000
lock 0,0101 0,0000
text 0,0000 0,0000
usually 0,4780 0,0002
whereas 1,4271 0,0005
validation 1,3093 0,0005
macmillan 2,5257 0,0009
ppvisitednode 0,0000 0,0000
cookie 0,0000 0,0000
bookshelf 4,6052 0,0017
electrical 1,4271 0,0005
loading 0,0000 0,0000
grenning 4,6052 0,0017
field 0,7550 0,0006
contents 0,0000 0,0000
schuetzler 4,6052 0,0017
interval 2,2073 0,0008
doi 0,4155 0,0002
status 0,0000 0,0000
citerefriehle 3,9120 0,0015
weinberg 3,5066 0,0013
skin 0,0000 0,0000
deliver 1,1394 0,0017
tailor 2,2073 0,0025
disseminate 3,9120 0,0015
quarterly 2,5257 0,0009
mention 1,7148 0,0006
robert 0,9676 0,0004
o'connor 3,9120 0,0015
file 0,0000 0,0000
government 1,2379 0,0005
stagwee 4,6052 0,0017
member 0,9163 0,0007
steve 1,1394 0,0004
stand 1,1712 0,0009
defaultsort 3,2189 0,0012
wgnoticeproject 0,0000 0,0000
together 0,5978 0,0002
stephens 3,9120 0,0015
may 0,0000 0,0000
jstor 1,4271 0,0005
max 0,0513 0,0000
within 0,3011 0,0001
could 0,4780 0,0002
forward 1,2730 0,0005
trigger 0,0513 0,0000
menu 0,0000 0,0000
url 0,0000 0,0000
kroll 3,5066 0,0013
ritzman 4,6052 0,0017
machine 0,2744 0,0001
able 0,9943 0,0004
louise 4,6052 0,0017
glossaries 1,7148 0,0006
return 0,0000 0,0000
snowbird 4,6052 0,0017
decontextualization 4,6052 0,0017
subject 1,1087 0,0004
use 0,0000 0,0000
feel 1,8326 0,0014
rajneesh 4,6052 0,0017
british 2,2073 0,0008
main 0,0000 0,0000
teenage 3,9120 0,0015
slooten 4,6052 0,0017
fergal 4,6052 0,0017
usl 2,9957 0,0011
solution 0,5621 0,0004
find 0,3425 0,0003
continuous 1,1087 0,0004
negotiation 2,5257 0,0009
derby 3,9120 0,0015
backward 1,6607 0,0006
logo 0,0000 0,0000
rubin 3,5066 0,0013
international 0,3011 0,0001
logs 1,3093 0,0005
waste 2,4079 0,0009
utc 0,0000 0,0000
occur 0,7765 0,0003
aslak 4,6052 0,0017
difficult 0,9163 0,0003
canonical 0,0408 0,0000
fill 2,2073 0,0016
mdd 2,3026 0,0009
originate 1,6094 0,0006
wgcurrevisionid 0,0000 0,0000
task 0,5108 0,0004
null 0,0000 0,0000
cleanup 2,2073 0,0008
background 0,0101 0,0000
principles 1,7148 0,0006
true 0,0000 0,0000
header 0,0000 0,0000
utz 4,6052 0,0017
watchtoken 0,0000 0,0000
present 0,5621 0,0002
harvard 1,7148 0,0006
staccato 4,6052 0,0017
since 0,3425 0,0001
paradigm 1,1394 0,0009
paradigms 1,9661 0,0007
best 2,6593 0,0010
supersize 4,6052 0,0017
foreach 0,0000 0,0000
leadership 2,4079 0,0009
repeat 0,0101 0,0000
paradox 3,5066 0,0013
transformed 4,6052 0,0017
harvid 3,9120 0,0015
physical 1,0217 0,0004
make 0,1165 0,0001
wggestructuredtaskrejectionreasontextinputenable 0,0000 0,0000
gregory 2,5257 0,0009
infocom 4,6052 0,0017
exactly 1,5606 0,0006
rapidly 2,1203 0,0008
structure 0,4155 0,0002
master 1,0498 0,0004
ruby 1,0217 0,0004
due 0,5108 0,0002
roadblock 3,5066 0,0013
inform 1,6607 0,0012
sized 2,8134 0,0011
commit 1,2730 0,0014
empirical 1,7148 0,0006
cover 1,2040 0,0009
firm 1,3863 0,0005
predicate 2,4079 0,0009
reflect 1,1712 0,0009
contribution 0,0000 0,0000
ongoing 1,9661 0,0007
devops 1,5141 0,0006
ignorant 4,6052 0,0017
addendum 4,6052 0,0017
refinement 2,6593 0,0010
band 2,5257 0,0009
hartmann 3,9120 0,0015
melbourne 3,5066 0,0013
recursion 0,0513 0,0000
height 0,0101 0,0000
based 2,8134 0,0011
alyssa 3,5066 0,0013
august 0,0000 0,0000
methodologies 2,1203 0,0008
module 0,0000 0,0000
wikibase 0,0619 0,0000
outer 1,2040 0,0004
benefit 0,9416 0,0007
something 1,4271 0,0005
datemodify 0,0619 0,0000
intention 2,4079 0,0009
quality 0,8916 0,0003
thereby 1,6607 0,0006
unique 1,2379 0,0005
consistently 2,0402 0,0008
processing 0,6162 0,0002
except 1,5141 0,0006
functional 0,9943 0,0004
notheme 0,3711 0,0001
fact 1,0217 0,0004
examine 1,5606 0,0012
association 1,0498 0,0004
fundamental 1,4271 0,0005
industry 0,7550 0,0003
believe 1,8326 0,0007
long 0,4005 0,0001
remember 2,5257 0,0009
into 0,1985 0,0001
outline 0,8440 0,0006
evans 2,5257 0,0009
min 0,1165 0,0000
mis 3,5066 0,0013
ian 1,7148 0,0006
free 0,0000 0,0000
mix 1,2379 0,0005
iterate 3,5066 0,0013
reaction 2,3026 0,0009
though 0,8440 0,0003
many 0,2357 0,0001
people 0,9943 0,0004
appear 0,8210 0,0003
evolve 1,0498 0,0016
extensive 1,5141 0,0006
face 1,1712 0,0004
ibm 0,5621 0,0002
collaboration 1,1394 0,0004
household 2,4079 0,0009
progress 1,4271 0,0011
operation 0,5108 0,0002
open 0,1625 0,0001
produkteier 4,6052 0,0017
agent 1,3863 0,0005
rapid 1,3093 0,0005
project 0,0000 0,0000
enhancement 0,0101 0,0000
inside 0,0101 0,0000
mainly 1,5141 0,0006
loop 1,7148 0,0006
wikiversity 0,9676 0,0004
jean 1,8971 0,0007
diana 2,9957 0,0011
five 0,9943 0,0004
coplien 2,6593 0,0010
barlow 4,6052 0,0017
iterative 2,1203 0,0008
collection 0,6733 0,0003
ide 1,4697 0,0005
offshore 2,9957 0,0011
assurance 2,0402 0,0008
grounds 3,9120 0,0015
prikladnicki 4,6052 0,0017
micromanage 4,6052 0,0017
pekka 3,9120 0,0015
converse 3,5066 0,0013
conflict 1,6094 0,0006
allow 0,1863 0,0002
defer 2,2073 0,0008
iec 1,5606 0,0006
sequential 2,1203 0,0008
isbn 0,1054 0,0000
rule 0,5978 0,0004
update 0,4463 0,0002
quo 3,5066 0,0013
speed 0,9416 0,0004
common 0,3711 0,0001
interest 0,9943 0,0004
themselves 1,1394 0,0004
definition 0,4943 0,0004
placeholder 0,0000 0,0000
every 0,6162 0,0002
summary 1,6607 0,0006
envisioned 4,6052 0,0017
apply 0,0000 0,0000
jargon 3,2189 0,0012
mary 2,3026 0,0009
indeed 2,4079 0,0009
bass 3,5066 0,0013
artificial 1,1712 0,0004
richet 3,9120 0,0015
citereffowler 3,9120 0,0015
step 0,7765 0,0003
mark 0,6733 0,0003
base 0,0305 0,0000
employ 1,3093 0,0010
moe 4,6052 0,0017
trend 1,7148 0,0006
reasoning 1,6607 0,0006
jeff 1,6607 0,0006
during 0,5447 0,0002
preparation 2,6593 0,0010
relation 1,6094 0,0006
fitzgerald 3,9120 0,0015
critic 2,6593 0,0010
relate 0,0000 0,0000
auckland 3,9120 0,0015
enable 0,0000 0,0000
safety 1,3093 0,0005
sidebar 0,0000 0,0000
limitreport 0,0000 0,0000
decoration 0,0619 0,0000
obstacle 2,5257 0,0009
reflist 0,0101 0,0000
oopsla 3,9120 0,0015
still 0,5447 0,0002
van 1,3093 0,0005
collaborative 1,8971 0,0007
var 0,0000 0,0000
work 0,2231 0,0002
lose 1,3093 0,0005
michele 2,5257 0,0009
agree 0,0101 0,0000
dymaxicon 4,6052 0,0017
resistance 2,6593 0,0010
wgulsislanguageselectorempty 0,0000 0,0000
fail 0,9676 0,0007
toward 1,5606 0,0006
among 0,5276 0,0002
srpski 0,3711 0,0001
registration 0,0101 0,0000
word 0,0101 0,0000
theory 0,9416 0,0004
spain 1,4271 0,0005
extension 0,6349 0,0002
internal 0,8210 0,0003
iid 2,3026 0,0009
classical 2,6593 0,0010
refbegin 1,4697 0,0005
foundation 0,0000 0,0000
variability 3,9120 0,0015
substitute 2,1203 0,0008
across 0,5798 0,0002
flexibility 1,7148 0,0006
fall 1,2379 0,0009
identity 1,2379 0,0005
federal 1,7148 0,0006
event 0,0000 0,0000
include 0,0000 0,0000
sullivano 4,6052 0,0017
ahuja 4,6052 0,0017
agency 1,6607 0,0006
safescrum 4,6052 0,0017
toggle 0,0000 0,0000
incremental 1,6607 0,0006
pacis 4,6052 0,0017
loup 3,5066 0,0013
agenda 2,4079 0,0009
appearance 0,0000 0,0000
classname 0,0000 0,0000
culture 1,4271 0,0005
wggetopicsmatchmodeenable 0,0000 0,0000
first 0,0408 0,0000
sharma 2,8134 0,0011
msf 2,3026 0,0009
nowrap 0,0408 0,0000
perfect 2,5257 0,0009
prefer 0,0101 0,0000
citerefnamta 4,6052 0,0017
impediment 3,5066 0,0013
roman 0,0101 0,0000
wgrelevantpageisprobablyeditable 0,0000 0,0000
float 0,0101 0,0000
transclusion 0,0619 0,0000
space 0,0408 0,0000
reference 0,0101 0,0000
nontechnical 3,9120 0,0015
hunter 2,6593 0,0010
toclimit 2,6593 0,0010
discover 1,2379 0,0005
blockquote 2,8134 0,0011
edd 3,9120 0,0015
bottom 0,0000 0,0000
cmmi 2,2073 0,0008
capture 1,4697 0,0005
commitment 2,0402 0,0015
revision 0,0000 0,0000
estimation 3,2189 0,0012
magyar 0,3425 0,0001
manufacture 2,4079 0,0009
publisher 0,0000 0,0000
img 0,0408 0,0000
configuration 0,7550 0,0003
o'reilly 0,6733 0,0003
frequent 2,3026 0,0009
stol 3,9120 0,0015
scrumban 3,9120 0,0015
rlstate 0,0000 0,0000
error 0,0101 0,0000
platform 0,0000 0,0000
toclevel 2,6593 0,0010
trace 1,6607 0,0006
operations 1,7720 0,0007
public 0,4155 0,0002
spend 1,3863 0,0010
craig 2,0402 0,0008
iteration 2,4079 0,0018
track 0,9676 0,0007
ronkainen 4,6052 0,0017
value 0,0000 0,0000
atdd 2,3026 0,0009
inc 1,3093 0,0005
greenfield 3,5066 0,0013
isis 3,9120 0,0015
advantage 0,9676 0,0004
resources 1,3471 0,0005
instead 0,4463 0,0002
expensive 0,0408 0,0000
performance 0,3425 0,0001
round 1,3093 0,0010
maint 0,0101 0,0000
variable 0,9676 0,0004
platformversion 0,0000 0,0000
normally 1,6094 0,0006
vague 1,8971 0,0007
templatequote 1,9661 0,0007
references 0,0513 0,0000
saved 0,0619 0,0000
year 0,2614 0,0002
resolution 1,8326 0,0007
setting 1,4697 0,0005
via 0,3011 0,0001
properly 1,3471 0,0005
kupersmith 4,6052 0,0017
music 1,7720 0,0007
quote 0,0101 0,0000
rad 2,2073 0,0008
farm 2,4079 0,0009
understanding 1,4271 0,0005
because 0,0000 0,0000
near 1,2730 0,0005
springer 0,9676 0,0004
navigate 1,8971 0,0007
agreement 1,3093 0,0005
internally 1,8326 0,0007
appendix 2,8134 0,0011
virtually 2,3026 0,0009
pool 2,0402 0,0008
community 0,0000 0,0000
version 0,0000 0,0000
interdisciplinary 2,8134 0,0011
planning 1,6094 0,0006
selection 1,5141 0,0006
stop 1,1394 0,0004
eesti 0,3285 0,0001
science 0,5447 0,0004
institute 1,0498 0,0004
detail 0,7133 0,0005
vodde 3,9120 0,0015
appropriate 1,1394 0,0004
boston 1,9661 0,0007
essence 3,2189 0,0012
least 0,9676 0,0004
immediately 1,5141 0,0006
uncertainty 2,2073 0,0008
wgusergroup 0,0000 0,0000
measurement 2,3026 0,0009
craftsmanship 3,9120 0,0015
proponent 2,2073 0,0008
seuffert 4,6052 0,0017
aspect 0,7765 0,0006
poppendieck 4,6052 0,0017
wikipedia 0,0000 0,0000
behavior 0,8210 0,0003
scott 1,0217 0,0004
close 0,8210 0,0006
morris 2,2073 0,0008
afrikaans 0,9416 0,0004
ambysoft 4,6052 0,0017
minimize 1,4697 0,0011
mitigate 1,8326 0,0007
learn 0,0000 0,0000
oblige 3,9120 0,0015
characterize 1,9661 0,0007
fast 0,4943 0,0004
turbulent 3,5066 0,0013
emerge 1,2730 0,0014
aerospace 2,5257 0,0009
isd 4,6052 0,0017
anniversary 2,8134 0,0011
rdp 4,6052 0,0017
register 0,0000 0,0000
cocky 4,6052 0,0017
notes 0,9943 0,0004
evidence 1,7720 0,0007
iso 1,1394 0,0004
saddle 2,4079 0,0009
sprint 2,8134 0,0021
criticality 4,6052 0,0017
acm 0,8675 0,0003
pandemic 1,9661 0,0007
stum 4,6052 0,0017
lehigh 4,6052 0,0017
red 1,2730 0,0005
assessment 1,7148 0,0006
act 0,9416 0,0007
post 0,0202 0,0000
leave 0,0101 0,0000
ita 3,2189 0,0012
kindle 3,2189 0,0012
ontology 2,1203 0,0008
add 0,0000 0,0000
need 0,1393 0,0002
its 0,0726 0,0000
originally 0,8675 0,0003
often 0,2877 0,0001
gather 1,7720 0,0020
traceability 3,9120 0,0015
zvi 4,6052 0,0017
jain 2,9957 0,0011
article 0,0000 0,0000
ads 4,6052 0,0017
nils 3,2189 0,0012
parser 0,0000 0,0000
guideline 1,3471 0,0005
http 0,0000 0,0000
therefore 0,7985 0,0003
mitre 3,9120 0,0015
alignment 2,8134 0,0011
decimal 0,0101 0,0000
washington 1,5141 0,0006
useful 0,9943 0,0004
trust 1,2730 0,0010
technical 0,6349 0,0002
production 0,9943 0,0004
united 0,4780 0,0002
dimsdale 4,6052 0,0017
breakdown 2,5257 0,0009
choose 0,8440 0,0006
warehousing 3,2189 0,0012
wghostname 0,0000 0,0000
mayfield 3,9120 0,0015
prevent 0,7340 0,0003
benjamin 1,7720 0,0007
stretch 3,5066 0,0013
vol 1,1712 0,0004
von 2,4079 0,0009
wgtitle 0,0000 0,0000
engine 0,4780 0,0002
responsible 1,2040 0,0004
scope 1,2730 0,0005
archaeology 2,4079 0,0009
end 0,3011 0,0001
aydin 4,6052 0,0017
mistake 2,0402 0,0008
embrace 1,9661 0,0015
identify 0,6733 0,0005
wgdigittransformtable 0,0000 0,0000
hlist 0,0408 0,0000
label 0,0000 0,0000
improvement 0,9163 0,0003
succi 4,6052 0,0017
kupe 4,6052 0,0017
special 0,0000 0,0000
modify 0,7765 0,0003
environment 0,4308 0,0003
rlconf 0,0000 0,0000
progressive 1,0788 0,0004
collectively 2,0402 0,0008
family 1,0217 0,0004
education 1,0788 0,0004
bahasa 0,3285 0,0001
release 0,2744 0,0002
caption 0,3567 0,0001
moran 4,6052 0,0017
ries 3,9120 0,0015
number 0,0000 0,0000
wgbackendresponsetime 0,0000 0,0000
defect 2,2073 0,0016
shorten 0,0000 0,0000
reinforce 2,6593 0,0010
property 0,6539 0,0002
proceedings 0,7550 0,0003
similar 0,4780 0,0002
viewpoint 2,4079 0,0018
mapping 1,6607 0,0006
shape 1,9661 0,0007
boehm 3,2189 0,0012
practitioner 1,8326 0,0007
programmer 0,9416 0,0004
testing 0,6733 0,0003
atlassian 2,9957 0,0011
handle 0,6539 0,0002
system 0,0101 0,0000
issn 0,7765 0,0003
likelihood 2,8134 0,0011
driven 2,4079 0,0009
aid 1,3471 0,0005
other 0,0000 0,0000
aim 0,8210 0,0003
against 0,6931 0,0003
rspec 3,2189 0,0012
accommodate 2,1203 0,0008
share 0,4620 0,0002
burnout 4,6052 0,0017
deployment 0,7985 0,0006
swebok 2,3026 0,0009
tome 4,6052 0,0017
workload 1,4697 0,0005
satisfaction 2,4079 0,0009
prototype 0,9676 0,0011
ohno 3,9120 0,0015
future 0,5978 0,0002
rlq 0,0000 0,0000
anchor 1,9661 0,0007
vtt 4,6052 0,0017
cite 0,0000 0,0000
manifesto 2,4079 0,0009
movement 1,4697 0,0005
governance 1,6094 0,0006
preuss 4,6052 0,0017
spice 2,9957 0,0011
screen 0,0101 0,0000
body 0,0000 0,0000
mode 0,0000 0,0000
amongst 2,1203 0,0008
goldstein 3,9120 0,0015
pages 0,0000 0,0000
optimize 1,0217 0,0008
bureau 2,4079 0,0009
newpp 0,0619 0,0000
deliberative 4,6052 0,0017
all 0,0408 0,0000
always 0,9416 0,0004
border 0,0000 0,0000
keynote 2,5257 0,0009
new 0,0000 0,0000
read 0,0000 0,0000
already 1,1087 0,0004
below 0,7550 0,0003
clock 2,6593 0,0010
real 0,0408 0,0000
clientpref 0,0000 0,0000
tool 0,0000 0,0000
unit 0,6539 0,0002
hybrid 1,4271 0,0005
alan 1,5606 0,0006
svenska 0,3857 0,0001
collect 1,2730 0,0005
dusty 4,6052 0,0017
eup 2,9957 0,0011
facilitate 0,8440 0,0006
leverage 1,3863 0,0010
indent 1,3863 0,0010
financial 1,4697 0,0005
wgpagecontentlanguage 0,0000 0,0000
media 0,2485 0,0001
around 0,6931 0,0003
roi 3,9120 0,0015
lightweight 1,6094 0,0006
ron 1,8971 0,0007
wgisarticle 0,0000 0,0000
shams 3,2189 0,0012
define 0,2744 0,0003
tore 4,6052 0,0017
cawley 3,9120 0,0015
construction 1,2379 0,0005
igbo 2,9957 0,0011
render 0,0513 0,0000
ann 2,1203 0,0008
undermine 2,8134 0,0011
mills 3,2189 0,0012
shane 3,2189 0,0012
abstraction 1,2040 0,0004
gilb 4,6052 0,0017
requirement 0,5798 0,0002
specific 0,2877 0,0001
any 0,2107 0,0001
minute 1,8326 0,0007
prioritize 2,1203 0,0008
workable 3,2189 0,0012
application 0,0943 0,0001
milestone 2,2073 0,0008
productive 2,1203 0,0008
wgflaggedrevsparams 0,0000 0,0000
martin 1,0788 0,0004
until 0,7765 0,0003
strategy 0,7340 0,0005
collapse 0,0408 0,0000
o'sullivan 4,6052 0,0017
abrahamson 4,6052 0,0017
accurate 1,9661 0,0007
thought 2,6593 0,0010
maintain 0,3567 0,0004
wgrelevantarticleid 0,0000 0,0000
preprocessor 0,0513 0,0000
grady 2,6593 0,0010
expertise 2,1203 0,0008
johnson 1,8326 0,0007
professional 0,9416 0,0004
maximize 2,2073 0,0016
java 0,6162 0,0002
annual 1,0788 0,0004
english 0,0000 0,0000
standup 4,6052 0,0017
linders 3,9120 0,0015
resort 2,8134 0,0011
radiators 4,6052 0,0017
fully 0,8210 0,0003
conclusive 4,6052 0,0017
encompass 1,8971 0,0007
models 1,8971 0,0007
cache 0,0305 0,0000
margin 0,0000 0,0000
mitigation 2,9957 0,0011
suomi 0,2107 0,0001
wgrequestid 0,0000 0,0000
remain 0,7550 0,0006
enwikimwclientpreference 0,0000 0,0000
refine 2,1203 0,0008
rlpagemodules 0,0000 0,0000
demand 1,1712 0,0009
slow 1,1087 0,0004
letter 1,5606 0,0006
newtown 3,9120 0,0015
samea 0,0000 0,0000
wgwikibaseitemid 0,0000 0,0000
complexity 0,9163 0,0003
hirotaka 3,9120 0,0015
wgulsiscompactlinksenable 0,0000 0,0000
upfront 3,5066 0,0013
frequently 1,0788 0,0004
another 0,3567 0,0001
pagevariantfallback 0,0000 0,0000
guarantee 1,3093 0,0005
hanssen 4,6052 0,0017
webarchive 0,7985 0,0003
notion 1,8326 0,0007
waterfall 2,2073 0,0008
wgmonthname 0,0000 0,0000
situational 4,6052 0,0017
disabled 0,0000 0,0000
where 0,2744 0,0001
popular 0,6539 0,0002
timestamp 0,0000 0,0000
art 1,2379 0,0005
outweigh 3,5066 0,0013
empower 2,5257 0,0009
call 0,0101 0,0000
such 0,0943 0,0000
timebox 3,9120 0,0015
asd 2,3026 0,0009
wilson 2,1203 0,0008
metric 1,8326 0,0014
codebase 2,8134 0,0011
ask 1,0498 0,0004
conferencing 3,5066 0,0013
describe 0,2485 0,0004
apos 3,5066 0,0013
through 0,2107 0,0001
charts 4,6052 0,0017
cohen 2,9957 0,0011
versionone 4,6052 0,0017
organisation 2,2073 0,0016
run 0,3011 0,0001
incorporate 1,1712 0,0004
rup 2,3026 0,0009
research 0,5621 0,0002
scrutinize 4,6052 0,0017
vasiliauskas 4,6052 0,0017
lifecycle 1,8971 0,0007
either 0,5621 0,0002
view 0,0000 0,0000
white 0,0305 0,0000
haugset 4,6052 0,0017
avionic 3,5066 0,0013
huge 1,8326 0,0007
donate 0,0000 0,0000
barrett 2,9957 0,0011
correctness 2,0402 0,0008
cater 3,2189 0,0012
warsta 4,6052 0,0017
might 0,7340 0,0003
colly 4,6052 0,0017
bold 0,0408 0,0000
engineering 0,3857 0,0001
significant 0,6931 0,0003
sharing 1,7148 0,0006
sync 2,9957 0,0011
decrease 2,1203 0,0008
difficulty 1,6607 0,0012
glossary 1,7148 0,0006
galego 0,7550 0,0003
geir 3,9120 0,0015
name 0,0000 0,0000
clothing 3,9120 0,0015
cputime 0,0000 0,0000
fields 2,2073 0,0008
aup 4,6052 0,0017
lowry 4,6052 0,0017
watchlist 0,0000 0,0000
next 0,5798 0,0002
color 0,0101 0,0000
distance 2,3026 0,0009
novelty 2,9957 0,0011
submit 1,6094 0,0006
michelle 2,9957 0,0011
book 0,4308 0,0002
show 0,0513 0,0000
description 0,0000 0,0000
edition 0,7985 0,0003
simplicity 2,5257 0,0009
malicious 2,1203 0,0008
negative 1,5606 0,0006
not 0,0101 0,0000
now 0,4308 0,0002
statement 0,0000 0,0000
hence 1,7720 0,0007
trademark 0,0101 0,0000
greek 0,0101 0,0000
news 0,4620 0,0002
delivery 1,4697 0,0005
effectively 1,3093 0,0005
introduce 0,3285 0,0002
situate 3,9120 0,0015
clarification 1,7148 0,0006
way 0,2485 0,0002
target 0,0101 0,0000
what 0,0000 0,0000
detailed 1,6094 0,0006
discomfort 3,9120 0,0015
guidance 1,8971 0,0007
refer 0,4155 0,0005
israel 0,7550 0,0003
timely 3,5066 0,0013
learner 2,8134 0,0011
yang 2,6593 0,0010
astels 4,6052 0,0017
risk 0,8916 0,0007
underpin 2,6593 0,0010
container 0,0000 0,0000
disciplined 3,5066 0,0013
modeling 1,8971 0,0007
developers 0,0000 0,0000
janet 2,8134 0,0011
quickly 1,1087 0,0004
usage 0,0000 0,0000
fad 3,2189 0,0024
experimental 1,4697 0,0005
wgmediaviewerenabledbydefault 0,0000 0,0000
nearby 0,0000 0,0000
when 0,0834 0,0000
jim 1,5141 0,0006
modus 4,6052 0,0017
kathleen 2,6593 0,0010
far 1,2730 0,0005
broad 1,1394 0,0004
embed 0,9163 0,0003
truly 2,2073 0,0008
plan 0,7985 0,0012
case 0,3285 0,0002
nokia 2,0402 0,0008
item 0,0000 0,0000
wgmediavieweronclick 0,0000 0,0000
wgulsposition 0,0000 0,0000
refend 1,9661 0,0007
wgbreakframe 0,0000 0,0000
phone 1,4271 0,0005
rely 0,6931 0,0003
italiano 0,1278 0,0000
sticky 0,0000 0,0000
prevail 3,5066 0,0013
excessive 2,2073 0,0008
style 0,0000 0,0000
completely 1,4271 0,0005
alistair 3,5066 0,0013
study 0,9416 0,0007
searchinput 0,0000 0,0000
portion 1,5141 0,0006
heighten 4,6052 0,0017
pattern 0,5978 0,0004
increment 2,5257 0,0009
semat 2,3026 0,0009
compil 1,7148 0,0006
commons 0,0000 0,0000
gain 0,8916 0,0007
mirakhorli 4,6052 0,0017
web 0,1165 0,0000
seldom 3,5066 0,0013
protect 1,1394 0,0004
architecture 0,0000 0,0000
more 0,0000 0,0000
display 0,0000 0,0000
fdd 2,3026 0,0009
pressured 4,6052 0,0017
continuously 1,8326 0,0007
great 0,8675 0,0003
bourne 3,9120 0,0015
wrong 2,1203 0,0008
criticize 1,5141 0,0006
digitaliseringsdirektoratet 4,6052 0,0017
undiscussable 4,6052 0,0017
organization 0,0000 0,0000
usaid 4,6052 0,0017
width 0,0000 0,0000
mcmahon 3,9120 0,0015
finalize 2,6593 0,0010
organizing 2,5257 0,0009
certain 0,6162 0,0002
board 1,0217 0,0004
statistics 0,0000 0,0000
indicator 2,1203 0,0008
pharmaceutical 2,9957 0,0011
mature 2,5257 0,0009
section 0,7340 0,0003
simple 0,2231 0,0001
rework 3,5066 0,0013
constantly 2,4079 0,0009
overflow 0,3567 0,0001
luca 2,5257 0,0009
few 0,7133 0,0003
totally 2,6593 0,0010
sysml 2,9957 0,0011
hunt 2,6593 0,0010
visible 0,0101 0,0000
crisis 2,0402 0,0008
orient 0,5447 0,0002
elec 4,6052 0,0017
billboard 3,9120 0,0015
both 0,0305 0,0000
important 0,0101 0,0000
market 0,9943 0,0004
most 0,2107 0,0001
backlog 3,9120 0,0029
outside 1,1087 0,0004
daily 1,8326 0,0007
effect 0,8440 0,0003
keep 0,6733 0,0003
topic 0,0000 0,0000
automotive 1,8971 0,0007
omit 2,3026 0,0009
perceive 2,8134 0,0011
sdlc 2,9957 0,0011
itil 2,0402 0,0008
nafiz 4,6052 0,0017
option 0,9416 0,0004
who 0,5621 0,0002
joe 1,7720 0,0007
limitation 1,0498 0,0004
politics 2,3026 0,0009
sponsor 2,0402 0,0008
game 0,7765 0,0006
handbook 1,7148 0,0006
contribute 0,0000 0,0000
jon 1,6607 0,0006
faith 3,9120 0,0015
why 0,6539 0,0002
inspiration 2,9957 0,0011
whiteboard 3,5066 0,0013
necessarily 1,7720 0,0007
integrated 1,2379 0,0005
administrator 1,6094 0,0006
database 0,2485 0,0002
along 0,7340 0,0003
reject 2,1203 0,0008
david 0,5798 0,0002
win 1,7148 0,0006
sam 1,8326 0,0007
wip 2,8134 0,0011
wgseparatortransformtable 0,0000 0,0000
amount 0,9416 0,0004
move 0,0000 0,0000
original 0,0943 0,0000
audy 4,6052 0,0017
also 0,0202 0,0000
say 0,6733 0,0008
enough 0,9676 0,0004
increase 0,4620 0,0007
shine 3,9120 0,0015
inline 0,0408 0,0000
favor 1,5141 0,0006
various 0,3857 0,0001
sbe 2,3026 0,0009
organizations 1,5606 0,0006
attention 1,7148 0,0006
investigation 2,3026 0,0009
front 1,1394 0,0004
visit 0,0408 0,0000
reduction 2,2073 0,0008
evolutionary 2,4079 0,0009
user 0,0000 0,0000
simply 0,9676 0,0004
customer 0,7550 0,0006
sigsoft 3,9120 0,0015
stupid 2,6593 0,0010
projects 1,4697 0,0005
fit 1,6607 0,0019
offer 0,4155 0,0005
suffer 1,9661 0,0007
fix 0,5108 0,0004
bas 3,5066 0,0013
complex 0,5621 0,0002
manufacturing 2,2073 0,0008
grow 0,8675 0,0003
preston 3,5066 0,0013
documentation 0,6349 0,0002
jbge 4,6052 0,0017
wrongly 3,9120 0,0015
personal 0,0000 0,0000
verlag 2,5257 0,0009
sdd 4,6052 0,0017
delay 1,8326 0,0007
globe 2,6593 0,0010
steven 1,4697 0,0005
imageobject 0,0000 0,0000
interpretation 2,2073 0,0008
drive 0,4780 0,0002
ba 4,6052 0,0017
luis 2,6593 0,0010
deal 1,1712 0,0004
gerald 3,2189 0,0012
strong 0,9943 0,0004
be 0,1508 0,0001
scheme 0,0101 0,0000
icon 0,0101 0,0000
expansiondepth 0,0000 0,0000
dead 1,7148 0,0006
sondra 4,6052 0,0017
customize 1,5141 0,0006
sixth 2,6593 0,0010
coding 2,4079 0,0009
communications 1,2040 0,0004
search 0,0000 0,0000
see 0,0408 0,0000
spacing 0,0619 0,0000
responsibility 1,3863 0,0005
systems 0,4780 0,0002
wgrelevantpagename 0,0000 0,0000
underway 2,9957 0,0011
arxiv 1,3471 0,0005
national 0,4463 0,0002
subsequent 1,6094 0,0006
indicate 1,0217 0,0004
innovation 1,2379 0,0005
bdd 2,3026 0,0009
contain 0,0101 0,0000
set 0,2107 0,0002
richardson 2,9957 0,0011
shqip 0,6931 0,0003
column 0,0101 0,0000
predictive 2,5257 0,0009
familiar 2,0402 0,0008
highsmith 4,6052 0,0017
citerefevan 4,6052 0,0017
food 2,0402 0,0008
integrate 0,5798 0,0004
practices 1,5606 0,0006
incompatibility 2,5257 0,0009
pearson 1,7720 0,0007
ramadani 4,6052 0,0017
partner 1,7720 0,0007
sfn 1,6607 0,0006
river 1,8326 0,0007
wgaction 0,0000 0,0000
unfit 1,8326 0,0007
essential 1,1087 0,0004
font 0,0000 0,0000
clarify 2,0402 0,0008
ben 1,3093 0,0005
language 0,0000 0,0000
do 0,1625 0,0002
navbox 0,0943 0,0000
listitem 0,0408 0,0000
exploratory 2,1203 0,0008
kent 2,2073 0,0008
startup 1,2040 0,0004
contact 0,0000 0,0000
rare 1,8971 0,0007
france 0,8675 0,0003
justin 2,3026 0,0009
exclude 2,3026 0,0009
criticism 1,1394 0,0009
programming 0,2744 0,0001
ed 1,5141 0,0006
ilan 4,6052 0,0017
image 0,0202 0,0000
typically 0,3857 0,0001
wiley 1,1712 0,0004
never 1,1712 0,0004
celebration 3,2189 0,0012
piece 1,4271 0,0011
adjust 1,8971 0,0007
scrum 2,1203 0,0008
terry 2,5257 0,0009
carry 1,4271 0,0005
debt 2,9957 0,0011
elephant 3,5066 0,0013
frame 1,6094 0,0006
little 1,0788 0,0004
cursor 0,0619 0,0000
however 0,3011 0,0001
origin 0,0000 0,0000
regulatory 2,5257 0,0009
brede 4,6052 0,0017
india 1,4271 0,0005
walltime 0,0000 0,0000
interlanguage 0,0000 0,0000
content 0,0000 0,0000
fox 2,5257 0,0009
schaaf 4,6052 0,0017
random 0,0000 0,0000
wikibooks 0,8210 0,0003
perhaps 2,2073 0,0008
refactoring 2,5257 0,0009
related 0,9676 0,0004
disruptive 3,2189 0,0012
rate 1,2730 0,0005
jasmin 4,6052 0,0017
client 0,0000 0,0000
trouble 2,9957 0,0011
class 0,0000 0,0000
icse 3,5066 0,0013
gehomepagesuggestededitsenabletopic 0,0000 0,0000
digital 0,6162 0,0002
over 0,3285 0,0001
attendee 3,2189 0,0012
practical 1,0217 0,0004
six 1,4271 0,0005
lowercase 2,9957 0,0011
bound 2,1203 0,0008
false 0,0000 0,0000
go 0,9943 0,0004
specification 0,7133 0,0005
counter 0,0408 0,0000
parse 0,0619 0,0000
srpskohrvatski 0,9163 0,0003
mergel 4,6052 0,0017
form 0,3011 0,0002
management 0,2231 0,0001
presley 4,6052 0,0017
publish 0,4463 0,0002
developer 0,1744 0,0001
avoid 0,0101 0,0000
informit 3,5066 0,0013
comprehensive 1,3863 0,0005
mitasiunas 4,6052 0,0017
significantly 1,5141 0,0006
parita 4,6052 0,0017
assign 1,2730 0,0010
big 0,7550 0,0003
citerefbourne 4,6052 0,0017
very 0,5978 0,0002
expert 1,3863 0,0005
practice 0,6349 0,0005
lindvall 4,6052 0,0017
bit 1,3863 0,0005
output 0,0000 0,0000
diving 4,6052 0,0017
jacobs 3,2189 0,0012
corner 2,9957 0,0011
else 2,0402 0,0008
four 0,9676 0,0004
context 0,5978 0,0004
neumann 2,5257 0,0009
model 0,0000 0,0000
join 1,1087 0,0004
portal 0,0000 0,0000
tasks 3,5066 0,0013
reduce 0,0101 0,0000
sentence 0,0000 0,0000
likely 1,3471 0,0005
issue 0,3425 0,0001
kern 0,0101 0,0000
large 0,2485 0,0001
essec 4,6052 0,0017
lower 2,2073 0,0008
kerr 3,9120 0,0015
tomorrow 2,9957 0,0011
index 1,0498 0,0004
jeffery 3,9120 0,0015
mccaffery 4,6052 0,0017
odd 0,0943 0,0000
traditional 0,7985 0,0003
distraction 3,9120 0,0015
contrast 0,9416 0,0004
john 0,5276 0,0002
wgvisualeditor 0,0000 0,0000
become 0,2877 0,0002
template 0,0000 0,0000
paragraph 2,8134 0,0011
jennifer 2,4079 0,0009
works 2,2073 0,0008
crystal 3,2189 0,0012
enwiki 0,0619 0,0000
mediate 2,8134 0,0011
subscription 0,0101 0,0000
cycle 1,3093 0,0010
thinking 3,2189 0,0012
dirk 3,5066 0,0013
literature 1,9661 0,0007
navbar 0,0202 0,0000
world 0,3857 0,0001
december 0,0000 0,0000
ability 0,7340 0,0005
table 0,0000 0,0000
continuum 3,5066 0,0013
side 0,3425 0,0001
cunningham 2,0402 0,0008
break 0,0101 0,0000
pdca 4,6052 0,0017
change 0,0000 0,0000
systematic 1,8971 0,0007
printable 0,0000 0,0000
generally 0,5447 0,0002
century 1,7720 0,0007
hide 0,0000 0,0000
turner 2,9957 0,0011
corporate 1,4697 0,0005
discovery 1,3863 0,0005
report 0,0202 0,0000
helmkamp 4,6052 0,0017
complete 0,4780 0,0007
conscious 3,2189 0,0012
auto 0,0726 0,0000
constant 2,2073 0,0008
several 0,4155 0,0002
bibcode 1,6094 0,0006
northern 3,2189 0,0012
wgcanonicalspecialpagename 0,0000 0,0000
while 0,2614 0,0001
nonaka 3,9120 0,0015
second 0,0408 0,0000
that 0,5108 0,0002
download 0,0000 0,0000
high 0,0101 0,0000
pugh 3,9120 0,0015
split 0,0000 0,0000
citerefmay 4,6052 0,0017
publication 1,5141 0,0006
than 0,2357 0,0001
limit 0,0000 0,0000
claim 0,9676 0,0004
credibility 3,9120 0,0015
widespread 1,3093 0,0005
bnf 0,9163 0,0003
seattle 2,4079 0,0009
brian 1,2730 0,0005
communication 0,6162 0,0002
different 0,0513 0,0000
level 0,0000 0,0000
author 0,0000 0,0000
poker 3,9120 0,0015
indeterministic 4,6052 0,0017
stapleton 4,6052 0,0017
appropriateness 4,6052 0,0017
philippe 3,2189 0,0012
establish 0,8916 0,0003
expansion 0,0619 0,0000
dahlberg 4,6052 0,0017
relevant 1,2040 0,0004
license 0,0000 0,0000
expand 0,0101 0,0000
focused 2,6593 0,0010
prediction 2,4079 0,0009
wgmfdisplaywikibasedescription 0,0000 0,0000
retrieve 0,0000 0,0000
survey 0,9416 0,0007
subhajit 4,6052 0,0017
waterfalling 4,6052 0,0017
datum 0,0408 0,0000
behind 1,2730 0,0005
code 0,0000 0,0000
legacy 1,5141 0,0006
wgdefaultdateformat 0,0000 0,0000
tamare 4,6052 0,0017
box 0,0408 0,0000
switch 0,9163 0,0007
head 0,7765 0,0006
total 0,0000 0,0000
productivity 1,8971 0,0007
deutsch 0,0943 0,0000
benson 3,5066 0,0013
xiaofeng 3,2189 0,0012
highly 1,1712 0,0004
brief 1,5606 0,0006
beedle 4,6052 0,0017
initiative 1,0217 0,0004
determine 0,7985 0,0003
nature 1,0498 0,0004
social 0,8210 0,0003
anderson 1,9661 0,0007
cross 1,8326 0,0007
control 0,1625 0,0001
datta 4,6052 0,0017
demanding 4,6052 0,0017
pitfall 3,9120 0,0029
zach 3,5066 0,0013
attribution 0,0000 0,0000
increasingly 1,4271 0,0005
strategic 2,0402 0,0008
sintef 4,6052 0,0017
vary 0,0619 0,0000
upper 0,0101 0,0000
tormod 4,6052 0,0017
adaptation 2,3026 0,0009
determination 3,5066 0,0013
respondent 2,8134 0,0011
discipline 1,1712 0,0013
luasandbox 1,4271 0,0005
behalf 2,9957 0,0011
stakeholder 1,8971 0,0014
objective 1,3471 0,0005
o'brien 2,9957 0,0011
engines 1,3471 0,0005
abrahamsson 4,6052 0,0017
hinder 2,6593 0,0010
estimate 1,3863 0,0005
friend 1,8971 0,0007
expiry 0,0619 0,0000
minerva 0,0101 0,0000
brand 0,0000 0,0000
recent 0,0000 0,0000
they 0,0619 0,0001
trends 1,5141 0,0006
closely 1,6094 0,0006
edit 0,0000 0,0000
australia 1,8971 0,0007
then 0,3567 0,0001
mitchell 2,5257 0,0009
accept 1,1087 0,0004
node 0,0305 0,0000
mission 1,8971 0,0007
carlton 3,9120 0,0015
metamodeling 2,9957 0,0011
cognitive 1,8326 0,0007
concepts 1,1394 0,0004
adopt 0,9163 0,0010
bridge 1,8971 0,0014
chelimsky 4,6052 0,0017
device 0,7550 0,0006
sub 1,9661 0,0007
conference 0,3425 0,0001
activity 0,9943 0,0007
sliger 4,6052 0,0017
johanna 4,6052 0,0017
omg 2,2073 0,0008
overcome 1,9661 0,0007
sims 3,9120 0,0015
seek 1,4697 0,0005
sun 1,2730 0,0005
mcdonald 3,9120 0,0015
selflink 0,0101 0,0000
current 0,0000 0,0000
ken 2,1203 0,0008
templatequotecite 1,9661 0,0007
george 1,6607 0,0006
lecture 1,6094 0,0006
vector 0,0000 0,0000
cohn 3,5066 0,0013
email 1,4271 0,0005
giancarlo 3,9120 0,0015
hillary 4,6052 0,0017
key 0,0305 0,0000
teenager 4,6052 0,0017
cachereport 0,0000 0,0000
pretitle 1,3471 0,0005
decision 0,8675 0,0006
manager 0,8440 0,0003
one 0,0943 0,0001
neuri 4,6052 0,0017
ideally 2,4079 0,0009
confirm 1,6094 0,0006
entityaccesscount 0,0000 0,0000
hill 1,7148 0,0006
pull 1,5606 0,0012
bug 0,8675 0,0003
story 1,2730 0,0010
ooa 4,6052 0,0017
commercial 0,8440 0,0003
excellence 3,2189 0,0012
separate 0,6162 0,0002
available 0,0000 0,0000
unequal 4,6052 0,0017
express 1,0788 0,0004
dennis 2,3026 0,0009
elicit 3,9120 0,0015
regularly 1,9661 0,0007
awareness 2,8134 0,0011
bethlehem 4,6052 0,0017
variant 0,0619 0,0000
citerefberczuk 4,6052 0,0017
dynamic 0,7133 0,0003
reluctant 3,9120 0,0015
sector 1,8971 0,0007
extreme 1,8971 0,0014
goodell 3,9120 0,0015
anecdotal 3,5066 0,0013
ensure 0,7985 0,0006
citerefrouse 4,6052 0,0017
this 0,1278 0,0000
norsk 0,3285 0,0001
cleanroom 2,3026 0,0009
memusage 0,0000 0,0000
especially 0,8210 0,0003
failure 1,1087 0,0008
procurement 3,9120 0,0015
solve 0,9416 0,0007
know 0,2231 0,0002
demonstrate 1,3471 0,0010
support 0,1393 0,0002
higher 3,5066 0,0013
heavyweight 3,5066 0,0013
basics 2,1203 0,0008
brazil 2,5257 0,0009
wgpopupsflag 0,0000 0,0000
polski 0,1165 0,0000
privacy 0,0000 0,0000
learning 0,8916 0,0003
wien 4,6052 0,0017
idef 2,9957 0,0011
misconception 2,4079 0,0009
life 0,9416 0,0004
we 1,3093 0,0005
nxcxh 4,6052 0,0017
runyan 4,6052 0,0017
gap 1,2040 0,0004
kit 1,7720 0,0007
throughout 1,6094 0,0006
emphasize 1,6094 0,0006
successful 1,2379 0,0005
normal 0,0202 0,0000
previous 1,1712 0,0004
wide 0,6539 0,0002
taiichi 3,9120 0,0015
fowler 1,7720 0,0007
jossey 4,6052 0,0017
technology 0,1863 0,0001
wgarticleid 0,0000 0,0000
succeed 2,1203 0,0008
migration 1,4697 0,0005
pagelanguagedir 0,0000 0,0000
wgcitereferencepreviewsactive 0,0000 0,0000
location 0,9943 0,0007
anthony 2,1203 0,0008
software 0,0000 0,0000
reach 1,2040 0,0004
comparative 2,8134 0,0011
tester 2,3026 0,0009
none 0,0101 0,0000
repository 0,5276 0,0002
type 0,0000 0,0000
april 0,0000 0,0000
feedback 1,3471 0,0005
closing 2,1203 0,0008
jeffries 2,8134 0,0011
problem 0,3285 0,0002
optimization 0,8916 0,0003
justify 1,8326 0,0007
review 0,6162 0,0002
strategically 4,6052 0,0017
ambler 3,2189 0,0012
proof 1,7148 0,0006
between 0,2107 0,0001
guide 0,3711 0,0001
phase 1,2379 0,0009
goal 0,8440 0,0006
method 0,3147 0,0002
natural 1,2040 0,0004
teams 2,4079 0,0009
contract 1,4271 0,0011
come 0,4155 0,0002
push 0,0000 0,0000
exist 0,4155 0,0003
utah 3,5066 0,0013
gwanhoo 4,6052 0,0017
seventeen 3,9120 0,0015
grooming 4,6052 0,0017
force 1,0217 0,0004
namta 4,6052 0,0017
xfn 4,6052 0,0017
localize 3,9120 0,0029
sympathetic 4,6052 0,0017
james 0,9676 0,0004
north 1,7148 0,0006
range 0,8675 0,0003
cockburn 3,9120 0,0015
larman 3,9120 0,0015
claire 2,6593 0,0010
distribution 0,8916 0,0003
tools 1,4697 0,0005
derive 1,1394 0,0004
refactored 4,6052 0,0017
capacity 1,7148 0,0006
cope 2,9957 0,0011
out 0,0000 0,0000
weak 2,1203 0,0008
feature 0,0000 0,0000
lean 1,8971 0,0007
get 0,0000 0,0000
dark 0,0101 0,0000
course 1,3093 0,0005
leap 2,4079 0,0009
telecom 2,8134 0,0011
place 0,5447 0,0002
power 0,6733 0,0003
informed 3,5066 0,0013
dispute 1,6607 0,0006
thor 3,9120 0,0015
prominently 3,2189 0,0012
continued 3,5066 0,0013
myburgh 4,6052 0,0017
unnamed 3,2189 0,0012
suggest 1,0217 0,0015
transformation 1,5606 0,0006
lead 0,2231 0,0001
harmsen 4,6052 0,0017
expect 0,8440 0,0003
help 0,0000 0,0000
vinci 4,6052 0,0017
site 0,0000 0,0000
typo 2,9957 0,0011
depth 0,0000 0,0000
assess 1,9661 0,0007
rename 1,5141 0,0006
additionally 1,0498 0,0004
unified 1,8971 0,0007
self 0,7133 0,0003
behaviour 2,2073 0,0008
submission 2,9957 0,0011
sharealike 0,0000 0,0000
date 0,3011 0,0002
argument 0,0513 0,0000
data 0,0000 0,0000
garret 4,6052 0,0017
own 0,4780 0,0002
sound 1,3471 0,0005
wiki 1,2730 0,0005
wgpageviewlanguage 0,0000 0,0000
blog 0,6349 0,0002
rakitin 4,6052 0,0017
translate 1,3863 0,0005
xia 4,6052 0,0017
costa 3,2189 0,0012
accesskey 0,0000 0,0000
corral 4,6052 0,0017
only 0,2107 0,0001
should 0,3711 0,0001
create 0,0000 0,0000
unintentional 2,9957 0,0011
tag 0,0000 0,0000
development 0,1278 0,0001
multidisciplinary 3,9120 0,0015
individual 0,7985 0,0006
like 0,2231 0,0001
resource 0,4620 0,0002
citereffitzgeraldstolo 4,6052 0,0017
constrain 2,4079 0,0009
profiler 2,0402 0,0008
towards 1,2040 0,0004
ashmore 4,6052 0,0017
bloc 3,9120 0,0015
core 0,5621 0,0002
person 0,6162 0,0002
pmhut 4,6052 0,0017
safe 0,8675 0,0003
ground 1,9661 0,0007
potentially 0,7765 0,0003
concrete 1,8971 0,0007
here 0,0000 0,0000
note 0,4155 0,0003
dave 1,5141 0,0006
week 1,2379 0,0009
line 0,0101 0,0000
link 0,0000 0,0000
scale 0,4943 0,0004
can 0,0408 0,0000
security 0,3285 0,0001
cap 0,0619 0,0000
contributor 0,0000 0,0000
wgcanonicalnamespace 0,0000 0,0000
basili 4,6052 0,0017
bayer 3,9120 0,0015
organize 1,1712 0,0009
albert 2,9957 0,0011
ready 0,0000 0,0000
securely 2,8134 0,0011
oza 3,9120 0,0015
timeboxing 4,6052 0,0017
herb 3,5066 0,0013
smooth 2,6593 0,0010
orientation 2,3026 0,0017
cost 0,6733 0,0005
wgisredirect 0,0000 0,0000
keogh 3,9120 0,0015
limited 0,8916 0,0003
will 0,2485 0,0001
confidence 2,5257 0,0009
february 0,0000 0,0000
implementation 0,3147 0,0002
match 0,5276 0,0002
interplay 3,5066 0,0013
lagstedt 4,6052 0,0017
follow 0,2744 0,0004
really 1,5606 0,0006
balancing 2,4079 0,0009
recursiveclone 1,6607 0,0006
fragment 2,5257 0,0019
giboney 4,6052 0,0017
tdd 2,2073 0,0008
compliance 1,4271 0,0005
response 0,7340 0,0003
responsive 0,0202 0,0000
adminspeak 4,6052 0,0017
challenge 0,6162 0,0002
category 0,0000 0,0000
intend 0,6162 0,0005
wikidata 0,0000 0,0000
callparserfunction 1,4271 0,0005
