prepare 1,6094 0,0003
upload 0,0000 0,0000
rajkumar 4,6052 0,0010
zibouda 4,6052 0,0010
hall 1,3471 0,0003
wgrestrictionmove 0,0000 0,0000
ksr 4,6052 0,0010
pollution 2,8134 0,0006
ccs 4,6052 0,0010
would 0,3425 0,0001
energy 1,4697 0,0003
metallization 4,6052 0,0010
successfully 1,5141 0,0003
solid 0,0202 0,0000
antonio 2,9957 0,0006
notably 1,8326 0,0004
switzerland 2,4079 0,0005
require 0,0000 0,0000
avoidance 3,9120 0,0008
quittek 4,6052 0,0010
scribunto 0,0000 0,0000
cooperative 1,7720 0,0004
standards 1,1087 0,0002
moore 1,9661 0,0004
size 0,0000 0,0000
left 0,0408 0,0000
mhealth 3,9120 0,0008
cdx 0,0000 0,0000
object 0,3711 0,0002
poorly 3,2189 0,0007
accessible 1,1712 0,0003
statistical 2,0402 0,0004
lombard 1,1712 0,0003
role 0,8916 0,0004
cybernetics 3,2189 0,0007
turn 1,0498 0,0007
ceo 1,5606 0,0003
balanced 3,5066 0,0008
example 0,2485 0,0001
result 0,2231 0,0001
same 0,2357 0,0001
commission 1,4697 0,0003
after 0,0305 0,0000
connect 0,8675 0,0006
hand 1,0217 0,0002
policy 0,0000 0,0000
glucose 4,6052 0,0010
address 0,5621 0,0004
tsang 4,6052 0,0010
arpanet 3,5066 0,0008
cfi 4,6052 0,0010
blood 3,9120 0,0008
pagelanguagecode 0,0000 0,0000
n 3,9120 0,0008
forensics 3,5066 0,0008
police 2,6593 0,0006
modbus 4,6052 0,0010
throw 2,5257 0,0005
information 0,0000 0,0000
regain 4,6052 0,0010
adrian 2,9957 0,0006
november 0,0000 0,0000
techbeacon 4,6052 0,0010
resolve 1,6607 0,0004
good 0,4155 0,0003
deploy 1,0217 0,0002
empty 0,0305 0,0000
analytics 1,7720 0,0004
sayidul 4,6052 0,0010
tif 4,6052 0,0010
tie 2,0402 0,0004
hacks 3,2189 0,0007
intersection 2,6593 0,0006
serious 1,9661 0,0004
tim 1,0498 0,0002
implement 0,3285 0,0002
marusic 4,6052 0,0010
export 0,0000 0,0000
mieux 4,6052 0,0010
stefan 2,4079 0,0005
incinerate 4,6052 0,0010
making 2,5257 0,0005
erode 3,9120 0,0008
floerkemeier 4,6052 0,0010
check 0,7985 0,0002
cho 3,5066 0,0008
onto 1,8971 0,0004
kiaei 4,6052 0,0010
farmbeats 4,6052 0,0010
cia 2,6593 0,0006
autocatalytic 4,6052 0,0010
harm 2,6593 0,0006
neural 2,4079 0,0005
mainentity 0,0000 0,0000
elasticity 3,2189 0,0007
navlab 4,6052 0,0010
hart 3,2189 0,0007
hongzhi 4,6052 0,0010
barnaghi 4,6052 0,0010
disclaimers 0,0000 0,0000
society 1,5141 0,0003
denmark 3,9120 0,0008
provider 1,2730 0,0006
root 0,4780 0,0002
sejdic 3,9120 0,0008
konzerne 4,6052 0,0010
kricka 4,6052 0,0010
patrick 2,0402 0,0004
hard 1,1394 0,0005
reinforcement 2,0402 0,0004
tutorial 1,5141 0,0003
spoil 3,9120 0,0008
effectiveness 2,0402 0,0004
pioneers 4,6052 0,0010
roof 4,6052 0,0010
pilot 2,8134 0,0012
floyd 3,5066 0,0008
ticket 3,5066 0,0008
citation 0,0101 0,0000
windson 4,6052 0,0010
minho 3,9120 0,0008
multiple 0,2485 0,0001
unece 3,9120 0,0008
expose 1,4271 0,0003
room 1,7720 0,0008
ccdc 4,6052 0,0010
plainlist 0,4463 0,0001
gudeman 4,6052 0,0010
tinker 3,2189 0,0007
footprint 2,5257 0,0005
computerworld 1,7148 0,0004
automate 0,7340 0,0003
permit 1,3093 0,0003
translation 1,8326 0,0004
well 0,2744 0,0001
handling 1,7148 0,0004
suitable 1,3471 0,0003
cheikhrouhou 4,6052 0,0010
bitness 0,0000 0,0000
rgba 0,0101 0,0000
berens 4,6052 0,0010
gadget 3,5066 0,0008
pieper 4,6052 0,0010
imia 4,6052 0,0010
cornelius 4,6052 0,0010
experiment 1,7720 0,0004
fierce 4,6052 0,0010
block 0,0408 0,0000
braking 4,6052 0,0010
flow 0,3425 0,0001
order 0,4155 0,0001
sachs 3,5066 0,0008
boxtext 0,0619 0,0000
byte 0,0408 0,0000
inter 4,6052 0,0010
decentralize 2,5257 0,0005
exertion 4,6052 0,0010
indonesia 0,3567 0,0001
intel 1,6094 0,0003
propose 1,0788 0,0002
mutation 2,3026 0,0005
renewable 2,9957 0,0006
binary 0,9943 0,0002
transparency 1,8326 0,0004
actuation 4,6052 0,0010
weightless 4,6052 0,0010
hash 1,7720 0,0004
subsection 0,1508 0,0000
successor 1,5606 0,0003
ping 3,9120 0,0008
save 1,3863 0,0006
toc 0,0000 0,0000
cmu 3,2189 0,0007
protection 0,4463 0,0001
respectively 1,3863 0,0003
matter 1,2379 0,0003
wgpagecontentmodel 0,0000 0,0000
brookman 4,6052 0,0010
conjunction 2,0402 0,0004
tom 1,3863 0,0003
top 0,0000 0,0000
technica 1,3093 0,0003
too 0,8916 0,0002
bourelos 4,6052 0,0010
hangzhou 3,9120 0,0008
have 0,2744 0,0001
noise 2,9957 0,0013
kaplan 3,5066 0,0008
product 0,4005 0,0002
authoritarian 3,9120 0,0008
question 0,9416 0,0004
stephenson 4,6052 0,0010
spirit 3,5066 0,0008
cheap 1,8971 0,0004
produce 0,6931 0,0001
disable 2,2073 0,0010
regard 1,1087 0,0002
constraint 1,5141 0,0003
unreasonable 3,9120 0,0008
rosa 3,2189 0,0007
communities 2,8134 0,0006
infect 3,2189 0,0007
com 0,8210 0,0002
col 0,9943 0,0002
transceiver 4,6052 0,0010
lab 1,3863 0,0006
upon 0,8916 0,0002
platforms 1,4697 0,0003
rfpro 4,6052 0,0010
timeusage 0,0000 0,0000
buyya 4,6052 0,0010
automation 0,7550 0,0002
academia 3,5066 0,0008
academic 1,3093 0,0003
lal 3,9120 0,0008
defective 3,5066 0,0008
function 0,0000 0,0000
lan 3,2189 0,0007
raise 1,4271 0,0003
pram 3,5066 0,0008
biometric 3,9120 0,0017
traffic 1,5606 0,0003
alhakami 4,6052 0,0010
comparison 0,4005 0,0001
law 1,2379 0,0003
wireko 4,6052 0,0010
trb 4,6052 0,0010
cps 4,6052 0,0010
cpu 0,0408 0,0000
less 0,6162 0,0001
kumar 2,6593 0,0006
andy 1,8326 0,0004
condition 1,2040 0,0003
improve 0,2485 0,0002
naming 2,6593 0,0006
violation 2,0402 0,0009
specialized 1,3471 0,0003
university 0,5621 0,0001
lauri 4,6052 0,0010
technique 0,7550 0,0002
xianbin 4,6052 0,0010
cclm 4,6052 0,0010
effective 1,0217 0,0002
scripting 1,2040 0,0003
wallberg 4,6052 0,0010
times 1,3093 0,0003
cra 3,9120 0,0008
crc 2,4079 0,0005
possibility 1,6094 0,0003
timeless 0,0101 0,0000
direction 1,2379 0,0005
luasandboxcallback 1,4271 0,0003
wgwmeschemaeditattemptstepoversample 0,0000 0,0000
ttl 0,0000 0,0000
zhiyun 4,6052 0,0010
doctor 3,2189 0,0007
dimosthenis 4,6052 0,0010
industrial 1,5606 0,0003
kushalnagar 4,6052 0,0010
allaoua 4,6052 0,0010
respond 1,3471 0,0003
incident 2,2073 0,0005
maintenance 0,6733 0,0001
japan 1,2730 0,0003
supply 1,4697 0,0010
uncertain 3,5066 0,0008
concern 0,8210 0,0005
lei 3,9120 0,0008
eventual 2,8134 0,0006
integrity 1,3863 0,0003
hackers 2,9957 0,0006
pref 0,0000 0,0000
let 0,9943 0,0002
les 3,5066 0,0008
state 0,3425 0,0003
csrftoken 0,0000 0,0000
press 0,5621 0,0001
element 0,0000 0,0000
environmental 1,8971 0,0004
devanand 4,6052 0,0010
night 0,0000 0,0000
pace 2,9957 0,0006
vulnerability 1,3863 0,0006
each 0,1393 0,0000
cui 2,8134 0,0006
finley 2,9957 0,0006
kaspersky 3,5066 0,0008
datawrapper 1,6094 0,0003
geetha 4,6052 0,0010
petter 3,9120 0,0008
availability 1,1394 0,0002
abhik 4,6052 0,0010
battery 2,4079 0,0010
networks 1,2730 0,0003
two 0,2744 0,0001
responsiveness 3,5066 0,0008
adriano 4,6052 0,0010
promote 1,3093 0,0006
tsunami 4,6052 0,0010
attack 1,1712 0,0005
distribute 0,3857 0,0001
halow 4,6052 0,0010
kitchen 3,9120 0,0008
creation 0,7985 0,0002
situation 1,2379 0,0003
legislation 2,8134 0,0006
think 0,9676 0,0004
participate 1,8326 0,0004
services 1,1087 0,0002
team 0,4943 0,0001
wgusername 0,0000 0,0000
speech 2,0402 0,0004
watch 1,6607 0,0007
syngress 3,9120 0,0008
thing 1,0788 0,0005
optical 2,4079 0,0005
insurance 2,5257 0,0005
medical 1,8971 0,0004
principle 0,7985 0,0003
spencer 2,3026 0,0005
anni 4,6052 0,0010
postword 4,6052 0,0010
importantly 2,8134 0,0006
manny 4,6052 0,0010
anne 3,2189 0,0007
lie 2,1203 0,0005
source 0,1393 0,0001
anna 2,6593 0,0006
ieee 0,8440 0,0002
domestic 2,6593 0,0006
initiate 2,1203 0,0005
russo 3,2189 0,0007
unable 2,2073 0,0005
kevin 1,5606 0,0003
citylab 4,6052 0,0010
manos 4,6052 0,0010
reddy 3,2189 0,0007
liu 2,2073 0,0005
tech 1,2040 0,0003
actual 1,1394 0,0002
campus 2,3026 0,0005
ultimate 1,8971 0,0004
widely 0,7985 0,0002
eric 1,1394 0,0002
jatinder 3,5066 0,0008
develop 0,1863 0,0001
mcdaniel 4,6052 0,0010
technologies 1,0788 0,0002
machining 4,6052 0,0010
roberts 2,3026 0,0005
district 2,5257 0,0005
overall 1,1394 0,0002
page 0,0000 0,0000
pasquier 3,5066 0,0008
full 0,0202 0,0000
away 1,4271 0,0003
memory 0,0408 0,0000
scientist 1,3863 0,0006
concept 0,3711 0,0002
house 1,4271 0,0003
xaver 4,6052 0,0010
bootloader 3,5066 0,0008
prometheus 4,6052 0,0010
benatallah 4,6052 0,0010
enhance 0,8916 0,0004
llc 1,7720 0,0004
center 0,0000 0,0000
xiao 3,5066 0,0008
start 0,3011 0,0001
footnote 2,8134 0,0006
pair 1,3863 0,0003
manage 0,3567 0,0002
hutton 4,6052 0,0010
kwang 4,6052 0,0010
fung 3,5066 0,0008
short 0,0000 0,0000
replete 4,6052 0,0010
rebecca 3,2189 0,0007
parking 4,6052 0,0010
regulate 2,3026 0,0005
interactive 0,4463 0,0001
teletype 3,5066 0,0008
three 0,3711 0,0001
unencrypted 2,6593 0,0006
twitter 1,7720 0,0004
vijayawada 4,6052 0,0010
mqtt 2,9957 0,0006
specifically 0,8916 0,0002
savings 2,4079 0,0005
metamorphosis 4,6052 0,0010
hardware 0,5798 0,0001
cameron 2,5257 0,0005
drowsiness 4,6052 0,0010
sottile 4,6052 0,0010
goodman 3,5066 0,0008
sudarshan 3,9120 0,0008
creative 0,0000 0,0000
nederlands 0,1985 0,0000
shuttle 3,9120 0,0008
provide 0,1625 0,0001
mellon 2,5257 0,0005
afar 4,6052 0,0010
societal 3,2189 0,0007
sehgal 4,6052 0,0010
log 0,0000 0,0000
enterprise 0,4463 0,0002
reliability 1,1712 0,0003
consume 1,3471 0,0003
roadmap 2,4079 0,0005
euskara 0,5108 0,0001
formation 2,4079 0,0005
unknown 1,4271 0,0003
lot 1,5606 0,0003
computer 0,1863 0,0001
tensorflow 2,5257 0,0005
pastrone 4,6052 0,0010
gadgeteer 3,9120 0,0008
low 0,0101 0,0000
merely 2,5257 0,0005
hassanien 4,6052 0,0010
wgcategory 0,0000 0,0000
means 1,0217 0,0002
proc 2,6593 0,0006
harald 3,5066 0,0008
indexing 1,7148 0,0004
initial 0,3857 0,0001
teik 4,6052 0,0010
unstrip 0,0000 0,0000
centre 2,4079 0,0005
weiming 4,6052 0,0010
chintan 3,9120 0,0008
uav 4,6052 0,0010
postulate 3,9120 0,0008
templateargumentsize 0,0000 0,0000
alahmad 4,6052 0,0010
firewall 2,0402 0,0004
coconuts 4,6052 0,0010
door 2,5257 0,0005
huansheng 4,6052 0,0010
quick 1,3863 0,0003
policymaker 3,2189 0,0007
alliance 1,8971 0,0004
akash 3,9120 0,0008
speedy 0,7133 0,0002
friendly 1,9661 0,0004
dag 3,5066 0,0008
italic 0,1278 0,0000
dan 0,9943 0,0002
das 2,9957 0,0006
day 0,0000 0,0000
necessitate 3,2189 0,0007
greencom 4,6052 0,0010
format 0,0101 0,0000
klaus 2,9957 0,0006
particular 0,5978 0,0001
dong 3,5066 0,0008
monica 3,5066 0,0008
water 2,6593 0,0006
formal 1,1394 0,0002
ejaz 4,6052 0,0010
cohesion 3,2189 0,0007
udi 4,6052 0,0010
supriya 4,6052 0,0010
lwip 4,6052 0,0010
udp 2,9957 0,0006
almir 4,6052 0,0010
critical 0,8916 0,0002
mike 1,2040 0,0003
part 0,1985 0,0000
wgpageparsereport 0,0000 0,0000
logistics 3,2189 0,0007
suresh 4,6052 0,0010
envision 3,5066 0,0008
yuqing 4,6052 0,0010
east 2,3026 0,0005
browser 0,9943 0,0002
manpower 4,6052 0,0010
lte 3,9120 0,0008
introduction 0,5621 0,0001
park 2,1203 0,0005
inaccessibility 4,6052 0,0010
subscribe 2,1203 0,0005
therapy 3,9120 0,0008
heavily 2,3026 0,0005
ltr 0,0000 0,0000
dope 3,9120 0,0008
perera 4,6052 0,0010
third 0,5447 0,0001
build 0,2357 0,0002
interaction 0,8210 0,0004
antenatal 4,6052 0,0010
lua 0,0513 0,0000
cheng 2,3026 0,0005
wireless 1,7720 0,0004
further 0,3711 0,0001
electronics 1,5141 0,0003
orthopaedics 3,9120 0,0008
stack 0,7340 0,0002
exemption 3,9120 0,0008
uyghurche 1,9661 0,0004
ambiguous 2,0402 0,0004
parliament 3,5066 0,0008
der 2,1203 0,0005
path 1,0498 0,0002
des 3,5066 0,0008
record 0,7765 0,0002
dey 3,5066 0,0008
railway 3,2189 0,0007
chicago 2,4079 0,0005
prevention 2,0402 0,0004
dobre 4,6052 0,0010
pass 0,8675 0,0002
mile 3,5066 0,0008
impact 0,9163 0,0004
profile 1,0788 0,0002
milk 4,6052 0,0010
bill 1,5606 0,0003
easy 0,6733 0,0003
buyer 2,8134 0,0006
senior 2,0402 0,0004
profiling 2,9957 0,0006
domain 0,6931 0,0001
adult 3,5066 0,0008
attitude 3,2189 0,0007
treatment 2,5257 0,0005
compare 0,9416 0,0002
subgroup 0,0513 0,0000
profoundly 3,9120 0,0008
yuce 4,6052 0,0010
robotics 2,8134 0,0006
transparent 0,0619 0,0000
adaptive 2,1203 0,0005
uid 3,5066 0,0008
xing 4,6052 0,0010
adoption 0,8675 0,0002
journal 0,4780 0,0001
pave 3,5066 0,0008
composition 1,9661 0,0004
chaotic 3,9120 0,0008
term 0,0000 0,0000
acquisition 1,2040 0,0003
mine 1,6607 0,0004
business 0,3425 0,0001
mini 0,0619 0,0000
ming 3,9120 0,0008
righi 4,6052 0,0010
rpma 4,6052 0,0010
operational 1,7148 0,0004
involve 0,6539 0,0003
possible 0,5276 0,0001
right 0,0101 0,0000
purposefully 3,5066 0,0008
wikitext 0,0000 0,0000
stage 1,2040 0,0003
complicated 2,5257 0,0005
supersede 1,9661 0,0004
iera 4,6052 0,0010
paul 0,7765 0,0002
under 0,0101 0,0000
quarter 2,8134 0,0006
tolerant 2,6593 0,0006
london 1,3863 0,0003
habib 4,6052 0,0010
emergency 2,5257 0,0011
down 0,8440 0,0002
div 0,0000 0,0000
acceleration 2,0402 0,0004
later 0,4005 0,0001
bracket 0,0619 0,0000
legal 1,1712 0,0003
highway 2,8134 0,0006
ploennigs 4,6052 0,0010
computational 1,2040 0,0003
impair 2,9957 0,0006
possibly 2,0402 0,0004
mram 3,9120 0,0008
test 0,4463 0,0001
ssrn 2,3026 0,0005
brown 1,8971 0,0004
publicly 1,6094 0,0003
ethernet 3,5066 0,0008
month 0,7133 0,0003
final 1,0788 0,0002
wgrevisionid 0,0000 0,0000
toyota 2,8134 0,0006
broggi 4,6052 0,0010
ietf 2,4079 0,0005
virtual 0,4620 0,0001
rather 0,5978 0,0001
importance 2,0402 0,0004
molluscan 4,6052 0,0010
back 0,6349 0,0003
training 1,4697 0,0003
title 0,0000 0,0000
iobridge 4,6052 0,0010
mist 3,9120 0,0008
miss 1,3471 0,0003
states 0,4943 0,0001
harvesting 3,9120 0,0008
load 0,0202 0,0000
goldman 2,8134 0,0006
ignore 1,4697 0,0003
company 0,4308 0,0002
thomas 0,8675 0,0002
human 0,9416 0,0004
vermesan 3,9120 0,0008
custom 0,0000 0,0000
grand 3,2189 0,0007
considerations 3,2189 0,0007
travels 4,6052 0,0010
vasisht 4,6052 0,0010
assistive 3,5066 0,0008
inherit 0,0101 0,0000
interpret 1,7148 0,0004
kling 3,5066 0,0008
baby 2,9957 0,0006
klint 2,9957 0,0006
stacey 4,6052 0,0010
grant 1,6094 0,0003
articles 1,0217 0,0002
newsletter 3,2189 0,0007
suzanne 3,2189 0,0007
industrialized 4,6052 0,0010
attempt 0,8440 0,0004
bhatt 4,6052 0,0010
division 2,0402 0,0004
dmy 0,0000 0,0000
umair 4,6052 0,0010
navigation 0,0000 0,0000
balance 1,7148 0,0007
ruben 3,9120 0,0008
supplier 2,2073 0,0005
lock 0,0101 0,0000
thomson 2,9957 0,0006
text 0,0000 0,0000
usually 0,4780 0,0001
whereas 1,4271 0,0003
letters 2,9957 0,0006
badr 4,6052 0,0010
ppvisitednode 0,0000 0,0000
cookie 0,0000 0,0000
prashant 4,6052 0,0010
printer 2,2073 0,0005
dns 2,0402 0,0004
electrical 1,4271 0,0003
sense 1,3093 0,0008
stall 2,6593 0,0006
field 0,7550 0,0003
contents 0,0000 0,0000
evaluate 1,3093 0,0003
doi 0,4155 0,0001
senators 4,6052 0,0010
status 0,0000 0,0000
messaoud 4,6052 0,0010
semantic 1,6607 0,0004
server 0,4005 0,0002
don 1,9661 0,0004
goodbye 3,5066 0,0008
dot 0,8210 0,0002
skin 0,0000 0,0000
dos 1,7720 0,0004
mac 1,3471 0,0003
mention 1,7148 0,0004
najafi 4,6052 0,0010
government 1,2379 0,0005
nurse 4,6052 0,0010
recur 2,9957 0,0006
accumulate 2,6593 0,0011
man 1,8326 0,0004
stand 1,1712 0,0003
melanie 3,5066 0,0008
surround 2,2073 0,0005
twenty 2,8134 0,0006
convolutional 3,2189 0,0007
may 0,0000 0,0000
max 0,0513 0,0000
forward 1,2730 0,0003
ethical 2,4079 0,0005
uri 2,3026 0,0005
url 0,0000 0,0000
computation 1,3863 0,0003
zyxel 4,6052 0,0010
singapore 2,5257 0,0005
twente 4,6052 0,0010
trustworthy 2,9957 0,0006
pradesh 4,6052 0,0010
usa 1,6094 0,0003
dimensional 2,4079 0,0005
use 0,0000 0,0000
recognition 1,6607 0,0004
edward 2,5257 0,0005
ervin 3,9120 0,0008
main 0,0000 0,0000
networking 1,5606 0,0003
mais 4,6052 0,0010
revenue 1,8971 0,0004
bilingual 3,9120 0,0008
gubbi 4,6052 0,0010
logo 0,0000 0,0000
bipartisan 4,6052 0,0010
credit 1,6094 0,0003
terrible 4,6052 0,0010
combine 0,7340 0,0003
maia 4,6052 0,0010
hasan 3,2189 0,0007
waste 2,4079 0,0005
utc 0,0000 0,0000
stackpath 4,6052 0,0010
equipment 1,6094 0,0003
pressure 2,4079 0,0005
sistersitebox 0,6539 0,0001
null 0,0000 0,0000
background 0,0101 0,0000
watchtoken 0,0000 0,0000
ubiquitous 1,7720 0,0004
paradigm 1,1394 0,0005
transformer 3,2189 0,0007
fidelity 3,5066 0,0008
uncommon 3,9120 0,0008
postgresql 2,3026 0,0005
repeat 0,0101 0,0000
threats 3,9120 0,0008
louis 2,5257 0,0005
physical 1,0217 0,0002
retailing 3,9120 0,0008
make 0,1165 0,0001
mania 2,9957 0,0006
wicked 3,9120 0,0008
yasmine 3,9120 0,0008
diversified 4,6052 0,0010
darpa 2,6593 0,0006
bajo 4,6052 0,0010
gerontology 4,6052 0,0010
infolab 4,6052 0,0010
thread 1,2379 0,0003
exactly 1,5606 0,0003
structure 0,4155 0,0002
fortify 3,9120 0,0008
ovidiu 3,9120 0,0008
due 0,5108 0,0001
pasquale 4,6052 0,0010
threat 1,7148 0,0007
invention 1,7148 0,0004
aboul 4,6052 0,0010
dhelim 4,6052 0,0010
inform 1,6607 0,0007
depend 0,7340 0,0003
danger 2,3026 0,0005
patch 1,5141 0,0007
observer 2,1203 0,0005
bank 1,9661 0,0004
divulge 4,6052 0,0010
above 1,0788 0,0002
giacomo 3,9120 0,0008
stick 2,8134 0,0006
band 2,5257 0,0005
recursion 0,0513 0,0000
comprise 2,1203 0,0009
height 0,0101 0,0000
resident 2,5257 0,0005
upheaval 4,6052 0,0010
dvr 3,9120 0,0008
august 0,0000 0,0000
module 0,0000 0,0000
wikibase 0,0619 0,0000
outer 1,2040 0,0003
polyglot 3,2189 0,0007
podili 4,6052 0,0010
execute 0,6733 0,0001
benefit 0,9416 0,0004
datemodify 0,0619 0,0000
labor 2,5257 0,0005
quality 0,8916 0,0004
unique 1,2379 0,0003
consistently 2,0402 0,0004
hrvatski 0,7550 0,0002
mhz 3,5066 0,0008
notheme 0,3711 0,0001
seizure 3,2189 0,0007
examine 1,5606 0,0003
scan 1,9661 0,0008
association 1,0498 0,0002
eliminate 1,1712 0,0003
industry 0,7550 0,0003
believe 1,8326 0,0012
objets 3,9120 0,0008
fragmentation 2,6593 0,0006
long 0,4005 0,0003
monaco 4,6052 0,0010
landfill 3,2189 0,0007
into 0,1985 0,0000
evans 2,5257 0,0005
min 0,1165 0,0000
greece 2,8134 0,0006
mit 1,2040 0,0003
tomdispatch 4,6052 0,0010
relationship 1,0788 0,0002
mix 1,2379 0,0003
destruction 2,4079 0,0005
clearfield 3,9120 0,0008
controller 1,5141 0,0003
middle 0,7765 0,0002
though 0,8440 0,0002
ranveer 4,6052 0,0010
appeal 2,4079 0,0005
many 0,2357 0,0001
kasimatis 4,6052 0,0010
everyday 2,9957 0,0006
transportation 2,5257 0,0005
dedicate 2,1203 0,0005
appear 0,8210 0,0004
extensive 1,5141 0,0003
residential 3,9120 0,0008
collaboration 1,1394 0,0002
inspire 1,6094 0,0003
dyn 4,6052 0,0010
progress 1,4271 0,0003
open 0,1625 0,0001
mahmoud 4,6052 0,0010
foucault 4,6052 0,0010
diane 3,9120 0,0008
agent 1,3863 0,0006
alumnus 3,9120 0,0008
invest 1,7720 0,0008
rapid 1,3093 0,0003
project 0,0000 0,0000
arena 2,0402 0,0004
enhancement 0,0101 0,0000
techcrunch 1,3093 0,0003
galileo 3,9120 0,0008
loop 1,7148 0,0007
feng 3,5066 0,0008
roughly 1,7720 0,0004
schneider 3,9120 0,0008
california 1,2379 0,0003
wood 3,5066 0,0008
husain 3,9120 0,0008
verbeek 4,6052 0,0010
ndss 3,9120 0,0008
solutions 1,8971 0,0004
look 0,7765 0,0003
modification 1,4271 0,0003
korea 2,1203 0,0005
disrupt 2,8134 0,0012
driverless 3,9120 0,0008
nicola 2,9957 0,0006
converse 3,5066 0,0008
glibc 3,2189 0,0007
internet 0,5447 0,0001
jinmei 4,6052 0,0010
allow 0,1863 0,0002
lora 4,6052 0,0010
appliance 1,7148 0,0007
wired 1,2040 0,0003
unlicensed 3,5066 0,0008
tyagi 4,6052 0,0010
lord 4,6052 0,0010
lori 3,9120 0,0008
proper 1,5606 0,0003
epcglobal 4,6052 0,0010
speed 0,9416 0,0002
apple 1,1712 0,0003
patel 2,9957 0,0006
common 0,3711 0,0001
interest 0,9943 0,0002
mmw 4,6052 0,0010
themselves 1,1394 0,0002
placeholder 0,0000 0,0000
sleepy 4,6052 0,0010
twin 2,6593 0,0006
apply 0,0000 0,0000
jargon 3,2189 0,0007
recently 1,5141 0,0003
informatics 2,6593 0,0006
hiroaki 4,6052 0,0010
money 1,6094 0,0003
healthy 3,2189 0,0007
misplace 3,9120 0,0008
revolv 4,6052 0,0010
step 0,7765 0,0002
forever 3,9120 0,0008
mark 0,6733 0,0001
base 0,0305 0,0000
stem 2,5257 0,0005
disconnect 3,5066 0,0008
wehrle 4,6052 0,0010
simplistic 3,5066 0,0008
trend 1,7148 0,0007
mechanic 2,9957 0,0006
jing 3,5066 0,0008
whole 1,2040 0,0003
jini 4,6052 0,0010
revolution 1,7148 0,0004
loss 1,5141 0,0003
automatica 4,6052 0,0010
incentive 2,0402 0,0004
relate 0,0000 0,0000
ashton 3,9120 0,0008
moy 4,6052 0,0010
cryptosystem 2,9957 0,0006
obstacle 2,5257 0,0005
industrialization 4,6052 0,0010
reflist 0,0101 0,0000
azure 1,2730 0,0003
still 0,5447 0,0001
van 1,3093 0,0003
biology 1,8326 0,0004
kuan 3,9120 0,0008
collaborative 1,8971 0,0004
var 0,0000 0,0000
work 0,2231 0,0001
lose 1,3093 0,0006
matt 1,7720 0,0004
constitute 2,1203 0,0005
michele 2,5257 0,0005
cloudflare 2,9957 0,0006
packt 1,8326 0,0004
mahmood 4,6052 0,0010
toward 1,5606 0,0003
among 0,5276 0,0001
srpski 0,3711 0,0001
registration 0,0101 0,0000
lenovo 3,5066 0,0008
word 0,0101 0,0000
theory 0,9416 0,0002
extension 0,6349 0,0003
marynowski 4,6052 0,0010
diala 4,6052 0,0010
postscript 3,9120 0,0017
prasanna 4,6052 0,0010
indianapolis 3,5066 0,0008
foundation 0,0000 0,0000
jayawardena 4,6052 0,0010
alsulami 4,6052 0,0010
cardioverter 4,6052 0,0010
personalized 3,5066 0,0008
across 0,5798 0,0001
jiot 4,6052 0,0010
identity 1,2379 0,0003
installation 1,6094 0,0003
federal 1,7148 0,0004
verify 1,5141 0,0003
jacques 3,5066 0,0008
europe 1,7720 0,0004
firmware 2,3026 0,0005
reward 2,5257 0,0005
durumeric 4,6052 0,0010
include 0,0000 0,0000
facebook 1,3863 0,0003
fadell 3,5066 0,0008
eggimann 4,6052 0,0010
alexander 1,5606 0,0003
soldier 3,9120 0,0008
regulations 3,2189 0,0007
minimisation 4,6052 0,0010
msc 4,6052 0,0010
indian 2,2073 0,0005
specifics 3,9120 0,0008
voice 1,6094 0,0003
ultraram 3,9120 0,0008
ece 4,6052 0,0010
maurice 2,8134 0,0006
marzano 4,6052 0,0010
domotic 4,6052 0,0010
float 0,0101 0,0000
transclusion 0,0619 0,0000
html 0,4463 0,0001
bentaleb 4,6052 0,0010
discover 1,2379 0,0003
palaniswami 4,6052 0,0010
alippi 4,6052 0,0010
imply 1,9661 0,0004
seely 4,6052 0,0010
capture 1,4697 0,0003
riverside 4,6052 0,0010
mining 1,9661 0,0004
isizulu 2,0402 0,0004
revision 0,0000 0,0000
waterways 4,6052 0,0010
eds 2,3026 0,0005
recruit 3,2189 0,0007
youakim 4,6052 0,0010
commence 3,2189 0,0007
configuration 0,7550 0,0003
arvin 3,9120 0,0008
scientific 1,1712 0,0003
iobt 4,6052 0,0010
winter 3,2189 0,0007
rlstate 0,0000 0,0000
platform 0,0000 0,0000
parameter 1,3093 0,0003
opaque 2,5257 0,0005
programmable 2,3026 0,0005
sandeep 4,6052 0,0010
abiodun 4,6052 0,0010
eff 3,2189 0,0007
ithing 4,6052 0,0010
advantage 0,9676 0,0004
assistant 2,4079 0,0005
stephen 1,5141 0,0003
mohammad 2,5257 0,0005
anders 3,9120 0,0008
instead 0,4463 0,0001
controversy 1,7720 0,0004
ultimately 2,2073 0,0005
command 0,7133 0,0002
swarm 2,5257 0,0011
nhtsa 3,9120 0,0008
variable 0,9676 0,0002
wiktionary 0,5798 0,0001
fabricate 4,6052 0,0010
veronica 4,6052 0,0010
landscape 2,2073 0,0005
mohammadamin 4,6052 0,0010
habitat 3,9120 0,0008
smartphone 2,3026 0,0010
copeland 3,2189 0,0007
optimal 1,9661 0,0004
saved 0,0619 0,0000
year 0,2614 0,0001
datastore 3,2189 0,0007
annotate 2,8134 0,0006
todd 2,8134 0,0006
urge 2,6593 0,0006
via 0,3011 0,0001
because 0,0000 0,0000
near 1,2730 0,0006
springer 0,9676 0,0002
merchant 3,5066 0,0008
vietnam 3,2189 0,0007
xively 3,9120 0,0008
google 0,4005 0,0001
economy 2,1203 0,0005
community 0,0000 0,0000
packet 2,6593 0,0006
version 0,0000 0,0000
capitalize 3,2189 0,0007
interdisciplinary 2,8134 0,0006
prasher 4,6052 0,0010
planning 1,6094 0,0003
stop 1,1394 0,0007
eesti 0,3285 0,0001
science 0,5447 0,0001
panopticon 4,6052 0,0010
nogueira 4,6052 0,0010
detail 0,7133 0,0003
appropriate 1,1394 0,0002
beware 3,9120 0,0008
forest 3,5066 0,0008
sungoor 4,6052 0,0010
least 0,9676 0,0002
utility 1,2730 0,0006
immediately 1,5141 0,0003
subsequently 1,6094 0,0003
measurement 2,3026 0,0005
sleep 3,2189 0,0007
refuse 2,3026 0,0005
bsci 4,6052 0,0010
wikipedia 0,0000 0,0000
behavior 0,8210 0,0004
franceschi 3,5066 0,0008
nilanjan 4,6052 0,0010
cisco 2,6593 0,0006
afrikaans 0,9416 0,0002
computers 1,8971 0,0004
minimize 1,4697 0,0003
website 0,3711 0,0002
learn 0,0000 0,0000
gegen 4,6052 0,0010
jiwu 4,6052 0,0010
aperture 3,9120 0,0008
jongho 4,6052 0,0010
ericsson 3,5066 0,0008
severe 2,5257 0,0005
pathway 3,9120 0,0008
emerge 1,2730 0,0003
severi 4,6052 0,0010
exploit 1,6607 0,0007
jeremy 2,2073 0,0005
sonos 3,9120 0,0008
notes 0,9943 0,0002
silva 3,5066 0,0008
republic 0,8916 0,0002
historical 1,9661 0,0004
ethics 2,5257 0,0005
assessment 1,7148 0,0007
autonomy 3,2189 0,0007
leave 0,0101 0,0000
agboma 4,6052 0,0010
datamatrix 4,6052 0,0010
eld 4,6052 0,0010
matthias 2,5257 0,0005
need 0,1393 0,0001
quentin 3,9120 0,0008
originally 0,8675 0,0002
often 0,2877 0,0001
gather 1,7720 0,0008
elt 0,6931 0,0001
beneficiary 3,9120 0,0017
materials 4,6052 0,0010
conditioning 4,6052 0,0010
homekit 3,5066 0,0008
guideline 1,3471 0,0003
http 0,0000 0,0000
decimal 0,0101 0,0000
useful 0,9943 0,0002
meritalk 4,6052 0,0010
private 0,8210 0,0002
technical 0,6349 0,0001
vol 1,1712 0,0003
engine 0,4780 0,0002
intentionally 2,3026 0,0005
rico 4,6052 0,0010
responsible 1,2040 0,0003
end 0,3011 0,0001
satellite 2,5257 0,0005
oauth 3,5066 0,0008
wgdigittransformtable 0,0000 0,0000
attacker 2,3026 0,0005
rich 1,3093 0,0003
rick 2,8134 0,0006
rice 2,9957 0,0006
forum 1,3863 0,0003
significance 2,6593 0,0006
special 0,0000 0,0000
horizon 2,5257 0,0011
environment 0,4308 0,0002
kassab 4,6052 0,0010
progressive 1,0788 0,0002
family 1,0217 0,0002
physiological 4,6052 0,0010
unattended 4,6052 0,0010
education 1,0788 0,0002
release 0,2744 0,0001
toll 4,6052 0,0010
moral 2,8134 0,0006
aspire 3,9120 0,0008
gradually 2,1203 0,0005
visuomotor 4,6052 0,0010
explode 3,9120 0,0008
epc 4,6052 0,0010
narrow 2,9957 0,0006
nam 4,6052 0,0010
proceedings 0,7550 0,0002
jane 2,9957 0,0006
similar 0,4780 0,0001
mapping 1,6607 0,0004
wearable 2,5257 0,0011
digitize 3,5066 0,0008
partnership 1,9661 0,0004
shape 1,9661 0,0004
practitioner 1,8326 0,0004
amira 4,6052 0,0010
marcio 4,6052 0,0010
specify 0,6349 0,0003
mariane 4,6052 0,0010
transborder 4,6052 0,0010
hudson 3,9120 0,0008
xbee 4,6052 0,0010
converge 2,6593 0,0006
driver 1,3471 0,0006
seventh 2,8134 0,0006
driven 2,4079 0,0005
chelsea 3,5066 0,0008
singer 3,5066 0,0008
against 0,6931 0,0001
cell 0,4308 0,0001
manufacturer 2,3026 0,0010
remind 4,6052 0,0010
encourage 1,5141 0,0003
vacuum 2,9957 0,0006
bertin 4,6052 0,0010
era 2,2073 0,0005
morality 3,9120 0,0008
administer 2,5257 0,0005
share 0,4620 0,0004
deficit 3,9120 0,0008
deployment 0,7985 0,0003
abreu 3,5066 0,0008
millipede 3,9120 0,0008
television 2,3026 0,0005
traukina 4,6052 0,0010
lennart 3,9120 0,0008
sajjad 3,9120 0,0008
radiocommunication 4,6052 0,0010
gogouvitis 4,6052 0,0010
iomt 4,6052 0,0010
francisco 1,6607 0,0004
neng 4,6052 0,0010
screen 0,0101 0,0000
autonomous 2,1203 0,0005
trial 2,4079 0,0005
exploitation 3,2189 0,0007
pages 0,0000 0,0000
optimize 1,0217 0,0004
etc 2,9957 0,0006
butterworh 4,6052 0,0010
eth 3,5066 0,0008
openembedded 2,9957 0,0006
vaishya 3,5066 0,0008
entrance 3,9120 0,0008
net 0,9416 0,0002
newpp 0,0619 0,0000
new 0,0000 0,0000
below 0,7550 0,0002
markus 2,9957 0,0006
heater 3,5066 0,0008
nfc 3,5066 0,0008
zhou 2,9957 0,0006
tool 0,0000 0,0000
saeid 4,6052 0,0010
tony 1,8326 0,0004
driving 2,9957 0,0006
svenska 0,3857 0,0001
eui 4,6052 0,0010
individually 2,6593 0,0006
joseph 1,5141 0,0003
detector 3,5066 0,0008
krishnamurthy 4,6052 0,0010
networked 2,8134 0,0006
converging 3,9120 0,0008
nfv 4,6052 0,0010
boundary 1,7720 0,0004
centric 2,8134 0,0006
deloitte 3,5066 0,0008
elderly 3,9120 0,0008
financial 1,4697 0,0003
wgpagecontentlanguage 0,0000 0,0000
dreams 3,9120 0,0008
raafat 4,6052 0,0010
media 0,2485 0,0001
around 0,6931 0,0001
lightweight 1,6094 0,0003
orfefs 4,6052 0,0010
harden 2,9957 0,0006
yeon 4,6052 0,0010
define 0,2744 0,0002
render 0,0513 0,0000
interlingua 1,3093 0,0003
frontier 1,9661 0,0004
haven 3,9120 0,0008
antonakakis 4,6052 0,0010
amiot 4,6052 0,0010
requirement 0,5798 0,0001
transport 1,6094 0,0007
boing 4,6052 0,0010
specific 0,2877 0,0001
interconnect 2,5257 0,0016
prioritize 2,1203 0,0005
risks 3,2189 0,0007
engage 2,2073 0,0010
martin 1,0788 0,0002
strategy 0,7340 0,0003
amendment 2,9957 0,0006
acharjya 4,6052 0,0010
ring 2,2073 0,0005
maintain 0,3567 0,0002
preprocessor 0,0513 0,0000
shift 1,4697 0,0003
nic 3,5066 0,0008
echo 2,2073 0,0005
deleuze 4,6052 0,0010
mbox 0,7133 0,0002
harmonization 3,5066 0,0008
smartdust 4,6052 0,0010
gremaud 4,6052 0,0010
nguyen 3,2189 0,0007
java 0,6162 0,0001
locally 2,3026 0,0005
differently 2,4079 0,0005
mikrotik 4,6052 0,0010
rizhao 4,6052 0,0010
niu 3,9120 0,0008
fully 0,8210 0,0002
encompass 1,8971 0,0004
models 1,8971 0,0004
cache 0,0305 0,0000
suomi 0,2107 0,0000
beisswenger 4,6052 0,0010
nanosecond 3,9120 0,0008
remain 0,7550 0,0005
mioty 4,6052 0,0010
enwikimwclientpreference 0,0000 0,0000
rlpagemodules 0,0000 0,0000
monitoring 1,6094 0,0003
hubs 4,6052 0,0010
eye 2,3026 0,0010
tinkerer 3,9120 0,0008
vislab 4,6052 0,0010
waldner 3,9120 0,0008
samea 0,0000 0,0000
stratman 4,6052 0,0010
grell 4,6052 0,0010
rasit 3,9120 0,0008
hussain 3,2189 0,0007
sameh 4,6052 0,0010
complexity 0,9163 0,0002
mubashir 4,6052 0,0010
another 0,3567 0,0001
automatically 0,7765 0,0002
pagevariantfallback 0,0000 0,0000
guarantee 1,3093 0,0003
enemy 3,5066 0,0015
azhar 3,9120 0,0008
default 0,6931 0,0001
halderman 4,6052 0,0010
vendor 1,1087 0,0005
wgmonthname 0,0000 0,0000
advertisement 2,2073 0,0005
rram 3,9120 0,0008
disabled 0,0000 0,0000
attribute 0,7765 0,0002
mechanism 0,7550 0,0003
websockets 2,8134 0,0006
timestamp 0,0000 0,0000
scaling 2,0402 0,0004
bandwidth 2,3026 0,0005
forecasting 2,6593 0,0006
silly 4,6052 0,0010
black 1,5141 0,0003
nest 1,7720 0,0004
rios 4,6052 0,0010
cyberobject 4,6052 0,0010
such 0,0943 0,0000
cnet 1,7720 0,0004
autoconfiguration 4,6052 0,0010
preishuber 4,6052 0,0010
describe 0,2485 0,0002
technological 1,9661 0,0004
harpercollins 3,9120 0,0008
intercontinental 4,6052 0,0010
florida 3,2189 0,0007
administration 1,2730 0,0003
sterling 4,6052 0,0010
remains 3,9120 0,0008
philip 1,8971 0,0004
microsoft 0,4005 0,0001
operator 1,1712 0,0003
research 0,5621 0,0001
sciences 1,9661 0,0004
davos 4,6052 0,0010
white 0,0305 0,0000
cambridge 1,5141 0,0003
huge 1,8326 0,0004
town 2,8134 0,0006
might 0,7340 0,0002
engineering 0,3857 0,0001
lennox 3,9120 0,0008
imaging 2,5257 0,0005
decrease 2,1203 0,0005
micropython 3,9120 0,0008
fields 2,2073 0,0005
next 0,5798 0,0001
blind 2,4079 0,0005
color 0,0101 0,0000
hidden 1,6094 0,0003
occupy 2,6593 0,0006
submit 1,6094 0,0003
witkovski 4,6052 0,0010
summit 2,0402 0,0004
scalability 1,3093 0,0003
ebbits 4,6052 0,0010
hummus 4,6052 0,0010
not 0,0101 0,0000
shieh 4,6052 0,0010
central 0,9416 0,0002
now 0,4308 0,0001
statement 0,0000 0,0000
trademark 0,0101 0,0000
factor 1,1712 0,0003
wai 3,5066 0,0008
greek 0,0101 0,0000
news 0,4620 0,0001
green 1,3863 0,0003
josef 4,6052 0,0010
way 0,2485 0,0001
grey 2,4079 0,0005
massively 2,5257 0,0005
jeffrey 1,7148 0,0004
what 0,0000 0,0000
urban 2,6593 0,0006
furthermore 1,6607 0,0004
refer 0,4155 0,0002
israel 0,7550 0,0002
departmental 4,6052 0,0010
sofiene 4,6052 0,0010
pantea 4,6052 0,0010
risk 0,8916 0,0006
gpgpu 3,2189 0,0007
rise 1,2379 0,0005
occupant 3,5066 0,0008
tostring 3,9120 0,0008
scholten 4,6052 0,0010
container 0,0000 0,0000
play 1,1712 0,0005
prashanth 3,9120 0,0008
charles 1,2730 0,0003
tinyos 3,9120 0,0008
decide 0,9943 0,0004
issues 2,5257 0,0005
lexology 4,6052 0,0010
merritt 4,6052 0,0010
nearby 0,0000 0,0000
when 0,0834 0,0000
synonymous 3,5066 0,0008
fan 2,5257 0,0005
far 1,2730 0,0003
yousef 4,6052 0,0010
catch 2,0402 0,0004
embed 0,9163 0,0004
xiong 3,9120 0,0008
plan 0,7985 0,0003
dashboard 2,0402 0,0004
give 0,4780 0,0002
wgmediavieweronclick 0,0000 0,0000
wgulsposition 0,0000 0,0000
melayu 0,6349 0,0001
arnaud 4,6052 0,0010
wgbreakframe 0,0000 0,0000
utilize 1,7148 0,0011
italiano 0,1278 0,0000
completely 1,4271 0,0003
volle 4,6052 0,0010
denial 2,3026 0,0005
enabler 4,6052 0,0020
uclibc 3,2189 0,0007
study 0,9416 0,0004
portion 1,5141 0,0003
direct 0,8440 0,0002
srikanth 4,6052 0,0010
commons 0,0000 0,0000
gain 0,8916 0,0006
ferraris 4,6052 0,0010
confuse 1,2040 0,0005
modern 0,7340 0,0002
web 0,1165 0,0001
wei 2,5257 0,0005
proactionary 3,9120 0,0008
berlin 1,8326 0,0004
kovach 3,9120 0,0008
diam 4,6052 0,0010
reddipalli 4,6052 0,0010
fda 3,2189 0,0007
topol 4,6052 0,0010
guiping 4,6052 0,0010
electricity 2,8134 0,0006
continuously 1,8326 0,0004
great 0,8675 0,0002
wrong 2,1203 0,0005
transhumanism 3,9120 0,0008
crespi 4,6052 0,0010
waghole 4,6052 0,0010
grid 1,4697 0,0006
organization 0,0000 0,0000
width 0,0000 0,0000
sorour 4,6052 0,0010
proactively 4,6052 0,0010
netduino 4,6052 0,0010
certain 0,6162 0,0001
board 1,0217 0,0004
economic 1,6607 0,0004
statistics 0,0000 0,0000
tesla 2,6593 0,0006
disability 2,8134 0,0006
section 0,7340 0,0003
constantly 2,4079 0,0005
bahareh 4,6052 0,0010
precedence 3,2189 0,0007
centralized 1,9661 0,0004
kandil 4,6052 0,0010
notification 1,8971 0,0004
protocol 0,5621 0,0002
overflow 0,3567 0,0001
orlando 3,5066 0,0008
raji 4,6052 0,0010
crump 4,6052 0,0010
visible 0,0101 0,0000
orient 0,5447 0,0001
survival 2,8134 0,0006
market 0,9943 0,0004
obsolescence 3,5066 0,0008
effect 0,8440 0,0002
keep 0,6733 0,0003
cruise 3,5066 0,0008
producer 2,6593 0,0006
topic 0,0000 0,0000
automotive 1,8971 0,0004
who 0,5621 0,0001
politics 2,3026 0,0005
game 0,7765 0,0002
handbook 1,7148 0,0004
pacemaker 3,9120 0,0008
scuotto 4,6052 0,0010
crucial 2,1203 0,0005
unveil 2,3026 0,0005
contribute 0,0000 0,0000
why 0,6539 0,0001
necessarily 1,7720 0,0004
integrated 1,2379 0,0003
sudipta 4,6052 0,0010
alone 1,7148 0,0004
along 0,7340 0,0002
parallel 1,1087 0,0002
structural 1,7720 0,0004
wii 4,6052 0,0010
david 0,5798 0,0001
win 1,7148 0,0004
racetrack 3,9120 0,0008
breach 1,6094 0,0003
electric 2,8134 0,0006
munitions 3,9120 0,0008
mattern 4,6052 0,0010
terminal 1,7720 0,0004
surpass 2,3026 0,0005
various 0,3857 0,0001
attention 1,7148 0,0004
visit 0,0408 0,0000
reduction 2,2073 0,0005
politico 3,9120 0,0008
user 0,0000 0,0000
oneself 4,6052 0,0010
extent 1,7720 0,0004
parent 1,8326 0,0004
workday 2,3026 0,0005
bring 0,9676 0,0004
tooltip 0,8675 0,0002
fit 1,6607 0,0004
robot 2,1203 0,0009
claus 3,5066 0,0008
fix 0,5108 0,0001
warfare 2,5257 0,0005
manufacturing 2,2073 0,0005
assumption 1,8971 0,0004
finality 3,9120 0,0008
outlet 3,5066 0,0008
addition 0,6733 0,0001
xinxin 4,6052 0,0010
revolutionize 3,2189 0,0014
grow 0,8675 0,0006
kotaro 4,6052 0,0010
hamam 4,6052 0,0010
ramp 3,9120 0,0008
engineers 2,5257 0,0005
elie 4,6052 0,0010
extend 0,6162 0,0003
imageobject 0,0000 0,0000
broadband 4,6052 0,0010
ukraine 2,8134 0,0006
consideration 1,5606 0,0007
tgsm 4,6052 0,0010
compression 1,5141 0,0003
gerald 3,2189 0,0007
be 0,1508 0,0001
prove 1,3093 0,0008
consequently 2,1203 0,0005
expansiondepth 0,0000 0,0000
cardwell 4,6052 0,0010
multinational 3,5066 0,0008
communications 1,2040 0,0003
search 0,0000 0,0000
metaphor 2,9957 0,0006
spacing 0,0619 0,0000
systems 0,4780 0,0001
wgrelevantpagename 0,0000 0,0000
popularity 1,3093 0,0003
arxiv 1,3471 0,0003
innovation 1,2379 0,0003
shqip 0,6931 0,0001
predictive 2,5257 0,0005
lorenzo 3,2189 0,0007
food 2,0402 0,0004
actor 2,5257 0,0005
ella 4,6052 0,0010
wgaction 0,0000 0,0000
interview 1,5606 0,0003
sadek 4,6052 0,0010
essential 1,1087 0,0002
font 0,0000 0,0000
conveyor 3,9120 0,0008
emamdoost 4,6052 0,0010
expenditure 3,9120 0,0008
scalable 1,5141 0,0003
language 0,0000 0,0000
do 0,1625 0,0001
exploratory 2,1203 0,0005
vend 4,6052 0,0010
caregiver 4,6052 0,0010
startup 1,2040 0,0003
rare 1,8971 0,0004
won 4,6052 0,0010
justin 2,3026 0,0005
warning 1,8326 0,0008
khaled 3,5066 0,0008
criticism 1,1394 0,0002
heating 3,9120 0,0008
michel 3,2189 0,0007
ed 1,5141 0,0003
image 0,0202 0,0000
spyridon 4,6052 0,0010
atomtronic 3,9120 0,0008
motherboard 2,6593 0,0006
rehmani 4,6052 0,0010
zakir 4,6052 0,0010
profound 2,6593 0,0006
wiley 1,1712 0,0003
kataoka 4,6052 0,0010
electromagnetic 3,5066 0,0008
piece 1,4271 0,0003
burst 2,6593 0,0006
carry 1,4271 0,0006
jenson 3,9120 0,0008
refrigerator 3,5066 0,0008
necessity 2,9957 0,0006
fog 3,9120 0,0008
indin 4,6052 0,0010
venue 3,9120 0,0008
hadke 4,6052 0,0010
jumbled 4,6052 0,0010
chipless 3,9120 0,0008
origin 0,0000 0,0000
clash 4,6052 0,0010
augmentation 2,6593 0,0006
india 1,4271 0,0003
content 0,0000 0,0000
random 0,0000 0,0000
abbeel 3,5066 0,0008
javaid 3,5066 0,0008
seifeddine 4,6052 0,0010
alert 1,8326 0,0008
rate 1,2730 0,0003
terminology 1,7148 0,0004
deduce 3,2189 0,0007
dina 3,2189 0,0007
trouble 2,9957 0,0006
divide 1,4271 0,0006
buildroot 4,6052 0,0010
class 0,0000 0,0000
gehomepagesuggestededitsenabletopic 0,0000 0,0000
reporting 2,1203 0,0005
digital 0,6162 0,0001
comcast 4,6052 0,0010
gamble 3,9120 0,0008
go 0,9943 0,0004
specification 0,7133 0,0003
counter 0,0408 0,0000
viana 4,6052 0,0010
form 0,3011 0,0001
management 0,2231 0,0000
publish 0,4463 0,0002
he 0,6733 0,0001
stefano 3,5066 0,0008
reston 4,6052 0,0010
assign 1,2730 0,0003
homepage 2,9957 0,0006
vitesse 4,6052 0,0010
very 0,5978 0,0001
practice 0,6349 0,0003
minhaj 4,6052 0,0010
congress 2,3026 0,0005
geneva 2,9957 0,0006
hansson 3,5066 0,0008
canadian 2,2073 0,0005
madani 4,6052 0,0010
legislative 3,2189 0,0007
relationships 3,5066 0,0008
ocf 4,6052 0,0010
wsn 4,6052 0,0010
william 1,7148 0,0004
four 0,9676 0,0002
vessel 4,6052 0,0020
context 0,5978 0,0001
https 2,3026 0,0005
portal 0,0000 0,0000
manipulation 1,1712 0,0005
usenix 2,5257 0,0005
french 2,3026 0,0005
likely 1,3471 0,0003
issue 0,3425 0,0002
kern 0,0101 0,0000
lower 2,2073 0,0005
metal 2,4079 0,0005
qusay 4,6052 0,0010
jaime 3,9120 0,0008
rossana 4,6052 0,0010
announce 0,6733 0,0003
odd 0,0943 0,0000
somebody 3,5066 0,0008
traditional 0,7985 0,0002
celsius 3,9120 0,0008
icghit 4,6052 0,0010
contrast 0,9416 0,0002
remotely 2,4079 0,0005
become 0,2877 0,0002
alena 4,6052 0,0010
enwiki 0,0619 0,0000
mediate 2,8134 0,0006
camero 4,6052 0,0010
eventually 1,1394 0,0002
harwood 4,6052 0,0010
subscription 0,0101 0,0000
disposal 3,2189 0,0007
literature 1,9661 0,0004
postscape 4,6052 0,0010
library 0,3857 0,0001
ftc 2,6593 0,0006
digest 2,9957 0,0006
ability 0,7340 0,0003
eddy 3,5066 0,0008
camera 2,2073 0,0010
belief 2,4079 0,0005
cyberethics 3,9120 0,0008
avatar 3,9120 0,0008
off 0,8916 0,0002
sternberg 4,6052 0,0010
complete 0,4780 0,0001
panopticism 4,6052 0,0010
transaction 1,0217 0,0004
hvac 4,6052 0,0010
imran 3,5066 0,0008
bitbake 4,6052 0,0010
political 2,3026 0,0005
mahdavinejad 4,6052 0,0010
ogc 4,6052 0,0010
bibcode 1,6094 0,0003
wgcanonicalspecialpagename 0,0000 0,0000
while 0,2614 0,0001
second 0,0408 0,0000
that 0,5108 0,0001
edge 1,2379 0,0003
thao 4,6052 0,0010
wwu 4,6052 0,0010
morgan 1,7720 0,0004
sufficient 1,7148 0,0004
than 0,2357 0,0001
limit 0,0000 0,0000
claim 0,9676 0,0002
credibility 3,9120 0,0008
widespread 1,3093 0,0003
communication 0,6162 0,0003
unplanned 4,6052 0,0010
chronic 3,5066 0,0008
gigaom 2,8134 0,0006
mihalcik 4,6052 0,0010
toxic 3,2189 0,0007
raza 4,6052 0,0010
foothold 3,9120 0,0008
author 0,0000 0,0000
meter 3,2189 0,0014
philippe 3,2189 0,0007
expansion 0,0619 0,0000
amazon 1,0498 0,0002
daniel 1,2040 0,0003
license 0,0000 0,0000
expand 0,0101 0,0000
brickley 4,6052 0,0010
coap 4,6052 0,0010
dish 3,9120 0,0008
prediction 2,4079 0,0005
retrieve 0,0000 0,0000
survey 0,9416 0,0004
disc 2,0402 0,0004
kodak 4,6052 0,0010
datum 0,0408 0,0000
heat 2,4079 0,0010
carly 3,9120 0,0008
importer 3,9120 0,0008
newark 4,6052 0,0010
code 0,0000 0,0000
legacy 1,5141 0,0003
student 1,4271 0,0003
barebox 4,6052 0,0010
oic 3,9120 0,0008
madeingermany 4,6052 0,0010
sean 1,9661 0,0004
underdeveloped 4,6052 0,0010
investigate 1,9661 0,0004
storage 0,3711 0,0001
head 0,7765 0,0003
productivity 1,8971 0,0004
ciics 4,6052 0,0010
deutsch 0,0943 0,0000
proposition 2,9957 0,0013
backend 1,7720 0,0004
brick 3,2189 0,0007
huiling 4,6052 0,0010
brief 1,5606 0,0003
coca 3,9120 0,0008
batteries 4,6052 0,0010
montenegro 4,6052 0,0010
purview 4,6052 0,0010
intelligent 1,7720 0,0004
andrade 4,6052 0,0010
drew 3,9120 0,0008
ipso 4,6052 0,0010
equip 2,8134 0,0012
manuscript 2,9957 0,0006
ecosystems 3,9120 0,0008
srinivas 3,9120 0,0008
miori 4,6052 0,0010
architectures 1,4697 0,0003
stallings 3,9120 0,0008
increasingly 1,4271 0,0003
strategic 2,0402 0,0004
readily 2,6593 0,0006
salah 3,5066 0,0008
adaptation 2,3026 0,0005
downfall 4,6052 0,0010
eula 3,9120 0,0008
geoff 2,9957 0,0006
khelloufi 4,6052 0,0010
discipline 1,1712 0,0003
luasandbox 1,4271 0,0003
stakeholder 1,8971 0,0004
walsh 3,5066 0,0008
varvarigou 4,6052 0,0010
extremely 1,7720 0,0004
l'internet 4,6052 0,0010
engines 1,3471 0,0003
luong 4,6052 0,0010
estimate 1,3863 0,0006
anselmo 4,6052 0,0010
blending 4,6052 0,0010
expiry 0,0619 0,0000
minerva 0,0101 0,0000
noel 2,9957 0,0006
brand 0,0000 0,0000
foreword 3,2189 0,0007
recent 0,0000 0,0000
they 0,0619 0,0000
proposal 1,6094 0,0003
github 0,7340 0,0002
implantable 4,6052 0,0010
edit 0,0000 0,0000
old 0,8675 0,0002
decentralized 2,3026 0,0005
smartthings 4,6052 0,0010
thombare 4,6052 0,0010
kindai 3,9120 0,0008
node 0,0305 0,0000
cognitive 1,8326 0,0004
concepts 1,1394 0,0002
adopt 0,9163 0,0006
javier 3,5066 0,0008
austria 4,6052 0,0010
bridge 1,8971 0,0008
cense 4,6052 0,0010
device 0,7550 0,0003
arkian 4,6052 0,0010
oma 4,6052 0,0010
ashish 3,5066 0,0008
conference 0,3425 0,0001
activity 0,9943 0,0004
chong 3,9120 0,0008
pune 4,6052 0,0010
mohammadreza 4,6052 0,0010
seek 1,4697 0,0006
variety 0,9943 0,0002
george 1,6607 0,0004
lecture 1,6094 0,0003
samuel 2,4079 0,0005
thompson 1,8326 0,0004
vector 0,0000 0,0000
liam 2,8134 0,0006
pump 3,5066 0,0015
caution 3,5066 0,0008
conext 4,6052 0,0010
mahmud 3,9120 0,0008
cachereport 0,0000 0,0000
suranaree 4,6052 0,0010
pretitle 1,3471 0,0003
decision 0,8675 0,0004
necessary 0,8440 0,0002
demiris 4,6052 0,0010
almquist 4,6052 0,0010
one 0,0943 0,0000
closes 4,6052 0,0010
bosanski 0,8916 0,0002
connected 3,5066 0,0008
single 0,3147 0,0001
entityaccesscount 0,0000 0,0000
pull 1,5606 0,0003
deepak 4,6052 0,0010
onu 4,6052 0,0010
assist 1,8971 0,0008
closed 1,7720 0,0004
kirsten 3,9120 0,0008
sven 3,9120 0,0008
partially 1,8971 0,0004
country 1,3863 0,0003
multiplexed 4,6052 0,0010
commercial 0,8440 0,0002
separate 0,6162 0,0001
loader 1,8971 0,0004
reasonable 2,1203 0,0005
ambiguity 2,4079 0,0005
zhong 3,2189 0,0007
awareness 2,8134 0,0006
longevity 3,9120 0,0008
military 2,1203 0,0005
ensure 0,7985 0,0003
this 0,1278 0,0000
akkari 4,6052 0,0010
norsk 0,3285 0,0001
crowdsensing 4,6052 0,0010
memusage 0,0000 0,0000
brake 3,5066 0,0008
ahmadi 4,6052 0,0010
extract 1,7720 0,0004
blockchain 2,0402 0,0004
bukhari 4,6052 0,0010
failure 1,1087 0,0005
proquest 4,6052 0,0010
solve 0,9416 0,0004
know 0,2231 0,0001
support 0,1393 0,0001
coin 1,6094 0,0003
embb 4,6052 0,0010
polski 0,1165 0,0000
privacy 0,0000 0,0000
vehicles 3,5066 0,0008
learning 0,8916 0,0002
perpetuate 4,6052 0,0010
life 0,9416 0,0004
we 1,3093 0,0003
cola 3,9120 0,0008
jussi 3,9120 0,0008
interoperable 3,2189 0,0007
neuroethic 3,9120 0,0008
nikhil 4,6052 0,0010
gap 1,2040 0,0003
screw 3,9120 0,0008
dang 3,9120 0,0008
lidar 3,5066 0,0008
extensible 1,8326 0,0004
ubicomp 4,6052 0,0010
wide 0,6539 0,0003
regime 3,5066 0,0008
coke 4,6052 0,0010
honda 3,9120 0,0008
argue 1,4271 0,0009
directive 1,8971 0,0004
alastair 3,9120 0,0008
daunt 3,9120 0,0008
jayant 4,6052 0,0010
wgarticleid 0,0000 0,0000
pagelanguagedir 0,0000 0,0000
location 0,9943 0,0004
anthony 2,1203 0,0005
accessory 3,2189 0,0007
antenna 3,9120 0,0008
ecosystem 1,2040 0,0005
osi 3,2189 0,0007
software 0,0000 0,0000
cybermethodology 3,9120 0,0008
cong 3,9120 0,0008
none 0,0101 0,0000
type 0,0000 0,0000
april 0,0000 0,0000
beyond 1,0217 0,0002
troops 3,9120 0,0008
problem 0,3285 0,0001
fpga 2,6593 0,0006
optimization 0,8916 0,0002
connection 0,9676 0,0004
proof 1,7148 0,0004
presence 1,3471 0,0003
phase 1,2379 0,0003
researcher 1,3093 0,0003
method 0,3147 0,0001
come 0,4155 0,0001
smartest 4,6052 0,0010
iphone 2,9957 0,0006
push 0,0000 0,0000
sousa 3,9120 0,0008
exist 0,4155 0,0003
innovative 2,4079 0,0005
gdr 4,6052 0,0010
fabric 3,2189 0,0014
exact 1,5606 0,0003
unemployment 3,2189 0,0007
indoor 3,9120 0,0008
nationwide 3,2189 0,0007
force 1,0217 0,0004
nanotube 3,9120 0,0008
arpan 4,6052 0,0010
hossain 3,9120 0,0008
south 1,9661 0,0004
hamid 4,6052 0,0010
minteer 4,6052 0,0010
distribution 0,8916 0,0002
capacity 1,7148 0,0004
cope 2,9957 0,0006
out 0,0000 0,0000
geo 2,8134 0,0006
cached 0,4463 0,0001
get 0,0000 0,0000
dark 0,0101 0,0000
quang 4,6052 0,0010
tsusho 3,9120 0,0008
copy 1,1712 0,0003
mediation 4,6052 0,0010
power 0,6733 0,0006
precise 2,6593 0,0006
sprinkler 3,9120 0,0008
danish 3,2189 0,0007
sell 1,3471 0,0009
pickup 4,6052 0,0010
claise 4,6052 0,0010
transformation 1,5606 0,0003
help 0,0000 0,0000
depth 0,0000 0,0000
massive 1,8326 0,0004
chengyu 4,6052 0,0010
additionally 1,0498 0,0002
self 0,7133 0,0002
asset 2,0402 0,0009
architectural 1,5141 0,0003
sharealike 0,0000 0,0000
date 0,3011 0,0001
dallas 3,5066 0,0008
hardening 3,9120 0,0008
connectable 4,6052 0,0010
reveal 1,5606 0,0003
data 0,0000 0,0000
theoretical 1,6094 0,0003
own 0,4780 0,0003
alexa 2,6593 0,0006
anton 3,9120 0,0008
blog 0,6349 0,0001
wollerton 4,6052 0,0010
drug 2,3026 0,0005
impetus 4,6052 0,0010
barrier 1,8326 0,0008
costa 3,2189 0,0007
xie 2,9957 0,0006
normative 3,5066 0,0008
create 0,0000 0,0000
publishers 2,1203 0,0005
criminal 2,2073 0,0005
activist 2,5257 0,0005
development 0,1278 0,0001
like 0,2231 0,0000
resource 0,4620 0,0002
earthquake 3,9120 0,0008
reusable 1,9661 0,0004
core 0,5621 0,0001
council 2,2073 0,0005
send 0,7550 0,0002
here 0,0000 0,0000
note 0,4155 0,0003
dave 1,5141 0,0003
challenges 1,6094 0,0003
purpose 0,5108 0,0002
line 0,0101 0,0000
link 0,0000 0,0000
scale 0,4943 0,0002
recovery 1,6607 0,0004
florence 3,5066 0,0008
collingridge 3,9120 0,0008
wima 4,6052 0,0010
security 0,3285 0,0001
contributor 0,0000 0,0000
organize 1,1712 0,0003
colbert 4,6052 0,0010
station 1,9661 0,0008
mohsen 3,5066 0,0008
guideway 4,6052 0,0010
davi 3,9120 0,0008
narten 4,6052 0,0010
nose 4,6052 0,0010
factory 2,0402 0,0004
fitchard 4,6052 0,0010
cost 0,6733 0,0003
will 0,2485 0,0001
implementation 0,3147 0,0001
smoke 2,8134 0,0006
ambiesense 4,6052 0,0010
follow 0,2744 0,0001
pmid 1,7720 0,0004
york 0,8440 0,0002
challenge 0,6162 0,0003
botnet 3,9120 0,0008
german 1,6607 0,0004
greenberg 2,6593 0,0006
bastos 4,6052 0,0010
numerous 1,3863 0,0003
wggelevelingupenabledforuser 0,0000 0,0000
remote 0,9163 0,0004
without 0,2744 0,0001
civilians 4,6052 0,0010
essentials 3,5066 0,0008
authorize 1,8326 0,0004
prison 3,9120 0,0008
organizational 1,8971 0,0004
trauma 3,5066 0,0008
thus 0,7550 0,0002
devices 1,9661 0,0004
barrista 4,6052 0,0010
belmondo 4,6052 0,0010
neutral 0,5447 0,0001
baker 3,5066 0,0008
analysis 0,5108 0,0001
rewrite 1,2040 0,0003
feamster 4,6052 0,0010
sender 2,3026 0,0005
deering 4,6052 0,0010
linz 4,6052 0,0010
much 0,6931 0,0001
wind 2,8134 0,0006
chapter 1,1712 0,0003
commodity 2,4079 0,0005
achieve 0,7985 0,0002
gsub 1,7148 0,0004
hendricks 4,6052 0,0010
wesley 0,8675 0,0002
rethinking 3,9120 0,0008
lakhwani 4,6052 0,0010
jailbreak 3,5066 0,0015
headline 0,0000 0,0000
huang 2,8134 0,0006
fertilization 3,9120 0,0008
union 1,3093 0,0003
adopter 2,6593 0,0006
printing 2,5257 0,0005
transientcontent 0,0000 0,0000
carrasco 3,9120 0,0008
nitti 4,6052 0,0010
subtle 0,3285 0,0001
component 0,3147 0,0001
suite 1,2040 0,0003
idhash 0,0619 0,0000
timeline 1,0788 0,0002
wrap 0,0101 0,0000
yours 3,5066 0,0008
novel 2,2073 0,0005
standard 0,2357 0,0001
taipei 3,9120 0,0008
lito 4,6052 0,0010
refoufi 4,6052 0,0010
dominate 2,3026 0,0005
barekatain 4,6052 0,0010
compute 0,6733 0,0001
wish 1,8971 0,0004
institution 2,0402 0,0004
ambition 3,2189 0,0007
exceed 1,7148 0,0004
fullversionlist 0,0000 0,0000
pal 3,5066 0,0008
pan 3,2189 0,0007
voas 4,6052 0,0010
area 0,7985 0,0003
pax 2,9957 0,0006
european 1,3471 0,0003
dishwasher 3,9120 0,0008
pay 1,1712 0,0003
enormous 2,8134 0,0006
moisture 3,9120 0,0008
davies 2,6593 0,0006
list 0,0000 0,0000
andrew 1,0498 0,0002
governmental 2,8134 0,0006
lack 0,5447 0,0001
estefania 4,6052 0,0010
external 0,1863 0,0000
wire 1,8326 0,0004
labs 1,2730 0,0003
circumstance 2,2073 0,0005
ucla 3,5066 0,0008
revise 1,8326 0,0004
success 1,2379 0,0003
authority 0,4780 0,0001
tolkien 4,6052 0,0010
child 0,0202 0,0000
legislature 4,6052 0,0010
unclassified 3,5066 0,0008
homeos 3,9120 0,0008
semiconductor 3,9120 0,0008
germany 0,5798 0,0001
instrument 2,5257 0,0005
xsf 4,6052 0,0010
medium 1,4271 0,0003
interface 0,2485 0,0001
mohammadi 3,9120 0,0008
bruch 3,9120 0,0008
samsung 2,2073 0,0005
wgisprobablyeditable 0,0000 0,0000
standardized 1,8971 0,0004
compiler 1,3093 0,0003
bruce 1,8326 0,0004
live 1,1712 0,0005
alberto 3,2189 0,0007
authorise 4,6052 0,0020
mobile 0,0000 0,0000
perform 0,4463 0,0002
evolution 1,3471 0,0003
fuqaha 4,6052 0,0010
adeoye 4,6052 0,0010
moorhead 4,6052 0,0010
pdf 0,0000 0,0000
china 1,6094 0,0003
battlefield 3,9120 0,0008
service 0,1393 0,0001
there 0,2614 0,0001
magazine 0,9943 0,0002
ximeng 4,6052 0,0010
oliveira 4,6052 0,0010
smartdata 4,6052 0,0010
channel 1,3863 0,0003
mizokami 4,6052 0,0010
focus 0,6733 0,0003
invisible 2,3026 0,0005
american 0,8440 0,0002
entire 0,8675 0,0002
implant 3,2189 0,0007
approach 0,3711 0,0002
ultra 2,9957 0,0006
wiring 4,6052 0,0010
muld 4,6052 0,0010
kofi 4,6052 0,0010
per 0,8440 0,0002
write 0,1508 0,0001
heinemann 4,6052 0,0010
oscar 4,6052 0,0010
fiber 2,6593 0,0006
amorphous 3,9120 0,0008
aria 0,0000 0,0000
musical 2,9957 0,0006
bioethics 3,9120 0,0008
corporation 1,0498 0,0002
ephemeralization 3,9120 0,0008
understand 0,6162 0,0004
birth 2,5257 0,0005
theodora 4,6052 0,0010
intelligence 0,8916 0,0002
ever 1,3863 0,0003
million 0,9416 0,0004
zeroconf 4,6052 0,0010
even 0,0513 0,0000
install 1,3093 0,0003
analyze 1,2040 0,0008
pratap 4,6052 0,0010
integration 0,4620 0,0001
esperanto 0,7133 0,0002
tagline 0,0000 0,0000
nadra 3,9120 0,0008
bulk 2,5257 0,0005
guo 3,5066 0,0008
regexp 0,0000 0,0000
hundred 1,4271 0,0003
wait 1,8326 0,0004
circuit 1,6607 0,0004
wgeditsubmitbuttonlabelpublish 0,0000 0,0000
egyptian 3,9120 0,0008
functionality 0,6539 0,0003
rezvan 4,6052 0,0010
ahmadreza 4,6052 0,0010
instant 2,5257 0,0005
prevalence 3,5066 0,0008
legislate 4,6052 0,0010
native 0,8916 0,0002
peer 1,8971 0,0004
arlo 4,6052 0,0010
hajoon 3,9120 0,0008
monday 3,5066 0,0008
gilbert 3,5066 0,0008
particularly 0,9943 0,0002
robust 2,0402 0,0004
dominant 1,7148 0,0004
homebrew 2,8134 0,0006
inconsistent 3,2189 0,0007
opportunities 2,2073 0,0005
wgnamespacenumber 0,0000 0,0000
framework 0,2877 0,0001
hacker 1,3471 0,0006
caucus 4,6052 0,0010
wgwmepagelength 0,0000 0,0000
entity 0,0101 0,0000
santin 3,9120 0,0008
phy 3,9120 0,0008
covid 1,8326 0,0004
enablement 3,5066 0,0008
expensivefunctioncount 0,0000 0,0000
zhaoquan 4,6052 0,0010
hyperlinking 4,6052 0,0010
lukac 4,6052 0,0010
associate 0,6931 0,0001
hacking 2,5257 0,0005
preprocess 2,4079 0,0005
laurent 3,2189 0,0007
pin 0,0000 0,0000
tudorica 4,6052 0,0010
whether 0,7765 0,0002
matthew 1,9661 0,0004
overkill 4,6052 0,0010
surge 2,3026 0,0005
liability 3,5066 0,0008
swan 3,9120 0,0008
gatouillat 4,6052 0,0010
pcache 0,0619 0,0000
udawant 4,6052 0,0010
army 2,9957 0,0006
quantify 2,9957 0,0006
clinical 2,5257 0,0005
simplified 2,6593 0,0006
ethic 2,5257 0,0005
october 0,0000 0,0000
santucci 4,6052 0,0010
basic 0,6539 0,0001
twist 2,6593 0,0006
ahmed 3,2189 0,0007
complication 0,0513 0,0000
latency 1,7720 0,0004
unclear 2,9957 0,0006
policies 3,9120 0,0008
cause 0,6162 0,0003
combat 2,6593 0,0006
mehmet 3,9120 0,0008
jquery 0,0000 0,0000
pursue 2,6593 0,0006
tier 1,7720 0,0008
pedro 2,4079 0,0005
intended 2,6593 0,0006
design 0,1393 0,0001
land 2,4079 0,0005
working 1,3471 0,0003
department 1,3863 0,0003
lane 3,2189 0,0007
chief 1,6607 0,0004
liberties 3,9120 0,0008
plc 2,8134 0,0006
accord 0,5108 0,0001
veira 4,6052 0,0010
tien 4,6052 0,0010
automatic 1,2379 0,0003
doubtful 4,6052 0,0010
lamp 3,5066 0,0008
despite 1,3093 0,0003
cyber 2,5257 0,0005
encyclopedia 0,0000 0,0000
conduct 0,0000 0,0000
jessica 2,8134 0,0006
livelihood 4,6052 0,0010
remotes 4,6052 0,0010
formerly 1,2040 0,0003
wall 1,7148 0,0007
barandun 4,6052 0,0010
abovebelow 0,0943 0,0000
pmc 1,8971 0,0004
niyato 4,6052 0,0010
password 1,7720 0,0004
jiajia 4,6052 0,0010
recycle 3,9120 0,0008
lovejoy 4,6052 0,0010
meeting 1,7720 0,0004
schoening 4,6052 0,0010
want 0,8675 0,0002
forecast 1,8971 0,0004
recognize 1,3471 0,0006
warehouse 2,2073 0,0005
mediawiki 1,0788 0,0002
input 0,0000 0,0000
musl 3,5066 0,0008
wani 4,6052 0,0010
wang 2,1203 0,0005
stanford 2,1203 0,0005
difference 0,8916 0,0002
reality 1,5141 0,0003
must 0,4620 0,0001
styles 3,2189 0,0007
unpinned 0,0000 0,0000
sophisticated 1,8326 0,0004
scanning 2,4079 0,0005
ward 2,3026 0,0010
lorawan 4,6052 0,0010
accident 3,9120 0,0017
incompatible 1,9661 0,0004
routine 1,8326 0,0004
defense 2,0402 0,0004
encrypt 1,5141 0,0003
peng 3,5066 0,0008
cavforth 4,6052 0,0010
multifaceted 3,9120 0,0008
munish 4,6052 0,0010
trillion 2,6593 0,0006
colombia 3,9120 0,0008
datepublished 0,0000 0,0000
pend 2,4079 0,0005
receive 0,7340 0,0003
yao 3,9120 0,0008
yan 2,5257 0,0005
yacht 4,6052 0,0010
ziegeldorf 4,6052 0,0010
bradai 4,6052 0,0010
domoticz 4,6052 0,0010
queuing 3,5066 0,0008
pontin 4,6052 0,0010
consortium 1,8326 0,0004
goods 2,6593 0,0006
juan 2,9957 0,0006
align 0,0101 0,0000
secure 1,0217 0,0007
spektrum 4,6052 0,0010
late 0,4155 0,0002
school 1,5141 0,0003
continue 0,6931 0,0003
informationweek 2,3026 0,0005
scheduling 1,5606 0,0003
things 3,5066 0,0008
immense 3,2189 0,0007
realize 1,9661 0,0013
unlock 2,4079 0,0005
last 0,0000 0,0000
imageright 0,2614 0,0001
muzzley 4,6052 0,0010
adapt 1,4271 0,0003
insufficient 2,4079 0,0005
mozilla 1,8326 0,0004
weight 0,0101 0,0000
pro 1,6094 0,0003
warn 2,2073 0,0005
measure 0,9416 0,0002
institutional 2,9957 0,0006
proximity 3,2189 0,0007
junade 4,6052 0,0010
maritime 4,6052 0,0010
compatibility 0,9416 0,0002
effort 0,8916 0,0004
video 0,8210 0,0004
wave 2,2073 0,0005
anything 2,1203 0,0005
madhusudhan 4,6052 0,0010
mirai 4,6052 0,0010
agriculture 2,9957 0,0006
pst 3,9120 0,0008
ecology 2,9957 0,0006
abdelhak 4,6052 0,0010
ardiri 4,6052 0,0010
charlier 4,6052 0,0010
early 0,4308 0,0001
icacte 4,6052 0,0010
overview 0,5447 0,0001
disease 2,9957 0,0013
yet 1,1087 0,0002
configure 1,3093 0,0006
iccais 4,6052 0,0010
windows 0,7985 0,0002
engineer 0,7765 0,0005
disposable 3,9120 0,0008
generic 1,4697 0,0003
alike 3,5066 0,0008
hdl 1,6094 0,0003
infrastructure 0,6733 0,0003
wikimedia 0,0000 0,0000
time 0,0000 0,0000
atzori 4,6052 0,0010
configurable 2,8134 0,0006
gateway 2,0402 0,0009
pittman 4,6052 0,0010
pricing 2,0402 0,0004
applications 1,3093 0,0003
bicchierai 3,5066 0,0008
signalized 4,6052 0,0010
program 0,2614 0,0002
continually 2,6593 0,0006
put 0,9416 0,0002
millimeter 4,6052 0,0010
pete 2,9957 0,0006
carbon 1,8971 0,0004
options 4,6052 0,0010
tran 3,5066 0,0008
struggle 2,5257 0,0005
identifier 1,4697 0,0006
pest 3,9120 0,0008
sensorthings 4,6052 0,0010
standalone 2,0402 0,0004
infancy 3,9120 0,0008
slaven 4,6052 0,0010
ambulance 4,6052 0,0010
philosophy 1,1712 0,0003
gillis 3,9120 0,0008
chris 1,2040 0,0003
iiot 4,6052 0,0010
light 1,3093 0,0006
passenger 2,1203 0,0005
baptiste 3,9120 0,0008
valuable 2,3026 0,0005
infection 3,2189 0,0007
formulate 2,5257 0,0005
wgcheckuserclienthintsheadersjsapi 0,0000 0,0000
sagar 3,9120 0,0008
nicky 3,9120 0,0008
actuate 3,9120 0,0008
layer 0,7340 0,0003
nanocomputer 4,6052 0,0010
smart 1,2379 0,0005
techignite 3,9120 0,0008
arduino 3,2189 0,0007
timingprofile 0,0000 0,0000
theme 0,0000 0,0000
ledger 2,8134 0,0006
editor 0,0000 0,0000
postexpandincludesize 0,0000 0,0000
chain 1,3471 0,0006
disclosure 2,5257 0,0005
chai 4,6052 0,0010
busybox 3,9120 0,0008
efficient 1,0217 0,0002
unify 2,4079 0,0005
wowmom 4,6052 0,0010
unfortunately 3,9120 0,0008
consistent 1,1712 0,0003
piedad 4,6052 0,0010
addressability 3,5066 0,0008
unsourced 0,5621 0,0001
january 0,0000 0,0000
permanent 0,0000 0,0000
organized 2,9957 0,0006
choice 1,0498 0,0002
facility 1,0498 0,0002
narrowband 4,6052 0,0010
cham 2,5257 0,0005
beal 3,9120 0,0008
small 0,0305 0,0000
before 0,0305 0,0000
fiction 2,6593 0,0006
replace 0,7340 0,0002
xmpp 2,9957 0,0006
higginbotham 4,6052 0,0010
major 0,5621 0,0001
thermostat 3,2189 0,0014
emphasis 2,3026 0,0005
worldwide 1,4271 0,0003
bear 2,5257 0,0005
consider 0,4005 0,0003
potential 1,0788 0,0002
group 0,0408 0,0000
manually 1,5606 0,0003
dattatray 4,6052 0,0010
workshop 1,5606 0,0003
archive 0,0943 0,0000
flooding 4,6052 0,0010
history 0,0000 0,0000
gilles 3,9120 0,0008
eclipse 1,7720 0,0004
ersue 4,6052 0,0010
dincer 4,6052 0,0010
novell 3,2189 0,0007
classify 1,4271 0,0003
request 0,6733 0,0003
convergence 2,8134 0,0006
credentials 2,2073 0,0005
wgrestrictionedit 0,0000 0,0000
howard 2,8134 0,0006
numeric 1,8326 0,0004
inherently 2,3026 0,0005
wieland 4,6052 0,0010
percent 1,7720 0,0004
point 0,5447 0,0001
general 0,0000 0,0000
brewing 4,6052 0,0010
september 0,0000 0,0000
crippleware 4,6052 0,0010
gartner 2,3026 0,0005
hospital 3,9120 0,0017
dimension 2,2073 0,0005
wildlife 3,9120 0,0008
chen 1,7148 0,0004
padding 0,0000 0,0000
process 0,1625 0,0001
philosopher 3,5066 0,0008
alternative 0,6931 0,0001
clear 0,0101 0,0000
lipsky 4,6052 0,0010
clean 1,6094 0,0003
cymraeg 1,4697 0,0003
approve 1,7148 0,0004
mean 0,4463 0,0003
pedestrian 3,5066 0,0008
account 0,0000 0,0000
unforeseen 4,6052 0,0010
dansk 0,5798 0,0001
fielding 2,9957 0,0006
alphabet 2,4079 0,0005
advance 1,0788 0,0007
evaluation 1,3093 0,0003
actuator 4,6052 0,0020
chia 2,8134 0,0006
predictable 2,8134 0,0006
diverse 2,4079 0,0005
abbr 0,0619 0,0000
beer 2,9957 0,0006
schoenwaelder 4,6052 0,0010
you 0,0000 0,0000
jump 0,0000 0,0000
knowledge 0,7340 0,0002
webopedia 4,6052 0,0010
happen 1,3471 0,0009
kishore 4,6052 0,0010
michala 4,6052 0,0010
farahbakhsh 4,6052 0,0010
preference 2,0402 0,0004
active 0,7985 0,0002
july 0,0000 0,0000
opportunity 1,8326 0,0008
unintentionally 3,5066 0,0008
population 2,2073 0,0005
atlantic 2,6593 0,0006
route 1,6094 0,0003
valuation 2,8134 0,0006
nunez 4,6052 0,0010
agile 1,8971 0,0004
mmtc 4,6052 0,0010
hoc 2,4079 0,0005
parello 4,6052 0,0010
zurich 3,2189 0,0007
sustainable 2,0402 0,0004
hop 3,5066 0,0008
soil 3,9120 0,0008
autonomously 3,5066 0,0008
unsafe 2,3026 0,0005
characteristic 1,2379 0,0003
how 0,0834 0,0000
capability 0,7765 0,0002
peter 0,8210 0,0002
spark 1,7720 0,0004
affix 4,6052 0,0010
integral 2,4079 0,0005
farming 3,2189 0,0007
assembly 1,3471 0,0003
hearing 2,6593 0,0006
spare 2,6593 0,0006
chip 1,5141 0,0003
uncited 4,6052 0,0010
march 0,0000 0,0000
transition 1,5606 0,0003
qian 3,2189 0,0007
june 0,0000 0,0000
answer 1,5606 0,0003
meet 0,9163 0,0004
khizir 4,6052 0,0010
series 0,5798 0,0001
aging 4,6052 0,0010
analytic 1,4271 0,0003
asadullah 4,6052 0,0010
radiofrequency 4,6052 0,0010
promise 1,5141 0,0003
payam 4,6052 0,0010
autocapitalize 0,0000 0,0000
robotic 2,6593 0,0011
tale 4,6052 0,0010
hensel 4,6052 0,0010
outdated 2,8134 0,0006
vitry 4,6052 0,0010
wgpagename 0,0000 0,0000
talk 0,0000 0,0000
train 2,4079 0,0005
richard 0,9676 0,0002
dedicated 1,6094 0,0003
ingenu 4,6052 0,0010
commonly 0,6931 0,0001
planet 2,6593 0,0006
count 0,0513 0,0000
hatnote 0,2107 0,0000
scholar 1,3863 0,0003
marimuthu 4,6052 0,0010
pinnable 0,0000 0,0000
take 0,2877 0,0003
vision 1,1394 0,0002
cochran 3,9120 0,0008
confusion 2,1203 0,0005
goddijn 4,6052 0,0010
some 0,1744 0,0000
analytical 2,3026 0,0005
beginning 1,8326 0,0004
additional 0,0000 0,0000
editorials 4,6052 0,0010
aggregation 2,5257 0,0005
wearables 4,6052 0,0010
hsu 3,9120 0,0008
patroltoken 0,0000 0,0000
primarily 0,9943 0,0002
telecommunications 2,4079 0,0005
zdnet 1,4697 0,0003
alpha 0,0101 0,0000
diego 3,2189 0,0007
just 0,4943 0,0001
owner 1,3863 0,0006
asic 2,9957 0,0006
sdomo 4,6052 0,0010
bernhard 2,9957 0,0006
monitor 1,2040 0,0010
raymond 1,9661 0,0004
strictly 2,0402 0,0004
home 0,8675 0,0004
michael 0,7133 0,0002
print 0,0000 0,0000
nodes 3,9120 0,0008
tame 3,5066 0,0008
although 0,6162 0,0001
approximately 1,8971 0,0004
hub 1,9661 0,0008
material 0,7765 0,0002
regression 1,7720 0,0004
huh 4,6052 0,0010
injection 1,8326 0,0008
explain 1,1712 0,0003
basket 3,9120 0,0008
sood 4,6052 0,0010
therein 4,6052 0,0010
afnor 4,6052 0,0010
chandra 3,9120 0,0008
royalty 2,9957 0,0006
zhang 2,1203 0,0005
abudamis 4,6052 0,0010
collaborate 1,8971 0,0004
tracking 1,6607 0,0004
norwegian 2,9957 0,0006
executive 1,5606 0,0007
tablet 2,0402 0,0004
sony 2,8134 0,0006
guilin 4,6052 0,0010
sons 1,5606 0,0003
action 0,0000 0,0000
guidelines 1,8326 0,0004
kodake 4,6052 0,0010
spatial 2,4079 0,0005
ashour 4,6052 0,0010
song 2,5257 0,0005
rowayda 4,6052 0,0010
belt 3,2189 0,0007
fabrication 3,5066 0,0008
choo 4,6052 0,0010
sensitive 1,2730 0,0003
hood 2,5257 0,0005
loading 0,0000 0,0000
heavy 2,1203 0,0005
hong 2,8134 0,0006
centralised 3,9120 0,0008
sensitiveness 4,6052 0,0010
singh 2,5257 0,0005
machinery 1,4271 0,0003
huaqun 4,6052 0,0010
britain 3,5066 0,0008
beos 3,9120 0,0008
quarterly 2,5257 0,0005
notify 2,4079 0,0005
summer 1,6607 0,0004
products 1,4271 0,0003
peyman 4,6052 0,0010
streaming 2,1203 0,0005
bibliography 2,2073 0,0005
file 0,0000 0,0000
sinha 4,6052 0,0010
qin 3,9120 0,0008
member 0,9163 0,0002
steve 1,1394 0,0002
qiu 3,9120 0,0008
wgnoticeproject 0,0000 0,0000
together 0,5978 0,0001
socially 3,5066 0,0008
within 0,3011 0,0001
could 0,4780 0,0001
anarchic 3,9120 0,0008
friedemann 4,6052 0,0010
health 1,5606 0,0003
trigger 0,0513 0,0000
anbuky 4,6052 0,0010
menu 0,0000 0,0000
sumanth 4,6052 0,0010
radar 2,5257 0,0005
trusted 2,8134 0,0006
machine 0,2744 0,0001
able 0,9943 0,0002
efficiently 1,4697 0,0003
kapetanovic 4,6052 0,0010
shackleton 4,6052 0,0010
passersby 4,6052 0,0010
return 0,0000 0,0000
spectral 4,6052 0,0010
urllc 4,6052 0,0010
codes 2,8134 0,0006
instance 0,7765 0,0003
concerned 2,4079 0,0005
british 2,2073 0,0005
serve 1,0217 0,0002
selectively 3,2189 0,0007
drown 3,9120 0,0008
changsheng 4,6052 0,0010
radio 1,6607 0,0007
fing 4,6052 0,0010
geographic 1,7148 0,0004
mingwei 4,6052 0,0010
solution 0,5621 0,0002
yocto 4,6052 0,0010
berg 3,2189 0,0007
find 0,3425 0,0001
chui 3,9120 0,0008
host 0,6539 0,0001
accelerate 1,8326 0,0004
littman 4,6052 0,0010
international 0,3011 0,0001
citizen 2,0402 0,0009
elsevier 2,2073 0,0005
cities 3,2189 0,0007
workflow 1,7720 0,0004
occur 0,7765 0,0002
difficult 0,9163 0,0002
canonical 0,0408 0,0000
film 1,8971 0,0004
sort 1,5606 0,0007
sustainability 2,5257 0,0005
heart 2,4079 0,0005
trash 4,6052 0,0010
forget 2,6593 0,0006
professor 2,3026 0,0005
wgcurrevisionid 0,0000 0,0000
horn 3,9120 0,0008
task 0,5108 0,0002
ziteng 4,6052 0,0010
hashim 4,6052 0,0010
transit 2,8134 0,0006
true 0,0000 0,0000
header 0,0000 0,0000
present 0,5621 0,0004
harvard 1,7148 0,0004
weber 2,8134 0,0006
since 0,3425 0,0001
shafiq 4,6052 0,0010
dangerous 2,4079 0,0005
fram 3,9120 0,0008
santander 3,9120 0,0008
vongsingthong 4,6052 0,0010
quantum 1,6607 0,0004
mess 3,9120 0,0008
delete 0,4155 0,0001
foreach 0,0000 0,0000
transform 1,4697 0,0003
gaetano 4,6052 0,0010
hour 1,4697 0,0003
wristband 4,6052 0,0010
competitor 1,9661 0,0008
positioning 3,5066 0,0008
abbas 3,5066 0,0008
leadership 2,4079 0,0005
petra 4,6052 0,0010
nyww 4,6052 0,0010
provisioning 2,6593 0,0006
mesh 2,5257 0,0005
wggestructuredtaskrejectionreasontextinputenable 0,0000 0,0000
mulin 4,6052 0,0010
execution 0,7340 0,0002
finn 4,6052 0,0010
underlie 0,9416 0,0002
vilmar 3,9120 0,0008
conventional 1,6607 0,0004
regulation 1,7720 0,0008
complicate 2,4079 0,0005
eyers 3,9120 0,0008
sensory 2,8134 0,0006
irvine 3,5066 0,0008
online 0,7340 0,0002
simplify 1,1394 0,0002
writer 2,0402 0,0004
wyman 4,6052 0,0010
yasir 4,6052 0,0010
pieter 3,5066 0,0008
antivirus 2,8134 0,0006
qoe 4,6052 0,0010
intentional 2,9957 0,0006
moralizing 4,6052 0,0010
cover 1,2040 0,0008
firm 1,3863 0,0003
reflect 1,1712 0,0003
contribution 0,0000 0,0000
ongoing 1,9661 0,0004
qos 3,9120 0,0008
doorbell 4,6052 0,0010
fire 1,7148 0,0004
stateless 2,9957 0,0006
czech 0,9163 0,0002
based 2,8134 0,0006
taxi 3,9120 0,0008
holographic 2,9957 0,0006
thereby 1,6607 0,0004
cassandra 2,9957 0,0006
processing 0,6162 0,0001
functional 0,9943 0,0002
fact 1,0217 0,0004
insulin 3,9120 0,0008
illinois 3,5066 0,0008
fundamental 1,4271 0,0003
global 0,7985 0,0002
fret 4,6052 0,0010
ahmad 3,5066 0,0008
kamal 3,5066 0,0008
sahraoui 4,6052 0,0010
christian 2,1203 0,0005
ian 1,7148 0,0004
temperature 3,5066 0,0008
perspective 1,3093 0,0006
kapoor 4,6052 0,0010
operating 0,9416 0,0002
free 0,0000 0,0000
people 0,9943 0,0002
democracy 3,2189 0,0014
designing 1,9661 0,0004
actually 1,3093 0,0003
evolve 1,0498 0,0005
face 1,1712 0,0005
lstm 3,5066 0,0008
ibp 4,6052 0,0010
laplante 3,9120 0,0008
fish 3,5066 0,0008
cochlear 3,9120 0,0008
khan 2,1203 0,0005
oclc 1,2040 0,0003
household 2,4079 0,0005
operation 0,5108 0,0002
ratio 2,6593 0,0006
inside 0,0101 0,0000
mainly 1,5141 0,0003
coordination 2,5257 0,0005
presentation 1,5141 0,0003
woolf 3,9120 0,0008
whenever 2,2073 0,0005
jean 1,8971 0,0004
zee 4,6052 0,0010
five 0,9943 0,0002
collection 0,6733 0,0001
schumacher 4,6052 0,0010
offshore 2,9957 0,0006
raton 3,2189 0,0007
idm 4,6052 0,0010
ido 1,2730 0,0003
laboratory 2,0402 0,0004
runhe 4,6052 0,0010
vital 2,9957 0,0006
carrie 3,5066 0,0008
isbn 0,1054 0,0000
detect 1,0788 0,0009
rule 0,5978 0,0003
update 0,4463 0,0004
luigi 3,5066 0,0008
qun 4,6052 0,0010
assistance 2,8134 0,0006
commerce 2,3026 0,0005
motors 3,2189 0,0007
spime 4,6052 0,0010
mangalam 4,6052 0,0010
fundamentally 2,4079 0,0005
metering 3,9120 0,0008
linux 0,8916 0,0002
every 0,6162 0,0001
keller 3,5066 0,0008
entail 2,9957 0,0006
lopez 3,9120 0,0008
adibi 4,6052 0,0010
fluidmesh 4,6052 0,0010
maier 3,9120 0,0008
artificial 1,1712 0,0003
imaginary 3,5066 0,0008
jason 1,7148 0,0004
zhi 3,9120 0,0008
muhammad 2,6593 0,0006
runa 0,9416 0,0002
reasoning 1,6607 0,0004
during 0,5447 0,0001
fair 2,1203 0,0005
consist 0,6539 0,0004
enable 0,0000 0,0000
price 1,2730 0,0003
safety 1,3093 0,0003
sidebar 0,0000 0,0000
jeep 3,9120 0,0008
limitreport 0,0000 0,0000
zehui 4,6052 0,0010
decoration 0,0619 0,0000
dependent 1,6094 0,0003
arise 1,8326 0,0004
nishi 4,6052 0,0010
agree 0,0101 0,0000
wgulsislanguageselectorempty 0,0000 0,0000
fail 0,9676 0,0004
itself 0,6539 0,0001
spectrum 1,9661 0,0004
nordrum 4,6052 0,0010
disproportionately 3,9120 0,0008
broadcast 2,8134 0,0006
spain 1,4271 0,0003
pascal 2,0402 0,0004
carnegie 2,6593 0,0006
nick 1,8971 0,0004
fall 1,2379 0,0003
kyle 2,4079 0,0005
moreover 2,1203 0,0005
henrik 2,8134 0,0006
violate 1,8971 0,0004
event 0,0000 0,0000
heraklion 4,6052 0,0010
undergo 2,4079 0,0005
agency 1,6607 0,0007
uefi 3,9120 0,0008
toggle 0,0000 0,0000
olfa 4,6052 0,0010
agenda 2,4079 0,0005
appearance 0,0000 0,0000
classname 0,0000 0,0000
culture 1,4271 0,0003
gauty 4,6052 0,0010
wggetopicsmatchmodeenable 0,0000 0,0000
fake 2,6593 0,0006
first 0,0408 0,0000
reconnaissance 4,6052 0,0010
span 1,2730 0,0003
emmanuel 3,9120 0,0008
nowrap 0,0408 0,0000
prefer 0,0101 0,0000
roman 0,0101 0,0000
clearly 2,5257 0,0005
wgrelevantpageisprobablyeditable 0,0000 0,0000
icoin 4,6052 0,0010
space 0,0408 0,0000
reference 0,0101 0,0000
jayavardhana 4,6052 0,0010
ambox 0,7133 0,0002
prospero 3,9120 0,0008
insights 2,9957 0,0006
bottom 0,0000 0,0000
fabio 3,5066 0,0008
workstation 2,0402 0,0004
garcia 3,2189 0,0007
gdpr 3,2189 0,0007
fixture 3,5066 0,0008
magyar 0,3425 0,0001
collision 2,6593 0,0006
manufacture 2,4079 0,0016
phillip 3,2189 0,0007
speaker 2,8134 0,0006
zeromq 3,5066 0,0008
publisher 0,0000 0,0000
intervention 2,6593 0,0006
replacement 1,7148 0,0004
arthur 2,2073 0,0005
repair 2,9957 0,0006
img 0,0408 0,0000
o'reilly 0,6733 0,0001
interact 1,1712 0,0003
error 0,0101 0,0000
aggregate 1,9661 0,0008
differential 2,0402 0,0004
network 0,3285 0,0003
atmospheric 3,9120 0,0008
paper 0,9416 0,0002
public 0,4155 0,0001
satapathy 4,6052 0,0010
zoo 3,5066 0,0008
track 0,9676 0,0008
value 0,0000 0,0000
inc 1,3093 0,0003
greenfield 3,5066 0,0008
fortune 2,3026 0,0005
huanlai 4,6052 0,0010
quantity 2,1203 0,0005
stifle 3,5066 0,0015
ink 3,5066 0,0008
inn 4,6052 0,0010
rush 2,9957 0,0006
expensive 0,0408 0,0000
smartly 3,9120 0,0008
tricky 3,5066 0,0008
transports 4,6052 0,0010
performance 0,3425 0,0001
trade 1,3863 0,0003
bluetooth 2,6593 0,0006
currently 1,0788 0,0002
maint 0,0101 0,0000
growth 1,2040 0,0003
platformversion 0,0000 0,0000
ioe 4,6052 0,0010
normally 1,6094 0,0003
vague 1,8971 0,0004
references 0,0513 0,0000
objects 2,5257 0,0005
accuracy 2,2073 0,0005
ios 1,8971 0,0004
mohamad 3,9120 0,0008
resolution 1,8326 0,0004
building 0,7985 0,0003
iot 1,9661 0,0004
setting 1,4697 0,0003
dutch 2,6593 0,0006
properly 1,3471 0,0003
quote 0,0101 0,0000
graduate 2,0402 0,0004
poor 2,0402 0,0004
farm 2,4079 0,0010
iqbal 4,6052 0,0010
diagnostic 2,5257 0,0005
gotapi 4,6052 0,0010
navigate 1,8971 0,0004
poon 3,9120 0,0008
lighting 3,5066 0,0008
smanchat 4,6052 0,0010
airport 3,5066 0,0008
musaab 4,6052 0,0010
farley 3,2189 0,0007
mattalo 4,6052 0,0010
dementia 4,6052 0,0010
institute 1,0498 0,0002
gianey 4,6052 0,0010
metrics 2,5257 0,0005
placement 2,6593 0,0006
vehicular 3,2189 0,0007
pony 4,6052 0,0010
primer 2,3026 0,0005
ambient 2,9957 0,0006
digitalization 4,6052 0,0010
manual 1,1394 0,0002
uncertainty 2,2073 0,0010
wgusergroup 0,0000 0,0000
zigbee 4,6052 0,0010
founding 2,8134 0,0006
magrassi 4,6052 0,0010
vocabulary 2,2073 0,0005
massot 4,6052 0,0010
aspect 0,7765 0,0002
bresciani 4,6052 0,0010
smartphones 2,9957 0,0006
scott 1,0217 0,0002
close 0,8210 0,0004
chemistry 1,8326 0,0004
mitigate 1,8326 0,0008
holistic 3,2189 0,0007
photo 2,0402 0,0009
zte 3,9120 0,0008
sigfox 4,6052 0,0010
distributor 3,2189 0,0007
iotsan 4,6052 0,0010
fast 0,4943 0,0002
invasion 3,9120 0,0008
precedent 3,5066 0,0008
montazerolghaem 4,6052 0,0010
mehdi 3,9120 0,0008
aerospace 2,5257 0,0005
characterization 3,2189 0,0007
scout 3,5066 0,0008
register 0,0000 0,0000
fleet 3,9120 0,0008
couple 1,8971 0,0004
communicate 1,1394 0,0002
procter 4,6052 0,0010
microelectronics 2,9957 0,0006
ning 3,5066 0,0008
rural 3,9120 0,0008
mohamed 3,2189 0,0007
acm 0,8675 0,0002
parkshuttle 4,6052 0,0010
romascanu 4,6052 0,0010
pandemic 1,9661 0,0004
chauhan 3,9120 0,0008
zun 4,6052 0,0010
act 0,9416 0,0004
nutonomy 4,6052 0,0010
transmission 2,4079 0,0010
post 0,0202 0,0000
insecure 2,2073 0,0005
yearbook 3,9120 0,0008
intuition 3,9120 0,0008
ada 2,0402 0,0004
add 0,0000 0,0000
predetermined 3,9120 0,0008
ithings 4,6052 0,0010
kyriazis 4,6052 0,0010
pose 2,1203 0,0005
padaki 4,6052 0,0010
its 0,0726 0,0000
itu 3,2189 0,0007
consent 2,8134 0,0006
article 0,0000 0,0000
rfc 1,9661 0,0004
altair 3,9120 0,0008
fusion 1,9661 0,0004
olov 4,6052 0,0010
mutual 3,2189 0,0007
parser 0,0000 0,0000
zayed 4,6052 0,0010
shell 1,0788 0,0002
informatik 3,5066 0,0008
openthread 4,6052 0,0010
therefore 0,7985 0,0002
exchange 1,1087 0,0002
washington 1,5141 0,0003
exec 2,9957 0,0006
trust 1,2730 0,0003
nram 3,9120 0,0008
production 0,9943 0,0002
united 0,4780 0,0001
lpwan 4,6052 0,0010
yaghmaee 4,6052 0,0010
universally 2,9957 0,0006
standardization 1,6094 0,0003
wallace 2,6593 0,0006
choose 0,8440 0,0002
wirelessly 3,9120 0,0008
wghostname 0,0000 0,0000
prevent 0,7340 0,0002
behave 1,5606 0,0003
laser 3,5066 0,0008
previously 1,1712 0,0003
wgtitle 0,0000 0,0000
beresford 3,9120 0,0008
surveillance 2,5257 0,0005
embrace 1,9661 0,0004
identify 0,6733 0,0004
hlist 0,0408 0,0000
label 0,0000 0,0000
improvement 0,9163 0,0002
message 0,3857 0,0002
sheng 3,9120 0,0008
modify 0,7765 0,0002
underwriting 4,6052 0,0010
rlconf 0,0000 0,0000
collectively 2,0402 0,0004
age 1,2730 0,0006
autodesk 4,6052 0,0010
biotechnology 3,5066 0,0008
bahasa 0,3285 0,0001
aclu 4,6052 0,0010
caption 0,3567 0,0001
hardy 3,9120 0,0008
shah 2,3026 0,0005
variation 1,9661 0,0004
number 0,0000 0,0000
wgbackendresponsetime 0,0000 0,0000
shorten 0,0000 0,0000
punish 2,9957 0,0006
property 0,6539 0,0001
algorithm 0,8675 0,0002
newsroom 2,9957 0,0006
dietlibc 3,9120 0,0008
testing 0,6733 0,0001
biosensors 4,6052 0,0010
handle 0,6539 0,0004
iste 4,6052 0,0010
tough 2,6593 0,0006
system 0,0101 0,0000
greengard 4,6052 0,0010
issn 0,7765 0,0002
bilge 4,6052 0,0010
spot 2,1203 0,0005
aid 1,3471 0,0009
partial 1,6607 0,0004
fundamentals 1,4697 0,0003
other 0,0000 0,0000
spsm 4,6052 0,0010
aim 0,8210 0,0004
boca 3,2189 0,0007
city 1,4697 0,0006
harbi 4,6052 0,0010
retain 2,1203 0,0005
air 1,8326 0,0004
skilled 3,2189 0,0007
local 0,7985 0,0002
healthcare 2,0402 0,0004
portability 1,9661 0,0004
cpscom 4,6052 0,0010
accommodate 2,1203 0,0005
mcewan 4,6052 0,0010
electronic 1,0788 0,0002
assertion 2,4079 0,0005
speak 1,7720 0,0004
outcome 1,8971 0,0004
manshaei 4,6052 0,0010
craving 4,6052 0,0010
infected 3,2189 0,0007
prototype 0,9676 0,0002
boat 4,6052 0,0020
demographic 2,6593 0,0006
powerful 1,4697 0,0003
future 0,5978 0,0003
rlq 0,0000 0,0000
barcoding 4,6052 0,0010
cite 0,0000 0,0000
freightliner 4,6052 0,0010
durand 3,9120 0,0008
movement 1,4697 0,0003
governance 1,6094 0,0003
pertain 4,6052 0,0020
atri 4,6052 0,0010
precision 2,2073 0,0005
shen 3,2189 0,0007
body 0,0000 0,0000
mode 0,0000 0,0000
ala 3,5066 0,0008
ali 2,2073 0,0005
all 0,0408 0,0000
always 0,9416 0,0002
border 0,0000 0,0000
sheth 3,5066 0,0008
read 0,0000 0,0000
already 1,1087 0,0002
vending 4,6052 0,0010
applicable 2,1203 0,0005
real 0,0408 0,0000
clientpref 0,0000 0,0000
unit 0,6539 0,0001
syed 4,6052 0,0010
contemporary 1,8326 0,0004
monthly 2,6593 0,0006
sensor 1,8326 0,0008
ami 3,9120 0,0008
collect 1,2730 0,0011
gear 3,5066 0,0008
facilitate 0,8440 0,0004
jurisdictional 4,6052 0,0010
boga 4,6052 0,0010
amy 2,4079 0,0005
atta 4,6052 0,0010
wgisarticle 0,0000 0,0000
jelassi 4,6052 0,0010
today 1,0788 0,0002
construction 1,2379 0,0003
predict 1,6607 0,0014
anh 4,6052 0,0010
roy 2,5257 0,0005
universal 1,4271 0,0003
wajdi 4,6052 0,0010
undermine 2,8134 0,0006
ant 2,8134 0,0006
lewis 2,4079 0,0005
any 0,2107 0,0000
huawei 2,2073 0,0005
caring 4,6052 0,0010
application 0,0943 0,0000
woolley 4,6052 0,0010
wgflaggedrevsparams 0,0000 0,0000
darrell 3,9120 0,0008
until 0,7765 0,0002
homeplug 4,6052 0,0010
vittorio 3,9120 0,0008
collapse 0,0408 0,0000
honorable 4,6052 0,0010
accurate 1,9661 0,0004
legend 2,2073 0,0005
wgrelevantarticleid 0,0000 0,0000
morrissey 4,6052 0,0010
ship 1,6094 0,0003
maximize 2,2073 0,0010
oxford 1,7720 0,0004
identification 2,1203 0,0005
jan 1,6094 0,0003
spirito 4,6052 0,0010
annual 1,0788 0,0002
english 0,0000 0,0000
ferreira 3,5066 0,0008
api 0,3425 0,0001
app 0,9943 0,0004
margin 0,0000 0,0000
mitigation 2,9957 0,0006
wgrequestid 0,0000 0,0000
dung 4,6052 0,0010
demand 1,1712 0,0003
mohd 3,5066 0,0008
alex 1,3863 0,0003
rings 4,6052 0,0010
corruption 2,3026 0,0005
photography 3,2189 0,0007
annually 2,6593 0,0006
wgwikibaseitemid 0,0000 0,0000
mobility 2,8134 0,0006
schneier 3,2189 0,0007
lindner 3,9120 0,0008
wgulsiscompactlinksenable 0,0000 0,0000
ddos 2,8134 0,0006
acquire 1,1087 0,0005
automobile 2,8134 0,0006
diversity 2,5257 0,0005
notion 1,8326 0,0004
tractor 4,6052 0,0010
catherine 2,6593 0,0006
arl 4,6052 0,0010
signage 3,5066 0,0008
where 0,2744 0,0001
moussa 4,6052 0,0010
popular 0,6539 0,0001
broaden 4,6052 0,0010
detection 1,2730 0,0003
vice 2,2073 0,0005
malware 2,1203 0,0005
empower 2,5257 0,0005
gigahertz 4,6052 0,0010
regs 4,6052 0,0010
call 0,0101 0,0000
ownership 2,2073 0,0005
shit 4,6052 0,0010
ask 1,0498 0,0002
supervise 1,9661 0,0004
canteen 4,6052 0,0010
oliver 2,4079 0,0005
dilemma 2,8134 0,0006
through 0,2107 0,0000
engagement 2,5257 0,0005
mtconnect 4,6052 0,0010
ruh 4,6052 0,0010
dmca 3,2189 0,0007
lifetime 2,3026 0,0005
organisation 2,2073 0,0010
run 0,3011 0,0001
challenging 2,2073 0,0005
either 0,5621 0,0001
view 0,0000 0,0000
vulnerable 1,7720 0,0004
hiran 4,6052 0,0010
donate 0,0000 0,0000
throughput 2,3026 0,0005
addressable 3,9120 0,0008
scdiot 4,6052 0,0010
kortchmar 4,6052 0,0010
bold 0,0408 0,0000
significant 0,6931 0,0001
levine 2,8134 0,0006
overlap 1,7148 0,0004
volunteer 2,8134 0,0006
aliouat 4,6052 0,0010
everywhere 2,5257 0,0005
senate 3,2189 0,0007
galego 0,7550 0,0002
name 0,0000 0,0000
yale 3,5066 0,0008
cputime 0,0000 0,0000
omar 3,2189 0,0007
watchlist 0,0000 0,0000
crop 3,2189 0,0014
cyberlex 4,6052 0,0010
boon 4,6052 0,0010
congressional 2,9957 0,0006
prospects 3,2189 0,0007
android 1,4697 0,0003
book 0,4308 0,0002
truck 3,5066 0,0008
show 0,0513 0,0000
description 0,0000 0,0000
edition 0,7985 0,0002
shot 3,9120 0,0008
giots 4,6052 0,0010
negative 1,5606 0,0003
playstation 2,9957 0,0006
dario 3,2189 0,0007
street 1,5606 0,0003
boot 1,7720 0,0004
interfaces 2,3026 0,0005
introduce 0,3285 0,0001
waterway 4,6052 0,0010
kaufmann 2,0402 0,0004
bond 3,5066 0,0008
songdo 4,6052 0,0010
momentum 2,8134 0,0006
target 0,0101 0,0000
capl 4,6052 0,0010
guidance 1,8971 0,0004
hype 2,4079 0,0005
yang 2,6593 0,0006
leader 1,6607 0,0007
jia 3,9120 0,0008
developers 0,0000 0,0000
janet 2,8134 0,0006
usage 0,0000 0,0000
rent 3,9120 0,0017
wgmediaviewerenabledbydefault 0,0000 0,0000
jin 3,5066 0,0008
cass 4,6052 0,0010
connectivity 2,1203 0,0005
delicato 4,6052 0,0010
truly 2,2073 0,0005
cash 2,2073 0,0005
greater 3,9120 0,0008
case 0,3285 0,0001
invernizzi 3,9120 0,0008
generation 1,2040 0,0003
item 0,0000 0,0000
watermark 3,9120 0,0008
trunk 3,5066 0,0008
cars 3,2189 0,0007
saving 4,6052 0,0010
moon 2,6593 0,0006
phone 1,4271 0,0003
laizhong 4,6052 0,0010
moor 4,6052 0,0010
sticky 0,0000 0,0000
excessive 2,2073 0,0005
style 0,0000 0,0000
flesh 3,9120 0,0008
haase 3,9120 0,0008
care 1,9661 0,0004
participation 2,2073 0,0005
bertrand 2,8134 0,0006
hussein 3,9120 0,0008
searchinput 0,0000 0,0000
microservice 2,6593 0,0006
pattern 0,5978 0,0001
settle 2,4079 0,0005
nourhan 4,6052 0,0010
openhab 4,6052 0,0010
bessis 4,6052 0,0010
ghalib 4,6052 0,0010
misnomer 3,5066 0,0008
vehicle 1,8326 0,0008
freedom 2,0402 0,0004
hyuk 4,6052 0,0010
protect 1,1394 0,0005
mulvenna 4,6052 0,0010
marginean 4,6052 0,0010
architecture 0,0000 0,0000
insider 1,5606 0,0003
mischief 4,6052 0,0010
more 0,0000 0,0000
display 0,0000 0,0000
aalborg 4,6052 0,0010
freeman 2,9957 0,0006
kill 2,1203 0,0005
infestation 4,6052 0,0010
khuen 4,6052 0,0010
forbes 1,5141 0,0003
ecram 3,5066 0,0008
defibrillator 4,6052 0,0010
transistor 2,9957 0,0006
shut 2,6593 0,0006
simple 0,2231 0,0000
influence 1,3471 0,0006
cloud 0,6349 0,0001
alleven 4,6052 0,0010
brandon 2,6593 0,0006
luca 2,5257 0,0005
ujaley 4,6052 0,0010
adam 1,5606 0,0003
contiki 4,6052 0,0010
package 0,9943 0,0004
marketplace 2,3026 0,0005
kind 0,8675 0,0004
percom 4,6052 0,0010
billboard 3,9120 0,0008
both 0,0305 0,0000
unauthorised 3,9120 0,0008
important 0,0101 0,0000
most 0,2107 0,0000
glimpse 4,6052 0,0010
transfer 0,7985 0,0003
phrase 1,6094 0,0003
daily 1,8326 0,0004
limitation 1,0498 0,0005
prance 4,6052 0,0010
hughes 2,2073 0,0005
inspiration 2,9957 0,0006
globecom 4,6052 0,0010
interconnectivity 4,6052 0,0010
database 0,2485 0,0001
geospatial 2,6593 0,0006
billion 1,3471 0,0006
joy 2,8134 0,0006
patient 2,8134 0,0012
reject 2,1203 0,0005
sae 4,6052 0,0010
panagiotis 4,6052 0,0010
microcontroll 3,5066 0,0008
subvert 3,5066 0,0008
authentication 1,3863 0,0003
wgseparatortransformtable 0,0000 0,0000
san 1,2379 0,0003
amount 0,9416 0,0004
balbahaith 4,6052 0,0010
move 0,0000 0,0000
original 0,0943 0,0000
geoweb 4,6052 0,0010
sar 4,6052 0,0010
also 0,0202 0,0000
say 0,6733 0,0004
toybox 3,5066 0,0008
increase 0,4620 0,0003
hemant 3,5066 0,0008
differ 1,5141 0,0003
sociability 4,6052 0,0010
orthopaedic 4,6052 0,0010
inline 0,0408 0,0000
organizations 1,5606 0,0003
buggy 3,2189 0,0007
simply 0,9676 0,0002
customer 0,7550 0,0003
hassan 4,6052 0,0010
joao 4,6052 0,0010
projects 1,4697 0,0003
bad 1,4271 0,0006
adfm 4,6052 0,0010
dunkels 4,6052 0,0010
offer 0,4155 0,0002
pham 3,9120 0,0008
bao 4,6052 0,0010
suffer 1,9661 0,0004
megan 2,9957 0,0006
kamlesh 4,6052 0,0010
complex 0,5621 0,0001
draft 1,6607 0,0004
humidity 4,6052 0,0010
bay 3,5066 0,0008
bbc 1,9661 0,0004
scs 4,6052 0,0010
kirk 2,9957 0,0006
homepod 3,5066 0,0008
personal 0,0000 0,0000
accurately 2,3026 0,0005
verlag 2,5257 0,0005
plastic 3,2189 0,0007
aaron 2,1203 0,0005
chemical 2,6593 0,0006
plant 2,5257 0,0005
kiosks 4,6052 0,0010
drive 0,4780 0,0002
sdn 4,6052 0,0010
hossein 3,5066 0,0008
deal 1,1712 0,0005
geographical 2,4079 0,0005
strong 0,9943 0,0002
scheme 0,0101 0,0000
affect 1,0217 0,0004
readiness 3,5066 0,0008
icon 0,0101 0,0000
dead 1,7148 0,0004
civic 3,5066 0,0008
sailor 4,6052 0,0010
see 0,0408 0,0000
civil 2,5257 0,0005
underway 2,9957 0,0006
national 0,4463 0,0001
indicate 1,0217 0,0004
seo 4,6052 0,0010
contain 0,0101 0,0000
set 0,2107 0,0001
column 0,0101 0,0000
medicine 2,5257 0,0005
rowland 4,6052 0,0010
integrate 0,5798 0,0005
practices 1,5606 0,0003
battle 2,4079 0,0005
earnest 3,2189 0,0007
river 1,8326 0,0004
bed 3,9120 0,0017
oecd 3,5066 0,0008
ben 1,3093 0,0003
navbox 0,0943 0,0000
listitem 0,0408 0,0000
guizani 3,9120 0,0008
advocacy 2,6593 0,0006
contact 0,0000 0,0000
discharge 4,6052 0,0010
useless 2,6593 0,0006
france 0,8675 0,0002
wikiproject 3,5066 0,0008
programming 0,2744 0,0001
digit 2,0402 0,0004
disadvantage 1,8971 0,0004
andhra 4,6052 0,0010
metropolitan 4,6052 0,0010
typically 0,3857 0,0001
reza 3,9120 0,0008
bursztein 4,6052 0,0010
she 1,8326 0,0004
adjust 1,8971 0,0004
western 2,2073 0,0005
party 0,6539 0,0003
little 1,0788 0,0002
cursor 0,0619 0,0000
however 0,3011 0,0001
shu 4,6052 0,0010
deep 1,3863 0,0003
regulatory 2,5257 0,0005
capable 1,6094 0,0003
walltime 0,0000 0,0000
interlanguage 0,0000 0,0000
sig 3,9120 0,0008
symposium 1,6607 0,0004
lemon 4,6052 0,0010
disruptive 3,2189 0,0007
mckinsey 2,9957 0,0006
client 0,0000 0,0000
alfandi 4,6052 0,0010
over 0,3285 0,0001
living 2,8134 0,0006
practical 1,0217 0,0002
six 1,4271 0,0003
oven 4,6052 0,0010
false 0,0000 0,0000
steering 2,4079 0,0005
nancy 2,8134 0,0006
packaging 2,1203 0,0005
paperless 4,6052 0,0010
parse 0,0619 0,0000
srpskohrvatski 0,9163 0,0002
bhatia 3,5066 0,0008
misra 3,2189 0,0007
farmer 3,2189 0,0014
setup 1,9661 0,0004
developer 0,1744 0,0001
sergey 2,9957 0,0006
avoid 0,0101 0,0000
bid 3,2189 0,0007
comprehensive 1,3863 0,0003
prompt 1,5606 0,0003
subset 1,1394 0,0002
big 0,7550 0,0003
expert 1,3863 0,0006
fulfill 2,8134 0,0006
advanced 0,7985 0,0002
crowd 2,6593 0,0006
mechanical 2,4079 0,0005
recommendation 1,6094 0,0007
sich 4,6052 0,0010
harous 4,6052 0,0010
output 0,0000 0,0000
morabito 4,6052 0,0010
inactive 2,5257 0,0005
usability 1,8326 0,0004
bailey 3,5066 0,0008
peterson 2,8134 0,0006
model 0,0000 0,0000
join 1,1087 0,0005
reduce 0,0101 0,0000
sentence 0,0000 0,0000
pathfinder 3,9120 0,0008
large 0,2485 0,0002
tomorrow 2,9957 0,0006
messaging 1,4271 0,0003
operate 0,3567 0,0003
interiors 4,6052 0,0010
stereo 3,9120 0,0008
john 0,5276 0,0001
hello 1,6607 0,0004
christopher 1,5141 0,0003
begin 0,5108 0,0003
wgvisualeditor 0,0000 0,0000
template 0,0000 0,0000
weekend 3,9120 0,0008
neighbour 3,9120 0,0008
navbar 0,0202 0,0000
world 0,3857 0,0002
december 0,0000 0,0000
ble 4,6052 0,0010
everything 1,2730 0,0003
guardian 1,8326 0,0004
optic 3,5066 0,0008
programme 2,9957 0,0006
table 0,0000 0,0000
affordable 3,9120 0,0008
side 0,3425 0,0001
break 0,0101 0,0000
change 0,0000 0,0000
lawson 2,9957 0,0006
systematic 1,8971 0,0004
printable 0,0000 0,0000
amar 4,6052 0,0010
bacon 2,8134 0,0006
omkar 4,6052 0,0010
century 1,7720 0,0004
eetime 4,6052 0,0010
hide 0,0000 0,0000
multimedia 1,5606 0,0003
corporate 1,4697 0,0003
discovery 1,3863 0,0003
vijaywada 4,6052 0,0010
report 0,0202 0,0000
auto 0,0726 0,0000
soa 2,4079 0,0005
autopilot 3,2189 0,0007
eureka 4,6052 0,0010
soc 2,0402 0,0004
several 0,4155 0,0001
sign 1,2379 0,0005
roger 1,9661 0,0004
jong 4,6052 0,0010
download 0,0000 0,0000
high 0,0101 0,0000
split 0,0000 0,0000
publication 1,5141 0,0007
bnf 0,9163 0,0002
different 0,0513 0,0000
directly 0,5108 0,0001
leitao 3,9120 0,0008
biosensor 4,6052 0,0010
disruption 2,9957 0,0013
level 0,0000 0,0000
interoperability 1,8326 0,0004
cybersecurity 2,4079 0,0005
establish 0,8916 0,0006
kant 3,9120 0,0008
liliane 4,6052 0,0010
relevant 1,2040 0,0003
synthetic 2,5257 0,0005
bob 1,8326 0,0004
wgmfdisplaywikibasedescription 0,0000 0,0000
adrc 4,6052 0,0010
vamp 4,6052 0,0010
trevor 3,2189 0,0007
oregon 3,2189 0,0007
kang 3,5066 0,0008
spy 2,5257 0,0016
behind 1,2730 0,0003
wgdefaultdateformat 0,0000 0,0000
box 0,0408 0,0000
autobiography 4,6052 0,0010
sql 1,0788 0,0002
switch 0,9163 0,0002
kai 2,9957 0,0006
total 0,0000 0,0000
consumers 3,2189 0,0007
singularity 3,2189 0,0007
viable 2,8134 0,0006
bpm 4,6052 0,0010
consumer 1,4697 0,0006
highly 1,1712 0,0003
kat 3,9120 0,0008
chance 2,3026 0,0005
initiative 1,0217 0,0002
nature 1,0498 0,0002
social 0,8210 0,0002
src 0,6349 0,0001
infrastructural 4,6052 0,0010
xpoct 4,6052 0,0010
cross 1,8326 0,0004
control 0,1625 0,0001
medication 3,5066 0,0008
morchon 4,6052 0,0010
awards 2,8134 0,0006
unauthorized 1,9661 0,0004
earth 2,4079 0,0005
attribution 0,0000 0,0000
shixing 4,6052 0,0010
fanian 4,6052 0,0010
lutz 3,9120 0,0008
kbv 4,6052 0,0010
vary 0,0619 0,0000
upper 0,0101 0,0000
offloading 4,6052 0,0010
ssh 2,3026 0,0005
respondent 2,8134 0,0006
objective 1,3471 0,0006
dynamics 1,8326 0,0004
leuven 4,6052 0,0010
hinden 4,6052 0,0010
hinder 2,6593 0,0011
injury 3,5066 0,0008
publishing 0,7550 0,0002
societies 3,5066 0,0008
pinpoint 3,5066 0,0008
raggett 3,2189 0,0007
trends 1,5141 0,0003
deny 2,3026 0,0005
karl 2,9957 0,0006
misplacement 4,6052 0,0010
std 2,4079 0,0005
ste 4,6052 0,0010
pleasure 3,2189 0,0007
zerina 4,6052 0,0010
mission 1,8971 0,0004
openwsn 4,6052 0,0010
motor 2,9957 0,0013
access 0,2877 0,0001
bpmj 4,6052 0,0010
simi 0,9416 0,0002
cooperate 2,6593 0,0011
overcome 1,9661 0,0004
aburukba 4,6052 0,0010
sun 1,2730 0,0003
extended 2,2073 0,0005
selflink 0,0101 0,0000
yachting 4,6052 0,0010
current 0,0000 0,0000
ken 2,1203 0,0005
nodemcu 4,6052 0,0010
transpire 4,6052 0,0010
audio 1,2379 0,0003
key 0,0305 0,0000
eskofier 4,6052 0,0010
manager 0,8440 0,0002
bilal 3,9120 0,0008
jose 2,0402 0,0004
afzal 4,6052 0,0010
maker 1,8971 0,0004
launch 0,9943 0,0004
bentham 4,6052 0,0010
store 0,5447 0,0005
waymo 3,9120 0,0008
silo 3,5066 0,0008
shiuhpyng 4,6052 0,0010
bug 0,8675 0,0002
amit 2,5257 0,0005
rfid 3,2189 0,0007
fourth 1,8971 0,0004
vast 1,9661 0,0004
contacts 3,9120 0,0008
bus 1,6607 0,0007
autoencoder 3,5066 0,0008
steinberg 4,6052 0,0010
available 0,0000 0,0000
giandrin 4,6052 0,0010
express 1,0788 0,0002
advocate 1,8971 0,0004
siot 4,6052 0,0010
frequency 1,6607 0,0004
avride 4,6052 0,0010
missile 3,9120 0,0008
variant 0,0619 0,0000
dynamic 0,7133 0,0002
generate 0,8210 0,0002
sector 1,8971 0,0004
extreme 1,8971 0,0004
sino 4,6052 0,0010
coordinate 1,8971 0,0012
query 1,1394 0,0002
degree 1,7720 0,0008
enhanced 4,6052 0,0010
taiwan 2,8134 0,0006
especially 0,8210 0,0002
ocean 2,8134 0,0006
taltech 4,6052 0,0010
desk 3,5066 0,0008
demonstrate 1,3471 0,0006
vitals 3,9120 0,0008
implements 4,6052 0,0010
brazil 2,5257 0,0005
saad 3,9120 0,0008
idea 0,9676 0,0004
wgpopupsflag 0,0000 0,0000
inventory 2,6593 0,0006
kim 2,1203 0,0005
dittrich 4,6052 0,0010
lonergan 4,6052 0,0010
bauer 3,5066 0,0008
gonzalez 3,2189 0,0007
proprietary 0,9676 0,0002
kit 1,7720 0,0004
missing 2,4079 0,0005
throughout 1,6094 0,0003
virtue 3,9120 0,0008
successful 1,2379 0,0003
coverage 2,4079 0,0005
normal 0,0202 0,0000
allocation 1,8326 0,0004
figure 1,8326 0,0004
transmit 1,8326 0,0012
saleem 4,6052 0,0010
cherupally 4,6052 0,0010
consumption 1,4697 0,0003
technology 0,1863 0,0001
norman 3,5066 0,0008
levandowski 4,6052 0,0010
periodical 2,0402 0,0004
dahua 4,6052 0,0010
wgcitereferencepreviewsactive 0,0000 0,0000
borriello 4,6052 0,0010
cbram 3,9120 0,0008
compromise 1,8326 0,0008
yogurt 4,6052 0,0010
reach 1,2040 0,0003
istepanian 4,6052 0,0010
ackerman 4,6052 0,0010
children 4,6052 0,0010
dusit 4,6052 0,0010
road 1,7148 0,0004
review 0,6162 0,0003
sight 2,8134 0,0006
chauhuri 4,6052 0,0010
iotsf 4,6052 0,0010
between 0,2107 0,0000
guide 0,3711 0,0001
raspberry 2,5257 0,0005
efficiency 0,8916 0,0002
goal 0,8440 0,0004
overhead 1,2040 0,0003
vangie 4,6052 0,0010
duarte 4,6052 0,0010
siri 2,8134 0,0006
pervasive 3,5066 0,0008
navia 4,6052 0,0010
tostr 3,2189 0,0007
netsilicon 4,6052 0,0010
variational 3,2189 0,0007
navid 4,6052 0,0010
confidentiality 2,8134 0,0006
wear 2,9957 0,0006
martinez 3,5066 0,0008
range 0,8675 0,0004
weak 2,1203 0,0005
fitbit 3,9120 0,0008
hellstew 3,9120 0,0008
flaw 1,9661 0,0004
feature 0,0000 0,0000
assert 2,6593 0,0006
coffeemaker 4,6052 0,0010
haleem 3,5066 0,0008
place 0,5447 0,0002
regular 1,2379 0,0003
informed 3,5066 0,0008
dispute 1,6607 0,0004
suggest 1,0217 0,0002
inhabitant 4,6052 0,0010
lead 0,2231 0,0001
expect 0,8440 0,0002
site 0,0000 0,0000
assess 1,9661 0,0004
argument 0,0513 0,0000
adequate 2,5257 0,0005
vsat 4,6052 0,0010
guangzhou 4,6052 0,0010
subsystem 2,0402 0,0004
wgpageviewlanguage 0,0000 0,0000
tremendous 3,5066 0,0008
roel 4,6052 0,0010
router 1,8326 0,0004
accesskey 0,0000 0,0000
ileladewa 4,6052 0,0010
only 0,2107 0,0000
should 0,3711 0,0001
unintentional 2,9957 0,0006
tag 0,0000 0,0000
saga 2,9957 0,0006
tan 3,2189 0,0007
meola 4,6052 0,0010
tao 3,2189 0,0007
individual 0,7985 0,0002
netherlands 2,3026 0,0005
datagram 3,2189 0,0007
tax 1,8971 0,0004
constrain 2,4079 0,0010
towards 1,2040 0,0003
regards 3,2189 0,0007
crypto 2,3026 0,0005
jonas 3,5066 0,0008
person 0,6162 0,0003
safe 0,8675 0,0002
enforce 1,4271 0,0003
webb 3,9120 0,0008
departure 3,9120 0,0008
potentially 0,7765 0,0002
jianhua 3,9120 0,0008
voutyras 4,6052 0,0010
week 1,2379 0,0003
sail 3,9120 0,0008
kingsley 3,2189 0,0007
distinct 1,3471 0,0003
graham 2,8134 0,0006
cai 3,9120 0,0008
tung 2,8134 0,0006
morsalin 4,6052 0,0010
friess 3,9120 0,0008
tune 2,3026 0,0005
aware 1,9661 0,0004
can 0,0408 0,0000
computing 0,4155 0,0001
targeting 3,2189 0,0007
cap 0,0619 0,0000
paris 2,5257 0,0005
wgcanonicalnamespace 0,0000 0,0000
car 1,8326 0,0008
loukas 4,6052 0,0010
flex 0,5276 0,0001
ready 0,0000 0,0000
cat 2,3026 0,0005
hypervisor 2,5257 0,0005
nabaztag 4,6052 0,0010
alhaizaey 4,6052 0,0010
tcp 2,3026 0,0005
karlgren 4,6052 0,0010
schilit 4,6052 0,0010
rainfall 4,6052 0,0010
pasluosta 4,6052 0,0010
motion 2,5257 0,0005
wgisredirect 0,0000 0,0000
limited 0,8916 0,0002
february 0,0000 0,0000
match 0,5276 0,0002
fault 1,1712 0,0005
harold 3,2189 0,0007
passive 3,2189 0,0007
really 1,5606 0,0003
fragment 2,5257 0,0005
weiser 4,6052 0,0010
joern 3,9120 0,0008
response 0,7340 0,0003
responsive 0,0202 0,0000
independently 1,3863 0,0003
category 0,0000 0,0000
wikidata 0,0000 0,0000
callparserfunction 1,4271 0,0003
