prepare 1,6094 0,0005
upload 0,0000 0,0000
bunandar 4,6052 0,0014
dolev 4,6052 0,0014
wggelevelingupenabledforuser 0,0000 0,0000
wgrestrictionmove 0,0000 0,0000
without 0,2744 0,0001
lior 3,9120 0,0012
would 0,3425 0,0001
sakk 4,6052 0,0014
energy 1,4697 0,0005
successfully 1,5141 0,0005
solid 0,0202 0,0000
thus 0,7550 0,0002
devices 1,9661 0,0006
andris 4,6052 0,0014
iulia 4,6052 0,0014
entanglement 3,9120 0,0012
investment 1,5141 0,0005
neutral 0,5447 0,0002
require 0,0000 0,0000
analysis 0,5108 0,0002
fpoa 4,6052 0,0014
scribunto 0,0000 0,0000
cooperative 1,7720 0,0006
invisibility 4,6052 0,0014
aram 4,6052 0,0014
moore 1,9661 0,0006
size 0,0000 0,0000
left 0,0408 0,0000
sender 2,3026 0,0007
yaojian 4,6052 0,0014
cdx 0,0000 0,0000
cellular 2,6593 0,0008
roberson 4,6052 0,0014
explorations 4,6052 0,0014
iarpa 4,6052 0,0014
much 0,6931 0,0002
eraser 4,6052 0,0014
hang 1,3863 0,0004
statistical 2,0402 0,0006
ture 2,6593 0,0008
zwiebach 4,6052 0,0014
cavaliere 4,6052 0,0014
davide 3,5066 0,0011
role 0,8916 0,0003
independent 0,8440 0,0003
achieve 0,7985 0,0008
infinite 2,5257 0,0008
notable 1,1394 0,0004
hans 2,5257 0,0008
example 0,2485 0,0002
gold 2,6593 0,0008
result 0,2231 0,0002
intuitively 3,5066 0,0011
same 0,2357 0,0001
realpe 4,6052 0,0014
after 0,0305 0,0000
multiplication 3,2189 0,0010
flip 3,5066 0,0011
headline 0,0000 0,0000
connect 0,8675 0,0003
hand 1,0217 0,0003
policy 0,0000 0,0000
dyakonov 4,6052 0,0014
address 0,5621 0,0005
kenneth 2,8134 0,0009
metrology 4,6052 0,0014
helium 2,9957 0,0009
pagelanguagecode 0,0000 0,0000
soviet 3,2189 0,0010
gnu 1,1087 0,0003
transientcontent 0,0000 0,0000
halt 2,5257 0,0008
subtle 0,3285 0,0001
component 0,3147 0,0001
sale 1,6607 0,0005
seth 2,4079 0,0008
pmatrix 4,6052 0,0014
idhash 0,0619 0,0000
fifth 2,0402 0,0006
timeline 1,0788 0,0003
information 0,0000 0,0000
adrian 2,9957 0,0009
plasma 3,9120 0,0012
imai 4,6052 0,0014
wrap 0,0101 0,0000
goldstone 3,9120 0,0012
novel 2,2073 0,0007
standard 0,2357 0,0001
november 0,0000 0,0000
giuliano 4,6052 0,0014
correct 1,2730 0,0008
good 0,4155 0,0004
empty 0,0305 0,0000
compute 0,6733 0,0006
andrea 2,0402 0,0006
exceed 1,7148 0,0005
fullversionlist 0,0000 0,0000
implementable 3,9120 0,0012
serious 1,9661 0,0006
implement 0,3285 0,0003
pal 3,5066 0,0011
pan 3,2189 0,0010
export 0,0000 0,0000
area 0,7985 0,0003
chi 2,6593 0,0008
cryptography 1,7148 0,0005
check 0,7985 0,0003
cho 3,5066 0,0011
davies 2,6593 0,0008
list 0,0000 0,0000
gpu 2,8134 0,0009
andrew 1,0498 0,0003
wigner 4,6052 0,0014
chu 3,2189 0,0010
external 0,1863 0,0001
wire 1,8326 0,0006
authority 0,4780 0,0002
child 0,0202 0,0000
jungsang 4,6052 0,0014
eavesdropper 3,5066 0,0011
nishad 4,6052 0,0014
pbr 4,6052 0,0014
akama 4,6052 0,0014
neural 2,4079 0,0008
applied 1,8326 0,0006
arkhipov 4,6052 0,0014
mainentity 0,0000 0,0000
semiconductor 3,9120 0,0025
interface 0,2485 0,0001
representation 1,1394 0,0004
remove 0,3711 0,0002
disclaimers 0,0000 0,0000
society 1,5141 0,0005
bonilla 4,6052 0,0014
root 0,4780 0,0003
wgisprobablyeditable 0,0000 0,0000
olson 4,6052 0,0014
patrick 2,0402 0,0006
hard 1,1394 0,0004
multiply 3,2189 0,0020
casati 4,6052 0,0014
citation 0,0101 0,0000
mobile 0,0000 0,0000
multiple 0,2485 0,0001
perform 0,4463 0,0004
evolution 1,3471 0,0004
microcode 3,5066 0,0011
tlb 4,6052 0,0014
versus 1,7720 0,0006
plainlist 0,4463 0,0001
pdf 0,0000 0,0000
china 1,6094 0,0005
vychislimoe 4,6052 0,0014
there 0,2614 0,0001
translation 1,8326 0,0006
well 0,2744 0,0003
hellman 3,5066 0,0011
magazine 0,9943 0,0003
automata 2,1203 0,0007
pdp 2,9957 0,0009
bitness 0,0000 0,0000
rgba 0,0101 0,0000
irrelevant 2,9957 0,0009
channel 1,3863 0,0009
focus 0,6733 0,0004
american 0,8440 0,0003
rupak 4,6052 0,0014
approach 0,3711 0,0002
xun 4,6052 0,0014
conjecture 4,6052 0,0014
experiment 1,7720 0,0011
concise 2,9957 0,0009
implication 1,9661 0,0006
thesis 2,3026 0,0007
pen 3,9120 0,0012
williams 2,2073 0,0007
reservation 2,9957 0,0009
revmodphy 4,6052 0,0014
block 0,0408 0,0000
per 0,8440 0,0003
bloch 2,8134 0,0009
photonics 4,6052 0,0014
write 0,1508 0,0001
flow 0,3425 0,0001
order 0,4155 0,0003
fiber 2,6593 0,0008
aria 0,0000 0,0000
boxtext 0,0619 0,0000
byte 0,0408 0,0000
distant 3,2189 0,0010
unconventional 3,9120 0,0012
understand 0,6162 0,0004
quinn 3,9120 0,0012
indonesia 0,3567 0,0001
propose 1,0788 0,0003
slowly 2,3026 0,0007
academies 3,9120 0,0012
intelligence 0,8916 0,0003
ever 1,3863 0,0004
sydney 2,9957 0,0009
automaton 2,9957 0,0009
matteo 3,2189 0,0010
million 0,9416 0,0003
even 0,0513 0,0000
sibos 4,6052 0,0014
binary 0,9943 0,0003
integration 0,4620 0,0001
esperanto 0,7133 0,0002
tagline 0,0000 0,0000
foreseeable 3,5066 0,0011
microscopic 4,6052 0,0014
guo 3,5066 0,0011
regexp 0,0000 0,0000
subsection 0,1508 0,0000
circuit 1,6607 0,0010
wgeditsubmitbuttonlabelpublish 0,0000 0,0000
toc 0,0000 0,0000
qiskit 3,9120 0,0012
matter 1,2379 0,0008
wgpagecontentmodel 0,0000 0,0000
arjen 4,6052 0,0014
benenti 4,6052 0,0014
superdense 4,6052 0,0014
tom 1,3863 0,0004
top 0,0000 0,0000
too 0,8916 0,0003
have 0,2744 0,0001
noise 2,9957 0,0009
powerpc 2,8134 0,0009
imperative 2,0402 0,0006
consequence 1,5606 0,0005
product 0,4005 0,0003
linear 1,6607 0,0005
particularly 0,9943 0,0003
question 0,9416 0,0003
hyphen 3,5066 0,0011
speedup 3,2189 0,0020
noisy 3,5066 0,0011
produce 0,6931 0,0004
picture 2,1203 0,0007
wgnamespacenumber 0,0000 0,0000
quad 4,6052 0,0014
dataflow 2,9957 0,0009
framework 0,2877 0,0001
tps 3,9120 0,0012
impractical 3,2189 0,0010
tpu 3,5066 0,0011
wgwmepagelength 0,0000 0,0000
constraint 1,5141 0,0005
entity 0,0101 0,0000
phy 3,9120 0,0012
col 0,9943 0,0003
expensivefunctioncount 0,0000 0,0000
equally 2,8134 0,0009
rarita 4,6052 0,0014
irreversible 3,9120 0,0012
manner 1,6607 0,0005
upon 0,8916 0,0003
vyalyi 4,6052 0,0014
timeusage 0,0000 0,0000
pin 0,0000 0,0000
academic 1,3093 0,0004
whether 0,7765 0,0002
function 0,0000 0,0000
cpi 4,6052 0,0014
verification 0,8440 0,0003
matthew 1,9661 0,0006
comparison 0,4005 0,0001
law 1,2379 0,0004
swar 4,6052 0,0014
checkable 4,6052 0,0014
everyone 1,9661 0,0006
lay 2,4079 0,0008
swap 2,4079 0,0015
cpu 0,0408 0,0000
tick 3,5066 0,0011
basis 1,1087 0,0003
pcache 0,0619 0,0000
condition 1,2040 0,0008
simplified 2,6593 0,0008
improve 0,2485 0,0002
october 0,0000 0,0000
try 0,9676 0,0003
yudong 4,6052 0,0014
basic 0,6539 0,0002
specialized 1,3471 0,0004
complication 0,0513 0,0000
kubinec 4,6052 0,0014
university 0,5621 0,0002
cause 0,6162 0,0002
technique 0,7550 0,0005
erwin 4,6052 0,0014
wikiquote 1,7148 0,0005
jquery 0,0000 0,0000
effective 1,0217 0,0003
smelyanskiy 4,6052 0,0014
times 1,3093 0,0004
decoherence 4,6052 0,0014
pedro 2,4079 0,0008
similarly 1,4697 0,0005
design 0,1393 0,0001
flux 2,8134 0,0009
monogamy 4,6052 0,0014
possibility 1,6094 0,0010
dogra 4,6052 0,0014
timeless 0,0101 0,0000
accord 0,5108 0,0002
luasandboxcallback 1,4271 0,0004
maximal 4,6052 0,0014
wgwmeschemaeditattemptstepoversample 0,0000 0,0000
despite 1,3093 0,0004
ttl 0,0000 0,0000
leonard 3,2189 0,0010
harrigan 4,6052 0,0014
industrial 1,5606 0,0005
encyclopedia 0,0000 0,0000
conduct 0,0000 0,0000
inflate 3,2189 0,0010
jessica 2,8134 0,0009
stable 0,7133 0,0002
wittek 4,6052 0,0014
machines 2,4079 0,0008
flops 4,6052 0,0014
cluster 1,2379 0,0004
pell 4,6052 0,0014
abovebelow 0,0943 0,0000
css 1,8971 0,0006
superconduct 3,9120 0,0012
japan 1,2730 0,0004
pmc 1,8971 0,0006
annealer 4,6052 0,0014
sourcing 3,9120 0,0012
concern 0,8210 0,0003
cuffaro 4,6052 0,0014
integrity 1,3863 0,0004
password 1,7720 0,0006
notation 1,4271 0,0004
pref 0,0000 0,0000
pmu 4,6052 0,0014
state 0,3425 0,0003
csrftoken 0,0000 0,0000
press 0,5621 0,0002
element 0,0000 0,0000
chaos 2,5257 0,0008
night 0,0000 0,0000
toric 4,6052 0,0014
processor 1,1394 0,0007
each 0,1393 0,0000
hangleiter 4,6052 0,0014
mediawiki 1,0788 0,0003
volz 4,6052 0,0014
input 0,0000 0,0000
theorem 2,0402 0,0006
wang 2,1203 0,0007
feynman 3,9120 0,0012
stanford 2,1203 0,0007
difference 0,8916 0,0003
reality 1,5141 0,0005
must 0,4620 0,0001
demonstration 2,8134 0,0018
hodges 3,9120 0,0012
molecule 3,9120 0,0025
rinott 4,6052 0,0014
datawrapper 1,6094 0,0005
demultiplexer 4,6052 0,0014
unpinned 0,0000 0,0000
gutmann 3,9120 0,0012
deterministic 2,8134 0,0009
junde 4,6052 0,0014
networks 1,2730 0,0004
two 0,2744 0,0001
moment 2,6593 0,0008
pop 1,6607 0,0005
defense 2,0402 0,0006
kobayashi 3,9120 0,0012
attack 1,1712 0,0007
encrypt 1,5141 0,0005
weyl 3,9120 0,0012
peng 3,5066 0,0011
distribute 0,3857 0,0001
biondi 4,6052 0,0014
datepublished 0,0000 0,0000
emerging 3,5066 0,0011
validate 1,4697 0,0005
think 0,9676 0,0003
coffeen 4,6052 0,0014
ingredient 3,9120 0,0012
sfrac 4,6052 0,0014
consulting 2,4079 0,0008
correspondence 2,9957 0,0009
yao 3,9120 0,0012
yan 2,5257 0,0008
manhattan 4,6052 0,0014
rizwan 4,6052 0,0014
plenary 3,9120 0,0012
team 0,4943 0,0002
unicore 4,6052 0,0014
diagram 1,6094 0,0005
unintuitive 3,9120 0,0012
quil 4,6052 0,0014
wgusername 0,0000 0,0000
ppu 4,6052 0,0014
degroote 4,6052 0,0014
ppw 4,6052 0,0014
thermonuclear 4,6052 0,0014
contrived 4,6052 0,0014
johannes 3,5066 0,0011
optical 2,4079 0,0008
principle 0,7985 0,0005
computability 2,1203 0,0007
tedious 3,2189 0,0010
landau 3,5066 0,0011
cpld 4,6052 0,0014
source 0,1393 0,0000
align 0,0101 0,0000
secure 1,0217 0,0003
anna 2,6593 0,0008
ieee 0,8440 0,0003
lin 2,6593 0,0008
han 2,9957 0,0009
hao 3,5066 0,0011
tile 2,9957 0,0009
liu 2,2073 0,0007
immense 3,2189 0,0010
photonic 4,6052 0,0014
anschuetz 4,6052 0,0014
morello 4,6052 0,0014
stability 1,9661 0,0006
budget 2,8134 0,0009
realize 1,9661 0,0006
given 4,6052 0,0014
pauka 4,6052 0,0014
davisson 4,6052 0,0014
last 0,0000 0,0000
trapped 4,6052 0,0014
imageright 0,2614 0,0001
ultimate 1,8971 0,0006
widely 0,7985 0,0003
eric 1,1394 0,0004
doubt 2,9957 0,0019
insufficient 2,4079 0,0008
weight 0,0101 0,0000
develop 0,1863 0,0002
qiang 3,5066 0,0011
swayne 3,9120 0,0012
searchable 3,9120 0,0012
jiuzhang 4,6052 0,0014
technologies 1,0788 0,0003
segovia 4,6052 0,0014
measure 0,9416 0,0006
page 0,0000 0,0000
assume 1,6094 0,0005
mathematically 2,5257 0,0008
full 0,0202 0,0000
memory 0,0408 0,0000
scientist 1,3863 0,0009
concept 0,3711 0,0001
psi 4,6052 0,0014
impossible 1,8971 0,0006
resistant 2,6593 0,0008
video 0,8210 0,0003
brute 2,9957 0,0009
wave 2,2073 0,0014
arya 4,6052 0,0014
jacob 2,3026 0,0007
early 0,4308 0,0001
enhance 0,8916 0,0008
overview 0,5447 0,0002
center 0,0000 0,0000
xiao 3,5066 0,0011
start 0,3011 0,0001
yet 1,1087 0,0003
reilly 3,2189 0,0010
engineer 0,7765 0,0007
generic 1,4697 0,0005
deferment 4,6052 0,0014
equal 1,9661 0,0006
hdl 1,6094 0,0005
luryi 4,6052 0,0014
fund 1,8971 0,0006
chang 2,9957 0,0009
gravity 4,6052 0,0014
wikimedia 0,0000 0,0000
short 0,0000 0,0000
time 0,0000 0,0000
watt 3,9120 0,0012
zehnder 4,6052 0,0014
applications 1,3093 0,0004
lmc 4,6052 0,0014
hamiltonian 3,9120 0,0012
infeasible 3,2189 0,0010
interactive 0,4463 0,0001
program 0,2614 0,0002
taxonomy 3,5066 0,0011
three 0,3711 0,0001
hep 4,6052 0,0014
cryogenic 4,6052 0,0029
gleason 4,6052 0,0014
trap 2,4079 0,0015
hardware 0,5798 0,0002
tion 4,6052 0,0014
russian 1,8971 0,0006
philosophy 1,1712 0,0004
theoretic 2,9957 0,0009
creative 0,0000 0,0000
omega 3,9120 0,0012
schanck 4,6052 0,0014
nederlands 0,1985 0,0001
analog 2,9957 0,0009
pspace 4,6052 0,0014
chris 1,2040 0,0004
provide 0,1625 0,0001
light 1,3093 0,0004
supercomputer 2,0402 0,0013
log 0,0000 0,0000
reliability 1,1712 0,0004
wgcheckuserclienthintsheadersjsapi 0,0000 0,0000
consume 1,3471 0,0004
euskara 0,5108 0,0002
unknown 1,4271 0,0004
computer 0,1863 0,0001
hazards 4,6052 0,0014
lov 3,9120 0,0012
choudhury 3,5066 0,0011
andreas 2,5257 0,0008
low 0,0101 0,0000
timingprofile 0,0000 0,0000
theme 0,0000 0,0000
cryptographic 2,1203 0,0007
wgcategory 0,0000 0,0000
barrel 4,6052 0,0014
editor 0,0000 0,0000
postexpandincludesize 0,0000 0,0000
funding 1,6607 0,0005
werner 2,9957 0,0009
desire 1,1087 0,0003
edwin 2,9957 0,0009
efficient 1,0217 0,0003
initial 0,3857 0,0001
unstrip 0,0000 0,0000
consistent 1,1712 0,0004
hidary 4,6052 0,0014
adversary 2,6593 0,0008
gheorghiu 4,6052 0,0014
hhl 4,6052 0,0014
conceptual 2,3026 0,0007
templateargumentsize 0,0000 0,0000
pipeline 1,6607 0,0010
grove 3,9120 0,0012
wheeler 3,2189 0,0010
january 0,0000 0,0000
permanent 0,0000 0,0000
asturianu 1,2730 0,0004
motorola 3,2189 0,0010
pauli 3,9120 0,0012
summarize 2,4079 0,0008
choice 1,0498 0,0007
chao 4,6052 0,0014
clip 2,8134 0,0009
cham 2,5257 0,0008
small 0,0305 0,0000
germer 4,6052 0,0014
villoresi 4,6052 0,0014
before 0,0305 0,0000
replace 0,7340 0,0005
dai 2,9957 0,0009
italic 0,1278 0,0000
dam 4,6052 0,0014
denote 2,1203 0,0007
major 0,5621 0,0002
broglie 4,6052 0,0014
das 2,9957 0,0009
jordan 1,7148 0,0005
beat 1,9661 0,0012
biamonte 4,6052 0,0014
affair 3,2189 0,0010
bear 2,5257 0,0008
consider 0,4005 0,0003
day 0,0000 0,0000
potential 1,0788 0,0003
combination 1,0788 0,0003
group 0,0408 0,0000
wisnieff 4,6052 0,0014
qute 4,6052 0,0014
citerefjohnstonharrigangimeno 4,6052 0,0014
manually 1,5606 0,0005
harrow 4,6052 0,0014
island 2,6593 0,0008
workshop 1,5606 0,0005
format 0,0101 0,0000
tree 1,1394 0,0007
archive 0,0943 0,0000
particular 0,5978 0,0002
history 0,0000 0,0000
done 4,6052 0,0014
gilles 3,9120 0,0012
square 2,1203 0,0013
absolutely 2,6593 0,0008
interference 2,8134 0,0009
multiprocessor 3,2189 0,0010
nevychislimoe 4,6052 0,0014
sunway 4,6052 0,0014
mathematics 1,5141 0,0005
wgrestrictionedit 0,0000 0,0000
anastasia 4,6052 0,0014
stabilizer 4,6052 0,0014
part 0,1985 0,0001
howard 2,8134 0,0009
wgpageparsereport 0,0000 0,0000
metamaterial 4,6052 0,0014
textbooks 1,7720 0,0006
benedetti 4,6052 0,0014
jiawei 4,6052 0,0014
point 0,5447 0,0002
general 0,0000 0,0000
september 0,0000 0,0000
hiroshi 3,9120 0,0012
dimension 2,2073 0,0007
introduction 0,5621 0,0004
chen 1,7148 0,0005
padding 0,0000 0,0000
process 0,1625 0,0002
cpus 2,1203 0,0007
alternative 0,6931 0,0002
clear 0,0101 0,0000
lectures 4,6052 0,0014
heavily 2,3026 0,0007
ltr 0,0000 0,0000
mattsson 4,6052 0,0014
third 0,5447 0,0002
build 0,2357 0,0002
mean 0,4463 0,0004
neither 2,2073 0,0007
interaction 0,8210 0,0005
lua 0,0513 0,0000
cheng 2,3026 0,0007
further 0,3711 0,0001
steane 4,6052 0,0014
account 0,0000 0,0000
mimd 3,9120 0,0012
electronics 1,5141 0,0005
stack 0,7340 0,0002
dec 2,0402 0,0006
coherence 2,9957 0,0009
eastin 4,6052 0,0014
christandl 4,6052 0,0014
dansk 0,5798 0,0002
deane 4,6052 0,0014
shaari 4,6052 0,0014
den 2,8134 0,0009
youngseok 4,6052 0,0014
advance 1,0788 0,0007
yuling 4,6052 0,0014
der 2,1203 0,0007
path 1,0498 0,0003
crack 2,4079 0,0008
bind 1,3863 0,0004
trip 2,4079 0,0008
sigact 4,6052 0,0014
ranbel 4,6052 0,0014
killer 2,9957 0,0009
abbr 0,0619 0,0000
strict 1,5606 0,0005
lloyd 4,6052 0,0014
you 0,0000 0,0000
jump 0,0000 0,0000
soft 2,1203 0,0007
prime 2,6593 0,0017
iris 2,5257 0,0008
giles 3,2189 0,0010
impact 0,9163 0,0003
profile 1,0788 0,0003
active 0,7985 0,0003
bill 1,5606 0,0005
july 0,0000 0,0000
easy 0,6733 0,0002
whose 1,3471 0,0004
compare 0,9416 0,0003
pednault 4,6052 0,0014
depict 2,5257 0,0008
hoi 4,6052 0,0014
popper 2,8134 0,0009
subgroup 0,0513 0,0000
larsen 3,2189 0,0010
transparent 0,0619 0,0000
democritus 4,6052 0,0014
how 0,0834 0,0000
capability 0,7765 0,0005
journal 0,4780 0,0002
peter 0,8210 0,0003
philadelphia 4,6052 0,0014
integral 2,4079 0,0008
unlike 1,2040 0,0004
term 0,0000 0,0000
gibney 4,6052 0,0014
lenstra 4,6052 0,0014
toffoli 4,6052 0,0014
sparc 2,4079 0,0008
tomasulo 4,6052 0,0014
datapath 4,6052 0,0014
mind 1,6094 0,0005
chip 1,5141 0,0005
business 0,3425 0,0002
mini 0,0619 0,0000
ming 3,9120 0,0012
alejandro 4,6052 0,0014
chih 4,6052 0,0014
involve 0,6539 0,0006
nonzero 4,6052 0,0014
possible 0,5276 0,0002
right 0,0101 0,0000
leong 4,6052 0,0014
march 0,0000 0,0000
planck 3,9120 0,0012
tomamichel 4,6052 0,0014
katherine 2,5257 0,0008
june 0,0000 0,0000
wikitext 0,0000 0,0000
answer 1,5606 0,0010
meet 0,9163 0,0006
stage 1,2040 0,0004
underscore 2,9957 0,0009
grumble 4,6052 0,0014
series 0,5798 0,0002
complicated 2,5257 0,0008
paul 0,7765 0,0002
under 0,0101 0,0000
analytic 1,4271 0,0004
phenomena 3,5066 0,0011
spotlight 2,9957 0,0009
represent 0,5978 0,0006
compete 2,0402 0,0006
ryan 1,6094 0,0005
tolerant 2,6593 0,0008
london 1,3863 0,0004
gimeno 4,6052 0,0014
wichert 4,6052 0,0014
sometimes 0,6931 0,0002
promise 1,5141 0,0005
adder 3,9120 0,0012
autocapitalize 0,0000 0,0000
cryptoprocessor 4,6052 0,0014
hold 0,7985 0,0003
div 0,0000 0,0000
bracket 0,0619 0,0000
legal 1,1712 0,0004
wgpagename 0,0000 0,0000
talk 0,0000 0,0000
landmark 3,2189 0,0010
signal 1,2730 0,0008
computational 1,2040 0,0004
qcs 4,6052 0,0014
richard 0,9676 0,0003
bayesian 3,5066 0,0011
test 0,4463 0,0001
alessandro 3,9120 0,0012
barton 3,9120 0,0012
count 0,0513 0,0000
hatnote 0,2107 0,0001
mips 2,9957 0,0009
scholar 1,3863 0,0004
pinnable 0,0000 0,0000
take 0,2877 0,0002
vision 1,1394 0,0004
millikelvin 4,6052 0,0014
wallden 4,6052 0,0014
month 0,7133 0,0002
final 1,0788 0,0003
wgrevisionid 0,0000 0,0000
relatively 1,0498 0,0003
holevo 4,6052 0,0014
some 0,1744 0,0001
virtual 0,4620 0,0001
dominik 3,2189 0,0010
rather 0,5978 0,0002
session 1,7720 0,0006
additional 0,0000 0,0000
overwhelmed 4,6052 0,0014
mach 2,8134 0,0009
training 1,4697 0,0005
optics 3,9120 0,0012
title 0,0000 0,0000
patroltoken 0,0000 0,0000
santa 3,2189 0,0010
states 0,4943 0,0002
duration 2,4079 0,0008
reconfigurable 3,9120 0,0012
qed 4,6052 0,0014
load 0,0202 0,0000
alpha 0,0101 0,0000
marie 3,9120 0,0012
contraction 3,9120 0,0012
company 0,4308 0,0001
diego 3,2189 0,0010
thomas 0,8675 0,0003
nuclear 2,5257 0,0008
dirac 4,6052 0,0014
human 0,9416 0,0003
just 0,4943 0,0002
misd 3,9120 0,0012
misc 3,9120 0,0012
notice 1,6094 0,0005
asic 2,9957 0,0009
fifo 3,9120 0,0012
custom 0,0000 0,0000
length 1,6094 0,0005
raymond 1,9661 0,0006
michael 0,7133 0,0002
print 0,0000 0,0000
susskind 4,6052 0,0014
although 0,6162 0,0002
asip 4,6052 0,0014
material 0,7765 0,0002
inherit 0,0101 0,0000
universe 2,9957 0,0009
alexandra 2,8134 0,0009
hui 3,2189 0,0010
explain 1,1712 0,0004
fengqi 4,6052 0,0014
lunch 3,9120 0,0012
simulation 1,9661 0,0012
hardwire 4,6052 0,0014
construct 1,3471 0,0013
gustavsson 4,6052 0,0014
zhang 2,1203 0,0007
hope 2,1203 0,0020
attempt 0,8440 0,0005
dmy 0,0000 0,0000
haber 3,5066 0,0011
locc 4,6052 0,0014
gardner 4,6052 0,0014
navigation 0,0000 0,0000
citeref 3,2189 0,0010
zhifeng 4,6052 0,0014
distillation 3,9120 0,0012
action 0,0000 0,0000
lock 0,0101 0,0000
mosca 3,9120 0,0012
tapp 4,6052 0,0014
text 0,0000 0,0000
usually 0,4780 0,0002
feat 3,5066 0,0011
letters 2,9957 0,0009
bulmer 4,6052 0,0014
song 2,5257 0,0008
bangalore 3,9120 0,0012
ppvisitednode 0,0000 0,0000
cookie 0,0000 0,0000
belt 3,2189 0,0010
bernstein 3,9120 0,0012
fabrication 3,5066 0,0011
electrical 1,4271 0,0004
sense 1,3093 0,0008
stall 2,6593 0,0008
loading 0,0000 0,0000
bell 1,9661 0,0006
physicist 3,5066 0,0022
broadcasting 3,2189 0,0010
bosch 3,9120 0,0012
physically 2,8134 0,0009
field 0,7550 0,0005
gershenfeld 4,6052 0,0014
contents 0,0000 0,0000
evaluate 1,3093 0,0012
transactional 2,5257 0,0008
doi 0,4155 0,0001
machinery 1,4271 0,0004
status 0,0000 0,0000
semantic 1,6607 0,0005
umesh 4,6052 0,0014
weinberg 3,5066 0,0011
don 1,9661 0,0006
loer 4,6052 0,0014
curve 2,1203 0,0007
romero 4,6052 0,0014
millisecond 3,2189 0,0010
dot 0,8210 0,0003
skin 0,0000 0,0000
comparably 4,6052 0,0014
ataide 4,6052 0,0014
phenomenon 3,2189 0,0010
robert 0,9676 0,0003
bibliography 2,2073 0,0007
file 0,0000 0,0000
government 1,2379 0,0008
creek 4,6052 0,0014
nonabelian 4,6052 0,0014
joshua 1,8326 0,0006
stream 1,0788 0,0003
buluta 4,6052 0,0014
qip 4,6052 0,0014
mao 4,6052 0,0014
quadratically 4,6052 0,0014
wgnoticeproject 0,0000 0,0000
together 0,5978 0,0002
klein 3,2189 0,0010
twenty 2,8134 0,0009
convolutional 3,2189 0,0010
hassidim 4,6052 0,0014
exponentially 2,9957 0,0009
may 0,0000 0,0000
max 0,0513 0,0000
within 0,3011 0,0001
could 0,4780 0,0002
tara 3,2189 0,0010
positive 1,8971 0,0006
trigger 0,0513 0,0000
menu 0,0000 0,0000
url 0,0000 0,0000
vlad 3,2189 0,0010
computation 1,3863 0,0009
machine 0,2744 0,0002
schwinger 4,6052 0,0014
able 0,9943 0,0003
efficiently 1,4697 0,0005
inoperable 4,6052 0,0014
stolze 4,6052 0,0014
cloning 4,6052 0,0014
return 0,0000 0,0000
specialize 1,8971 0,0006
hoefler 4,6052 0,0014
codes 2,8134 0,0009
usa 1,6094 0,0005
instance 0,7765 0,0002
dimensional 2,4079 0,0008
use 0,0000 0,0000
practically 2,6593 0,0008
edward 2,5257 0,0008
main 0,0000 0,0000
integer 1,7720 0,0011
qkd 4,6052 0,0014
serve 1,0217 0,0006
supercomputers 3,9120 0,0012
heterogeneous 2,5257 0,0008
technologically 3,9120 0,0012
radio 1,6607 0,0005
reviews 3,5066 0,0011
solution 0,5621 0,0004
find 0,3425 0,0003
mcm 4,6052 0,0014
continuous 1,1087 0,0003
logo 0,0000 0,0000
kempe 4,6052 0,0014
international 0,3011 0,0001
jian 3,5066 0,0011
logs 1,3093 0,0004
combine 0,7340 0,0002
approximation 2,5257 0,0008
textbook 2,3026 0,0014
utc 0,0000 0,0000
illustrate 2,4079 0,0008
occur 0,7765 0,0007
numa 3,9120 0,0012
difficult 0,9163 0,0003
equipment 1,6094 0,0005
canonical 0,0408 0,0000
sistersitebox 0,6539 0,0002
hertz 4,6052 0,0014
wgcurrevisionid 0,0000 0,0000
ortiz 4,6052 0,0014
task 0,5108 0,0003
null 0,0000 0,0000
background 0,0101 0,0000
dsnpr 4,6052 0,0014
principles 1,7148 0,0005
true 0,0000 0,0000
header 0,0000 0,0000
heisenberg 4,6052 0,0014
position 1,5141 0,0005
watchtoken 0,0000 0,0000
present 0,5621 0,0004
harvard 1,7148 0,0005
since 0,3425 0,0001
dsp 4,6052 0,0014
henke 4,6052 0,0014
belong 1,6607 0,0005
qma 4,6052 0,0014
derek 2,8134 0,0009
benioff 3,9120 0,0012
quantum 1,6607 0,0005
delete 0,4155 0,0001
ball 2,6593 0,0008
foreach 0,0000 0,0000
manin 4,6052 0,0014
transform 1,4697 0,0005
hour 1,4697 0,0005
repeat 0,0101 0,0000
chetan 3,9120 0,0012
paradox 3,5066 0,0011
louis 2,5257 0,0008
magnitude 2,5257 0,0008
mysticism 4,6052 0,0014
physical 1,0217 0,0003
make 0,1165 0,0001
beta 1,3863 0,0004
categorize 2,4079 0,0008
microwave 4,6052 0,0014
wggestructuredtaskrejectionreasontextinputenable 0,0000 0,0000
dihedral 4,6052 0,0014
execution 0,7340 0,0002
conover 4,6052 0,0014
equation 3,2189 0,0020
darpa 2,6593 0,0008
stern 4,6052 0,0014
thread 1,2379 0,0008
baseband 3,9120 0,0012
nayak 4,6052 0,0014
rapidly 2,1203 0,0007
structure 0,4155 0,0001
master 1,0498 0,0003
underlie 0,9416 0,0006
conventional 1,6607 0,0005
chuang 4,6052 0,0014
puzzle 2,5257 0,0008
mermin 4,6052 0,0014
rodrigo 3,9120 0,0012
bourzac 4,6052 0,0014
depend 0,7340 0,0002
glue 3,2189 0,0010
firm 1,3863 0,0004
hiding 2,9957 0,0009
contribution 0,0000 0,0000
ongoing 1,9661 0,0006
isakov 4,6052 0,0014
meaning 1,5141 0,0005
above 1,0788 0,0003
giacomo 3,9120 0,0012
magnetic 2,8134 0,0009
relativistic 4,6052 0,0014
interpretations 4,6052 0,0014
recursion 0,0513 0,0000
temporal 2,1203 0,0007
czech 0,9163 0,0003
height 0,0101 0,0000
equivalence 3,9120 0,0012
pointer 2,0402 0,0006
august 0,0000 0,0000
distinguish 1,3471 0,0004
receiver 2,5257 0,0008
module 0,0000 0,0000
wikibase 0,0619 0,0000
holographic 2,9957 0,0009
teleportation 4,6052 0,0014
execute 0,6733 0,0002
substantial 2,1203 0,0007
something 1,4271 0,0004
datemodify 0,0619 0,0000
quality 0,8916 0,0003
regev 4,6052 0,0014
scalar 3,2189 0,0010
wafer 4,6052 0,0014
ultracold 4,6052 0,0014
processing 0,6162 0,0002
boost 1,9661 0,0006
mhz 3,5066 0,0011
functional 0,9943 0,0003
nevertheless 2,4079 0,0008
thermoacoustic 4,6052 0,0014
ethan 2,9957 0,0009
fact 1,0217 0,0003
association 1,0498 0,0003
fundamental 1,4271 0,0004
eliminate 1,1712 0,0004
global 0,7985 0,0003
industry 0,7550 0,0002
believe 1,8326 0,0006
cosmology 4,6052 0,0014
long 0,4005 0,0003
into 0,1985 0,0001
min 0,1165 0,0000
vliw 4,6052 0,0014
purification 4,6052 0,0014
ian 1,7148 0,0005
temperature 3,5066 0,0011
mit 1,2040 0,0004
perspective 1,3093 0,0008
elitzur 4,6052 0,0014
operating 0,9416 0,0003
free 0,0000 0,0000
relationship 1,0788 0,0003
mix 1,2379 0,0004
iterate 3,5066 0,0011
redirect 1,1087 0,0003
controller 1,5141 0,0010
reaction 2,3026 0,0007
preskill 4,6052 0,0014
though 0,8440 0,0003
lomonaco 4,6052 0,0014
transverse 4,6052 0,0014
appeal 2,4079 0,0008
yuri 3,9120 0,0012
many 0,2357 0,0001
gordon 2,5257 0,0008
designing 1,9661 0,0006
stay 2,1203 0,0007
appear 0,8210 0,0003
evolve 1,0498 0,0007
face 1,1712 0,0007
simon 2,0402 0,0006
ibm 0,5621 0,0002
friedman 2,8134 0,0009
oclc 1,2040 0,0004
progress 1,4271 0,0004
geometry 1,9661 0,0006
operation 0,5108 0,0003
bulletin 2,8134 0,0009
open 0,1625 0,0001
ratio 2,6593 0,0008
calculation 2,3026 0,0014
invest 1,7720 0,0006
chronology 3,9120 0,0012
project 0,0000 0,0000
enhancement 0,0101 0,0000
inside 0,0101 0,0000
coordination 2,5257 0,0008
techcrunch 1,3093 0,0004
funded 4,6052 0,0014
feng 3,5066 0,0011
roughly 1,7720 0,0006
wikiversity 0,9676 0,0003
divincenzo 4,6052 0,0014
california 1,2379 0,0004
diana 2,9957 0,0009
scoreboarding 4,6052 0,0014
wong 2,5257 0,0008
berta 4,6052 0,0014
collection 0,6733 0,0002
look 0,7765 0,0002
coprocessor 4,6052 0,0014
discrete 1,8326 0,0006
tilera 4,6052 0,0014
englund 4,6052 0,0014
hypothetical 3,2189 0,0010
nicola 2,9957 0,0009
coefficient 3,9120 0,0012
conflict 1,6094 0,0005
allow 0,1863 0,0002
wired 1,2040 0,0004
defer 2,2073 0,0007
anyons 4,6052 0,0014
sequential 2,1203 0,0007
father 3,5066 0,0011
isbn 0,1054 0,0000
ruane 4,6052 0,0014
rule 0,5978 0,0004
update 0,4463 0,0003
forwarding 4,6052 0,0014
annealing 3,9120 0,0012
speed 0,9416 0,0003
fundamentally 2,4079 0,0008
razavi 4,6052 0,0014
common 0,3711 0,0001
mmu 3,9120 0,0012
citerefchi 4,6052 0,0014
interest 0,9943 0,0003
manycore 3,9120 0,0012
hagar 4,6052 0,0014
definition 0,4943 0,0002
placeholder 0,0000 0,0000
unaffected 3,5066 0,0011
summary 1,6607 0,0005
ajagekar 4,6052 0,0014
apply 0,0000 0,0000
recently 1,5141 0,0005
again 1,2379 0,0004
marcello 4,6052 0,0014
artificial 1,1712 0,0004
money 1,6094 0,0005
subsetneq 4,6052 0,0014
lattice 4,6052 0,0014
relational 1,5606 0,0005
sarma 4,6052 0,0014
step 0,7765 0,0002
chronological 3,2189 0,0010
mark 0,6733 0,0002
base 0,0305 0,0000
muhammad 2,6593 0,0008
mod 3,2189 0,0010
runa 0,9416 0,0003
mechanic 2,9957 0,0009
desirable 2,3026 0,0007
during 0,5447 0,0002
annotated 2,3026 0,0007
consist 0,6539 0,0002
reliable 0,7765 0,0002
relate 0,0000 0,0000
routinely 4,6052 0,0014
solovay 4,6052 0,0014
enable 0,0000 0,0000
sidebar 0,0000 0,0000
limitreport 0,0000 0,0000
cryptosystem 2,9957 0,0019
decoration 0,0619 0,0000
obstacle 2,5257 0,0016
randomize 2,1203 0,0007
reflist 0,0101 0,0000
physreva 4,6052 0,0014
still 0,5447 0,0002
van 1,3093 0,0004
biology 1,8326 0,0006
psoc 4,6052 0,0014
isaac 2,9957 0,0009
var 0,0000 0,0000
lose 1,3093 0,0004
matt 1,7720 0,0006
budde 4,6052 0,0014
michele 2,5257 0,0008
agree 0,0101 0,0000
vax 2,8134 0,0009
benchmark 1,8971 0,0018
heidelberg 2,6593 0,0008
resistance 2,6593 0,0008
wgulsislanguageselectorempty 0,0000 0,0000
itself 0,6539 0,0002
books 1,7148 0,0005
carretta 4,6052 0,0014
spectrum 1,9661 0,0006
mercedes 3,2189 0,0010
srpski 0,3711 0,0001
zaslavsky 3,9120 0,0012
registration 0,0101 0,0000
ceruzzi 3,9120 0,0012
word 0,0101 0,0000
theory 0,9416 0,0003
extension 0,6349 0,0004
internal 0,8210 0,0003
keyang 4,6052 0,0014
church 3,9120 0,0012
classical 2,6593 0,0008
refbegin 1,4697 0,0005
bryn 4,6052 0,0014
foundation 0,0000 0,0000
secret 1,6607 0,0005
tavares 4,6052 0,0014
across 0,5798 0,0002
bardin 4,6052 0,0014
mdash 4,6052 0,0014
naturally 2,6593 0,0008
subseteq 4,6052 0,0014
vadim 3,9120 0,0012
amplitude 3,9120 0,0025
orthogonal 2,8134 0,0009
xinmin 4,6052 0,0014
moreover 2,1203 0,0007
physrevx 4,6052 0,0014
scatter 3,5066 0,0011
freedberg 4,6052 0,0014
verify 1,5141 0,0005
event 0,0000 0,0000
ciaran 4,6052 0,0014
computationally 2,6593 0,0008
include 0,0000 0,0000
agency 1,6607 0,0010
inhabit 4,6052 0,0014
mri 3,5066 0,0011
toggle 0,0000 0,0000
abstract 1,3093 0,0004
monroe 4,6052 0,0014
skeptic 3,9120 0,0012
degenerate 3,9120 0,0012
destructive 2,4079 0,0008
opinion 1,8971 0,0006
appearance 0,0000 0,0000
alexander 1,5606 0,0005
classname 0,0000 0,0000
culture 1,4271 0,0004
wggetopicsmatchmodeenable 0,0000 0,0000
first 0,0408 0,0000
indian 2,2073 0,0007
span 1,2730 0,0004
abbot 4,6052 0,0014
nowrap 0,0408 0,0000
perfect 2,5257 0,0008
prefer 0,0101 0,0000
stephanie 2,9957 0,0009
roman 0,0101 0,0000
existence 1,9661 0,0006
tobias 2,5257 0,0008
threshold 2,9957 0,0009
wgrelevantpageisprobablyeditable 0,0000 0,0000
float 0,0101 0,0000
pole 4,6052 0,0014
tight 3,2189 0,0010
transclusion 0,0619 0,0000
space 0,0408 0,0000
reference 0,0101 0,0000
gating 3,9120 0,0012
associative 2,5257 0,0008
valleytronics 4,6052 0,0014
fang 4,6052 0,0014
discover 1,2379 0,0004
blockquote 2,8134 0,0009
imply 1,9661 0,0019
bottom 0,0000 0,0000
fabio 3,5066 0,0011
cavity 4,6052 0,0014
decoder 4,6052 0,0014
isizulu 2,0402 0,0006
qrng 4,6052 0,0014
revision 0,0000 0,0000
estimation 3,2189 0,0010
collision 2,6593 0,0017
gottesman 4,6052 0,0014
sequence 1,2730 0,0004
rangle 4,6052 0,0014
phillip 3,2189 0,0010
eds 2,3026 0,0007
publisher 0,0000 0,0000
boson 4,6052 0,0014
replacement 1,7148 0,0005
imc 3,5066 0,0011
img 0,0408 0,0000
stoc 4,6052 0,0014
o'reilly 0,6733 0,0002
kozlowski 4,6052 0,0014
scientific 1,1712 0,0004
fortschritte 4,6052 0,0014
rlstate 0,0000 0,0000
error 0,0101 0,0000
platform 0,0000 0,0000
differential 2,0402 0,0006
network 0,3285 0,0003
trace 1,6607 0,0005
paper 0,9416 0,0006
public 0,4155 0,0001
array 1,4271 0,0009
parameter 1,3093 0,0004
craig 2,0402 0,0006
valentin 3,5066 0,0011
superdeterminism 4,6052 0,0014
zoo 3,5066 0,0011
value 0,0000 0,0000
cmos 4,6052 0,0014
nonlocality 4,6052 0,0014
spacetime 2,5257 0,0008
lookup 2,4079 0,0008
programmable 2,3026 0,0007
nannicini 4,6052 0,0014
zhao 3,2189 0,0010
advantage 0,9676 0,0003
stephen 1,5141 0,0005
citerefgaristo 4,6052 0,0014
tomer 3,9120 0,0012
efn 2,3026 0,0007
tensor 2,9957 0,0009
rush 2,9957 0,0009
jack 2,3026 0,0007
expensive 0,0408 0,0000
performance 0,3425 0,0001
currently 1,0788 0,0003
serial 2,8134 0,0009
maint 0,0101 0,0000
variable 0,9676 0,0003
wiktionary 0,5798 0,0002
platformversion 0,0000 0,0000
sophie 3,9120 0,0012
landscape 2,2073 0,0007
exception 1,3471 0,0004
izumi 4,6052 0,0014
templatequote 1,9661 0,0006
optimal 1,9661 0,0006
references 0,0513 0,0000
saved 0,0619 0,0000
sufficiently 2,5257 0,0008
year 0,2614 0,0002
ion 2,9957 0,0019
theorems 4,6052 0,0014
branch 1,5606 0,0005
resolution 1,8326 0,0006
via 0,3011 0,0001
nondeterministic 3,5066 0,0011
quote 0,0101 0,0000
jeutner 4,6052 0,0014
tock 3,5066 0,0011
circuitry 4,6052 0,0014
because 0,0000 0,0000
near 1,2730 0,0004
ipc 2,1203 0,0007
giulio 4,6052 0,0014
springer 0,9676 0,0003
unlikely 2,3026 0,0007
fairly 2,8134 0,0009
boixo 4,6052 0,0014
google 0,4005 0,0001
proportional 3,2189 0,0010
concat 3,5066 0,0011
ray 1,8971 0,0006
community 0,0000 0,0000
ips 3,5066 0,0011
unitarity 4,6052 0,0014
version 0,0000 0,0000
interdisciplinary 2,8134 0,0009
akshunna 4,6052 0,0014
guess 2,9957 0,0009
science 0,5447 0,0002
jianzhou 4,6052 0,0014
francesco 3,9120 0,0012
institute 1,0498 0,0003
fourier 4,6052 0,0014
appropriate 1,1394 0,0004
forest 3,5066 0,0011
criterion 1,5606 0,0005
iqm 4,6052 0,0014
joachim 3,2189 0,0010
least 0,9676 0,0003
setttl 3,9120 0,0012
utility 1,2730 0,0004
manual 1,1394 0,0004
matrix 2,2073 0,0014
openqasm 3,9120 0,0012
uncertainty 2,2073 0,0007
wgusergroup 0,0000 0,0000
britannica 2,9957 0,0009
subsequently 1,6094 0,0005
measurement 2,3026 0,0014
dollar 1,8971 0,0006
krantz 4,6052 0,0014
duan 3,9120 0,0012
pirandola 4,6052 0,0014
rebentrost 4,6052 0,0014
realistically 3,9120 0,0012
laflamme 4,6052 0,0014
aspect 0,7765 0,0002
tacchino 4,6052 0,0014
browne 2,9957 0,0009
particle 3,2189 0,0020
wikipedia 0,0000 0,0000
behavior 0,8210 0,0003
scott 1,0217 0,0003
close 0,8210 0,0003
morris 2,2073 0,0007
afrikaans 0,9416 0,0003
computers 1,8971 0,0006
chemistry 1,8326 0,0006
brandt 3,9120 0,0012
density 2,8134 0,0009
mitigate 1,8326 0,0006
colend 3,5066 0,0011
learn 0,0000 0,0000
probabilistic 2,5257 0,0008
manovitz 4,6052 0,0014
factorization 3,9120 0,0012
niko 4,6052 0,0014
logical 1,6607 0,0005
cypress 4,6052 0,0014
characterize 1,9661 0,0006
fast 0,4943 0,0005
horowitz 2,9957 0,0009
isa 3,9120 0,0012
spin 2,2073 0,0007
emerge 1,2730 0,0012
initialize 2,8134 0,0009
exploit 1,6607 0,0010
anniversary 2,8134 0,0009
physrevlett 4,6052 0,0014
register 0,0000 0,0000
spmd 4,6052 0,0014
notes 0,9943 0,0003
evidence 1,7720 0,0006
republic 0,8916 0,0003
rydberg 4,6052 0,0014
microelectronics 2,9957 0,0009
entangle 3,9120 0,0012
historical 1,9661 0,0006
acm 0,8675 0,0003
epiphany 4,6052 0,0014
spring 1,8971 0,0006
act 0,9416 0,0003
agricultural 3,2189 0,0010
kalra 3,9120 0,0012
post 0,0202 0,0000
chiesa 4,6052 0,0014
incorporated 2,8134 0,0009
leave 0,0101 0,0000
nathan 2,2073 0,0007
nanotechnology 3,5066 0,0011
torsten 4,6052 0,0014
psiquantum 4,6052 0,0014
interferometer 4,6052 0,0014
pancotti 4,6052 0,0014
clipper 4,6052 0,0014
add 0,0000 0,0000
matthias 2,5257 0,0008
need 0,1393 0,0002
pose 2,1203 0,0013
bernhardt 3,9120 0,0012
finite 2,5257 0,0008
its 0,0726 0,0000
often 0,2877 0,0001
article 0,0000 0,0000
electrodynamics 4,6052 0,0014
volume 1,1712 0,0004
parser 0,0000 0,0000
ady 4,6052 0,0014
http 0,0000 0,0000
therefore 0,7985 0,0003
exchange 1,1087 0,0003
jiye 4,6052 0,0014
einstein 4,6052 0,0014
decimal 0,0101 0,0000
washington 1,5141 0,0005
useful 0,9943 0,0003
private 0,8210 0,0003
technical 0,6349 0,0002
production 0,9943 0,0003
united 0,4780 0,0002
searching 3,5066 0,0011
morals 4,6052 0,0014
standardization 1,6094 0,0005
ems 3,9120 0,0012
zhenghan 4,6052 0,0014
haohuan 4,6052 0,0014
aes 2,9957 0,0009
wghostname 0,0000 0,0000
prevent 0,7340 0,0002
benjamin 1,7720 0,0006
factoring 4,6052 0,0014
vallone 4,6052 0,0014
wehner 3,9120 0,0012
vol 1,1712 0,0004
laser 3,5066 0,0011
von 2,4079 0,0008
wgtitle 0,0000 0,0000
engine 0,4780 0,0003
end 0,3011 0,0001
molecular 2,9957 0,0009
forty 3,9120 0,0012
cipher 2,8134 0,0009
identify 0,6733 0,0004
wgdigittransformtable 0,0000 0,0000
nitrogen 4,6052 0,0014
pour 3,5066 0,0011
rich 1,3093 0,0004
hlist 0,0408 0,0000
label 0,0000 0,0000
improvement 0,9163 0,0006
message 0,3857 0,0001
sheng 3,9120 0,0012
jaeger 4,6052 0,0014
special 0,0000 0,0000
modify 0,7765 0,0002
environment 0,4308 0,0001
suter 4,6052 0,0014
weirdness 4,6052 0,0014
rlconf 0,0000 0,0000
vpu 3,9120 0,0012
family 1,0217 0,0003
gaussian 3,5066 0,0011
age 1,2730 0,0004
endianness 3,5066 0,0011
education 1,0788 0,0003
bahasa 0,3285 0,0001
dorit 4,6052 0,0014
oded 3,9120 0,0012
arithmetic 2,1203 0,0007
cirq 4,6052 0,0014
vqe 4,6052 0,0014
agu 4,6052 0,0014
eavesdropping 2,9957 0,0009
preemptive 2,3026 0,0007
mccormick 4,6052 0,0014
number 0,0000 0,0000
wgbackendresponsetime 0,0000 0,0000
shorten 0,0000 0,0000
combinational 4,6052 0,0014
cisc 4,6052 0,0014
property 0,6539 0,0004
nan 3,2189 0,0010
proceedings 0,7550 0,0002
manipulate 1,4271 0,0009
algorithm 0,8675 0,0005
similar 0,4780 0,0002
guangwen 4,6052 0,0014
shape 1,9661 0,0006
disentangle 3,9120 0,0012
epr 4,6052 0,0014
marcin 4,6052 0,0014
nothing 1,6607 0,0005
programmer 0,9416 0,0003
foundations 3,5066 0,0011
neil 2,4079 0,0008
system 0,0101 0,0000
converge 2,6593 0,0008
issn 0,7765 0,0002
compose 1,5141 0,0005
moini 4,6052 0,0014
dephase 4,6052 0,0014
aid 1,3471 0,0004
fundamentals 1,4697 0,0005
algorithms 1,8971 0,0006
anyon 4,6052 0,0014
other 0,0000 0,0000
aim 0,8210 0,0005
eqp 4,6052 0,0014
optimism 3,9120 0,0012
against 0,6931 0,0002
slowdown 3,9120 0,0012
local 0,7985 0,0003
valid 1,4271 0,0004
vacuum 2,9957 0,0009
era 2,2073 0,0007
electronic 1,0788 0,0003
ionq 4,6052 0,0014
stochastic 1,9661 0,0006
xviii 4,6052 0,0014
share 0,4620 0,0003
provable 4,6052 0,0014
ciss 4,6052 0,0014
nisq 4,6052 0,0014
analogue 4,6052 0,0014
prototype 0,9676 0,0003
seiki 4,6052 0,0014
slit 4,6052 0,0014
powerful 1,4697 0,0005
immersive 3,5066 0,0011
future 0,5978 0,0002
polynomial 3,5066 0,0022
rlq 0,0000 0,0000
anchor 1,9661 0,0006
nisc 4,6052 0,0014
cite 0,0000 0,0000
logic 0,9676 0,0003
atom 2,4079 0,0015
royal 2,8134 0,0009
perdomo 4,6052 0,0014
screen 0,0101 0,0000
shen 3,2189 0,0010
body 0,0000 0,0000
functor 4,6052 0,0014
vibration 3,2189 0,0010
correspond 1,3093 0,0004
mode 0,0000 0,0000
undertake 3,2189 0,0010
pages 0,0000 0,0000
optimize 1,0217 0,0003
symmetry 4,6052 0,0014
byproduct 4,6052 0,0014
buffer 1,8326 0,0006
cable 2,8134 0,0009
newpp 0,0619 0,0000
all 0,0408 0,0000
border 0,0000 0,0000
new 0,0000 0,0000
read 0,0000 0,0000
already 1,1087 0,0003
acoustic 2,9957 0,0009
applicable 2,1203 0,0007
pautasso 3,5066 0,0011
alu 4,6052 0,0014
clock 2,6593 0,0008
real 0,0408 0,0000
clientpref 0,0000 0,0000
duality 4,6052 0,0014
moise 4,6052 0,0014
zhou 2,9957 0,0009
tool 0,0000 0,0000
shoham 4,6052 0,0014
unit 0,6539 0,0004
hybrid 1,4271 0,0004
contemporary 1,8326 0,0006
regan 4,6052 0,0014
alan 1,5606 0,0005
acpi 3,9120 0,0012
svenska 0,3857 0,0001
amplifier 3,9120 0,0012
sensor 1,8326 0,0006
mcafee 3,2189 0,0010
hengyun 4,6052 0,0014
joseph 1,5141 0,0005
ulrik 4,6052 0,0014
boundary 1,7720 0,0006
leverage 1,3863 0,0013
enigma 3,5066 0,0011
indent 1,3863 0,0009
ams 4,6052 0,0014
wgpagecontentlanguage 0,0000 0,0000
ensemble 3,5066 0,0011
isaacson 4,6052 0,0014
respective 2,0402 0,0006
media 0,2485 0,0001
amy 2,4079 0,0008
around 0,6931 0,0002
postbqp 4,6052 0,0014
running 2,6593 0,0008
rect 3,9120 0,0012
rom 2,8134 0,0009
weakness 3,2189 0,0010
wgisarticle 0,0000 0,0000
gloss 3,9120 0,0012
satisfiability 4,6052 0,0014
today 1,0788 0,0003
define 0,2744 0,0002
construction 1,2379 0,0004
notelist 2,3026 0,0007
predict 1,6607 0,0005
render 0,0513 0,0000
universal 1,4271 0,0004
ann 2,1203 0,0007
frontier 1,9661 0,0006
undermine 2,8134 0,0009
mikhail 3,2189 0,0010
outeiral 4,6052 0,0014
mills 3,2189 0,0010
wiebe 4,6052 0,0014
skepticism 3,2189 0,0010
requirement 0,5798 0,0002
transport 1,6094 0,0005
specific 0,2877 0,0001
any 0,2107 0,0001
olivia 3,9120 0,0012
refrigeration 4,6052 0,0014
application 0,0943 0,0001
metacomputing 4,6052 0,0014
milestone 2,2073 0,0007
wgflaggedrevsparams 0,0000 0,0000
cris 4,6052 0,0014
martin 1,0788 0,0003
maskara 4,6052 0,0014
formally 2,0402 0,0006
remainder 3,5066 0,0011
collapse 0,0408 0,0000
reason 0,7985 0,0003
grover 4,6052 0,0014
maintain 0,3567 0,0003
qubit 3,9120 0,0025
wgrelevantarticleid 0,0000 0,0000
preprocessor 0,0513 0,0000
nic 3,5066 0,0011
johnson 1,8326 0,0006
oxford 1,7720 0,0006
locally 2,3026 0,0007
annual 1,0788 0,0003
english 0,0000 0,0000
formulation 2,9957 0,0019
fully 0,8210 0,0003
apm 4,6052 0,0014
mohr 4,6052 0,0014
app 0,9943 0,0003
encompass 1,8971 0,0006
models 1,8971 0,0006
cache 0,0305 0,0000
margin 0,0000 0,0000
suomi 0,2107 0,0001
wgrequestid 0,0000 0,0000
nanosecond 3,9120 0,0012
perplexing 4,6052 0,0014
remain 0,7550 0,0005
aaronson 4,6052 0,0014
relaxation 4,6052 0,0014
sampling 3,2189 0,0010
lange 4,6052 0,0014
enwikimwclientpreference 0,0000 0,0000
subst 4,6052 0,0014
rlpagemodules 0,0000 0,0000
brooks 2,9957 0,0009
cain 3,2189 0,0010
correlations 3,9120 0,0012
amplification 3,5066 0,0011
alex 1,3863 0,0004
slow 1,1087 0,0003
atomic 2,0402 0,0006
letter 1,5606 0,0005
chakrabarti 3,9120 0,0012
bohr 4,6052 0,0014
samea 0,0000 0,0000
rasit 3,9120 0,0012
bohm 4,6052 0,0014
fluctuation 3,5066 0,0011
wgwikibaseitemid 0,0000 0,0000
complexity 0,9163 0,0006
rsa 3,5066 0,0011
wgulsiscompactlinksenable 0,0000 0,0000
another 0,3567 0,0001
simultaneous 2,5257 0,0008
pagevariantfallback 0,0000 0,0000
guarantee 1,3093 0,0004
algebra 2,2073 0,0007
brassard 4,6052 0,0014
neuromorphic 3,5066 0,0011
notion 1,8326 0,0006
encryption 1,1712 0,0004
wgmonthname 0,0000 0,0000
arute 4,6052 0,0014
disabled 0,0000 0,0000
where 0,2744 0,0001
arm 1,6607 0,0005
popular 0,6539 0,0002
timestamp 0,0000 0,0000
art 1,2379 0,0004
detection 1,2730 0,0004
scaling 2,0402 0,0006
black 1,5141 0,0005
garrett 2,9957 0,0009
suppress 3,9120 0,0012
kalai 4,6052 0,0014
call 0,0101 0,0000
speculative 2,6593 0,0008
berthiaume 4,6052 0,0014
such 0,0943 0,0000
madelyn 4,6052 0,0014
classic 1,3093 0,0004
shifter 4,6052 0,0014
metric 1,8326 0,0012
absolute 2,0402 0,0006
rachel 2,6593 0,0008
ask 1,0498 0,0003
theories 3,9120 0,0012
oliver 2,4079 0,0008
describe 0,2485 0,0003
technological 1,9661 0,0006
perry 2,9957 0,0009
repeater 4,6052 0,0014
pipelined 3,5066 0,0011
through 0,2107 0,0001
lookaside 4,6052 0,0014
strength 2,3026 0,0007
horesh 4,6052 0,0014
reportedly 2,8134 0,0009
nano 2,4079 0,0008
run 0,3011 0,0001
incorporate 1,1712 0,0004
philip 1,8971 0,0006
challenging 2,2073 0,0007
operator 1,1712 0,0004
research 0,5621 0,0004
debate 1,7720 0,0006
sciences 1,9661 0,0006
either 0,5621 0,0002
nmr 4,6052 0,0014
view 0,0000 0,0000
white 0,0305 0,0000
counterpart 2,6593 0,0017
cambridge 1,5141 0,0005
nand 4,6052 0,0014
wenzhao 4,6052 0,0014
donate 0,0000 0,0000
helpful 2,4079 0,0008
physik 4,6052 0,0014
might 0,7340 0,0002
nielsen 2,8134 0,0009
bold 0,0408 0,0000
engineering 0,3857 0,0001
significant 0,6931 0,0002
sharing 1,7148 0,0005
imaging 2,5257 0,0008
superh 3,9120 0,0012
difficulty 1,6607 0,0005
glossary 1,7148 0,0005
geim 4,6052 0,0014
practicality 3,9120 0,0012
name 0,0000 0,0000
cputime 0,0000 0,0000
fields 2,2073 0,0007
wartime 4,6052 0,0014
watchlist 0,0000 0,0000
briegel 4,6052 0,0014
itanium 3,2189 0,0010
noc 3,9120 0,0012
color 0,0101 0,0000
distance 2,3026 0,0014
hidden 1,6094 0,0005
prospects 3,2189 0,0010
strini 4,6052 0,0014
book 0,4308 0,0001
show 0,0513 0,0001
description 0,0000 0,0000
summit 2,0402 0,0006
shor 4,6052 0,0014
scalability 1,3093 0,0004
symmetric 2,9957 0,0009
jiangang 4,6052 0,0014
comput 3,9120 0,0012
negative 1,5606 0,0005
not 0,0101 0,0000
central 0,9416 0,0003
nicolaus 4,6052 0,0014
dario 3,2189 0,0010
florian 3,5066 0,0011
now 0,4308 0,0001
statement 0,0000 0,0000
chadwick 4,6052 0,0014
gregg 2,9957 0,0009
hence 1,7720 0,0006
trademark 0,0101 0,0000
factor 1,1712 0,0011
analogous 1,7720 0,0006
mceliece 4,6052 0,0014
greek 0,0101 0,0000
news 0,4620 0,0001
elizabeth 2,8134 0,0009
abbreviate 2,3026 0,0007
heterogenous 3,9120 0,0012
libquantum 4,6052 0,0014
norton 2,8134 0,0009
race 1,8971 0,0012
effectively 1,3093 0,0004
introduce 0,3285 0,0004
war 1,8326 0,0006
experimentally 3,9120 0,0012
rodriguez 2,9957 0,0009
realization 4,6052 0,0014
way 0,2485 0,0002
target 0,0101 0,0000
banchi 4,6052 0,0014
jeffrey 1,7148 0,0005
cracker 3,5066 0,0011
risc 2,6593 0,0008
what 0,0000 0,0000
refer 0,4155 0,0003
israel 0,7550 0,0002
restricted 2,8134 0,0009
hype 2,4079 0,0008
yang 2,6593 0,0008
window 1,5606 0,0005
gpgpu 3,2189 0,0010
rise 1,2379 0,0004
underpin 2,6593 0,0008
masahito 4,6052 0,0014
container 0,0000 0,0000
microprocessor 2,8134 0,0009
play 1,1712 0,0007
delicate 4,6052 0,0014
colin 2,8134 0,0009
trump 2,6593 0,0008
developers 0,0000 0,0000
quickly 1,1087 0,0003
shamsul 4,6052 0,0014
usage 0,0000 0,0000
ammonia 4,6052 0,0014
charles 1,2730 0,0004
experimental 1,4697 0,0005
jonathan 1,8326 0,0006
wgmediaviewerenabledbydefault 0,0000 0,0000
nearby 0,0000 0,0000
when 0,0834 0,0000
citerefbenedettirealpe 4,6052 0,0014
modest 4,6052 0,0014
cast 2,3026 0,0007
largely 2,3026 0,0007
complementarity 4,6052 0,0014
far 1,2730 0,0004
embed 0,9163 0,0003
case 0,3285 0,0002
circuits 3,9120 0,0012
promising 3,5066 0,0011
generation 1,2040 0,0004
wcm 4,6052 0,0014
accelerator 2,1203 0,0013
give 0,4780 0,0006
item 0,0000 0,0000
wgmediavieweronclick 0,0000 0,0000
double 1,0498 0,0007
probability 1,8971 0,0012
wgulsposition 0,0000 0,0000
epic 2,0402 0,0006
niels 4,6052 0,0014
waele 4,6052 0,0014
refend 1,9661 0,0006
feasibility 2,8134 0,0009
ipsjdc 4,6052 0,0014
hardness 4,6052 0,0014
wgbreakframe 0,0000 0,0000
rely 0,6931 0,0007
determined 3,2189 0,0010
italiano 0,1278 0,0000
sticky 0,0000 0,0000
dieter 3,2189 0,0010
style 0,0000 0,0000
nsa 2,8134 0,0009
bennett 3,2189 0,0010
citerefholton 4,6052 0,0014
operatorname 4,6052 0,0014
braiding 4,6052 0,0014
study 0,9416 0,0006
aharonov 4,6052 0,0014
entangled 4,6052 0,0014
logarithm 4,6052 0,0029
searchinput 0,0000 0,0000
superset 2,5257 0,0008
direct 0,8440 0,0003
futile 4,6052 0,0014
borregaard 4,6052 0,0014
exercise 2,5257 0,0008
commons 0,0000 0,0000
gain 0,8916 0,0003
huma 3,9120 0,0012
casper 3,9120 0,0012
modern 0,7340 0,0002
julia 1,9661 0,0006
web 0,1165 0,0000
physics 1,8326 0,0006
wei 2,5257 0,0008
protect 1,1394 0,0004
berlin 1,8326 0,0006
architecture 0,0000 0,0000
insider 1,5606 0,0005
wen 4,6052 0,0014
explore 1,9661 0,0012
more 0,0000 0,0000
born 4,6052 0,0014
display 0,0000 0,0000
quadratic 4,6052 0,0014
continuously 1,8326 0,0006
great 0,8675 0,0003
mexico 2,9957 0,0009
nasa 2,1203 0,0007
grid 1,4697 0,0005
organization 0,0000 0,0000
width 0,0000 0,0000
superconductor 4,6052 0,0029
certain 0,6162 0,0002
diffie 3,5066 0,0011
transistor 2,9957 0,0009
charlie 2,6593 0,0008
statistics 0,0000 0,0000
strahm 4,6052 0,0014
dick 3,2189 0,0010
pablo 3,9120 0,0012
num 4,6052 0,0014
simple 0,2231 0,0001
lucy 3,9120 0,0012
cloud 0,6349 0,0002
protocol 0,5621 0,0004
farhi 4,6052 0,0014
overflow 0,3567 0,0001
theoretically 2,9957 0,0009
few 0,7133 0,0004
orlando 3,5066 0,0011
videotape 3,9120 0,0012
marked 2,6593 0,0008
cave 4,6052 0,0014
package 0,9943 0,0003
visible 0,0101 0,0000
yosef 4,6052 0,0014
timing 2,4079 0,0008
topaloglu 4,6052 0,0014
computable 3,9120 0,0012
sung 4,6052 0,0014
both 0,0305 0,0000
important 0,0101 0,0000
most 0,2107 0,0001
transfer 0,7985 0,0003
outside 1,1087 0,0003
effect 0,8440 0,0005
topic 0,0000 0,0000
correction 2,4079 0,0008
fallback 2,5257 0,0008
cnot 4,6052 0,0014
andre 3,5066 0,0011
hughes 2,2073 0,0007
crucial 2,1203 0,0007
contribute 0,0000 0,0000
generator 1,7148 0,0005
why 0,6539 0,0002
necessarily 1,7720 0,0006
integrated 1,2379 0,0004
generative 2,6593 0,0008
highlight 1,3093 0,0004
candidate 1,6094 0,0010
database 0,2485 0,0002
caltech 4,6052 0,0014
sups 4,6052 0,0014
structural 1,7720 0,0006
wim 3,9120 0,0012
david 0,5798 0,0002
feihu 4,6052 0,0014
microcontroll 3,5066 0,0011
sam 1,8326 0,0006
citeseerx 1,8971 0,0006
wgseparatortransformtable 0,0000 0,0000
san 1,2379 0,0004
amount 0,9416 0,0006
move 0,0000 0,0000
original 0,0943 0,0000
ambainis 4,6052 0,0014
akshay 4,6052 0,0014
experimentalist 4,6052 0,0014
also 0,0202 0,0000
gall 3,9120 0,0012
say 0,6733 0,0004
sycamore 3,9120 0,0012
approaches 2,2073 0,0007
enough 0,9676 0,0003
increase 0,4620 0,0004
cantaloube 4,6052 0,0014
inline 0,0408 0,0000
various 0,3857 0,0001
attention 1,7148 0,0005
pereira 3,9120 0,0012
troyer 4,6052 0,0014
rigetti 4,6052 0,0014
visit 0,0408 0,0000
reduction 2,2073 0,0014
user 0,0000 0,0000
simply 0,9676 0,0003
equivalent 1,5141 0,0005
parent 1,8326 0,0006
onisq 4,6052 0,0014
bring 0,9676 0,0003
tooltip 0,8675 0,0003
conversely 2,8134 0,0009
synaptic 4,6052 0,0014
offer 0,4155 0,0004
suffer 1,9661 0,0006
disjoint 3,9120 0,0012
complex 0,5621 0,0002
wojciech 3,9120 0,0012
assumption 1,8971 0,0006
decohere 4,6052 0,0029
cosmic 4,6052 0,0014
gang 2,5257 0,0008
grow 0,8675 0,0003
excited 4,6052 0,0014
pendrill 4,6052 0,0014
hierarchy 1,6607 0,0005
proliferate 4,6052 0,0014
supremacy 3,5066 0,0011
engineers 2,5257 0,0008
personal 0,0000 0,0000
extend 0,6162 0,0002
delay 1,8326 0,0006
gunnels 4,6052 0,0014
majorana 4,6052 0,0014
steven 1,4697 0,0005
chemical 2,6593 0,0008
imageobject 0,0000 0,0000
plans 2,8134 0,0009
plant 2,5257 0,0008
intermediate 2,0402 0,0006
consideration 1,5606 0,0005
simultaneously 1,6094 0,0005
sankar 4,6052 0,0014
greatly 1,8971 0,0006
jones 1,8971 0,0006
frank 1,4271 0,0004
be 0,1508 0,0001
prove 1,3093 0,0012
scheme 0,0101 0,0000
icon 0,0101 0,0000
expansiondepth 0,0000 0,0000
cirac 4,6052 0,0014
sixth 2,6593 0,0008
coding 2,4079 0,0008
isolate 2,2073 0,0021
communications 1,2040 0,0004
search 0,0000 0,0000
see 0,0408 0,0000
spacing 0,0619 0,0000
systems 0,4780 0,0002
wgrelevantpagename 0,0000 0,0000
arxiv 1,3471 0,0004
national 0,4463 0,0001
subsequent 1,6094 0,0005
sen 4,6052 0,0014
innovation 1,2379 0,0004
slicing 3,9120 0,0012
charge 1,6094 0,0005
contain 0,0101 0,0000
set 0,2107 0,0001
column 0,0101 0,0000
alternate 2,8134 0,0009
procedure 0,9676 0,0003
lorenzo 3,2189 0,0010
sample 1,5141 0,0005
integrate 0,5798 0,0002
undecidable 3,2189 0,0010
visc 4,6052 0,0014
fixation 4,6052 0,0014
shuro 4,6052 0,0014
sfn 1,6607 0,0005
earnest 3,2189 0,0010
validity 2,6593 0,0008
wgaction 0,0000 0,0000
da 3,9120 0,0012
operand 2,8134 0,0009
essential 1,1087 0,0007
font 0,0000 0,0000
carlos 2,5257 0,0008
encode 1,5141 0,0014
scalable 1,5141 0,0005
superposition 3,9120 0,0025
bei 3,9120 0,0012
cosmological 4,6052 0,0014
unitary 4,6052 0,0014
ben 1,3093 0,0004
language 0,0000 0,0000
do 0,1625 0,0002
graphics 1,6607 0,0005
navbox 0,0943 0,0000
developed 3,5066 0,0011
observe 1,5141 0,0005
listitem 0,0408 0,0000
japanese 2,0402 0,0006
princeton 2,8134 0,0009
contact 0,0000 0,0000
hierarchical 2,5257 0,0008
kurgalin 4,6052 0,0014
programming 0,2744 0,0001
digit 2,0402 0,0013
ed 1,5141 0,0005
image 0,0202 0,0000
flynn 3,2189 0,0010
franck 3,9120 0,0012
multithread 1,9661 0,0006
typically 0,3857 0,0001
franco 3,9120 0,0012
turing 2,0402 0,0006
sha 2,4079 0,0008
never 1,1712 0,0004
alain 3,9120 0,0012
orrell 4,6052 0,0014
usurp 3,2189 0,0010
electromagnetic 3,5066 0,0011
shi 3,5066 0,0011
microarchitecture 3,9120 0,0012
hyperthread 4,6052 0,0014
refrigerator 3,5066 0,0022
party 0,6539 0,0002
little 1,0788 0,0003
cursor 0,0619 0,0000
however 0,3011 0,0001
deep 1,3863 0,0004
origin 0,0000 0,0000
parallelism 2,6593 0,0008
india 1,4271 0,0004
walltime 0,0000 0,0000
interlanguage 0,0000 0,0000
content 0,0000 0,0000
symposium 1,6607 0,0005
ding 3,9120 0,0012
kelvin 4,6052 0,0014
random 0,0000 0,0000
swaroop 4,6052 0,0014
related 0,9676 0,0003
rate 1,2730 0,0008
terminology 1,7148 0,0005
jersey 2,4079 0,0008
mathsf 4,6052 0,0014
trainer 3,9120 0,0012
mckinsey 2,9957 0,0009
client 0,0000 0,0000
sip 3,2189 0,0010
class 0,0000 0,0000
gehomepagesuggestededitsenabletopic 0,0000 0,0000
etrax 4,6052 0,0014
digital 0,6162 0,0002
over 0,3285 0,0001
outperform 2,8134 0,0009
practical 1,0217 0,0003
awaji 4,6052 0,0014
alexei 3,9120 0,0012
bound 2,1203 0,0013
false 0,0000 0,0000
fpu 4,6052 0,0014
nancy 2,8134 0,0009
sergei 3,9120 0,0012
counter 0,0408 0,0000
parse 0,0619 0,0000
bht 4,6052 0,0014
form 0,3011 0,0002
management 0,2231 0,0001
abelian 4,6052 0,0014
publish 0,4463 0,0003
avoid 0,0101 0,0000
gate 2,5257 0,0016
comprehensive 1,3863 0,0004
he 0,6733 0,0002
prompt 1,5606 0,0005
stefano 3,5066 0,0011
tunnel 2,4079 0,0008
elaborate 2,1203 0,0007
big 0,7550 0,0002
very 0,5978 0,0002
decade 1,7720 0,0006
practice 0,6349 0,0002
select 0,9676 0,0003
advanced 0,7985 0,0003
canadian 2,2073 0,0007
mechanical 2,4079 0,0008
bit 1,3863 0,0009
output 0,0000 0,0000
sepehr 4,6052 0,0014
sqrt 4,6052 0,0014
william 1,7148 0,0005
four 0,9676 0,0003
neumann 2,5257 0,0008
collaborators 4,6052 0,0014
easily 1,2040 0,0004
multiprocess 2,0402 0,0006
model 0,0000 0,0000
portal 0,0000 0,0000
reduce 0,0101 0,0000
sentence 0,0000 0,0000
likely 1,3471 0,0004
issue 0,3425 0,0002
kern 0,0101 0,0000
large 0,2485 0,0002
surface 2,1203 0,0007
dependency 1,2730 0,0004
karamlou 4,6052 0,0014
gerace 4,6052 0,0014
holton 4,6052 0,0014
ordinary 2,1203 0,0007
redirecttarget 3,9120 0,0012
announce 0,6733 0,0002
odd 0,0943 0,0000
ionize 4,6052 0,0014
hpcwire 3,9120 0,0012
traditional 0,7985 0,0003
operate 0,3567 0,0001
classically 3,9120 0,0012
intercept 2,3026 0,0007
contrast 0,9416 0,0003
siam 3,9120 0,0012
evered 4,6052 0,0014
john 0,5276 0,0002
hello 1,6607 0,0005
begin 0,5108 0,0005
wgvisualeditor 0,0000 0,0000
become 0,2877 0,0001
dexun 4,6052 0,0014
template 0,0000 0,0000
usenko 4,6052 0,0014
enwiki 0,0619 0,0000
johnston 2,9957 0,0009
quanrum 4,6052 0,0014
eventually 1,1394 0,0004
subscription 0,0101 0,0000
amplify 3,2189 0,0010
cycle 1,3093 0,0008
navbar 0,0202 0,0000
world 0,3857 0,0002
markdoi 4,6052 0,0014
russell 2,1203 0,0007
sphere 2,9957 0,0009
december 0,0000 0,0000
dependence 2,9957 0,0009
ability 0,7340 0,0002
belief 2,4079 0,0008
optic 3,5066 0,0011
implementations 1,8971 0,0006
table 0,0000 0,0000
superscalar 3,9120 0,0012
avinatan 4,6052 0,0014
neergaard 4,6052 0,0014
side 0,3425 0,0001
gaeilge 1,2040 0,0004
break 0,0101 0,0000
halve 3,5066 0,0011
change 0,0000 0,0000
draw 1,7148 0,0011
katie 2,5257 0,0008
sergio 3,2189 0,0010
printable 0,0000 0,0000
off 0,8916 0,0003
generally 0,5447 0,0002
photon 4,6052 0,0014
bacon 2,8134 0,0009
knill 4,6052 0,0014
century 1,7720 0,0006
hide 0,0000 0,0000
turner 2,9957 0,0009
polygon 2,8134 0,0009
kunal 4,6052 0,0014
discovery 1,3863 0,0009
instruction 1,1712 0,0007
vazirani 4,6052 0,0014
report 0,0202 0,0000
lupo 4,6052 0,0014
complete 0,4780 0,0003
topological 2,8134 0,0009
transaction 1,0217 0,0003
auto 0,0726 0,0000
constant 2,2073 0,0007
soc 2,0402 0,0006
zisc 4,6052 0,0014
several 0,4155 0,0001
bibcode 1,6094 0,0005
wgcanonicalspecialpagename 0,0000 0,0000
while 0,2614 0,0001
coax 4,6052 0,0014
second 0,0408 0,0000
that 0,5108 0,0002
download 0,0000 0,0000
edge 1,2379 0,0004
high 0,0101 0,0000
split 0,0000 0,0000
than 0,2357 0,0001
kalinowski 4,6052 0,0014
limit 0,0000 0,0000
claim 0,9676 0,0009
superconducting 4,6052 0,0014
communication 0,6162 0,0002
different 0,0513 0,0000
directly 0,5108 0,0002
oisc 4,6052 0,0014
tolerance 2,1203 0,0007
collider 3,9120 0,0012
level 0,0000 0,0000
author 0,0000 0,0000
meter 3,2189 0,0010
diagnosis 2,9957 0,0009
cybersecurity 2,4079 0,0008
logarithms 4,6052 0,0014
establish 0,8916 0,0006
expansion 0,0619 0,0000
daniel 1,2040 0,0004
license 0,0000 0,0000
expand 0,0101 0,0000
raussendorf 4,6052 0,0014
dilution 4,6052 0,0014
dream 2,8134 0,0018
prediction 2,4079 0,0008
wgmfdisplaywikibasedescription 0,0000 0,0000
retrieve 0,0000 0,0000
survey 0,9416 0,0003
ustc 4,6052 0,0014
kane 4,6052 0,0014
algebraic 3,5066 0,0011
datum 0,0408 0,0000
heat 2,4079 0,0008
behind 1,2730 0,0004
formalism 3,9120 0,0012
code 0,0000 0,0000
wgdefaultdateformat 0,0000 0,0000
bot 2,8134 0,0009
careful 2,9957 0,0009
bousquet 4,6052 0,0014
xueshi 4,6052 0,0014
box 0,0408 0,0000
storage 0,3711 0,0001
switch 0,9163 0,0006
total 0,0000 0,0000
deng 3,9120 0,0012
deutsch 0,0943 0,0000
unstructured 2,3026 0,0007
kao 4,6052 0,0014
savage 3,5066 0,0011
timescale 4,6052 0,0014
xiongfeng 4,6052 0,0014
highly 1,1712 0,0004
brief 1,5606 0,0005
bpp 4,6052 0,0014
simulator 2,8134 0,0009
determine 0,7985 0,0003
nature 1,0498 0,0003
src 0,6349 0,0002
interesting 2,6593 0,0008
openrisc 3,5066 0,0011
control 0,1625 0,0002
radiation 3,2189 0,0010
unauthorized 1,9661 0,0006
attribution 0,0000 0,0000
pulse 2,8134 0,0009
colbeck 4,6052 0,0014
bqp 4,6052 0,0014
vary 0,0619 0,0000
coherent 2,8134 0,0009
upper 0,0101 0,0000
anneal 3,9120 0,0012
tanja 4,6052 0,0014
discipline 1,1712 0,0007
luasandbox 1,4271 0,0004
calculus 2,3026 0,0007
objective 1,3471 0,0004
bra 4,6052 0,0014
dynamics 1,8326 0,0006
extremely 1,7720 0,0006
zeno 4,6052 0,0014
smeets 3,9120 0,0012
engines 1,3471 0,0004
estimate 1,3863 0,0013
friend 1,8971 0,0006
scent 4,6052 0,0014
expiry 0,0619 0,0000
minerva 0,0101 0,0000
exhibit 2,2073 0,0007
zeng 4,6052 0,0014
brand 0,0000 0,0000
recent 0,0000 0,0000
they 0,0619 0,0001
trends 1,5141 0,0005
proposal 1,6094 0,0010
modular 1,5141 0,0005
edit 0,0000 0,0000
old 0,8675 0,0003
then 0,3567 0,0001
mitchell 2,5257 0,0008
charlotte 3,9120 0,0012
secondary 1,5606 0,0005
node 0,0305 0,0000
carlton 3,9120 0,0012
cognitive 1,8326 0,0006
oppose 1,6094 0,0005
nsubseteq 4,6052 0,0014
device 0,7550 0,0005
guobin 4,6052 0,0014
access 0,2877 0,0001
conference 0,3425 0,0001
primitive 1,8326 0,0006
seed 2,2073 0,0007
simi 0,9416 0,0003
overcome 1,9661 0,0012
simt 3,9120 0,0012
ottaviani 4,6052 0,0014
sum 1,9661 0,0006
seek 1,4697 0,0009
sun 1,2730 0,0004
selflink 0,0101 0,0000
current 0,0000 0,0000
templatequotecite 1,9661 0,0006
actively 2,6593 0,0008
disturb 4,6052 0,0014
simd 3,9120 0,0012
mikkel 3,9120 0,0012
lecture 1,6094 0,0005
vector 0,0000 0,0000
ket 4,6052 0,0014
zeph 4,6052 0,0014
discoverer 4,6052 0,0014
email 1,4271 0,0004
key 0,0305 0,0000
levitation 4,6052 0,0014
cachereport 0,0000 0,0000
manager 0,8440 0,0003
svg 1,0788 0,0003
jose 2,0402 0,0006
one 0,0943 0,0000
borzunov 4,6052 0,0014
heuristic 2,1203 0,0007
launch 0,9943 0,0003
store 0,5447 0,0005
bosanski 0,8916 0,0003
detectable 4,6052 0,0014
single 0,3147 0,0001
entityaccesscount 0,0000 0,0000
hill 1,7148 0,0005
cloak 4,6052 0,0014
amir 2,6593 0,0008
assist 1,8971 0,0006
amit 2,5257 0,0008
story 1,2730 0,0004
bus 1,6607 0,0005
commercial 0,8440 0,0003
reasonable 2,1203 0,0007
available 0,0000 0,0000
express 1,0788 0,0007
boltzmann 3,9120 0,0012
confine 3,5066 0,0011
microblaze 3,9120 0,0012
frequency 1,6607 0,0005
lukin 4,6052 0,0014
gehring 4,6052 0,0014
zero 1,0217 0,0003
zhong 3,2189 0,0010
multiplexer 4,6052 0,0014
asymptomatically 4,6052 0,0014
variant 0,0619 0,0000
dynamic 0,7133 0,0002
gerlach 4,6052 0,0014
up 2,8134 0,0009
generate 0,8210 0,0010
sector 1,8971 0,0006
unusual 2,5257 0,0008
partway 4,6052 0,0014
ensure 0,7985 0,0003
gellman 4,6052 0,0014
oracle 0,8916 0,0003
organism 3,9120 0,0012
query 1,1394 0,0011
degree 1,7720 0,0006
kitaev 4,6052 0,0014
rodney 3,9120 0,0012
this 0,1278 0,0000
noncomputable 4,6052 0,0014
andersen 3,5066 0,0011
memusage 0,0000 0,0000
freedman 4,6052 0,0014
hayashi 3,5066 0,0011
solve 0,9416 0,0009
holography 4,6052 0,0014
know 0,2231 0,0001
demonstrate 1,3471 0,0013
support 0,1393 0,0001
coin 1,6094 0,0010
breakthrough 3,5066 0,0011
wgpopupsflag 0,0000 0,0000
decompose 3,9120 0,0037
privacy 0,0000 0,0000
learning 0,8916 0,0003
vertical 0,7985 0,0003
kim 2,1203 0,0007
we 1,3093 0,0004
kaye 4,6052 0,0014
subfield 2,9957 0,0009
gao 3,5066 0,0011
gan 3,5066 0,0022
gap 1,2040 0,0004
lidar 3,5066 0,0011
cols 3,9120 0,0012
quera 4,6052 0,0014
normal 0,0202 0,0000
figure 1,8326 0,0006
corrupt 2,2073 0,0007
wide 0,6539 0,0002
heid 4,6052 0,0014
transmit 1,8326 0,0006
jozsa 4,6052 0,0014
reading 2,1203 0,0007
argue 1,4271 0,0009
technology 0,1863 0,0001
bluvstein 4,6052 0,0014
voltage 3,9120 0,0012
damn 2,8134 0,0009
manfra 4,6052 0,0014
wgarticleid 0,0000 0,0000
breum 4,6052 0,0014
pagelanguagedir 0,0000 0,0000
wgcitereferencepreviewsactive 0,0000 0,0000
expedite 3,2189 0,0010
software 0,0000 0,0000
reach 1,2040 0,0004
depolarize 4,6052 0,0014
vaidman 4,6052 0,0014
cong 3,9120 0,0012
none 0,0101 0,0000
type 0,0000 0,0000
april 0,0000 0,0000
beyond 1,0217 0,0003
sisd 3,9120 0,0012
closing 2,1203 0,0007
problem 0,3285 0,0002
fpga 2,6593 0,0008
xeb 4,6052 0,0014
optimization 0,8916 0,0003
antti 3,9120 0,0012
review 0,6162 0,0004
massachusetts 2,0402 0,0006
gidney 4,6052 0,0014
kjaergaard 4,6052 0,0014
proof 1,7148 0,0005
rossini 4,6052 0,0014
simulate 2,0402 0,0019
between 0,2107 0,0001
guide 0,3711 0,0001
phase 1,2379 0,0008
efficiency 0,8916 0,0003
nbsp 3,9120 0,0012
researcher 1,3093 0,0004
method 0,3147 0,0001
natural 1,2040 0,0004
overhead 1,2040 0,0008
conclude 2,4079 0,0008
come 0,4155 0,0004
quant 4,6052 0,0014
klm 4,6052 0,0014
push 0,0000 0,0000
exist 0,4155 0,0003
mpsoc 4,6052 0,0014
invocation 2,8134 0,0009
unsolvable 3,9120 0,0012
fabric 3,2189 0,0010
instrumental 3,2189 0,0010
exact 1,5606 0,0005
force 1,0217 0,0003
transmon 4,6052 0,0014
adiabatic 4,6052 0,0014
confidentiality 2,8134 0,0009
range 0,8675 0,0003
oup 3,9120 0,0012
distribution 0,8916 0,0003
displaystyle 2,6593 0,0008
disprove 4,6052 0,0014
capacity 1,7148 0,0005
out 0,0000 0,0000
ebadi 4,6052 0,0014
feature 0,0000 0,0000
babbush 4,6052 0,0014
cached 0,4463 0,0001
get 0,0000 0,0000
dark 0,0101 0,0000
course 1,3093 0,0004
leap 2,4079 0,0008
place 0,5447 0,0002
power 0,6733 0,0002
precise 2,6593 0,0008
ghosh 4,6052 0,0014
garisto 4,6052 0,0014
biswas 4,6052 0,0014
cool 3,5066 0,0011
kwong 4,6052 0,0014
suggest 1,0217 0,0010
suspect 3,9120 0,0012
transformation 1,5606 0,0005
lead 0,2231 0,0001
expect 0,8440 0,0005
help 0,0000 0,0000
site 0,0000 0,0000
depth 0,0000 0,0000
rename 1,5141 0,0005
braid 4,6052 0,0014
doering 4,6052 0,0014
yong 4,6052 0,0014
minimum 2,2073 0,0007
queue 1,1394 0,0004
mathematical 1,3863 0,0004
sharealike 0,0000 0,0000
date 0,3011 0,0003
exponential 2,8134 0,0009
magic 1,9661 0,0006
argument 0,0513 0,0000
nanoscale 4,6052 0,0014
shuangbao 4,6052 0,0014
data 0,0000 0,0000
theoretical 1,6094 0,0005
own 0,4780 0,0002
wgpageviewlanguage 0,0000 0,0000
leaders 4,6052 0,0014
nori 3,9120 0,0012
blog 0,6349 0,0002
translate 1,3863 0,0004
drug 2,3026 0,0007
norm 2,6593 0,0008
realistic 2,5257 0,0008
accesskey 0,0000 0,0000
xie 2,9957 0,0009
only 0,2107 0,0001
should 0,3711 0,0001
create 0,0000 0,0000
tag 0,0000 0,0000
xin 2,9957 0,0009
tossing 4,6052 0,0014
copenhagen 3,9120 0,0012
development 0,1278 0,0000
curious 3,9120 0,0012
tao 3,2189 0,0010
individual 0,7985 0,0003
like 0,2231 0,0001
resource 0,4620 0,0003
dequantize 4,6052 0,0014
towards 1,2040 0,0004
hypercomputation 4,6052 0,0014
core 0,5621 0,0002
jonas 3,5066 0,0011
solvable 3,5066 0,0011
ignacio 4,6052 0,0014
casimir 3,9120 0,0012
safe 0,8675 0,0003
ground 1,9661 0,0006
dash 2,6593 0,0008
elliptic 2,9957 0,0009
ramification 4,6052 0,0014
potentially 0,7765 0,0002
here 0,0000 0,0000
youtube 1,5141 0,0005
note 0,4155 0,0001
dave 1,5141 0,0005
challenges 1,6094 0,0005
purpose 0,5108 0,0002
line 0,0101 0,0000
rspa 4,6052 0,0014
link 0,0000 0,0000
distinct 1,3471 0,0004
scale 0,4943 0,0006
gil 2,6593 0,0008
emily 3,2189 0,0010
cao 3,5066 0,0011
can 0,0408 0,0000
computing 0,4155 0,0001
security 0,3285 0,0001
cap 0,0619 0,0000
contributor 0,0000 0,0000
scratchpad 4,6052 0,0014
wgcanonicalnamespace 0,0000 0,0000
albert 2,9957 0,0009
flex 0,5276 0,0002
ready 0,0000 0,0000
securely 2,8134 0,0009
cat 2,3026 0,0007
station 1,9661 0,0006
predictor 3,9120 0,0012
martinis 4,6052 0,0014
ahsan 4,6052 0,0014
cost 0,6733 0,0002
cognition 2,9957 0,0009
wgisredirect 0,0000 0,0000
limited 0,8916 0,0003
will 0,2485 0,0001
textstyle 3,5066 0,0011
february 0,0000 0,0000
implementation 0,3147 0,0002
bitstring 4,6052 0,0014
match 0,5276 0,0003
unruh 4,6052 0,0014
arbitrary 1,3863 0,0004
fault 1,1712 0,0004
follow 0,2744 0,0003
pmid 1,7720 0,0006
fertilizer 4,6052 0,0014
really 1,5606 0,0005
simulators 4,6052 0,0014
carrier 2,6593 0,0008
boolean 2,1203 0,0007
response 0,7340 0,0002
responsive 0,0202 0,0000
york 0,8440 0,0003
challenge 0,6162 0,0008
independently 1,3863 0,0004
category 0,0000 0,0000
wikidata 0,0000 0,0000
callparserfunction 1,4271 0,0004
