reuse 1,8971 0,0018
latina 1,4697 0,0007
unavailable 2,3026 0,0011
upload 0,0000 0,0000
nowadays 3,2189 0,0015
wggelevelingupenabledforuser 0,0000 0,0000
wgrestrictionmove 0,0000 0,0000
pollution 2,8134 0,0013
remote 0,9163 0,0004
without 0,2744 0,0001
ted 2,2073 0,0010
would 0,3425 0,0002
xml 1,1394 0,0005
persistent 1,5141 0,0007
wgstablerevisionid 2,8134 0,0013
whatsoever 3,9120 0,0018
successfully 1,5141 0,0007
solid 0,0202 0,0000
thus 0,7550 0,0004
meanwhile 2,8134 0,0013
neutral 0,5447 0,0003
optional 1,3093 0,0006
require 0,0000 0,0000
click 1,7148 0,0016
backwards 2,5257 0,0012
netcaptor 2,8134 0,0013
scribunto 0,0000 0,0000
prioritization 3,5066 0,0017
standards 1,1087 0,0005
deflate 4,6052 0,0022
size 0,0000 0,0000
triple 2,6593 0,0013
left 0,0408 0,0000
cdx 0,0000 0,0000
much 0,6931 0,0003
avif 4,6052 0,0022
object 0,3711 0,0002
qtweb 2,8134 0,0013
chapter 1,1712 0,0006
lombard 1,1712 0,0006
carriage 2,9957 0,0014
netpositive 2,8134 0,0013
turn 1,0498 0,0005
example 0,2485 0,0001
gmt 4,6052 0,0022
result 0,2231 0,0001
humanities 3,2189 0,0015
same 0,2357 0,0001
after 0,0305 0,0000
headline 0,0000 0,0000
connect 0,8675 0,0004
hatom 3,5066 0,0017
policy 0,0000 0,0000
resume 3,5066 0,0033
imap 3,5066 0,0017
address 0,5621 0,0005
namely 2,6593 0,0013
pagelanguagecode 0,0000 0,0000
gnu 1,1087 0,0005
transientcontent 0,0000 0,0000
subtle 0,3285 0,0002
component 0,3147 0,0001
suite 1,2040 0,0006
persistence 2,4079 0,0011
timeline 1,0788 0,0005
information 0,0000 0,0000
decommission 4,6052 0,0022
wrap 0,0101 0,0000
standard 0,2357 0,0002
november 0,0000 0,0000
cgi 2,8134 0,0013
kidzui 2,8134 0,0013
blogs 3,5066 0,0017
reader 1,5606 0,0007
winwap 2,8134 0,0013
xombrero 2,8134 0,0013
rsvp 3,5066 0,0017
deploy 1,0217 0,0010
empty 0,0305 0,0000
tie 2,0402 0,0010
payload 2,6593 0,0013
fullversionlist 0,0000 0,0000
tim 1,0498 0,0005
implement 0,3285 0,0003
lite 2,4079 0,0011
export 0,0000 0,0000
jakarta 2,5257 0,0012
check 0,7985 0,0011
list 0,0000 0,0000
lack 0,5447 0,0003
external 0,1863 0,0001
wire 1,8326 0,0009
revise 1,8326 0,0009
authority 0,4780 0,0002
lisa 2,4079 0,0011
child 0,0202 0,0000
mainentity 0,0000 0,0000
germany 0,5798 0,0003
mashup 2,3026 0,0011
obsolete 1,7720 0,0025
interface 0,2485 0,0002
representation 1,1394 0,0011
greenbrowser 2,8134 0,0013
luotonen 4,6052 0,0022
remove 0,3711 0,0004
disclaimers 0,0000 0,0000
samsung 2,2073 0,0010
nowhere 3,9120 0,0018
provider 1,2730 0,0006
root 0,4780 0,0002
wgisprobablyeditable 0,0000 0,0000
reasoner 3,5066 0,0017
live 1,1712 0,0006
citation 0,0101 0,0000
mobile 0,0000 0,0000
multiple 0,2485 0,0001
perform 0,4463 0,0004
maxthon 2,8134 0,0013
evolution 1,3471 0,0006
magnet 3,9120 0,0018
plainlist 0,4463 0,0002
pdf 0,0000 0,0000
service 0,1393 0,0001
coffee 2,8134 0,0013
there 0,2614 0,0001
automate 0,7340 0,0003
permit 1,3093 0,0006
anshu 4,6052 0,0022
syntax 1,1394 0,0005
well 0,2744 0,0003
handling 1,7148 0,0008
tls 2,3026 0,0011
bitness 0,0000 0,0000
rgba 0,0101 0,0000
channel 1,3863 0,0007
focus 0,6733 0,0003
snmp 3,5066 0,0017
entire 0,8675 0,0004
inadvertently 3,9120 0,0018
block 0,0408 0,0000
per 0,8440 0,0004
write 0,1508 0,0001
flow 0,3425 0,0002
order 0,4155 0,0002
cli 1,5141 0,0007
aria 0,0000 0,0000
boxtext 0,0619 0,0000
byte 0,0408 0,0000
understand 0,6162 0,0006
dismiss 2,9957 0,0014
underlying 2,4079 0,0011
indonesia 0,3567 0,0002
propose 1,0788 0,0005
slowly 2,3026 0,0011
intelligence 0,8916 0,0004
even 0,0513 0,0000
binary 0,9943 0,0005
esperanto 0,7133 0,0003
owin 2,9957 0,0014
tagline 0,0000 0,0000
regexp 0,0000 0,0000
subsection 0,1508 0,0001
wait 1,8326 0,0017
successor 1,5606 0,0007
wgeditsubmitbuttonlabelpublish 0,0000 0,0000
save 1,3863 0,0007
toc 0,0000 0,0000
irregular 4,6052 0,0022
protection 0,4463 0,0002
functionality 0,6539 0,0003
isapi 2,9957 0,0014
mandatory 2,6593 0,0013
wgpagecontentmodel 0,0000 0,0000
hypertext 2,1203 0,0010
top 0,0000 0,0000
rails 2,1203 0,0010
too 0,8916 0,0004
tor 2,5257 0,0012
have 0,2744 0,0003
consequence 1,5606 0,0007
product 0,4005 0,0004
dooble 2,8134 0,0013
discouraged 3,5066 0,0017
produce 0,6931 0,0003
surma 4,6052 0,0022
wgnamespacenumber 0,0000 0,0000
framework 0,2877 0,0001
shyan 4,6052 0,0022
coc 2,8134 0,0013
disable 2,2073 0,0010
regard 1,1087 0,0005
wgwmepagelength 0,0000 0,0000
entity 0,0101 0,0000
com 0,8210 0,0004
expensivefunctioncount 0,0000 0,0000
minor 1,7148 0,0008
almost 1,1087 0,0005
smuggling 3,5066 0,0017
upon 0,8916 0,0004
identical 2,0402 0,0010
timeusage 0,0000 0,0000
lag 3,9120 0,0018
pin 0,0000 0,0000
whether 0,7765 0,0004
function 0,0000 0,0000
verification 0,8440 0,0004
traffic 1,5606 0,0007
suspend 2,8134 0,0013
comparison 0,4005 0,0004
icecat 2,6593 0,0013
marjorie 4,6052 0,0022
infobox 0,6931 0,0003
less 0,6162 0,0003
successive 2,8134 0,0013
condition 1,2040 0,0006
improve 0,2485 0,0002
october 0,0000 0,0000
try 0,9676 0,0005
basic 0,6539 0,0003
erdf 3,5066 0,0017
locate 1,6094 0,0008
bush 3,9120 0,0018
latency 1,7720 0,0008
unclear 2,9957 0,0014
cause 0,6162 0,0009
mapper 2,8134 0,0013
accidentally 2,6593 0,0013
jquery 0,0000 0,0000
scripting 1,2040 0,0006
doap 3,5066 0,0017
similarly 1,4697 0,0007
intended 2,6593 0,0013
convey 2,8134 0,0013
design 0,1393 0,0002
working 1,3471 0,0006
masse 4,6052 0,0022
timeless 0,0101 0,0000
gnome 2,4079 0,0011
accord 0,5108 0,0002
wgwmeschemaeditattemptstepoversample 0,0000 0,0000
despite 1,3093 0,0006
ttl 0,0000 0,0000
industrial 1,5606 0,0007
encyclopedia 0,0000 0,0000
conduct 0,0000 0,0000
respond 1,3471 0,0006
formerly 1,2040 0,0006
tenfourfox 2,8134 0,0013
abovebelow 0,0943 0,0000
css 1,8971 0,0009
advertising 1,7720 0,0008
quic 3,5066 0,0017
ajax 1,7148 0,0008
lee 1,3471 0,0006
hostname 3,2189 0,0015
pref 0,0000 0,0000
state 0,3425 0,0005
csrftoken 0,0000 0,0000
worker 1,6607 0,0008
interchange 2,5257 0,0012
element 0,0000 0,0000
night 0,0000 0,0000
vulnerability 1,3863 0,0013
each 0,1393 0,0001
javascript 0,9416 0,0004
input 0,0000 0,0000
swiftweasel 2,8134 0,0013
hrecipe 3,5066 0,0017
difference 0,8916 0,0004
must 0,4620 0,0002
unpinned 0,0000 0,0000
perfectly 3,2189 0,0015
artech 3,9120 0,0018
document 0,4463 0,0006
reside 2,4079 0,0011
concurrent 1,2040 0,0006
networks 1,2730 0,0006
two 0,2744 0,0001
pop 1,6607 0,0008
berner 4,6052 0,0022
encrypt 1,5141 0,0007
distribute 0,3857 0,0002
datepublished 0,0000 0,0000
receive 0,7340 0,0007
think 0,9676 0,0005
team 0,4943 0,0002
entirely 1,5141 0,0007
ppp 3,2189 0,0015
wgusername 0,0000 0,0000
sawsdl 3,5066 0,0017
principle 0,7985 0,0004
consortium 1,8326 0,0009
hcalendar 3,5066 0,0017
source 0,1393 0,0001
align 0,0101 0,0000
secure 1,0217 0,0005
hcard 3,5066 0,0017
initiate 2,1203 0,0010
reddy 3,2189 0,0015
late 0,4155 0,0004
continue 0,6931 0,0007
hat 1,4697 0,0007
peon 4,6052 0,0022
last 0,0000 0,0000
imageright 0,2614 0,0001
adapt 1,4271 0,0007
batch 1,7148 0,0008
mozilla 1,8326 0,0009
weight 0,0101 0,0000
develop 0,1863 0,0002
warn 2,2073 0,0010
overall 1,1394 0,0005
page 0,0000 0,0000
assume 1,6094 0,0015
compatibility 0,9416 0,0004
full 0,0202 0,0000
seamonkey 2,8134 0,0013
concept 0,3711 0,0002
prefetch 3,9120 0,0018
effort 0,8916 0,0004
indexeddb 2,3026 0,0011
video 0,8210 0,0004
house 1,4271 0,0007
minimal 1,2730 0,0006
mshtml 2,8134 0,0013
ssdp 4,6052 0,0022
perl 1,3093 0,0006
early 0,4308 0,0002
enclose 2,6593 0,0013
overview 0,5447 0,0003
yes 1,9661 0,0009
center 0,0000 0,0000
start 0,3011 0,0003
configure 1,3093 0,0006
intranets 4,6052 0,0022
netsurf 2,8134 0,0013
ptp 3,5066 0,0017
ospf 3,5066 0,0017
pair 1,3863 0,0007
manage 0,3567 0,0003
chang 2,9957 0,0014
infrastructure 0,6733 0,0003
wikimedia 0,0000 0,0000
origyn 2,8134 0,0013
initially 1,0788 0,0005
short 0,0000 0,0000
time 0,0000 0,0000
interactive 0,4463 0,0002
semantics 1,4271 0,0007
three 0,3711 0,0002
put 0,9416 0,0004
multi 2,2073 0,0010
unencrypted 2,6593 0,0013
deletion 2,5257 0,0012
mqtt 2,9957 0,0014
supermium 2,8134 0,0013
pale 2,8134 0,0013
struggle 2,5257 0,0012
hardware 0,5798 0,0003
identifier 1,4697 0,0007
extraction 2,4079 0,0011
dynamically 1,8326 0,0009
creative 0,0000 0,0000
nederlands 0,1985 0,0001
bootstrapping 3,9120 0,0018
coast 2,5257 0,0012
provide 0,1625 0,0002
passenger 2,1203 0,0010
apparently 3,9120 0,0018
log 0,0000 0,0000
wgcheckuserclienthintsheadersjsapi 0,0000 0,0000
consume 1,3471 0,0006
euskara 0,5108 0,0002
mailing 1,8971 0,0009
layer 0,7340 0,0003
unknown 1,4271 0,0007
computer 0,1863 0,0001
low 0,0101 0,0000
timingprofile 0,0000 0,0000
theme 0,0000 0,0000
graphql 2,6593 0,0013
wgcategory 0,0000 0,0000
editor 0,0000 0,0000
postexpandincludesize 0,0000 0,0000
desire 1,1087 0,0005
indexing 1,7148 0,0008
efficient 1,0217 0,0005
entirety 2,8134 0,0013
unstrip 0,0000 0,0000
citrio 2,8134 0,0013
vivaldi 2,8134 0,0013
templateargumentsize 0,0000 0,0000
pipeline 1,6607 0,0008
addressability 3,5066 0,0017
january 0,0000 0,0000
permanent 0,0000 0,0000
fetch 1,9661 0,0019
asturianu 1,2730 0,0006
skweezer 2,8134 0,0013
summarize 2,4079 0,0011
sparql 2,4079 0,0011
small 0,0305 0,0000
before 0,0305 0,0000
dac 3,9120 0,0018
replace 0,7340 0,0007
experience 0,7985 0,0004
italic 0,1278 0,0001
xmpp 2,9957 0,0014
listen 2,2073 0,0010
major 0,5621 0,0003
consider 0,4005 0,0002
day 0,0000 0,0000
gopher 3,5066 0,0017
ontologies 3,5066 0,0017
combination 1,0788 0,0005
group 0,0408 0,0000
menke 4,6052 0,0022
avast 2,6593 0,0013
format 0,0101 0,0000
archive 0,0943 0,0000
history 0,0000 0,0000
careless 3,5066 0,0017
hydration 2,5257 0,0012
dhtml 2,4079 0,0011
arbitrarily 3,5066 0,0017
udp 2,9957 0,0014
request 0,6733 0,0013
wgrestrictionedit 0,0000 0,0000
part 0,1985 0,0001
wgpageparsereport 0,0000 0,0000
numeric 1,8326 0,0009
webkit 2,5257 0,0012
general 0,0000 0,0000
tend 1,5141 0,0007
september 0,0000 0,0000
ymsgr 3,9120 0,0018
browser 0,9943 0,0009
introduction 0,5621 0,0003
chen 1,7148 0,0008
padding 0,0000 0,0000
process 0,1625 0,0002
subscribe 2,1203 0,0010
srware 2,8134 0,0013
alternative 0,6931 0,0003
clear 0,0101 0,0000
ltr 0,0000 0,0000
cymraeg 1,4697 0,0007
webxr 2,4079 0,0011
third 0,5447 0,0003
build 0,2357 0,0001
mean 0,4463 0,0004
netfront 2,8134 0,0013
wireless 1,7720 0,0008
further 0,3711 0,0002
account 0,0000 0,0000
webcl 2,6593 0,0013
stack 0,7340 0,0003
servlet 2,6593 0,0013
dansk 0,5798 0,0003
elinks 2,8134 0,0013
fielding 2,9957 0,0014
advance 1,0788 0,0005
ibrowse 2,8134 0,0013
path 1,0498 0,0005
retrieval 1,5141 0,0007
telnet 3,5066 0,0017
webgpu 2,3026 0,0011
record 0,7765 0,0011
trix 3,5066 0,0017
abbr 0,0619 0,0000
you 0,0000 0,0000
jump 0,0000 0,0000
knowledge 0,7340 0,0003
databases 2,0402 0,0010
iris 2,5257 0,0012
classilla 2,8134 0,0013
pass 0,8675 0,0008
past 1,8326 0,0009
active 0,7985 0,0004
july 0,0000 0,0000
rtsp 3,5066 0,0017
trig 3,5066 0,0017
route 1,6094 0,0008
mediabrowser 2,8134 0,0013
domain 0,6931 0,0003
average 1,8971 0,0009
iesg 4,6052 0,0022
netscape 2,3026 0,0011
subgroup 0,0513 0,0000
hop 3,5066 0,0017
unsafe 2,3026 0,0011
transparent 0,0619 0,0000
thunderhawk 2,8134 0,0013
how 0,0834 0,0000
capability 0,7765 0,0004
adoption 0,8675 0,0004
journal 0,4780 0,0002
blocking 3,5066 0,0017
term 0,0000 0,0000
brad 2,3026 0,0011
spare 2,6593 0,0013
mini 0,0619 0,0000
arachne 2,8134 0,0013
qpack 4,6052 0,0022
possible 0,5276 0,0002
right 0,0101 0,0000
executable 1,3093 0,0006
march 0,0000 0,0000
rsync 3,9120 0,0018
june 0,0000 0,0000
wikitext 0,0000 0,0000
multiplex 3,9120 0,0037
supersede 1,9661 0,0009
under 0,0101 0,0000
analytic 1,4271 0,0007
represent 0,5978 0,0006
sometimes 0,6931 0,0003
wsgi 2,8134 0,0013
autocapitalize 0,0000 0,0000
down 0,8440 0,0004
holb 4,6052 0,0022
div 0,0000 0,0000
correctly 1,5606 0,0007
later 0,4005 0,0002
bracket 0,0619 0,0000
legal 1,1712 0,0006
wgpagename 0,0000 0,0000
talk 0,0000 0,0000
reply 2,9957 0,0014
info 2,4079 0,0011
possibly 2,0402 0,0010
dolphin 2,5257 0,0012
hyperlink 2,4079 0,0011
qutebrows 2,8134 0,0013
static 1,0217 0,0005
upstream 2,8134 0,0013
commonly 0,6931 0,0003
test 0,4463 0,0004
hatnote 0,2107 0,0001
pinnable 0,0000 0,0000
take 0,2877 0,0004
vision 1,1394 0,0005
month 0,7133 0,0003
final 1,0788 0,0005
wgrevisionid 0,0000 0,0000
asgi 2,8134 0,0013
excerpt 2,3026 0,0011
autoconfirm 1,9661 0,0009
ietf 2,4079 0,0011
some 0,1744 0,0001
virtual 0,4620 0,0002
blank 4,6052 0,0022
beginning 1,8326 0,0009
session 1,7720 0,0017
additional 0,0000 0,0000
back 0,6349 0,0003
title 0,0000 0,0000
patroltoken 0,0000 0,0000
primarily 0,9943 0,0005
miss 1,3471 0,0006
states 0,4943 0,0002
duration 2,4079 0,0011
hyperdata 3,5066 0,0017
load 0,0202 0,0000
zdnet 1,4697 0,0007
alpha 0,0101 0,0000
ignore 1,4697 0,0007
company 0,4308 0,0002
human 0,9416 0,0004
custom 0,0000 0,0000
relay 2,5257 0,0012
length 1,6094 0,0008
home 0,8675 0,0004
print 0,0000 0,0000
although 0,6162 0,0003
inherit 0,0101 0,0000
interpret 1,7148 0,0008
unrecognized 3,9120 0,0018
injection 1,8326 0,0009
append 2,3026 0,0011
upcoming 2,2073 0,0010
dccp 3,5066 0,0017
construct 1,3471 0,0013
shiira 2,8134 0,0013
attempt 0,8440 0,0004
dmy 0,0000 0,0000
navigation 0,0000 0,0000
action 0,0000 0,0000
lock 0,0101 0,0000
thomson 2,9957 0,0014
text 0,0000 0,0000
usually 0,4780 0,0002
whereas 1,4271 0,0007
inspection 3,2189 0,0015
python 0,6539 0,0003
ppvisitednode 0,0000 0,0000
cookie 0,0000 0,0000
dns 2,0402 0,0010
dnt 3,9120 0,0018
sensitive 1,2730 0,0006
interplanetary 4,6052 0,0022
loading 0,0000 0,0000
field 0,7550 0,0007
contents 0,0000 0,0000
explorer 1,7148 0,0008
whereby 3,5066 0,0017
doi 0,4155 0,0002
status 0,0000 0,0000
semantic 1,6607 0,0008
server 0,4005 0,0004
dom 1,6094 0,0008
skin 0,0000 0,0000
deliver 1,1394 0,0005
mac 1,3471 0,0006
mention 1,7148 0,0016
robert 0,9676 0,0005
file 0,0000 0,0000
stream 1,0788 0,0010
portlet 2,9957 0,0014
map 0,8210 0,0004
wgnoticeproject 0,0000 0,0000
may 0,0000 0,0000
max 0,0513 0,0000
within 0,3011 0,0001
could 0,4780 0,0002
phusion 2,6593 0,0013
torch 2,5257 0,0012
positive 1,8971 0,0009
trigger 0,0513 0,0000
menu 0,0000 0,0000
uri 2,3026 0,0022
url 0,0000 0,0000
urn 3,9120 0,0018
machine 0,2744 0,0001
websites 3,2189 0,0015
return 0,0000 0,0000
bidirectional 2,8134 0,0013
instance 0,7765 0,0004
opera 2,5257 0,0012
webgl 2,3026 0,0011
use 0,0000 0,0000
main 0,0000 0,0000
integer 1,7720 0,0008
serve 1,0217 0,0010
microservices 2,1203 0,0010
solution 0,5621 0,0003
find 0,3425 0,0003
negotiation 2,5257 0,0012
host 0,6539 0,0009
uzbl 2,8134 0,0013
logo 0,0000 0,0000
credit 1,6094 0,0008
international 0,3011 0,0001
alter 1,5141 0,0007
combine 0,7340 0,0003
turtle 3,2189 0,0015
utc 0,0000 0,0000
occur 0,7765 0,0007
utf 2,5257 0,0012
definitive 2,6593 0,0013
establishment 2,3026 0,0011
canonical 0,0408 0,0000
interrupted 3,9120 0,0018
sort 1,5606 0,0007
sistersitebox 0,6539 0,0003
undesirable 2,9957 0,0014
berners 2,9957 0,0014
feed 1,9661 0,0009
wgcurrevisionid 0,0000 0,0000
task 0,5108 0,0002
null 0,0000 0,0000
background 0,0101 0,0000
true 0,0000 0,0000
webauthn 2,2073 0,0010
header 0,0000 0,0000
watchtoken 0,0000 0,0000
present 0,5621 0,0005
galeon 2,6593 0,0013
since 0,3425 0,0002
belong 1,6607 0,0008
delete 0,4155 0,0004
foreach 0,0000 0,0000
repeat 0,0101 0,0000
fulfil 3,2189 0,0015
make 0,1165 0,0002
beta 1,3863 0,0007
wggestructuredtaskrejectionreasontextinputenable 0,0000 0,0000
microb 2,8134 0,0013
beaker 2,8134 0,0013
ruby 1,0217 0,0005
underlie 0,9416 0,0004
due 0,5108 0,0002
conform 1,7148 0,0016
online 0,7340 0,0003
socket 2,4079 0,0011
invention 1,7148 0,0008
properties 2,5257 0,0012
inform 1,6607 0,0016
webassembly 1,7720 0,0008
depend 0,7340 0,0003
patch 1,5141 0,0007
psgi 2,9957 0,0014
contribution 0,0000 0,0000
meaning 1,5141 0,0007
above 1,0788 0,0005
stateless 2,9957 0,0014
zac 2,6593 0,0013
height 0,0101 0,0000
august 0,0000 0,0000
distinguish 1,3471 0,0013
module 0,0000 0,0000
invent 1,7720 0,0017
outer 1,2040 0,0006
wsrp 2,9957 0,0014
benefit 0,9416 0,0004
something 1,4271 0,0007
tzung 4,6052 0,0022
microdata 3,2189 0,0015
meta 1,4271 0,0007
canavan 4,6052 0,0022
processing 0,6162 0,0003
except 1,5141 0,0007
hrvatski 0,7550 0,0004
notheme 0,3711 0,0002
fact 1,0217 0,0005
safari 2,1203 0,0010
rdfs 3,5066 0,0017
long 0,4005 0,0002
into 0,1985 0,0001
min 0,1165 0,0001
christian 2,1203 0,0010
ian 1,7148 0,0008
rdfa 2,8134 0,0013
free 0,0000 0,0000
ought 2,9957 0,0014
expression 1,3471 0,0006
middle 0,7765 0,0004
though 0,8440 0,0004
many 0,2357 0,0001
appear 0,8210 0,0004
evolve 1,0498 0,0005
ibm 0,5621 0,0003
inspire 1,6094 0,0008
associated 1,8326 0,0009
operation 0,5108 0,0005
open 0,1625 0,0001
coordinated 3,9120 0,0018
agent 1,3863 0,0013
treat 1,3863 0,0013
conditional 2,0402 0,0010
tbody 0,6931 0,0003
rapid 1,3093 0,0006
project 0,0000 0,0000
seven 1,8326 0,0009
arena 2,0402 0,0010
enhancement 0,0101 0,0000
inside 0,0101 0,0000
mainly 1,5141 0,0007
hproduct 3,5066 0,0017
whenever 2,2073 0,0010
five 0,9943 0,0005
zen 2,6593 0,0013
geotagging 3,5066 0,0017
deprecation 2,8134 0,0013
idl 2,8134 0,0013
ido 1,2730 0,0006
internet 0,5447 0,0003
allow 0,1863 0,0003
isbn 0,1054 0,0000
rule 0,5978 0,0006
update 0,4463 0,0008
speed 0,9416 0,0009
common 0,3711 0,0002
cimpanu 2,8134 0,0013
linux 0,8916 0,0004
definition 0,4943 0,0005
placeholder 0,0000 0,0000
every 0,6162 0,0003
summary 1,6607 0,0008
slimbrowser 2,8134 0,0013
apply 0,0000 0,0000
again 1,2379 0,0006
indeed 2,4079 0,0011
comment 1,2730 0,0006
whitespace 2,5257 0,0012
mark 0,6733 0,0003
base 0,0305 0,0000
ocsp 2,8134 0,0013
reliably 2,8134 0,0013
reasoning 1,6607 0,0008
scgi 2,9957 0,0014
during 0,5447 0,0003
webdav 2,8134 0,0013
mon 4,6052 0,0022
consist 0,6539 0,0006
reliable 0,7765 0,0004
pogo 2,8134 0,0013
relate 0,0000 0,0000
enable 0,0000 0,0000
safety 1,3093 0,0006
sidebar 0,0000 0,0000
limitreport 0,0000 0,0000
decoration 0,0619 0,0000
reflist 0,0101 0,0000
still 0,5447 0,0003
compress 2,9957 0,0014
collaborative 1,8971 0,0009
var 0,0000 0,0000
work 0,2231 0,0002
matt 1,7720 0,0008
constitute 2,1203 0,0010
agree 0,0101 0,0000
cloudflare 2,9957 0,0014
wgulsislanguageselectorempty 0,0000 0,0000
fail 0,9676 0,0009
srpski 0,3711 0,0002
registration 0,0101 0,0000
word 0,0101 0,0000
redcore 2,8134 0,0013
webpositive 2,8134 0,0013
flock 2,5257 0,0012
steel 2,8134 0,0013
extension 0,6349 0,0006
deprecate 1,6607 0,0024
kylo 2,8134 0,0013
foundation 0,0000 0,0000
discontinue 1,3863 0,0007
uniform 1,7148 0,0008
unwise 4,6052 0,0022
henrik 2,8134 0,0013
collective 2,2073 0,0010
event 0,0000 0,0000
finger 3,2189 0,0015
include 0,0000 0,0000
facebook 1,3863 0,0007
memex 4,6052 0,0022
toggle 0,0000 0,0000
stephan 3,9120 0,0018
appearance 0,0000 0,0000
classname 0,0000 0,0000
wggetopicsmatchmodeenable 0,0000 0,0000
first 0,0408 0,0000
mse 2,3026 0,0011
voice 1,6094 0,0008
nowrap 0,0408 0,0000
prefer 0,0101 0,0000
roman 0,0101 0,0000
spdy 3,9120 0,0018
lotus 2,5257 0,0012
msn 2,3026 0,0011
npruntime 2,9957 0,0014
wgrelevantpageisprobablyeditable 0,0000 0,0000
float 0,0101 0,0000
space 0,0408 0,0000
spec 1,7720 0,0008
reference 0,0101 0,0000
ecn 3,5066 0,0017
html 0,4463 0,0002
bottom 0,0000 0,0000
revision 0,0000 0,0000
gemini 2,5257 0,0012
magyar 0,3425 0,0002
sequence 1,2730 0,0006
nottingham 4,6052 0,0022
unreliable 2,2073 0,0010
publisher 0,0000 0,0000
img 0,0408 0,0000
minimo 2,8134 0,0013
configuration 0,7550 0,0004
o'reilly 0,6733 0,0003
mercury 2,6593 0,0013
chunk 2,8134 0,0040
microformat 2,8134 0,0013
rlstate 0,0000 0,0000
error 0,0101 0,0000
platform 0,0000 0,0000
network 0,3285 0,0005
locators 4,6052 0,0022
prescribed 4,6052 0,0022
trace 1,6607 0,0008
zazaki 2,2073 0,0010
public 0,4155 0,0002
parameter 1,3093 0,0012
redirection 3,9120 0,0018
value 0,0000 0,0000
dhcp 3,5066 0,0017
inc 1,3093 0,0006
spacetime 2,5257 0,0012
instead 0,4463 0,0002
command 0,7133 0,0003
performance 0,3425 0,0003
lunascape 2,8134 0,0013
unlink 4,6052 0,0022
maint 0,0101 0,0000
variable 0,9676 0,0005
wiktionary 0,5798 0,0003
slash 2,4079 0,0011
platformversion 0,0000 0,0000
templatequote 1,9661 0,0009
references 0,0513 0,0000
year 0,2614 0,0002
building 0,7985 0,0004
via 0,3011 0,0001
properly 1,3471 0,0006
quote 0,0101 0,0000
microfilm 4,6052 0,0022
khronos 2,9957 0,0014
because 0,0000 0,0000
appendix 2,8134 0,0013
upgrade 1,5141 0,0007
sailu 4,6052 0,0022
google 0,4005 0,0002
community 0,0000 0,0000
packet 2,6593 0,0013
version 0,0000 0,0000
selection 1,5141 0,0007
stop 1,1394 0,0011
eesti 0,3285 0,0002
science 0,5447 0,0003
deepfish 2,8134 0,0013
metrics 2,5257 0,0012
acct 3,9120 0,0018
least 0,9676 0,0005
conkeror 2,8134 0,0013
immediately 1,5141 0,0007
wgusergroup 0,0000 0,0000
subsequently 1,6094 0,0008
nightly 4,6052 0,0022
vocabulary 2,2073 0,0010
irc 2,8134 0,0027
wikipedia 0,0000 0,0000
behavior 0,8210 0,0004
close 0,8210 0,0008
afrikaans 0,9416 0,0004
annotation 2,0402 0,0010
ghostzilla 2,8134 0,0013
iri 3,5066 0,0017
website 0,3711 0,0004
learn 0,0000 0,0000
strata 2,8134 0,0013
whatwg 2,3026 0,0011
textual 2,5257 0,0012
fast 0,4943 0,0005
rdf 2,2073 0,0010
sleipnir 2,8134 0,0013
congestion 3,2189 0,0015
register 0,0000 0,0000
notes 0,9943 0,0005
official 0,6162 0,0003
bookmarks 2,6593 0,0013
red 1,2730 0,0006
shacl 2,8134 0,0013
act 0,9416 0,0004
transmission 2,4079 0,0011
post 0,0202 0,0000
leave 0,0101 0,0000
finish 1,8971 0,0009
protocols 2,0402 0,0010
ontology 2,1203 0,0010
add 0,0000 0,0000
xbap 2,9957 0,0014
need 0,1393 0,0001
routable 4,6052 0,0022
its 0,0726 0,0000
blazer 2,8134 0,0013
often 0,2877 0,0001
encoding 2,4079 0,0011
article 0,0000 0,0000
rfc 1,9661 0,0019
rfe 4,6052 0,0022
parser 0,0000 0,0000
port 1,8326 0,0017
http 0,0000 0,0000
therefore 0,7985 0,0004
exchange 1,1087 0,0010
decimal 0,0101 0,0000
eme 2,4079 0,0011
useful 0,9943 0,0005
trust 1,2730 0,0006
private 0,8210 0,0004
technical 0,6349 0,0003
united 0,4780 0,0002
hypermedia 3,2189 0,0015
wghostname 0,0000 0,0000
liveconnect 2,9957 0,0014
benjamin 1,7720 0,0008
accomplish 1,6607 0,0008
previously 1,1712 0,0006
wgtitle 0,0000 0,0000
engine 0,4780 0,0005
puffin 2,8134 0,0013
scope 1,2730 0,0006
end 0,3011 0,0004
mistake 2,0402 0,0010
identify 0,6733 0,0006
wgdigittransformtable 0,0000 0,0000
rich 1,3093 0,0012
hlist 0,0408 0,0000
label 0,0000 0,0000
improvement 0,9163 0,0009
message 0,3857 0,0004
forum 1,3863 0,0007
special 0,0000 0,0000
modify 0,7765 0,0007
activex 2,5257 0,0012
rlconf 0,0000 0,0000
progressive 1,0788 0,0005
sctp 3,5066 0,0017
timberwolf 2,8134 0,0013
slightly 1,8326 0,0009
bahasa 0,3285 0,0002
charter 3,2189 0,0015
release 0,2744 0,0003
ago 0,7765 0,0004
caption 0,3567 0,0002
pipelining 4,6052 0,0022
gradually 2,1203 0,0010
number 0,0000 0,0000
webexplorer 2,8134 0,0013
wgbackendresponsetime 0,0000 0,0000
shorten 0,0000 0,0000
property 0,6539 0,0003
rip 2,9957 0,0014
brave 2,8134 0,0013
algorithm 0,8675 0,0004
splitting 2,6593 0,0013
similar 0,4780 0,0002
recharter 4,6052 0,0044
specify 0,6349 0,0009
handle 0,6539 0,0006
script 1,2379 0,0006
unintended 2,9957 0,0014
system 0,0101 0,0000
etag 3,9120 0,0018
deepnet 2,8134 0,0013
partial 1,6607 0,0008
fundamentals 1,4697 0,0007
other 0,0000 0,0000
aim 0,8210 0,0004
against 0,6931 0,0003
abaco 2,8134 0,0013
retain 2,1203 0,0010
login 2,4079 0,0011
local 0,7985 0,0004
valid 1,4271 0,0007
firstly 3,5066 0,0017
share 0,4620 0,0002
ajp 2,9957 0,0014
identifiers 4,6052 0,0022
gzip 3,9120 0,0018
nacl 2,6593 0,0013
future 0,5978 0,0003
rlq 0,0000 0,0000
cite 0,0000 0,0000
logic 0,9676 0,0005
ndp 3,5066 0,0017
webusb 2,9957 0,0014
referer 3,9120 0,0018
modifier 3,9120 0,0018
screen 0,0101 0,0000
body 0,0000 0,0000
correspond 1,3093 0,0012
vandalism 2,6593 0,0013
mode 0,0000 0,0000
pages 0,0000 0,0000
etc 2,9957 0,0014
websocket 2,2073 0,0010
presume 3,5066 0,0017
all 0,0408 0,0000
always 0,9416 0,0004
border 0,0000 0,0000
new 0,0000 0,0000
xanadu 4,6052 0,0022
read 0,0000 0,0000
upgrading 3,9120 0,0018
already 1,1087 0,0005
below 0,7550 0,0004
popov 4,6052 0,0022
real 0,0408 0,0000
clientpref 0,0000 0,0000
tool 0,0000 0,0000
svenska 0,3857 0,0002
unix 1,3093 0,0006
xpconnect 2,9957 0,0014
badly 2,9957 0,0014
boundary 1,7720 0,0008
facilitate 0,8440 0,0004
mandate 2,1203 0,0010
roa 2,8134 0,0013
wgpagecontentlanguage 0,0000 0,0000
media 0,2485 0,0001
floorp 2,8134 0,0013
wgisarticle 0,0000 0,0000
reload 2,8134 0,0013
define 0,2744 0,0004
row 0,4943 0,0002
roy 2,5257 0,0012
crid 3,9120 0,0018
deliberately 2,8134 0,0013
rpc 3,2189 0,0015
transport 1,6094 0,0008
specific 0,2877 0,0001
any 0,2107 0,0001
huawei 2,2073 0,0010
application 0,0943 0,0001
milestone 2,2073 0,0010
wgflaggedrevsparams 0,0000 0,0000
dillo 2,8134 0,0013
until 0,7765 0,0004
formally 2,0402 0,0010
collapse 0,0408 0,0000
aol 2,2073 0,0010
reason 0,7985 0,0008
eww 2,8134 0,0013
maintain 0,3567 0,0002
wgrelevantarticleid 0,0000 0,0000
cantrell 4,6052 0,0022
cert 2,8134 0,0013
skyfire 2,8134 0,0013
cake 2,8134 0,0013
jan 1,6094 0,0008
english 0,0000 0,0000
api 0,3425 0,0003
secondarily 4,6052 0,0022
fully 0,8210 0,0004
app 0,9943 0,0005
cache 0,0305 0,0001
margin 0,0000 0,0000
suomi 0,2107 0,0001
wgrequestid 0,0000 0,0000
remain 0,7550 0,0004
enwikimwclientpreference 0,0000 0,0000
refine 2,1203 0,0020
rlpagemodules 0,0000 0,0000
dataspaces 3,5066 0,0017
cern 2,5257 0,0012
eye 2,3026 0,0011
slow 1,1087 0,0005
samea 0,0000 0,0000
wgwikibaseitemid 0,0000 0,0000
xmlhttprequ 2,4079 0,0011
dublin 2,9957 0,0014
wgulsiscompactlinksenable 0,0000 0,0000
ppapi 2,9957 0,0014
maybe 2,8134 0,0013
another 0,3567 0,0002
automatically 0,7765 0,0004
pagevariantfallback 0,0000 0,0000
matching 2,5257 0,0012
default 0,6931 0,0003
endpoint 2,5257 0,0012
arc 2,6593 0,0013
encryption 1,1712 0,0006
wgmonthname 0,0000 0,0000
ari 3,2189 0,0015
disabled 0,0000 0,0000
where 0,2744 0,0001
mechanism 0,7550 0,0007
webserver 3,5066 0,0017
popular 0,6539 0,0003
arp 3,2189 0,0015
websockets 2,8134 0,0013
timestamp 0,0000 0,0000
bandwidth 2,3026 0,0011
broker 1,8971 0,0009
rtp 3,5066 0,0017
call 0,0101 0,0000
such 0,0943 0,0000
classic 1,3093 0,0006
ask 1,0498 0,0005
describe 0,2485 0,0002
asp 2,5257 0,0012
pipelined 3,5066 0,0017
through 0,2107 0,0001
strength 2,3026 0,0011
icab 2,8134 0,0013
occasional 2,9957 0,0014
run 0,3011 0,0001
microsoft 0,4005 0,0002
mouse 2,1203 0,0010
view 0,0000 0,0000
white 0,0305 0,0000
donate 0,0000 0,0000
foaf 3,2189 0,0015
might 0,7340 0,0003
nielsen 2,8134 0,0013
bold 0,0408 0,0000
duplicate 1,8971 0,0009
engineering 0,3857 0,0002
sharing 1,7148 0,0008
longer 2,3026 0,0011
gecko 2,8134 0,0013
galego 0,7550 0,0004
name 0,0000 0,0000
bolt 2,4079 0,0011
cputime 0,0000 0,0000
fields 2,2073 0,0010
watchlist 0,0000 0,0000
next 0,5798 0,0003
frystyk 3,9120 0,0018
shop 2,5257 0,0012
color 0,0101 0,0000
string 1,2040 0,0006
submit 1,6094 0,0015
book 0,4308 0,0002
nearly 1,4697 0,0007
show 0,0513 0,0000
description 0,0000 0,0000
gourley 4,6052 0,0022
blink 2,5257 0,0012
button 1,7720 0,0008
not 0,0101 0,0000
now 0,4308 0,0002
statement 0,0000 0,0000
trademark 0,0101 0,0000
lived 2,9957 0,0014
greek 0,0101 0,0000
konqueror 2,8134 0,0013
delivery 1,4697 0,0007
rack 2,4079 0,0011
introduce 0,3285 0,0003
way 0,2485 0,0001
target 0,0101 0,0000
xhtml 2,8134 0,0013
what 0,0000 0,0000
amaya 2,6593 0,0013
detailed 1,6094 0,0008
guidance 1,8971 0,0009
refer 0,4155 0,0002
israel 0,7550 0,0004
colon 3,5066 0,0017
container 0,0000 0,0000
discard 2,9957 0,0014
developers 0,0000 0,0000
quickly 1,1087 0,0005
usage 0,0000 0,0000
totty 4,6052 0,0022
decide 0,9943 0,0005
experimental 1,4697 0,0007
wgmediaviewerenabledbydefault 0,0000 0,0000
issues 2,5257 0,0012
nearby 0,0000 0,0000
when 0,0834 0,0000
logout 4,6052 0,0022
far 1,2730 0,0006
plan 0,7985 0,0015
case 0,3285 0,0003
generation 1,2040 0,0006
nokia 2,0402 0,0010
accelerator 2,1203 0,0010
give 0,4780 0,0005
canvas 2,3026 0,0011
item 0,0000 0,0000
wgmediavieweronclick 0,0000 0,0000
rockmelt 2,8134 0,0013
double 1,0498 0,0005
wgulsposition 0,0000 0,0000
epic 2,0402 0,0010
melayu 0,6349 0,0003
idempotence 4,6052 0,0022
interlink 3,9120 0,0018
tunnels 3,5066 0,0017
moon 2,6593 0,0013
wgbreakframe 0,0000 0,0000
italiano 0,1278 0,0001
sticky 0,0000 0,0000
style 0,0000 0,0000
completely 1,4271 0,0007
dividing 4,6052 0,0022
implicit 2,0402 0,0010
explicitly 1,2040 0,0006
alps 3,5066 0,0017
alpn 3,9120 0,0018
searchinput 0,0000 0,0000
portion 1,5141 0,0007
commons 0,0000 0,0000
web 0,1165 0,0001
wed 4,6052 0,0022
npapi 2,9957 0,0014
wei 2,5257 0,0012
architecture 0,0000 0,0000
more 0,0000 0,0000
display 0,0000 0,0000
ntp 3,5066 0,0017
hpack 4,6052 0,0022
rrid 3,5066 0,0017
igmp 3,5066 0,0017
ixbrl 3,5066 0,0017
organization 0,0000 0,0000
width 0,0000 0,0000
belshe 4,6052 0,0022
finalize 2,6593 0,0013
certain 0,6162 0,0003
statistics 0,0000 0,0000
distinction 2,0402 0,0010
section 0,7340 0,0003
simple 0,2231 0,0001
polling 2,8134 0,0013
used 2,3026 0,0011
protocol 0,5621 0,0005
overflow 0,3567 0,0002
whale 2,5257 0,0012
ldap 2,6593 0,0025
few 0,7133 0,0003
shun 3,9120 0,0018
visible 0,0101 0,0000
orient 0,5447 0,0003
kind 0,8675 0,0004
temporarily 2,1203 0,0010
both 0,0305 0,0000
important 0,0101 0,0000
most 0,2107 0,0001
transfer 0,7985 0,0004
mgcp 3,5066 0,0017
phrase 1,6094 0,0015
effect 0,8440 0,0008
keep 0,6733 0,0006
topic 0,0000 0,0000
omit 2,3026 0,0011
option 0,9416 0,0004
who 0,5621 0,0003
limitation 1,0498 0,0005
handbook 1,7148 0,0008
globally 1,9661 0,0009
contribute 0,0000 0,0000
insert 1,6607 0,0008
forbid 2,2073 0,0010
necessarily 1,7720 0,0008
highlight 1,3093 0,0006
administrator 1,6094 0,0008
database 0,2485 0,0002
along 0,7340 0,0003
opportunistic 2,9957 0,0014
jsgi 2,4079 0,0011
david 0,5798 0,0003
authentication 1,3863 0,0007
wgseparatortransformtable 0,0000 0,0000
rest 1,0788 0,0005
chromium 2,3026 0,0011
move 0,0000 0,0000
original 0,0943 0,0000
also 0,0202 0,0000
say 0,6733 0,0003
swiftfox 2,8134 0,0013
inline 0,0408 0,0000
yandex 2,1203 0,0010
various 0,3857 0,0002
user 0,0000 0,0000
frontend 2,4079 0,0011
simply 0,9676 0,0005
equivalent 1,5141 0,0014
bad 1,4271 0,0007
bai 3,9120 0,0018
icmp 3,5066 0,0017
intermediary 2,3026 0,0022
nntp 3,5066 0,0017
robot 2,1203 0,0010
trailing 4,6052 0,0022
draft 1,6607 0,0016
hreview 3,5066 0,0017
fluid 2,3026 0,0011
piratebrowser 2,8134 0,0013
addition 0,6733 0,0003
surf 2,6593 0,0013
lynx 2,6593 0,0013
personal 0,0000 0,0000
former 1,3093 0,0006
extend 0,6162 0,0003
proxy 1,7148 0,0016
imageobject 0,0000 0,0000
ipsec 3,5066 0,0017
intermediate 2,0402 0,0010
consideration 1,5606 0,0007
compression 1,5141 0,0007
greatly 1,8971 0,0009
be 0,1508 0,0001
scheme 0,0101 0,0000
icon 0,0101 0,0000
expansiondepth 0,0000 0,0000
icedragon 2,8134 0,0013
sec 2,8134 0,0013
search 0,0000 0,0000
see 0,0408 0,0001
spacing 0,0619 0,0000
systems 0,4780 0,0002
wgrelevantpagename 0,0000 0,0000
national 0,4463 0,0002
indicate 1,0217 0,0014
completion 1,9661 0,0009
charge 1,6094 0,0008
contain 0,0101 0,0000
set 0,2107 0,0002
shqip 0,6931 0,0003
column 0,0101 0,0000
adobe 2,1203 0,0010
midori 2,4079 0,0011
procedure 0,9676 0,0005
sample 1,5141 0,0007
nsapi 2,9957 0,0014
wgaction 0,0000 0,0000
reschke 4,6052 0,0022
font 0,0000 0,0000
encode 1,5141 0,0021
arora 2,5257 0,0012
clarify 2,0402 0,0010
precede 2,4079 0,0011
omniweb 2,8134 0,0013
woa 2,9957 0,0014
language 0,0000 0,0000
do 0,1625 0,0002
navbox 0,0943 0,0000
listitem 0,0408 0,0000
contact 0,0000 0,0000
rare 1,8971 0,0009
france 0,8675 0,0004
dusseault 4,6052 0,0022
criticism 1,1394 0,0005
programming 0,2744 0,0001
digit 2,0402 0,0010
image 0,0202 0,0000
chrome 2,2073 0,0010
typically 0,3857 0,0002
never 1,1712 0,0006
she 1,8326 0,0009
schemas 2,8134 0,0013
party 0,6539 0,0003
frame 1,6094 0,0015
cursor 0,0619 0,0000
however 0,3011 0,0001
origin 0,0000 0,0000
waterfox 2,8134 0,0013
bgp 3,5066 0,0017
walltime 0,0000 0,0000
interlanguage 0,0000 0,0000
content 0,0000 0,0000
duckduckgo 2,6593 0,0013
random 0,0000 0,0000
wikibooks 0,8210 0,0004
refactoring 2,5257 0,0012
alert 1,8326 0,0009
bookmarking 4,6052 0,0022
mosaic 2,6593 0,0013
client 0,0000 0,0000
foss 1,8971 0,0009
json 1,2379 0,0006
cacheable 4,6052 0,0022
sip 3,2189 0,0030
class 0,0000 0,0000
gehomepagesuggestededitsenabletopic 0,0000 0,0000
digital 0,6162 0,0003
over 0,3285 0,0002
six 1,4271 0,0007
bho 2,9957 0,0014
false 0,0000 0,0000
go 0,9943 0,0005
specification 0,7133 0,0007
counter 0,0408 0,0000
srpskohrvatski 0,9163 0,0004
fork 1,1394 0,0005
form 0,3011 0,0004
management 0,2231 0,0001
representational 2,8134 0,0013
publish 0,4463 0,0006
developer 0,1744 0,0002
realm 2,6593 0,0025
avoid 0,0101 0,0000
he 0,6733 0,0003
tunnel 2,4079 0,0011
livinginternet 4,6052 0,0022
very 0,5978 0,0003
practice 0,6349 0,0003
fulfill 2,8134 0,0013
advanced 0,7985 0,0004
bin 2,6593 0,0013
bio 4,6052 0,0022
recommendation 1,6094 0,0008
bis 2,9957 0,0014
output 0,0000 0,0000
jacobs 3,2189 0,0015
orion 2,3026 0,0011
else 2,0402 0,0010
sko 2,8134 0,0013
wss 3,9120 0,0018
context 0,5978 0,0003
easily 1,2040 0,0006
michal 3,9120 0,0018
model 0,0000 0,0000
https 2,3026 0,0011
portal 0,0000 0,0000
httpu 4,6052 0,0022
gears 2,5257 0,0012
reduce 0,0101 0,0000
sentence 0,0000 0,0000
asapi 2,9957 0,0014
issue 0,3425 0,0003
kern 0,0101 0,0000
large 0,2485 0,0001
folksonomy 3,5066 0,0017
lower 2,2073 0,0010
verb 2,8134 0,0027
announce 0,6733 0,0003
odd 0,0943 0,0000
messaging 1,4271 0,0007
operate 0,3567 0,0002
contrast 0,9416 0,0004
john 0,5276 0,0002
hello 1,6607 0,0008
begin 0,5108 0,0002
secondly 3,9120 0,0018
wgvisualeditor 0,0000 0,0000
become 0,2877 0,0004
template 0,0000 0,0000
charset 3,5066 0,0017
alive 3,9120 0,0018
httpwg 4,6052 0,0022
eventually 1,1394 0,0005
subscription 0,0101 0,0000
basilisk 2,4079 0,0011
falkon 2,8134 0,0013
library 0,3857 0,0002
navbar 0,0202 0,0000
world 0,3857 0,0002
subbox 0,6931 0,0003
digest 2,9957 0,0014
december 0,0000 0,0000
ability 0,7340 0,0003
table 0,0000 0,0000
ediger 4,6052 0,0022
charon 2,8134 0,0013
side 0,3425 0,0002
ftp 2,4079 0,0011
gaeilge 1,2040 0,0006
break 0,0101 0,0000
librewolf 2,8134 0,0013
change 0,0000 0,0000
indirectly 2,5257 0,0012
beonex 2,8134 0,0013
printable 0,0000 0,0000
generally 0,5447 0,0003
hide 0,0000 0,0000
meleon 2,8134 0,0013
discovery 1,3863 0,0007
report 0,0202 0,0000
complete 0,4780 0,0007
transaction 1,0217 0,0010
auto 0,0726 0,0000
microformats 3,5066 0,0017
wgcanonicalspecialpagename 0,0000 0,0000
while 0,2614 0,0001
that 0,5108 0,0002
download 0,0000 0,0000
edge 1,2379 0,0006
high 0,0101 0,0000
split 0,0000 0,0000
httpbis 4,6052 0,0022
langley 3,5066 0,0017
than 0,2357 0,0001
limit 0,0000 0,0000
widespread 1,3093 0,0006
bnf 0,9163 0,0004
brian 1,2730 0,0006
communication 0,6162 0,0006
different 0,0513 0,0000
officially 1,8971 0,0009
semantically 3,9120 0,0018
discretion 3,9120 0,0018
franks 4,6052 0,0022
level 0,0000 0,0000
author 0,0000 0,0000
establish 0,8916 0,0013
permanently 2,0402 0,0010
plus 1,6607 0,0008
relevant 1,2040 0,0006
license 0,0000 0,0000
expand 0,0101 0,0000
salamweb 2,8134 0,0013
essay 2,8134 0,0013
nf 3,9120 0,0018
wgmfdisplaywikibasedescription 0,0000 0,0000
retrieve 0,0000 0,0000
datum 0,0408 0,0000
code 0,0000 0,0000
legacy 1,5141 0,0007
displace 2,9957 0,0014
wgdefaultdateformat 0,0000 0,0000
bot 2,8134 0,0013
box 0,0408 0,0000
storage 0,3711 0,0002
sql 1,0788 0,0005
head 0,7765 0,0007
dialog 2,6593 0,0013
total 0,0000 0,0000
considerable 2,4079 0,0011
deutsch 0,0943 0,0000
backend 1,7720 0,0008
unofficial 2,2073 0,0010
determine 0,7985 0,0004
nature 1,0498 0,0005
src 0,6349 0,0003
control 0,1625 0,0001
symbian 2,2073 0,0010
friedl 4,6052 0,0022
attribution 0,0000 0,0000
compliant 2,2073 0,0010
mailto 3,9120 0,0018
geolocation 2,3026 0,0011
handler 2,0402 0,0010
metadata 1,5606 0,0007
sse 2,9957 0,0014
upper 0,0101 0,0000
insensitive 3,2189 0,0015
ssh 2,3026 0,0011
periodically 2,9957 0,0014
behalf 2,9957 0,0014
ssl 2,4079 0,0011
minerva 0,0101 0,0000
brand 0,0000 0,0000
publishing 0,7550 0,0004
recent 0,0000 0,0000
raggett 3,2189 0,0015
they 0,0619 0,0001
proposal 1,6094 0,0008
github 0,7340 0,0003
edit 0,0000 0,0000
grigorik 3,9120 0,0018
old 0,8675 0,0008
norwood 4,6052 0,0022
then 0,3567 0,0002
accept 1,1087 0,0016
node 0,0305 0,0000
crawler 2,9957 0,0014
adopt 0,9163 0,0009
vannevar 4,6052 0,0022
device 0,7550 0,0004
access 0,2877 0,0005
webrtc 2,3026 0,0011
activity 0,9943 0,0005
overcome 1,9661 0,0009
gazelle 2,8134 0,0013
selflink 0,0101 0,0000
current 0,0000 0,0000
secretary 2,9957 0,0014
nynorsk 1,2379 0,0006
templatequotecite 1,9661 0,0009
vector 0,0000 0,0000
audio 1,2379 0,0006
email 1,4271 0,0013
silk 2,2073 0,0010
cachereport 0,0000 0,0000
pretitle 1,3471 0,0006
smtp 3,5066 0,0017
manager 0,8440 0,0004
onc 3,2189 0,0015
svg 1,0788 0,0005
one 0,0943 0,0000
hotjava 2,8134 0,0013
store 0,5447 0,0003
winaray 1,7720 0,0008
tagalog 1,2040 0,0006
bosanski 0,8916 0,0004
fcgi 2,9957 0,0014
single 0,3147 0,0001
entityaccesscount 0,0000 0,0000
bug 0,8675 0,0004
catalin 2,8134 0,0013
compressed 2,9957 0,0014
partially 1,8971 0,0009
webhook 2,6593 0,0013
separate 0,6162 0,0003
zalewski 4,6052 0,0022
available 0,0000 0,0000
zero 1,0217 0,0005
trivially 3,9120 0,0018
apache 1,0788 0,0005
variant 0,0619 0,0000
dynamic 0,7133 0,0003
generate 0,8210 0,0004
sioc 3,5066 0,0017
query 1,1394 0,0005
this 0,1278 0,0001
nelson 2,9957 0,0014
norsk 0,3285 0,0002
memusage 0,0000 0,0000
especially 0,8210 0,0004
once 0,7985 0,0004
solve 0,9416 0,0009
know 0,2231 0,0002
support 0,1393 0,0003
coin 1,6094 0,0008
grddl 3,5066 0,0017
idea 0,9676 0,0009
wgpopupsflag 0,0000 0,0000
polski 0,1165 0,0001
privacy 0,0000 0,0000
proprietary 0,9676 0,0005
missing 2,4079 0,0011
extensible 1,8326 0,0009
successful 1,2379 0,0006
normal 0,0202 0,0000
snell 3,5066 0,0017
previous 1,1712 0,0006
wide 0,6539 0,0003
org 1,5141 0,0007
transmit 1,8326 0,0009
technology 0,1863 0,0002
ungoogled 2,8134 0,0013
aggarwal 3,9120 0,0018
wgarticleid 0,0000 0,0000
pagelanguagedir 0,0000 0,0000
wgcitereferencepreviewsactive 0,0000 0,0000
location 0,9943 0,0005
specially 3,9120 0,0018
advertise 3,5066 0,0017
software 0,0000 0,0000
none 0,0101 0,0000
type 0,0000 0,0000
april 0,0000 0,0000
beyond 1,0217 0,0005
feedback 1,3471 0,0006
idempotent 3,9120 0,0018
closing 2,1203 0,0010
problem 0,3285 0,0003
optimization 0,8916 0,0008
review 0,6162 0,0003
hsing 4,6052 0,0022
connection 0,9676 0,0009
between 0,2107 0,0001
guide 0,3711 0,0002
stylesheet 2,9957 0,0014
kazehakase 2,8134 0,0013
method 0,3147 0,0003
comodo 2,8134 0,0013
overhead 1,2040 0,0006
come 0,4155 0,0002
ott 2,5257 0,0012
push 0,0000 0,0000
exist 0,4155 0,0004
ladybird 2,8134 0,0013
force 1,0217 0,0010
james 0,9676 0,0005
range 0,8675 0,0008
derive 1,1394 0,0005
out 0,0000 0,0000
cailliau 3,5066 0,0017
geo 2,8134 0,0013
feature 0,0000 0,0000
get 0,0000 0,0000
dark 0,0101 0,0000
ilya 2,9957 0,0014
sayer 4,6052 0,0022
place 0,5447 0,0003
neoplanet 2,8134 0,0013
restart 3,2189 0,0015
lead 0,2231 0,0002
expect 0,8440 0,0004
help 0,0000 0,0000
site 0,0000 0,0000
depth 0,0000 0,0000
perceptibly 4,6052 0,0022
self 0,7133 0,0003
sharealike 0,0000 0,0000
date 0,3011 0,0003
cors 2,9957 0,0014
data 0,0000 0,0000
owl 2,8134 0,0013
firefox 2,2073 0,0010
wiki 1,2730 0,0006
wgpageviewlanguage 0,0000 0,0000
blog 0,6349 0,0003
router 1,8326 0,0009
barrier 1,8326 0,0009
accesskey 0,0000 0,0000
plain 1,5141 0,0007
only 0,2107 0,0001
should 0,3711 0,0002
create 0,0000 0,0000
tag 0,0000 0,0000
readable 1,8971 0,0009
development 0,1278 0,0001
tap 2,5257 0,0012
like 0,2231 0,0001
resource 0,4620 0,0004
datagram 3,2189 0,0015
constrain 2,4079 0,0011
towards 1,2040 0,0006
webp 3,9120 0,0018
core 0,5621 0,0003
safe 0,8675 0,0004
enforce 1,4271 0,0007
send 0,7550 0,0014
potentially 0,7765 0,0004
here 0,0000 0,0000
handshake 3,9120 0,0018
note 0,4155 0,0004
camino 2,8134 0,0013
dave 1,5141 0,0007
week 1,2379 0,0012
purpose 0,5108 0,0002
line 0,0101 0,0000
link 0,0000 0,0000
can 0,0408 0,0000
computing 0,4155 0,0002
security 0,3285 0,0002
cap 0,0619 0,0000
contributor 0,0000 0,0000
wgcanonicalnamespace 0,0000 0,0000
eligible 3,2189 0,0015
flex 0,5276 0,0002
ready 0,0000 0,0000
informational 3,5066 0,0017
tcp 2,3026 0,0011
wgisredirect 0,0000 0,0000
limited 0,8916 0,0004
satisfy 1,7720 0,0008
will 0,2485 0,0001
sputnik 2,4079 0,0011
worldwideweb 2,8134 0,0013
february 0,0000 0,0000
implementation 0,3147 0,0003
match 0,5276 0,0002
arbitrary 1,3863 0,0007
standardize 1,7148 0,0016
follow 0,2744 0,0003
technically 2,6593 0,0013
intent 1,8971 0,0009
really 1,5606 0,0007
response 0,7340 0,0007
responsive 0,0202 0,0000
challenge 0,6162 0,0003
category 0,0000 0,0000
intend 0,6162 0,0003
wikidata 0,0000 0,0000
