optimal 1,9661 0,0015
references 0,0513 0,0000
govern 2,5257 0,0020
saved 0,0619 0,0000
upload 0,0000 0,0000
year 0,2614 0,0002
wggelevelingupenabledforuser 0,0000 0,0000
wgrestrictionmove 0,0000 0,0000
remote 0,9163 0,0007
building 0,7985 0,0006
quote 0,0101 0,0000
would 0,3425 0,0003
xml 1,1394 0,0009
understanding 1,4271 0,0011
because 0,0000 0,0000
solid 0,0202 0,0000
cdf 3,2189 0,0025
neutral 0,5447 0,0004
require 0,0000 0,0000
community 0,0000 0,0000
version 0,0000 0,0000
scribunto 0,0000 0,0000
cdr 4,6052 0,0036
size 0,0000 0,0000
left 0,0408 0,0000
sender 2,3026 0,0036
cdx 0,0000 0,0000
eesti 0,3285 0,0003
uche 4,6052 0,0036
much 0,6931 0,0005
object 0,3711 0,0006
newspaper 1,5606 0,0012
role 0,8916 0,0014
wgusergroup 0,0000 0,0000
elect 2,8134 0,0022
example 0,2485 0,0002
result 0,2231 0,0003
same 0,2357 0,0002
xop 3,2189 0,0025
after 0,0305 0,0000
irc 2,8134 0,0022
wikipedia 0,0000 0,0000
close 0,8210 0,0006
headline 0,0000 0,0000
hand 1,0217 0,0008
linked 2,6593 0,0021
policy 0,0000 0,0000
imap 3,5066 0,0027
website 0,3711 0,0003
address 0,5621 0,0004
committee 1,6607 0,0013
xquery 2,4079 0,0019
learn 0,0000 0,0000
xinclude 3,2189 0,0025
whatwg 2,3026 0,0018
pagelanguagecode 0,0000 0,0000
logical 1,6607 0,0013
transientcontent 0,0000 0,0000
subtle 0,3285 0,0003
component 0,3147 0,0002
suite 1,2040 0,0009
consultant 2,8134 0,0022
rdf 2,2073 0,0017
idhash 0,0619 0,0000
loosely 2,1203 0,0016
information 0,0000 0,0000
wrap 0,0101 0,0000
register 0,0000 0,0000
standard 0,2357 0,0004
november 0,0000 0,0000
couple 1,8971 0,0015
communicate 1,1394 0,0009
notes 0,9943 0,0008
rsvp 3,5066 0,0027
empty 0,0305 0,0000
datatracker 3,5066 0,0027
shacl 2,8134 0,0022
act 0,9416 0,0007
transmission 2,4079 0,0019
post 0,0202 0,0000
vml 3,2189 0,0025
payload 2,6593 0,0021
leave 0,0101 0,0000
ultimatereceiver 4,6052 0,0036
fullversionlist 0,0000 0,0000
export 0,0000 0,0000
add 0,0000 0,0000
need 0,1393 0,0004
its 0,0726 0,0001
originally 0,8675 0,0007
often 0,2877 0,0002
elt 0,6931 0,0005
list 0,0000 0,0000
article 0,0000 0,0000
rfc 1,9661 0,0015
lack 0,5447 0,0004
external 0,1863 0,0001
mutual 3,2189 0,0025
parser 0,0000 0,0000
authority 0,4780 0,0004
guideline 1,3471 0,0010
http 0,0000 0,0000
therefore 0,7985 0,0006
exchange 1,1087 0,0034
decimal 0,0101 0,0000
eme 2,4079 0,0019
child 0,0202 0,0000
technical 0,6349 0,0005
mainentity 0,0000 0,0000
united 0,4780 0,0004
obsolete 1,7720 0,0014
xsd 3,5066 0,0027
choose 0,8440 0,0007
interface 0,2485 0,0002
representation 1,1394 0,0018
remove 0,3711 0,0006
wghostname 0,0000 0,0000
xsl 3,2189 0,0025
disclaimers 0,0000 0,0000
wgtitle 0,0000 0,0000
engine 0,4780 0,0004
responsible 1,2040 0,0009
root 0,4780 0,0004
disambiguation 1,5606 0,0012
wgisprobablyeditable 0,0000 0,0000
standardized 1,8971 0,0015
tutorial 1,5141 0,0012
activitypub 3,2189 0,0025
datapower 4,6052 0,0036
ticker 2,8134 0,0022
identify 0,6733 0,0010
wgdigittransformtable 0,0000 0,0000
citation 0,0101 0,0000
mobile 0,0000 0,0000
perform 0,4463 0,0003
hlist 0,0408 0,0000
label 0,0000 0,0000
message 0,3857 0,0006
special 0,0000 0,0000
modify 0,7765 0,0006
pdf 0,0000 0,0000
argo 2,9957 0,0023
service 0,1393 0,0002
rlconf 0,0000 0,0000
there 0,2614 0,0002
progressive 1,0788 0,0008
sctp 3,5066 0,0027
syntax 1,1394 0,0009
well 0,2744 0,0002
suitable 1,3471 0,0010
tls 2,3026 0,0018
endianness 3,5066 0,0027
bitness 0,0000 0,0000
micropub 3,2189 0,0025
rgba 0,0101 0,0000
xproc 3,2189 0,0025
copyright 1,6607 0,0013
jani 4,6052 0,0036
bahasa 0,3285 0,0003
release 0,2744 0,0002
ago 0,7765 0,0006
caption 0,3567 0,0003
snmp 3,5066 0,0027
rif 3,2189 0,0025
newly 2,3026 0,0018
number 0,0000 0,0000
wgbackendresponsetime 0,0000 0,0000
xup 3,2189 0,0025
shorten 0,0000 0,0000
rip 2,9957 0,0023
block 0,0408 0,0001
order 0,4155 0,0003
aria 0,0000 0,0000
boxtext 0,0619 0,0000
byte 0,0408 0,0001
corporation 1,0498 0,0008
specify 0,6349 0,0005
indonesia 0,3567 0,0003
sydney 2,9957 0,0023
system 0,0101 0,0000
even 0,0513 0,0000
timesheets 3,2189 0,0025
binary 0,9943 0,0008
esperanto 0,7133 0,0006
tagline 0,0000 0,0000
regexp 0,0000 0,0000
other 0,0000 0,0000
subsection 0,1508 0,0001
successor 1,5606 0,0012
scxml 3,2189 0,0025
wgeditsubmitbuttonlabelpublish 0,0000 0,0000
toc 0,0000 0,0000
protection 0,4463 0,0003
cell 0,4308 0,0003
wgpagecontentmodel 0,0000 0,0000
valid 1,4271 0,0011
hypertext 2,1203 0,0016
conjunction 2,0402 0,0016
top 0,0000 0,0000
have 0,2744 0,0002
neutrality 3,5066 0,0027
product 0,4005 0,0003
xframe 3,2189 0,0025
wgnamespacenumber 0,0000 0,0000
framework 0,2877 0,0002
rlq 0,0000 0,0000
regard 1,1087 0,0009
wgwmepagelength 0,0000 0,0000
cite 0,0000 0,0000
ndp 3,5066 0,0027
entity 0,0101 0,0000
col 0,9943 0,0008
expensivefunctioncount 0,0000 0,0000
screen 0,0101 0,0000
body 0,0000 0,0000
upon 0,8916 0,0007
mode 0,0000 0,0000
timeusage 0,0000 0,0000
pages 0,0000 0,0000
optimize 1,0217 0,0008
pin 0,0000 0,0000
websocket 2,2073 0,0017
function 0,0000 0,0000
net 0,9416 0,0007
stock 1,8326 0,0014
newpp 0,0619 0,0000
verification 0,8440 0,0007
all 0,0408 0,0000
border 0,0000 0,0000
new 0,0000 0,0000
read 0,0000 0,0000
markup 2,5257 0,0020
below 0,7550 0,0006
estate 2,8134 0,0022
cpu 0,0408 0,0000
infobox 0,6931 0,0005
adhere 1,5141 0,0012
less 0,6162 0,0005
real 0,0408 0,0000
clientpref 0,0000 0,0000
pcache 0,0619 0,0000
tool 0,0000 0,0000
traverse 3,5066 0,0027
unit 0,6539 0,0005
improve 0,2485 0,0002
svenska 0,3857 0,0003
october 0,0000 0,0000
basic 0,6539 0,0005
facilitate 0,8440 0,0007
complication 0,0513 0,0000
financial 1,4697 0,0011
university 0,5621 0,0004
wgpagecontentlanguage 0,0000 0,0000
jquery 0,0000 0,0000
represents 4,6052 0,0036
wgisarticle 0,0000 0,0000
design 0,1393 0,0001
today 1,0788 0,0008
define 0,2744 0,0006
working 1,3471 0,0010
row 0,4943 0,0004
possibility 1,6094 0,0012
render 0,0513 0,0000
timeless 0,0101 0,0000
frontier 1,9661 0,0015
corba 3,5066 0,0027
pgml 3,2189 0,0025
rpc 3,2189 0,0025
accord 0,5108 0,0004
ogbuji 4,6052 0,0036
lengthy 3,2189 0,0025
wgwmeschemaeditattemptstepoversample 0,0000 0,0000
requirement 0,5798 0,0004
transport 1,6094 0,0012
specific 0,2877 0,0002
any 0,2107 0,0002
ttl 0,0000 0,0000
encyclopedia 0,0000 0,0000
application 0,0943 0,0001
conduct 0,0000 0,0000
pls 3,2189 0,0025
wgflaggedrevsparams 0,0000 0,0000
until 0,7765 0,0006
xslt 2,9957 0,0023
collapse 0,0408 0,0000
inkml 3,2189 0,0025
verbosity 3,5066 0,0027
abovebelow 0,0943 0,0001
css 1,8971 0,0015
accessibility 1,4697 0,0011
maintain 0,3567 0,0003
wgrelevantarticleid 0,0000 0,0000
csv 3,2189 0,0025
preprocessor 0,0513 0,0000
ship 1,6094 0,0012
advertising 1,7720 0,0014
quic 3,5066 0,0027
mbox 0,7133 0,0006
java 0,6162 0,0005
ccxml 3,2189 0,0025
exi 3,2189 0,0025
pref 0,0000 0,0000
english 0,0000 0,0000
exclusive 2,4079 0,0019
let 0,9943 0,0008
api 0,3425 0,0003
state 0,3425 0,0003
csrftoken 0,0000 0,0000
element 0,0000 0,0000
cache 0,0305 0,0000
margin 0,0000 0,0000
suomi 0,2107 0,0002
wgrequestid 0,0000 0,0000
night 0,0000 0,0000
enwikimwclientpreference 0,0000 0,0000
multimodal 2,6593 0,0021
rlpagemodules 0,0000 0,0000
each 0,1393 0,0001
cern 2,5257 0,0020
input 0,0000 0,0000
envelope 3,9120 0,0030
slow 1,1087 0,0009
samea 0,0000 0,0000
wgwikibaseitemid 0,0000 0,0000
unpinned 0,0000 0,0000
xmlhttprequ 2,4079 0,0019
wgulsiscompactlinksenable 0,0000 0,0000
probably 2,3026 0,0018
another 0,3567 0,0003
document 0,4463 0,0007
pagevariantfallback 0,0000 0,0000
pop 1,6607 0,0013
default 0,6931 0,0005
encryption 1,1712 0,0009
encrypt 1,5141 0,0012
wgmonthname 0,0000 0,0000
structured 1,7148 0,0013
disabled 0,0000 0,0000
where 0,2744 0,0002
attribute 0,7765 0,0006
distribute 0,3857 0,0003
mechanism 0,7550 0,0006
popular 0,6539 0,0005
arp 3,2189 0,0025
datepublished 0,0000 0,0000
timestamp 0,0000 0,0000
receive 0,7340 0,0017
detection 1,2730 0,0010
nest 1,7720 0,0014
services 1,1087 0,0009
rtp 3,5066 0,0027
call 0,0101 0,0000
ppp 3,2189 0,0025
such 0,0943 0,0001
giop 4,6052 0,0036
wgusername 0,0000 0,0000
describe 0,2485 0,0004
through 0,2107 0,0002
consortium 1,8326 0,0014
source 0,1393 0,0002
align 0,0101 0,0000
microsoft 0,4005 0,0003
unable 2,2073 0,0017
either 0,5621 0,0004
fourthought 4,6052 0,0036
view 0,0000 0,0000
late 0,4155 0,0003
white 0,0305 0,0000
donate 0,0000 0,0000
throughput 2,3026 0,0018
realize 1,9661 0,0015
actual 1,1394 0,0009
websub 3,2189 0,0025
last 0,0000 0,0000
imageright 0,2614 0,0002
ultimate 1,8971 0,0015
weight 0,0101 0,0000
bold 0,0408 0,0000
galego 0,7550 0,0006
name 0,0000 0,0000
overall 1,1394 0,0009
cputime 0,0000 0,0000
page 0,0000 0,0000
assume 1,6094 0,0012
watchlist 0,0000 0,0000
full 0,0202 0,0000
xlink 3,2189 0,0025
next 0,5798 0,0004
memory 0,0408 0,0000
color 0,0101 0,0000
submit 1,6094 0,0012
book 0,4308 0,0003
concept 0,3711 0,0006
show 0,0513 0,0000
critique 3,2189 0,0025
description 0,0000 0,0000
edition 0,7985 0,0006
effort 0,8916 0,0007
indexeddb 2,3026 0,0018
originator 3,2189 0,0025
not 0,0101 0,0000
statement 0,0000 0,0000
agnostic 2,9957 0,0023
trademark 0,0101 0,0000
analogous 1,7720 0,0014
early 0,4308 0,0003
surfactant 4,6052 0,0036
enclose 2,6593 0,0021
convention 1,8971 0,0015
greek 0,0101 0,0000
news 0,4620 0,0004
introduce 0,3285 0,0003
yes 1,9661 0,0015
center 0,0000 0,0000
yet 1,1087 0,0009
configure 1,3093 0,0010
ptp 3,5066 0,0027
generic 1,4697 0,0011
ospf 3,5066 0,0027
way 0,2485 0,0002
target 0,0101 0,0000
xhtml 2,8134 0,0022
tenermerx 4,6052 0,0036
what 0,0000 0,0000
amaya 2,6593 0,0021
pty 4,6052 0,0036
curie 3,2189 0,0025
infrastructure 0,6733 0,0010
israel 0,7550 0,0006
wikimedia 0,0000 0,0000
initially 1,0788 0,0008
short 0,0000 0,0000
time 0,0000 0,0000
container 0,0000 0,0000
infoset 3,9120 0,0030
developers 0,0000 0,0000
usage 0,0000 0,0000
program 0,2614 0,0002
semantics 1,4271 0,0011
wgmediaviewerenabledbydefault 0,0000 0,0000
nearby 0,0000 0,0000
three 0,3711 0,0003
when 0,0834 0,0001
xmln 3,2189 0,0025
far 1,2730 0,0010
faq 1,6094 0,0012
mqtt 2,9957 0,0023
specifically 0,8916 0,0007
embed 0,9163 0,0007
case 0,3285 0,0003
hardware 0,5798 0,0004
accelerator 2,1203 0,0016
give 0,4780 0,0004
item 0,0000 0,0000
wgmediavieweronclick 0,0000 0,0000
wgulsposition 0,0000 0,0000
extensibility 2,6593 0,0021
creative 0,0000 0,0000
nederlands 0,1985 0,0002
iiop 4,6052 0,0036
tunnels 3,5066 0,0027
serialize 2,9957 0,0023
provide 0,1625 0,0003
wgbreakframe 0,0000 0,0000
rely 0,6931 0,0011
italiano 0,1278 0,0001
sticky 0,0000 0,0000
style 0,0000 0,0000
xpoint 3,2189 0,0025
explicitly 1,2040 0,0009
searchinput 0,0000 0,0000
log 0,0000 0,0000
enterprise 0,4463 0,0003
portion 1,5141 0,0012
reliability 1,1712 0,0009
wgcheckuserclienthintsheadersjsapi 0,0000 0,0000
pattern 0,5978 0,0005
euskara 0,5108 0,0004
commons 0,0000 0,0000
layer 0,7340 0,0011
gain 0,8916 0,0007
computer 0,1863 0,0001
datatype 3,9120 0,0030
low 0,0101 0,0000
timingprofile 0,0000 0,0000
web 0,1165 0,0001
theme 0,0000 0,0000
architecture 0,0000 0,0000
wgcategory 0,0000 0,0000
editor 0,0000 0,0000
means 1,0217 0,0008
postexpandincludesize 0,0000 0,0000
uddi 4,6052 0,0036
explore 1,9661 0,0015
acronym 2,6593 0,0021
initial 0,3857 0,0003
more 0,0000 0,0000
unstrip 0,0000 0,0000
display 0,0000 0,0000
ntp 3,5066 0,0027
conceptual 2,3026 0,0018
templateargumentsize 0,0000 0,0000
igmp 3,5066 0,0027
unsourced 0,5621 0,0004
firewall 2,0402 0,0016
january 0,0000 0,0000
grid 1,4697 0,0011
permanent 0,0000 0,0000
organization 0,0000 0,0000
width 0,0000 0,0000
athml 3,2189 0,0025
broadly 2,6593 0,0021
dominance 2,8134 0,0022
sparql 2,4079 0,0019
facility 1,0498 0,0008
board 1,0217 0,0008
ddwg 3,2189 0,0025
statistics 0,0000 0,0000
small 0,0305 0,0000
oasis 3,5066 0,0027
before 0,0305 0,0000
speedy 0,7133 0,0006
section 0,7340 0,0006
simple 0,2231 0,0002
italic 0,1278 0,0001
xmpp 2,9957 0,0023
jms 3,9120 0,0030
protocol 0,5621 0,0009
overflow 0,3567 0,0003
major 0,5621 0,0004
ldap 2,6593 0,0021
percentage 2,2073 0,0017
consider 0,4005 0,0003
prescribe 3,2189 0,0025
day 0,0000 0,0000
group 0,0408 0,0001
visible 0,0101 0,0000
format 0,0101 0,0000
archive 0,0943 0,0001
hdml 3,2189 0,0025
history 0,0000 0,0000
marchal 4,6052 0,0036
both 0,0305 0,0000
important 0,0101 0,0000
most 0,2107 0,0002
effects 2,3026 0,0018
transfer 0,7985 0,0012
mgcp 3,5066 0,0027
topic 0,0000 0,0000
soap 2,4079 0,0019
udp 2,9957 0,0023
ease 1,7720 0,0014
politics 2,3026 0,0018
request 0,6733 0,0016
wgrestrictionedit 0,0000 0,0000
part 0,1985 0,0003
contribute 0,0000 0,0000
wgpageparsereport 0,0000 0,0000
ssml 2,9957 0,0023
why 0,6539 0,0005
newby 4,6052 0,0036
voicexml 3,2189 0,0025
elsewhere 2,3026 0,0018
principal 2,2073 0,0017
general 0,0000 0,0000
database 0,2485 0,0004
september 0,0000 0,0000
along 0,7340 0,0006
attachment 2,9957 0,0023
browser 0,9943 0,0008
getstockprice 4,6052 0,0036
ltd 3,9120 0,0030
introduction 0,5621 0,0009
authentication 1,3863 0,0011
wgseparatortransformtable 0,0000 0,0000
padding 0,0000 0,0000
rest 1,0788 0,0008
move 0,0000 0,0000
process 0,1625 0,0004
original 0,0943 0,0001
clear 0,0101 0,0000
also 0,0202 0,0000
say 0,6733 0,0005
ltr 0,0000 0,0000
webxr 2,4079 0,0019
inline 0,0408 0,0000
mean 0,4463 0,0003
interaction 0,8210 0,0006
organizations 1,5606 0,0012
lua 0,0513 0,0000
further 0,3711 0,0003
visit 0,0408 0,0000
encapsulate 2,4079 0,0019
user 0,0000 0,0000
account 0,0000 0,0000
simply 0,9676 0,0007
soapbox 4,6052 0,0036
stack 0,7340 0,0006
dansk 0,5798 0,0004
icmp 3,5066 0,0027
intermediary 2,3026 0,0018
nntp 3,5066 0,0027
path 1,0498 0,0008
bind 1,3863 0,0011
fix 0,5108 0,0008
telnet 3,5066 0,0027
wddx 4,6052 0,0036
webgpu 2,3026 0,0018
complex 0,5621 0,0004
draft 1,6607 0,0026
abbr 0,0619 0,0000
you 0,0000 0,0000
jump 0,0000 0,0000
knowledge 0,7340 0,0006
xforms 3,2189 0,0025
profile 1,0788 0,0008
active 0,7985 0,0006
july 0,0000 0,0000
personal 0,0000 0,0000
rtsp 3,5066 0,0027
easy 0,6733 0,0005
extend 0,6162 0,0005
proxy 1,7148 0,0013
imageobject 0,0000 0,0000
interpretation 2,2073 0,0017
ipsec 3,5066 0,0027
domain 0,6931 0,0005
hesitation 4,6052 0,0036
schema 1,6094 0,0012
compare 0,9416 0,0007
zurich 3,2189 0,0025
be 0,1508 0,0001
prove 1,3093 0,0010
subgroup 0,0513 0,0000
scheme 0,0101 0,0000
icon 0,0101 0,0000
consequently 2,1203 0,0016
expansiondepth 0,0000 0,0000
characteristic 1,2379 0,0019
transparent 0,0619 0,0000
kemp 3,5066 0,0027
how 0,0834 0,0001
search 0,0000 0,0000
see 0,0408 0,0000
journal 0,4780 0,0004
spacing 0,0619 0,0000
wsdl 3,2189 0,0025
systems 0,4780 0,0004
wgrelevantpagename 0,0000 0,0000
assembly 1,3471 0,0010
national 0,4463 0,0003
term 0,0000 0,0000
contain 0,0101 0,0000
set 0,2107 0,0002
business 0,3425 0,0003
mini 0,0619 0,0000
column 0,0101 0,0000
possible 0,5276 0,0004
procedure 0,9676 0,0015
right 0,0101 0,0000
integrate 0,5798 0,0004
march 0,0000 0,0000
transition 1,5606 0,0012
advantages 3,5066 0,0027
june 0,0000 0,0000
wikitext 0,0000 0,0000
borrow 2,3026 0,0018
somewhat 2,6593 0,0021
wgaction 0,0000 0,0000
under 0,0101 0,0000
freely 1,8326 0,0014
interview 1,5606 0,0012
font 0,0000 0,0000
represent 0,5978 0,0005
encode 1,5141 0,0012
language 0,0000 0,0000
do 0,1625 0,0003
navbox 0,0943 0,0001
autocapitalize 0,0000 0,0000
recommendations 2,8134 0,0022
listitem 0,0408 0,0000
div 0,0000 0,0000
contact 0,0000 0,0000
bracket 0,0619 0,0000
wgpagename 0,0000 0,0000
talk 0,0000 0,0000
wot 3,2189 0,0025
programming 0,2744 0,0002
computational 1,2040 0,0009
disadvantage 1,8971 0,0015
image 0,0202 0,0000
typically 0,3857 0,0003
count 0,0513 0,0000
hatnote 0,2107 0,0002
scholar 1,3863 0,0011
browsers 3,2189 0,0025
wiley 1,1712 0,0009
pinnable 0,0000 0,0000
take 0,2877 0,0002
acceptance 1,9661 0,0015
wgrevisionid 0,0000 0,0000
relatively 1,0498 0,0008
carry 1,4271 0,0011
party 0,6539 0,0010
ietf 2,4079 0,0019
cursor 0,0619 0,0000
however 0,3011 0,0002
some 0,1744 0,0001
additional 0,0000 0,0000
origin 0,0000 0,0000
indieauth 3,2189 0,0025
smil 3,2189 0,0025
bgp 3,5066 0,0027
title 0,0000 0,0000
walltime 0,0000 0,0000
interlanguage 0,0000 0,0000
patroltoken 0,0000 0,0000
content 0,0000 0,0000
states 0,4943 0,0004
random 0,0000 0,0000
load 0,0202 0,0000
terminology 1,7148 0,0013
alpha 0,0101 0,0000
client 0,0000 0,0000
json 1,2379 0,0010
reimplement 4,6052 0,0036
sip 3,2189 0,0025
class 0,0000 0,0000
gehomepagesuggestededitsenabletopic 0,0000 0,0000
over 0,3285 0,0003
custom 0,0000 0,0000
false 0,0000 0,0000
length 1,6094 0,0012
specification 0,7133 0,0011
steering 2,4079 0,0019
packaging 2,1203 0,0016
counter 0,0408 0,0000
parse 0,0619 0,0001
print 0,0000 0,0000
formalize 2,6593 0,0021
although 0,6162 0,0005
material 0,7765 0,0006
inherit 0,0101 0,0000
publish 0,4463 0,0003
developer 0,1744 0,0001
avoid 0,0101 0,0000
articles 1,0217 0,0008
significantly 1,5141 0,0012
tunnel 2,4079 0,0019
stockname 4,6052 0,0036
dccp 3,5066 0,0027
recommendation 1,6094 0,0012
construct 1,3471 0,0010
royalty 2,9957 0,0023
output 0,0000 0,0000
dmy 0,0000 0,0000
navigation 0,0000 0,0000
sons 1,5606 0,0012
sko 2,8134 0,0022
action 0,0000 0,0000
easily 1,2040 0,0009
guidelines 1,8326 0,0014
lock 0,0101 0,0000
model 0,0000 0,0000
https 2,3026 0,0018
text 0,0000 0,0000
usually 0,4780 0,0004
portal 0,0000 0,0000
validation 1,3093 0,0010
reduce 0,0101 0,0000
sentence 0,0000 0,0000
ppvisitednode 0,0000 0,0000
cookie 0,0000 0,0000
kern 0,0101 0,0000
large 0,2485 0,0002
dns 2,0402 0,0016
appreciation 3,5066 0,0027
mathml 3,2189 0,0025
ordinary 2,1203 0,0016
httpd 3,2189 0,0025
loading 0,0000 0,0000
odd 0,0943 0,0001
messaging 1,4271 0,0011
operate 0,3567 0,0006
contents 0,0000 0,0000
contrast 0,9416 0,0007
john 0,5276 0,0004
evaluate 1,3093 0,0010
wgvisualeditor 0,0000 0,0000
become 0,2877 0,0002
status 0,0000 0,0000
template 0,0000 0,0000
trading 2,1203 0,0016
charset 3,5066 0,0027
server 0,4005 0,0003
don 1,9661 0,0015
dom 1,6094 0,0012
enwiki 0,0619 0,0000
skin 0,0000 0,0000
subscription 0,0101 0,0000
mac 1,3471 0,0010
products 1,4271 0,0011
file 0,0000 0,0000
navbar 0,0202 0,0000
world 0,3857 0,0003
subbox 0,6931 0,0005
jsss 2,6593 0,0021
december 0,0000 0,0000
sxbl 3,2189 0,0025
stand 1,1712 0,0009
wgnoticeproject 0,0000 0,0000
table 0,0000 0,0000
ftp 2,4079 0,0019
may 0,0000 0,0000
break 0,0101 0,0000
jstor 1,4271 0,0011
max 0,0513 0,0000
within 0,3011 0,0002
could 0,4780 0,0004
forward 1,2730 0,0010
change 0,0000 0,0000
trigger 0,0513 0,0000
menu 0,0000 0,0000
webvtt 3,2189 0,0025
printable 0,0000 0,0000
url 0,0000 0,0000
hide 0,0000 0,0000
machine 0,2744 0,0004
report 0,0202 0,0000
complete 0,4780 0,0004
return 0,0000 0,0000
agora 3,2189 0,0025
auto 0,0726 0,0001
instance 0,7765 0,0012
mail 2,2073 0,0017
use 0,0000 0,0000
several 0,4155 0,0003
main 0,0000 0,0000
wgcanonicalspecialpagename 0,0000 0,0000
while 0,2614 0,0002
second 0,0408 0,0001
download 0,0000 0,0000
high 0,0101 0,0000
hirsch 4,6052 0,0036
split 0,0000 0,0000
find 0,3425 0,0005
negotiation 2,5257 0,0020
than 0,2357 0,0002
host 0,6539 0,0005
limit 0,0000 0,0000
accelerate 1,8326 0,0014
logo 0,0000 0,0000
widespread 1,3093 0,0010
communication 0,6162 0,0010
different 0,0513 0,0000
directly 0,5108 0,0004
international 0,3011 0,0002
combine 0,7340 0,0006
level 0,0000 0,0000
utc 0,0000 0,0000
author 0,0000 0,0000
occur 0,7765 0,0006
utf 2,5257 0,0020
interoperability 1,8326 0,0014
canonical 0,0408 0,0000
expansion 0,0619 0,0000
woff 3,2189 0,0025
license 0,0000 0,0000
expand 0,0101 0,0000
originate 1,6094 0,0012
wgcurrevisionid 0,0000 0,0000
bob 1,8326 0,0014
null 0,0000 0,0000
background 0,0101 0,0000
true 0,0000 0,0000
webauthn 2,2073 0,0017
wgmfdisplaywikibasedescription 0,0000 0,0000
header 0,0000 0,0000
retrieve 0,0000 0,0000
watchtoken 0,0000 0,0000
instock 4,6052 0,0036
since 0,3425 0,0003
datum 0,0408 0,0000
code 0,0000 0,0000
legacy 1,5141 0,0012
wgdefaultdateformat 0,0000 0,0000
box 0,0408 0,0000
storage 0,3711 0,0003
delete 0,4155 0,0003
head 0,7765 0,0006
foreach 0,0000 0,0000
total 0,0000 0,0000
deutsch 0,0943 0,0001
repeat 0,0101 0,0000
mep 3,9120 0,0030
physical 1,0217 0,0008
make 0,1165 0,0002
wggestructuredtaskrejectionreasontextinputenable 0,0000 0,0000
initiative 1,0217 0,0008
nature 1,0498 0,0008
control 0,1625 0,0001
sri 2,4079 0,0019
webmention 3,2189 0,0025
structure 0,4155 0,0003
underlie 0,9416 0,0007
due 0,5108 0,0004
mtom 4,6052 0,0036
attribution 0,0000 0,0000
geolocation 2,3026 0,0018
webassembly 1,7720 0,0014
vary 0,0619 0,0000
upper 0,0101 0,0000
ssh 2,3026 0,0018
ssl 2,4079 0,0019
cover 1,2040 0,0009
contribution 0,0000 0,0000
expiry 0,0619 0,0000
minerva 0,0101 0,0000
brand 0,0000 0,0000
recent 0,0000 0,0000
recursion 0,0513 0,0000
they 0,0619 0,0001
height 0,0101 0,0000
proposal 1,6094 0,0012
symbolic 1,9661 0,0015
august 0,0000 0,0000
receiver 2,5257 0,0039
edit 0,0000 0,0000
module 0,0000 0,0000
wikibase 0,0619 0,0000
outer 1,2040 0,0009
then 0,3567 0,0003
benefit 0,9416 0,0007
datemodify 0,0619 0,0000
node 0,0305 0,0000
processing 0,6162 0,0005
hrvatski 0,7550 0,0006
device 0,7550 0,0006
xades 3,2189 0,0025
notheme 0,3711 0,0003
access 0,2877 0,0002
conference 0,3425 0,0003
activity 0,9943 0,0008
long 0,4005 0,0003
selflink 0,0101 0,0000
current 0,0000 0,0000
xpath 2,5257 0,0020
defunct 1,9661 0,0015
min 0,1165 0,0001
variety 0,9943 0,0008
rdfa 2,8134 0,0022
vector 0,0000 0,0000
free 0,0000 0,0000
conferences 2,2073 0,0017
key 0,0305 0,0000
cachereport 0,0000 0,0000
pretitle 1,3471 0,0010
smtp 3,5066 0,0027
though 0,8440 0,0007
onc 3,2189 0,0025
svg 1,0788 0,0008
one 0,0943 0,0001
actually 1,3093 0,0010
entityaccesscount 0,0000 0,0000
evolve 1,0498 0,0008
ibm 0,5621 0,0004
open 0,1625 0,0001
bus 1,6607 0,0013
symbol 1,8326 0,0014
parsable 4,6052 0,0036
tbody 0,6931 0,0005
available 0,0000 0,0000
project 0,0000 0,0000
express 1,0788 0,0008
ice 2,8134 0,0022
arena 2,0402 0,0016
enhancement 0,0101 0,0000
advocate 1,8971 0,0015
independence 2,3026 0,0018
inside 0,0101 0,0000
zero 1,0217 0,0008
drawback 2,8134 0,0022
variant 0,0619 0,0000
emotionml 3,2189 0,0025
generate 0,8210 0,0006
this 0,1278 0,0001
please 0,8210 0,0006
collection 0,6733 0,0005
norsk 0,3285 0,0003
discrete 1,8326 0,0014
memusage 0,0000 0,0000
dcom 3,5066 0,0027
libwww 3,2189 0,0025
especially 0,8210 0,0006
support 0,1393 0,0001
internet 0,5447 0,0004
allow 0,1863 0,0001
drop 1,1394 0,0009
appliance 1,7148 0,0013
xbl 3,2189 0,0025
wgpopupsflag 0,0000 0,0000
isbn 0,1054 0,0001
destination 3,2189 0,0025
mmi 2,9957 0,0023
polski 0,1165 0,0001
privacy 0,0000 0,0000
rule 0,5978 0,0009
speed 0,9416 0,0007
common 0,3711 0,0003
interest 0,9943 0,0008
placeholder 0,0000 0,0000
extensible 1,8326 0,0014
unaffected 3,5066 0,0027
normal 0,0202 0,0000
previous 1,1712 0,0009
wide 0,6539 0,0010
apply 0,0000 0,0000
org 1,5141 0,0012
transmit 1,8326 0,0057
technology 0,1863 0,0001
cumbersome 3,2189 0,0025
wgarticleid 0,0000 0,0000
pagelanguagedir 0,0000 0,0000
wgcitereferencepreviewsactive 0,0000 0,0000
location 0,9943 0,0008
flexbox 3,2189 0,0025
base 0,0305 0,0000
webplatform 3,2189 0,0025
sisr 3,2189 0,0025
encapsulation 2,9957 0,0023
ilkka 4,6052 0,0036
software 0,0000 0,0000
reach 1,2040 0,0009
binding 1,7720 0,0027
none 0,0101 0,0000
type 0,0000 0,0000
april 0,0000 0,0000
consist 0,6539 0,0010
internationalization 2,8134 0,0022
reliable 0,7765 0,0006
problem 0,3285 0,0003
relate 0,0000 0,0000
disadvantages 3,5066 0,0027
optimization 0,8916 0,0014
delimiter 3,2189 0,0025
enable 0,0000 0,0000
price 1,2730 0,0020
sidebar 0,0000 0,0000
limitreport 0,0000 0,0000
decoration 0,0619 0,0000
between 0,2107 0,0002
reflist 0,0101 0,0000
method 0,3147 0,0005
overhead 1,2040 0,0009
var 0,0000 0,0000
work 0,2231 0,0005
streams 2,5257 0,0020
come 0,4155 0,0003
agree 0,0101 0,0000
push 0,0000 0,0000
underneath 3,9120 0,0030
exist 0,4155 0,0006
wgulsislanguageselectorempty 0,0000 0,0000
fail 0,9676 0,0007
among 0,5276 0,0004
following 2,1203 0,0016
winer 4,6052 0,0036
registration 0,0101 0,0000
word 0,0101 0,0000
notifications 2,8134 0,0022
extension 0,6349 0,0005
deprecate 1,6607 0,0013
signature 1,8971 0,0015
foundation 0,0000 0,0000
out 0,0000 0,0000
uniform 1,7148 0,0013
feature 0,0000 0,0000
cached 0,4463 0,0003
get 0,0000 0,0000
dark 0,0101 0,0000
event 0,0000 0,0000
include 0,0000 0,0000
soapaction 4,6052 0,0036
amqp 3,5066 0,0027
toggle 0,0000 0,0000
suggest 1,0217 0,0008
transformation 1,5606 0,0012
lead 0,2231 0,0002
filter 1,4697 0,0023
expect 0,8440 0,0007
help 0,0000 0,0000
site 0,0000 0,0000
appearance 0,0000 0,0000
depth 0,0000 0,0000
classname 0,0000 0,0000
self 0,7133 0,0006
wggetopicsmatchmodeenable 0,0000 0,0000
first 0,0408 0,0000
mse 2,3026 0,0018
queue 1,1394 0,0009
sharealike 0,0000 0,0000
argument 0,0513 0,0000
nowrap 0,0408 0,0000
atkinson 4,6052 0,0036
data 0,0000 0,0000
prefer 0,0101 0,0000
owl 2,8134 0,0022
roman 0,0101 0,0000
wgpageviewlanguage 0,0000 0,0000
wgrelevantpageisprobablyeditable 0,0000 0,0000
float 0,0101 0,0000
transclusion 0,0619 0,0000
space 0,0408 0,0000
reference 0,0101 0,0000
ecn 3,5066 0,0027
accesskey 0,0000 0,0000
ambox 0,7133 0,0006
only 0,2107 0,0002
create 0,0000 0,0000
html 0,4463 0,0003
tag 0,0000 0,0000
streamline 2,5257 0,0020
development 0,1278 0,0001
like 0,2231 0,0002
bottom 0,0000 0,0000
towards 1,2040 0,0009
revision 0,0000 0,0000
magyar 0,3425 0,0003
publisher 0,0000 0,0000
indigo 4,6052 0,0036
send 0,7550 0,0006
srgs 3,2189 0,0025
here 0,0000 0,0000
note 0,4155 0,0006
dave 1,5141 0,0012
img 0,0408 0,0000
line 0,0101 0,0000
link 0,0000 0,0000
interact 1,1712 0,0009
rlstate 0,0000 0,0000
error 0,0101 0,0000
ghosein 4,6052 0,0036
platform 0,0000 0,0000
xfdl 3,2189 0,0025
network 0,3285 0,0005
can 0,0408 0,0000
computing 0,4155 0,0003
security 0,3285 0,0003
cap 0,0619 0,0000
contributor 0,0000 0,0000
wgcanonicalnamespace 0,0000 0,0000
ready 0,0000 0,0000
animations 3,2189 0,0025
parameter 1,3093 0,0010
mohsen 3,5066 0,0027
value 0,0000 0,0000
dhcp 3,5066 0,0027
cleaning 4,6052 0,0036
tcp 2,3026 0,0018
wgisredirect 0,0000 0,0000
will 0,2485 0,0002
advantage 0,9676 0,0015
february 0,0000 0,0000
implementation 0,3147 0,0005
fault 1,1712 0,0009
follow 0,2744 0,0004
instead 0,4463 0,0003
expensive 0,0408 0,0000
frederick 2,9957 0,0023
performance 0,3425 0,0003
maint 0,0101 0,0000
response 0,7340 0,0011
responsive 0,0202 0,0000
namespace 1,5141 0,0023
challenge 0,6162 0,0005
category 0,0000 0,0000
platformversion 0,0000 0,0000
intend 0,6162 0,0005
wikidata 0,0000 0,0000
normally 1,6094 0,0012
