cancel 2,4079 0,0008
german 1,6607 0,0005
carplay 3,5066 0,0011
upload 0,0000 0,0000
multitasking 2,2073 0,0007
sinicki 3,9120 0,0013
wggelevelingupenabledforuser 0,0000 0,0000
wgrestrictionmove 0,0000 0,0000
airprint 4,6052 0,0015
halo 4,6052 0,0015
remote 0,9163 0,0003
without 0,2744 0,0001
fragoso 4,6052 0,0015
would 0,3425 0,0001
victor 2,9957 0,0010
xml 1,1394 0,0004
essentials 3,5066 0,0011
ten 1,6607 0,0005
authorize 1,8326 0,0006
daring 3,9120 0,0013
userland 2,8134 0,0009
successfully 1,5141 0,0005
billionth 4,6052 0,0015
solid 0,0202 0,0000
antonio 2,9957 0,0010
devices 1,9661 0,0006
neutral 0,5447 0,0002
optional 1,3093 0,0004
require 0,0000 0,0000
click 1,7148 0,0011
globalstats 4,6052 0,0015
lion 3,2189 0,0010
rewrite 1,2040 0,0004
scribunto 0,0000 0,0000
cdo 3,9120 0,0013
cooperative 1,7720 0,0006
size 0,0000 0,0000
left 0,0408 0,0000
cdx 0,0000 0,0000
cellular 2,6593 0,0009
avie 3,9120 0,0013
wing 3,5066 0,0011
magnifier 3,9120 0,0013
glenn 3,2189 0,0010
much 0,6931 0,0002
xnu 3,5066 0,0011
object 0,3711 0,0002
walkie 3,9120 0,0013
newspaper 1,5606 0,0005
accessible 1,1712 0,0004
cygwin 3,2189 0,0010
uidocumentpickerextensionviewcontroller 4,6052 0,0015
achieve 0,7985 0,0003
ahead 1,7148 0,0006
blur 3,5066 0,0011
gsub 1,7148 0,0006
suffice 4,6052 0,0015
notable 1,1394 0,0004
turn 1,0498 0,0010
ceo 1,5606 0,0005
gms 3,9120 0,0013
freertos 3,9120 0,0013
example 0,2485 0,0001
result 0,2231 0,0001
same 0,2357 0,0001
jailbreak 3,5066 0,0034
after 0,0305 0,0000
anticircumvention 4,6052 0,0015
headline 0,0000 0,0000
solaris 1,7148 0,0006
connect 0,8675 0,0006
hand 1,0217 0,0003
policy 0,0000 0,0000
contractual 3,2189 0,0010
kernel 1,2379 0,0008
namely 2,6593 0,0009
union 1,3093 0,0004
jetsamevent 4,6052 0,0015
cfo 2,5257 0,0008
pagelanguagecode 0,0000 0,0000
cfr 3,9120 0,0013
gnv 3,5066 0,0011
gnu 1,1087 0,0004
aquino 3,9120 0,0013
transientcontent 0,0000 0,0000
hewitt 4,6052 0,0015
subtle 0,3285 0,0001
component 0,3147 0,0001
photograph 2,2073 0,0007
sale 1,6607 0,0005
seth 2,4079 0,0008
suite 1,2040 0,0004
idhash 0,0619 0,0000
imac 3,9120 0,0013
norway 2,5257 0,0008
fifth 2,0402 0,0007
timeline 1,0788 0,0003
information 0,0000 0,0000
subsidiaries 3,2189 0,0010
arch 2,3026 0,0007
returned 4,6052 0,0015
ternus 3,9120 0,0013
wrap 0,0101 0,0000
standard 0,2357 0,0001
november 0,0000 0,0000
correct 1,2730 0,0004
tethered 4,6052 0,0015
empty 0,0305 0,0000
monotouch 4,6052 0,0015
analytics 1,7720 0,0006
browett 3,9120 0,0013
andrea 2,0402 0,0007
hacks 3,2189 0,0010
beddit 3,9120 0,0013
besides 2,5257 0,0008
enlarge 3,5066 0,0011
fullversionlist 0,0000 0,0000
tim 1,0498 0,0003
export 0,0000 0,0000
area 0,7985 0,0003
shipment 2,9957 0,0010
chi 2,6593 0,0009
owen 2,9957 0,0010
european 1,3471 0,0004
pay 1,1712 0,0008
check 0,7985 0,0010
list 0,0000 0,0000
campbell 2,9957 0,0010
andrew 1,0498 0,0003
strange 3,5066 0,0011
lack 0,5447 0,0002
external 0,1863 0,0001
awesomeness 3,9120 0,0013
labs 1,2730 0,0004
discontinuation 4,6052 0,0015
success 1,2379 0,0004
authority 0,4780 0,0002
lisa 2,4079 0,0008
child 0,0202 0,0000
mainentity 0,0000 0,0000
germany 0,5798 0,0002
proactive 3,2189 0,0010
interface 0,2485 0,0002
remove 0,3711 0,0002
disclaimers 0,0000 0,0000
motive 3,9120 0,0025
provider 1,2730 0,0008
root 0,4780 0,0002
disambiguation 1,5606 0,0005
wgisprobablyeditable 0,0000 0,0000
menus 3,9120 0,0013
tutorial 1,5141 0,0005
bruce 1,8326 0,0006
live 1,1712 0,0008
multiplayer 3,5066 0,0011
ticker 2,8134 0,0009
citation 0,0101 0,0000
approval 2,1203 0,0014
mobile 0,0000 0,0000
multiple 0,2485 0,0001
perform 0,4463 0,0003
forstall 3,9120 0,0013
portrait 3,9120 0,0013
lemp 4,6052 0,0015
plainlist 0,4463 0,0001
tinker 3,2189 0,0021
pdf 0,0000 0,0000
china 1,6094 0,0005
service 0,1393 0,0001
there 0,2614 0,0001
translation 1,8326 0,0006
well 0,2744 0,0001
magazine 0,9943 0,0003
pocket 2,6593 0,0009
gsm 3,9120 0,0013
smartwatch 3,9120 0,0013
bitness 0,0000 0,0000
rgba 0,0101 0,0000
catalog 2,4079 0,0008
imovie 3,9120 0,0013
optionally 2,1203 0,0007
focus 0,6733 0,0002
american 0,8440 0,0003
entire 0,8675 0,0003
approach 0,3711 0,0001
pill 3,9120 0,0013
schmidt 1,9661 0,0006
emui 3,5066 0,0011
decompress 4,6052 0,0015
williams 2,2073 0,0007
block 0,0408 0,0000
foresman 3,9120 0,0013
hate 3,5066 0,0011
per 0,8440 0,0003
write 0,1508 0,0001
flow 0,3425 0,0001
order 0,4155 0,0001
cli 1,5141 0,0005
africa 2,5257 0,0008
opensolaris 2,6593 0,0009
aria 0,0000 0,0000
boxtext 0,0619 0,0000
byte 0,0408 0,0000
understand 0,6162 0,0002
dismiss 2,9957 0,0010
classroom 3,2189 0,0010
gore 3,5066 0,0011
macintosh 2,2073 0,0007
indonesia 0,3567 0,0001
intel 1,6094 0,0005
intelligence 0,8916 0,0003
minix 2,8134 0,0009
ever 1,3863 0,0004
million 0,9416 0,0003
even 0,0513 0,0000
install 1,3093 0,0013
binary 0,9943 0,0003
restriction 1,4271 0,0009
esperanto 0,7133 0,0002
tagline 0,0000 0,0000
compressor 3,5066 0,0011
regexp 0,0000 0,0000
subsection 0,1508 0,0000
sunda 2,5257 0,0008
wgeditsubmitbuttonlabelpublish 0,0000 0,0000
taligent 3,5066 0,0011
illumos 3,5066 0,0011
save 1,3863 0,0004
toc 0,0000 0,0000
protection 0,4463 0,0001
respectively 1,3863 0,0004
functionality 0,6539 0,0002
widgets 3,9120 0,0013
wgpagecontentmodel 0,0000 0,0000
mickey 3,9120 0,0013
instant 2,5257 0,0008
top 0,0000 0,0000
native 0,8916 0,0003
technica 1,3093 0,0004
have 0,2744 0,0002
hobbyist 2,3026 0,0015
monday 3,5066 0,0011
uikit 4,6052 0,0015
cnn 2,1203 0,0007
gaming 1,8971 0,0006
product 0,4005 0,0003
particularly 0,9943 0,0003
question 0,9416 0,0003
reminder 4,6052 0,0015
serenityos 3,5066 0,0011
verge 1,8326 0,0006
wgnamespacenumber 0,0000 0,0000
framework 0,2877 0,0001
guerrino 3,9120 0,0013
itunes 3,9120 0,0013
disable 2,2073 0,0007
wgwmepagelength 0,0000 0,0000
rose 2,9957 0,0010
entity 0,0101 0,0000
thousand 1,5141 0,0005
capitan 3,9120 0,0013
com 0,8210 0,0003
rolodex 4,6052 0,0015
capital 1,8326 0,0006
coo 2,6593 0,0009
expensivefunctioncount 0,0000 0,0000
almost 1,1087 0,0004
anchorencode 2,8134 0,0009
upon 0,8916 0,0003
pie 3,5066 0,0011
associate 0,6931 0,0002
platforms 1,4697 0,0005
timeusage 0,0000 0,0000
airtag 3,9120 0,0013
pin 0,0000 0,0000
passwords 3,5066 0,0011
academic 1,3093 0,0004
macbook 3,9120 0,0013
whether 0,7765 0,0003
defective 3,5066 0,0011
function 0,0000 0,0000
lala 3,9120 0,0013
pit 4,6052 0,0015
stock 1,8326 0,0012
verification 0,8440 0,0003
tower 3,2189 0,0010
suspend 2,8134 0,0009
comparison 0,4005 0,0003
law 1,2379 0,0004
void 2,1203 0,0007
cpu 0,0408 0,0000
infobox 0,6931 0,0002
italics 2,4079 0,0008
basis 1,1087 0,0004
pcache 0,0619 0,0000
ricker 3,9120 0,0013
simplified 2,6593 0,0009
eran 3,5066 0,0011
improve 0,2485 0,0002
snow 2,9957 0,0010
october 0,0000 0,0000
try 0,9676 0,0003
basic 0,6539 0,0002
braeburn 3,9120 0,0013
visionos 3,9120 0,0013
reinvent 3,2189 0,0031
tevanian 3,9120 0,0013
woolard 3,9120 0,0013
complication 0,0513 0,0000
footer 2,9957 0,0010
university 0,5621 0,0002
cause 0,6162 0,0004
scenery 4,6052 0,0015
chromeo 3,9120 0,0013
jquery 0,0000 0,0000
times 1,3093 0,0004
similarly 1,4697 0,0005
design 0,1393 0,0001
extra 1,7720 0,0006
unpack 3,5066 0,0023
possibility 1,6094 0,0005
ateneo 4,6052 0,0015
timeless 0,0101 0,0000
direction 1,2379 0,0004
editable 3,2189 0,0010
plc 2,8134 0,0009
accord 0,5108 0,0002
guevin 4,6052 0,0015
luasandboxcallback 1,4271 0,0005
sandbox 2,3026 0,0015
automatic 1,2379 0,0004
italian 3,2189 0,0010
wgwmeschemaeditattemptstepoversample 0,0000 0,0000
spore 4,6052 0,0015
despite 1,3093 0,0004
opening 2,4079 0,0008
ttl 0,0000 0,0000
leander 4,6052 0,0015
openharmony 3,9120 0,0013
encyclopedic 2,5257 0,0008
encyclopedia 0,0000 0,0000
conduct 0,0000 0,0000
stable 0,7133 0,0002
tty 3,9120 0,0013
respond 1,3471 0,0004
formerly 1,2040 0,0004
wall 1,7148 0,0006
slashdot 3,2189 0,0010
abovebelow 0,0943 0,0000
accessibility 1,4697 0,0005
advertising 1,7720 0,0006
netbsd 2,5257 0,0008
supply 1,4697 0,0005
concern 0,8210 0,0003
filemaker 3,9120 0,0013
mountain 2,9957 0,0010
crook 3,9120 0,0013
stats 2,4079 0,0008
hackers 2,9957 0,0010
merge 1,6607 0,0005
pref 0,0000 0,0000
let 0,9943 0,0006
state 0,3425 0,0004
csrftoken 0,0000 0,0000
dock 3,5066 0,0011
press 0,5621 0,0004
apprentice 4,6052 0,0015
lex 3,5066 0,0011
element 0,0000 0,0000
night 0,0000 0,0000
want 0,8675 0,0003
png 3,9120 0,0013
forecast 1,8971 0,0006
qaraqalpaqsha 1,1712 0,0004
vulnerability 1,3863 0,0004
pack 2,2073 0,0014
processor 1,1394 0,0004
each 0,1393 0,0000
kong 2,8134 0,0009
mediawiki 1,0788 0,0003
input 0,0000 0,0000
cue 2,9957 0,0010
toolkit 1,5141 0,0005
engadget 2,9957 0,0010
must 0,4620 0,0001
asahi 3,2189 0,0010
circle 2,9957 0,0010
datawrapper 1,6094 0,0005
amazfit 3,9120 0,0013
unpinned 0,0000 0,0000
sideload 3,9120 0,0013
cut 1,7720 0,0006
entertainment 2,2073 0,0007
document 0,4463 0,0003
saylor 4,6052 0,0015
vkernel 2,3026 0,0007
availability 1,1394 0,0004
screenshot 2,5257 0,0016
battery 2,4079 0,0008
two 0,2744 0,0001
aasp 3,9120 0,0013
primesense 3,9120 0,0013
distribute 0,3857 0,0002
creation 0,7985 0,0003
datepublished 0,0000 0,0000
situation 1,2379 0,0004
applecare 3,9120 0,0013
clause 2,2073 0,0007
receive 0,7340 0,0007
think 0,9676 0,0003
portalleft 1,3093 0,0004
participate 1,8326 0,0006
dell'hi 4,6052 0,0015
services 1,1087 0,0004
team 0,4943 0,0002
marketing 1,2730 0,0004
wgusername 0,0000 0,0000
speech 2,0402 0,0007
watch 1,6607 0,0005
eadicicco 3,9120 0,0013
quit 3,5066 0,0011
decrypt 2,8134 0,0009
polish 3,9120 0,0013
slider 3,9120 0,0013
attend 2,6593 0,0009
webos 3,5066 0,0011
zibreg 4,6052 0,0015
clips 3,5066 0,0011
consortium 1,8326 0,0006
drexler 3,5066 0,0011
kumparak 3,9120 0,0013
accounting 2,3026 0,0007
source 0,1393 0,0001
ultrix 3,2189 0,0010
align 0,0101 0,0000
anymore 3,2189 0,0010
telecommunication 2,8134 0,0009
outsource 3,2189 0,0010
hal 1,9661 0,0006
late 0,4155 0,0003
continue 0,6931 0,0007
goode 4,6052 0,0015
informationweek 2,3026 0,0007
scheduling 1,5606 0,0005
avenue 3,5066 0,0011
hat 1,4697 0,0005
tech 1,2040 0,0004
unlock 2,4079 0,0031
last 0,0000 0,0000
reflection 2,1203 0,0007
campus 2,3026 0,0007
imageright 0,2614 0,0001
adapt 1,4271 0,0005
widely 0,7985 0,0003
eric 1,1394 0,0004
garun 3,9120 0,0013
weight 0,0101 0,0000
develop 0,1863 0,0001
pro 1,6094 0,0005
surprising 2,8134 0,0009
napoli 4,6052 0,0015
technologies 1,0788 0,0003
measure 0,9416 0,0006
procare 3,9120 0,0013
ichat 3,9120 0,0013
yellowgreen 4,6052 0,0015
page 0,0000 0,0000
compatibility 0,9416 0,0003
erin 3,9120 0,0013
full 0,0202 0,0000
jiggle 4,6052 0,0015
away 1,4271 0,0005
memory 0,0408 0,0000
concept 0,3711 0,0001
johny 3,9120 0,0013
motivation 2,2073 0,0007
millennium 3,2189 0,0010
effort 0,8916 0,0003
video 0,8210 0,0005
wave 2,2073 0,0007
newton 2,8134 0,0009
brookes 4,6052 0,0015
minimal 1,2730 0,0004
jacob 2,3026 0,0007
early 0,4308 0,0003
prodos 3,9120 0,0013
corynne 4,6052 0,0015
center 0,0000 0,0000
rotation 4,6052 0,0015
purchase 1,5141 0,0010
start 0,3011 0,0004
windows 0,7985 0,0003
engineer 0,7765 0,0003
emagic 3,9120 0,0013
manage 0,3567 0,0001
bypass 2,1203 0,0007
genius 2,9957 0,0010
silicon 2,4079 0,0008
disney 3,9120 0,0013
wikimedia 0,0000 0,0000
hdr 4,6052 0,0015
initially 1,0788 0,0003
short 0,0000 0,0000
time 0,0000 0,0000
pricing 2,0402 0,0007
studio 1,3471 0,0004
beefing 4,6052 0,0015
huffington 3,5066 0,0011
palm 2,9957 0,0010
interactive 0,4463 0,0001
program 0,2614 0,0002
consistency 1,6094 0,0005
three 0,3711 0,0001
lzssdec 4,6052 0,0015
put 0,9416 0,0006
unencrypted 2,6593 0,0009
forums 4,6052 0,0015
golden 4,6052 0,0015
season 3,2189 0,0010
payment 2,0402 0,0007
specifically 0,8916 0,0003
enter 1,2040 0,0004
hey 3,2189 0,0010
hardware 0,5798 0,0002
russian 1,8971 0,0006
paging 2,5257 0,0008
philosophy 1,1712 0,0004
priority 1,4697 0,0005
creative 0,0000 0,0000
nederlands 0,1985 0,0001
sumra 4,6052 0,0015
chris 1,2040 0,0004
provide 0,1625 0,0002
wayback 0,7985 0,0003
light 1,3093 0,0004
imessage 3,9120 0,0013
primary 0,7765 0,0003
adams 2,9957 0,0010
supercomputer 2,0402 0,0007
carson 4,6052 0,0015
pirate 2,9957 0,0010
angela 3,2189 0,0010
log 0,0000 0,0000
enterprise 0,4463 0,0001
wgcheckuserclienthintsheadersjsapi 0,0000 0,0000
euskara 0,5108 0,0002
pws 2,9957 0,0010
layer 0,7340 0,0002
smart 1,2379 0,0004
los 2,5257 0,0008
computer 0,1863 0,0001
low 0,0101 0,0000
timingprofile 0,0000 0,0000
workouts 4,6052 0,0015
ifund 3,9120 0,0013
theme 0,0000 0,0000
smash 2,9957 0,0010
jackie 3,5066 0,0011
pxe 2,5257 0,0008
braille 3,5066 0,0011
wgcategory 0,0000 0,0000
editor 0,0000 0,0000
means 1,0217 0,0003
postexpandincludesize 0,0000 0,0000
chain 1,3471 0,0004
chaim 3,9120 0,0013
wallet 2,5257 0,0008
initial 0,3857 0,0001
unstrip 0,0000 0,0000
wwdc 3,5066 0,0011
consistent 1,1712 0,0004
openezx 3,9120 0,0013
reverse 1,7720 0,0006
templateargumentsize 0,0000 0,0000
earnings 3,2189 0,0010
walled 3,9120 0,0013
unsourced 0,5621 0,0002
january 0,0000 0,0000
permanent 0,0000 0,0000
ubports 3,9120 0,0013
asturianu 1,2730 0,0004
garden 3,2189 0,0010
choice 1,0498 0,0003
clip 2,8134 0,0009
small 0,0305 0,0000
ubm 3,2189 0,0010
quick 1,3863 0,0004
alliance 1,8971 0,0006
before 0,0305 0,0000
speedy 0,7133 0,0002
doom 2,6593 0,0009
tell 1,5606 0,0010
experience 0,7985 0,0003
italic 0,1278 0,0000
dan 0,9943 0,0003
hit 2,0402 0,0013
trek 3,2189 0,0010
denote 2,1203 0,0007
major 0,5621 0,0002
controversies 3,5066 0,0011
jordan 1,7148 0,0006
beat 1,9661 0,0006
inappropriate 2,2073 0,0007
interrupt 2,2073 0,0007
worldwide 1,4271 0,0005
consider 0,4005 0,0001
day 0,0000 0,0000
potential 1,0788 0,0003
group 0,0408 0,0000
obtain 1,3471 0,0004
manually 1,5606 0,0005
intrinsity 3,9120 0,0013
island 2,6593 0,0009
socks 4,6052 0,0015
clover 3,9120 0,0013
format 0,0101 0,0000
runtime 1,2040 0,0004
archive 0,0943 0,0001
particular 0,5978 0,0002
history 0,0000 0,0000
yosemite 3,9120 0,0013
serlet 3,9120 0,0013
launches 2,9957 0,0010
request 0,6733 0,0004
manjaro 3,5066 0,0011
critical 0,8916 0,0003
beck 2,3026 0,0007
mike 1,2040 0,0004
wgrestrictionedit 0,0000 0,0000
part 0,1985 0,0001
wgpageparsereport 0,0000 0,0000
webkit 2,5257 0,0008
percent 1,7720 0,0006
anson 4,6052 0,0015
debut 2,5257 0,0016
tvos 3,5066 0,0011
general 0,0000 0,0000
september 0,0000 0,0000
ipads 4,6052 0,0015
browser 0,9943 0,0003
portuguese 3,2189 0,0010
lte 3,9120 0,0013
dimension 2,2073 0,0007
introduction 0,5621 0,0002
park 2,1203 0,0007
shazam 3,5066 0,0011
padding 0,0000 0,0000
process 0,1625 0,0001
dopo 4,6052 0,0015
subscribe 2,1203 0,0007
alternative 0,6931 0,0002
clear 0,0101 0,0000
banner 3,2189 0,0021
kernelcache 4,6052 0,0015
zoom 3,5066 0,0011
ltr 0,0000 0,0000
threadx 3,2189 0,0010
interviewee 4,6052 0,0015
fleishman 4,6052 0,0015
third 0,5447 0,0002
build 0,2357 0,0003
mean 0,4463 0,0003
interaction 0,8210 0,0003
lua 0,0513 0,0000
cheng 2,3026 0,0007
wireless 1,7720 0,0006
further 0,3711 0,0001
account 0,0000 0,0000
mostly 1,2730 0,0004
dansk 0,5798 0,0002
exemption 3,9120 0,0013
luneos 3,9120 0,0013
portalborder 1,3093 0,0004
inode 2,4079 0,0008
path 1,0498 0,0003
mobilinux 3,5066 0,0011
dev 1,7720 0,0006
darwin 2,6593 0,0009
record 0,7765 0,0003
kravets 4,6052 0,0015
abbr 0,0619 0,0000
strict 1,5606 0,0005
you 0,0000 0,0000
announcement 1,9661 0,0006
jump 0,0000 0,0000
soft 2,1203 0,0007
anobit 3,9120 0,0013
giles 3,2189 0,0010
sequoia 3,5066 0,0011
pass 0,8675 0,0006
festival 3,9120 0,0013
past 1,8326 0,0006
preference 2,0402 0,0007
profile 1,0788 0,0003
active 0,7985 0,0003
altri 4,6052 0,0015
bill 1,5606 0,0005
irix 3,2189 0,0010
july 0,0000 0,0000
opportunity 1,8326 0,0012
leste 3,9120 0,0013
easy 0,6733 0,0002
steamos 3,2189 0,0010
senior 2,0402 0,0007
atlantic 2,6593 0,0009
ventura 3,9120 0,0013
domain 0,6931 0,0002
pase 3,5066 0,0011
juli 3,9120 0,0013
statcounter 2,8134 0,0009
relative 1,6607 0,0005
compare 0,9416 0,0006
nintendo 3,9120 0,0013
riccio 3,9120 0,0013
subgroup 0,0513 0,0000
kornowski 4,6052 0,0015
transparent 0,0619 0,0000
bootstrapp 3,2189 0,0010
how 0,0834 0,0000
adoption 0,8675 0,0003
journal 0,4780 0,0002
distinctive 3,2189 0,0010
dove 3,5066 0,0011
peter 0,8210 0,0003
spark 1,7720 0,0006
memos 4,6052 0,0015
unlike 1,2040 0,0004
assembly 1,3471 0,0004
hearing 2,6593 0,0009
term 0,0000 0,0000
deadline 3,5066 0,0011
uiq 3,9120 0,0013
brad 2,3026 0,0007
chip 1,5141 0,0005
prabhu 4,6052 0,0015
business 0,3425 0,0001
mini 0,0619 0,0000
advent 2,4079 0,0008
thursday 3,9120 0,0013
ahrendts 3,9120 0,0013
microkernel 2,3026 0,0007
possible 0,5276 0,0002
right 0,0101 0,0000
vietnamese 3,9120 0,0013
idref 2,0402 0,0007
march 0,0000 0,0000
transition 1,5606 0,0005
katherine 2,5257 0,0008
june 0,0000 0,0000
wikitext 0,0000 0,0000
answer 1,5606 0,0005
meet 0,9163 0,0003
jung 3,5066 0,0011
series 0,5798 0,0002
borrow 2,3026 0,0007
maximum 1,9661 0,0006
inch 3,2189 0,0021
kextstat 4,6052 0,0015
paul 0,7765 0,0003
under 0,0101 0,0000
analytic 1,4271 0,0005
spotlight 2,9957 0,0010
quarter 2,8134 0,0009
represent 0,5978 0,0002
rulemaking 4,6052 0,0015
ryan 1,6094 0,0005
asha 3,5066 0,0011
emergency 2,5257 0,0008
brasil 3,9120 0,0013
autocapitalize 0,0000 0,0000
down 0,8440 0,0003
paidcontent 4,6052 0,0015
hold 0,7985 0,0008
div 0,0000 0,0000
chinese 1,5141 0,0005
nukernel 3,9120 0,0013
later 0,4005 0,0001
prior 1,3093 0,0004
bracket 0,0619 0,0000
legal 1,1712 0,0004
wgpagename 0,0000 0,0000
talk 0,0000 0,0000
radius 2,9957 0,0010
reply 2,9957 0,0010
signal 1,2730 0,0008
maemo 3,9120 0,0013
info 2,4079 0,0008
angeles 2,5257 0,0008
hancock 3,9120 0,0013
test 0,4463 0,0003
finally 1,4271 0,0005
count 0,0513 0,0000
hatnote 0,2107 0,0001
audioos 3,5066 0,0011
scholar 1,3863 0,0004
xcode 3,5066 0,0011
upwards 4,6052 0,0015
pinnable 0,0000 0,0000
take 0,2877 0,0001
vision 1,1394 0,0004
accompany 2,6593 0,0017
month 0,7133 0,0005
dewitt 3,9120 0,0013
final 1,0788 0,0003
freezer 4,6052 0,0015
wgrevisionid 0,0000 0,0000
autoconfirm 1,9661 0,0006
some 0,1744 0,0001
squeeze 4,6052 0,0015
virtual 0,4620 0,0001
beginning 1,8326 0,0006
rather 0,5978 0,0002
additional 0,0000 0,0000
back 0,6349 0,0002
worthy 3,9120 0,0013
mach 2,8134 0,0009
training 1,4697 0,0005
nextstep 3,2189 0,0010
introductory 2,9957 0,0010
title 0,0000 0,0000
jailbreaking 4,6052 0,0015
patroltoken 0,0000 0,0000
primarily 0,9943 0,0003
states 0,4943 0,0002
bada 3,9120 0,0013
load 0,0202 0,0000
zdnet 1,4697 0,0005
alpha 0,0101 0,0000
mklinux 3,9120 0,0013
company 0,4308 0,0003
selector 3,5066 0,0011
thomas 0,8675 0,0003
reception 2,6593 0,0009
human 0,9416 0,0003
just 0,4943 0,0002
owner 1,3863 0,0009
sole 2,6593 0,0009
rogucki 4,6052 0,0015
darling 3,2189 0,0010
defragmentation 2,4079 0,0008
kaios 3,5066 0,0011
custom 0,0000 0,0000
kiswahili 1,2730 0,0004
skeuomorphic 3,9120 0,0013
home 0,8675 0,0003
jesse 3,2189 0,0010
michael 0,7133 0,0002
schedule 1,1087 0,0011
print 0,0000 0,0000
although 0,6162 0,0002
hub 1,9661 0,0006
material 0,7765 0,0003
blackberry 2,9957 0,0010
assistive 3,5066 0,0011
inherit 0,0101 0,0000
batterygate 4,6052 0,0015
grant 1,6094 0,0005
articles 1,0217 0,0003
upcoming 2,2073 0,0007
holt 3,5066 0,0011
explain 1,1712 0,0004
souppouris 3,9120 0,0013
miui 3,5066 0,0011
wagner 2,8134 0,0009
variants 2,3026 0,0007
tracking 1,6607 0,0005
norwegian 2,9957 0,0010
thick 3,9120 0,0013
america 1,7720 0,0006
dmy 0,0000 0,0000
executive 1,5606 0,0005
tablet 2,0402 0,0013
navigation 0,0000 0,0000
sony 2,8134 0,0009
tape 1,8971 0,0006
aslr 3,9120 0,0013
kaleida 3,5066 0,0011
action 0,0000 0,0000
chloe 3,9120 0,0013
guidelines 1,8326 0,0006
lock 0,0101 0,0000
mimic 2,8134 0,0009
anticipated 4,6052 0,0015
latin 2,6593 0,0009
text 0,0000 0,0000
usually 0,4780 0,0002
whereas 1,4271 0,0005
isabel 3,5066 0,0011
feat 3,5066 0,0011
song 2,5257 0,0008
flyover 3,9120 0,0013
ppvisitednode 0,0000 0,0000
cookie 0,0000 0,0000
gamecenter 4,6052 0,0015
protest 2,6593 0,0009
brew 3,5066 0,0011
loading 0,0000 0,0000
bell 1,9661 0,0006
hong 2,8134 0,0009
writeup 4,6052 0,0015
contents 0,0000 0,0000
hindi 2,6593 0,0009
interval 2,2073 0,0007
jaguar 3,9120 0,0013
status 0,0000 0,0000
server 0,4005 0,0003
authentec 3,9120 0,0013
portugal 2,9957 0,0010
dot 0,8210 0,0003
skin 0,0000 0,0000
deliver 1,1394 0,0004
dos 1,7720 0,0006
quarterly 2,5257 0,0008
ellis 3,2189 0,0010
mac 1,3471 0,0004
notify 2,4079 0,0008
rebrand 2,5257 0,0008
products 1,4271 0,0005
mae 3,9120 0,0013
robert 0,9676 0,0003
file 0,0000 0,0000
zircon 3,9120 0,0013
legally 2,6593 0,0009
stream 1,0788 0,0003
steve 1,1394 0,0004
meego 3,5066 0,0011
liteos 3,9120 0,0013
map 0,8210 0,0003
wgnoticeproject 0,0000 0,0000
systemmemoryreset 4,6052 0,0015
may 0,0000 0,0000
jstor 1,4271 0,0005
max 0,0513 0,0000
within 0,3011 0,0001
could 0,4780 0,0002
health 1,5606 0,0005
trigger 0,0513 0,0000
menu 0,0000 0,0000
url 0,0000 0,0000
vlad 3,2189 0,0010
testflight 3,9120 0,0013
caldwell 3,9120 0,0013
sabih 3,9120 0,0013
ebook 2,9957 0,0010
machine 0,2744 0,0002
able 0,9943 0,0003
return 0,0000 0,0000
rotate 2,9957 0,0010
gentoo 2,9957 0,0010
usa 1,6094 0,0005
backlash 3,2189 0,0010
mail 2,2073 0,0007
usb 2,0402 0,0007
subject 1,1087 0,0007
use 0,0000 0,0000
recognition 1,6607 0,0005
cheetah 3,9120 0,0013
edward 2,5257 0,0008
feel 1,8326 0,0006
main 0,0000 0,0000
wright 2,0402 0,0007
radio 1,6607 0,0005
arrangement 3,2189 0,0010
delano 3,9120 0,0013
revenue 1,8971 0,0006
individualized 3,9120 0,0013
karen 2,9957 0,0010
solution 0,5621 0,0004
find 0,3425 0,0003
host 0,6539 0,0002
logo 0,0000 0,0000
kevan 3,9120 0,0013
cdma 4,6052 0,0015
international 0,3011 0,0001
drm 2,9957 0,0010
combine 0,7340 0,0002
macrumors 3,9120 0,0013
tartakoff 4,6052 0,0015
mahe 3,9120 0,0013
seifert 3,9120 0,0013
utc 0,0000 0,0000
equipment 1,6094 0,0005
breeze 4,6052 0,0015
canonical 0,0408 0,0000
fill 2,2073 0,0007
sistersitebox 0,6539 0,0002
dotdash 4,6052 0,0015
wgcurrevisionid 0,0000 0,0000
baig 4,6052 0,0015
task 0,5108 0,0003
null 0,0000 0,0000
specialist 2,5257 0,0008
background 0,0101 0,0000
true 0,0000 0,0000
header 0,0000 0,0000
dsi 3,5066 0,0011
position 1,5141 0,0005
watchtoken 0,0000 0,0000
present 0,5621 0,0004
since 0,3425 0,0001
mdy 1,6094 0,0005
ellen 2,9957 0,0010
delete 0,4155 0,0001
foreach 0,0000 0,0000
bali 2,8134 0,0009
transform 1,4697 0,0005
wuerthele 4,6052 0,0015
competitor 1,9661 0,0006
repeat 0,0101 0,0000
mer 3,5066 0,0011
physical 1,0217 0,0003
make 0,1165 0,0002
beta 1,3863 0,0009
categorize 2,4079 0,0008
wggestructuredtaskrejectionreasontextinputenable 0,0000 0,0000
execution 0,7340 0,0002
rhapsody 3,9120 0,0013
spokesman 4,6052 0,0015
thread 1,2379 0,0004
baseband 3,9120 0,0013
master 1,0498 0,0003
monterey 3,5066 0,0011
due 0,5108 0,0002
online 0,7340 0,0002
qnx 2,5257 0,0008
sonoma 3,9120 0,0013
invention 1,7148 0,0006
annoy 4,6052 0,0015
depend 0,7340 0,0002
crash 1,6094 0,0005
kastrenakes 3,5066 0,0011
patch 1,5141 0,0010
elmer 3,9120 0,0013
firm 1,3863 0,0004
contribution 0,0000 0,0000
above 1,0788 0,0003
stick 2,8134 0,0009
band 2,5257 0,0008
recursion 0,0513 0,0000
czech 0,9163 0,0003
height 0,0101 0,0000
itune 3,9120 0,0013
august 0,0000 0,0000
module 0,0000 0,0000
wikibase 0,0619 0,0000
allyson 3,9120 0,0013
infographics 4,6052 0,0015
tiger 3,9120 0,0013
execute 0,6733 0,0007
datemodify 0,0619 0,0000
miller 1,7720 0,0006
thereby 1,6607 0,0005
processing 0,6162 0,0002
except 1,5141 0,0005
hrvatski 0,7550 0,0002
spindler 3,9120 0,0013
switching 3,5066 0,0011
functional 0,9943 0,0003
nevertheless 2,4079 0,0008
notheme 0,3711 0,0001
fact 1,0217 0,0003
safari 2,1203 0,0007
customization 2,5257 0,0008
mic 3,9120 0,0013
albanesius 3,9120 0,0013
tanasychuk 4,6052 0,0015
voiceover 3,5066 0,0011
eliminate 1,1712 0,0004
global 0,7985 0,0003
iad 3,9120 0,0013
long 0,4005 0,0003
occitan 1,8326 0,0006
into 0,1985 0,0001
outline 0,8440 0,0003
min 0,1165 0,0000
partition 1,3471 0,0004
unless 1,5606 0,0005
christian 2,1203 0,0007
glance 3,9120 0,0013
bouchard 4,6052 0,0015
fred 2,3026 0,0007
operating 0,9416 0,0003
free 0,0000 0,0000
schiller 3,9120 0,0013
kernelcach 4,6052 0,0015
controller 1,5141 0,0005
middle 0,7765 0,0003
star 2,0402 0,0007
though 0,8440 0,0003
wallpapers 4,6052 0,0015
many 0,2357 0,0001
people 0,9943 0,0003
releases 1,7720 0,0006
stay 2,1203 0,0007
actually 1,3093 0,0004
dedicate 2,1203 0,0007
appear 0,8210 0,0008
face 1,1712 0,0004
leftmost 4,6052 0,0015
abandon 2,0402 0,0007
friedman 2,8134 0,0009
khan 2,1203 0,0007
progress 1,4271 0,0005
invite 2,6593 0,0009
untethered 3,9120 0,0013
open 0,1625 0,0002
devote 2,9957 0,0010
nagel 3,5066 0,0011
ukrainian 2,8134 0,0009
fletcher 4,6052 0,0015
mojave 2,9957 0,0010
tbody 0,6931 0,0002
project 0,0000 0,0000
seven 1,8326 0,0006
enhancement 0,0101 0,0000
independence 2,3026 0,0007
inside 0,0101 0,0000
presentation 1,5141 0,0005
techcrunch 1,3093 0,0004
whenever 2,2073 0,0007
argumentative 3,9120 0,0013
mks 3,5066 0,0011
california 1,2379 0,0004
burrows 4,6052 0,0015
five 0,9943 0,0003
naples 4,6052 0,0015
romanian 3,9120 0,0013
husain 3,9120 0,0013
mactracker 4,6052 0,0015
poweropen 3,9120 0,0013
maps 2,6593 0,0009
ibookstore 4,6052 0,0015
seeds 3,5066 0,0011
idc 2,9957 0,0010
arnold 2,9957 0,0010
please 0,8210 0,0003
idg 2,1203 0,0007
look 0,7765 0,0005
modification 1,4271 0,0005
mls 3,9120 0,0013
campaign 2,2073 0,0007
internet 0,5447 0,0002
allow 0,1863 0,0002
wired 1,2040 0,0004
lawsuit 2,8134 0,0009
newman 2,9957 0,0010
sequential 2,1203 0,0007
isbn 0,1054 0,0000
proper 1,5606 0,0005
rule 0,5978 0,0004
update 0,4463 0,0006
derivative 1,9661 0,0006
condemn 3,9120 0,0013
gesture 2,9957 0,0010
apple 1,1712 0,0004
patel 2,9957 0,0010
unixware 3,2189 0,0010
common 0,3711 0,0001
downloads 4,6052 0,0015
debian 1,9661 0,0006
linux 0,8916 0,0003
definition 0,4943 0,0002
kellen 4,6052 0,0015
placeholder 0,0000 0,0000
every 0,6162 0,0002
basa 2,0402 0,0007
dentro 4,6052 0,0015
sande 4,6052 0,0015
apply 0,0000 0,0000
olivarez 4,6052 0,0015
layout 2,1203 0,0007
money 1,6094 0,0005
jason 1,7148 0,0006
removal 1,6607 0,0005
chronological 3,2189 0,0010
mark 0,6733 0,0002
base 0,0305 0,0000
runa 0,9416 0,0003
achievement 3,2189 0,0010
trend 1,7148 0,0006
reasoning 1,6607 0,0005
jeff 1,6607 0,0005
during 0,5447 0,0002
revolution 1,7148 0,0006
relation 1,6094 0,0005
mos 3,5066 0,0011
reliable 0,7765 0,0003
compatible 1,2040 0,0004
relate 0,0000 0,0000
rump 2,3026 0,0007
enable 0,0000 0,0000
price 1,2730 0,0004
sidebar 0,0000 0,0000
limitreport 0,0000 0,0000
games 1,9661 0,0006
decoration 0,0619 0,0000
reflist 0,0101 0,0000
ilife 3,9120 0,0013
zip 2,4079 0,0008
calculator 2,6593 0,0009
still 0,5447 0,0002
briefly 3,2189 0,0010
var 0,0000 0,0000
work 0,2231 0,0002
lose 1,3093 0,0004
matt 1,7720 0,0006
agree 0,0101 0,0000
imagination 3,5066 0,0011
wgulsislanguageselectorempty 0,0000 0,0000
itself 0,6539 0,0002
axel 3,5066 0,0011
books 1,7148 0,0006
convince 2,6593 0,0009
pride 3,5066 0,0011
srpski 0,3711 0,0001
registration 0,0101 0,0000
favorite 2,9957 0,0010
word 0,0101 0,0000
love 2,5257 0,0008
spain 1,4271 0,0005
extension 0,6349 0,0004
internal 0,8210 0,0003
deprecate 1,6607 0,0005
kosner 4,6052 0,0015
signature 1,8971 0,0006
thumb 3,5066 0,0011
ibec 4,6052 0,0015
iii 2,1203 0,0007
federighi 3,9120 0,0013
foundation 0,0000 0,0000
secret 1,6607 0,0005
across 0,5798 0,0002
disallow 2,6593 0,0009
discontinue 1,3863 0,0004
ear 3,9120 0,0013
installation 1,6094 0,0005
event 0,0000 0,0000
firmware 2,3026 0,0007
academy 1,8971 0,0006
wherever 3,5066 0,0011
include 0,0000 0,0000
facebook 1,3863 0,0004
fadell 3,5066 0,0011
ipados 2,8134 0,0009
toggle 0,0000 0,0000
destructive 2,4079 0,0008
opinion 1,8971 0,0006
appearance 0,0000 0,0000
classname 0,0000 0,0000
wggetopicsmatchmodeenable 0,0000 0,0000
slivka 3,9120 0,0013
filipe 4,6052 0,0015
inbox 3,5066 0,0011
first 0,0408 0,0000
span 1,2730 0,0004
voice 1,6094 0,0010
nowrap 0,0408 0,0000
perfect 2,5257 0,0008
prefer 0,0101 0,0000
roman 0,0101 0,0000
wgrelevantpageisprobablyeditable 0,0000 0,0000
float 0,0101 0,0000
forensic 2,2073 0,0007
transclusion 0,0619 0,0000
space 0,0408 0,0000
reference 0,0101 0,0000
swiftui 4,6052 0,0015
ambox 0,7133 0,0002
mayo 3,9120 0,0013
html 0,4463 0,0001
hunter 2,6593 0,0009
swedish 3,2189 0,0010
tether 3,2189 0,0010
ubuntu 2,2073 0,0007
bottom 0,0000 0,0000
capture 1,4697 0,0009
healey 4,6052 0,0015
quicktime 3,9120 0,0013
impactor 4,6052 0,0015
revision 0,0000 0,0000
magyar 0,3425 0,0001
publisher 0,0000 0,0000
haslam 3,9120 0,0013
imc 3,5066 0,0011
arthur 2,2073 0,0007
repair 2,9957 0,0019
tecno 3,9120 0,0013
img 0,0408 0,0000
death 2,6593 0,0009
arrival 2,8134 0,0009
interact 1,1712 0,0004
rlstate 0,0000 0,0000
error 0,0101 0,0000
circumvention 3,5066 0,0011
platform 0,0000 0,0000
matney 4,6052 0,0015
network 0,3285 0,0002
fuchsia 2,9957 0,0010
jackson 2,6593 0,0009
shortcut 2,4079 0,0008
public 0,4155 0,0001
retina 3,5066 0,0011
stinson 4,6052 0,0015
wortham 4,6052 0,0015
craig 2,0402 0,0007
track 0,9676 0,0006
value 0,0000 0,0000
monolithic 2,0402 0,0007
fortune 2,3026 0,0007
eff 3,2189 0,0010
iscrizioni 4,6052 0,0015
stifle 3,5066 0,0011
airdrop 2,8134 0,0009
assistant 2,4079 0,0008
eisenstat 3,9120 0,0013
instead 0,4463 0,0001
ultimately 2,2073 0,0007
command 0,7133 0,0005
expensive 0,0408 0,0000
newsstand 3,5066 0,0011
performance 0,3425 0,0001
trade 1,3863 0,0004
bluetooth 2,6593 0,0009
round 1,3093 0,0008
maint 0,0101 0,0000
wiktionary 0,5798 0,0002
growth 1,2040 0,0004
platformversion 0,0000 0,0000
landscape 2,2073 0,0007
exception 1,3471 0,0004
joswiak 3,9120 0,0013
markedly 4,6052 0,0015
temporary 1,8971 0,0006
hands 3,2189 0,0010
smartphone 2,3026 0,0015
references 0,0513 0,0000
saved 0,0619 0,0000
springboard 4,6052 0,0015
year 0,2614 0,0002
annotate 2,8134 0,0009
ios 1,8971 0,0006
resolution 1,8326 0,0006
building 0,7985 0,0003
setting 1,4697 0,0005
via 0,3011 0,0001
dutch 2,6593 0,0009
properly 1,3471 0,0004
score 2,4079 0,0008
music 1,7720 0,0006
quote 0,0101 0,0000
graduate 2,0402 0,0007
visual 0,9416 0,0003
because 0,0000 0,0000
ipa 3,5066 0,0011
ipc 2,1203 0,0007
springer 0,9676 0,0003
ram 2,0402 0,0007
navigate 1,8971 0,0012
rao 3,2189 0,0010
agreement 1,3093 0,0008
upgrade 1,5141 0,0005
unlocking 3,9120 0,0013
raw 2,1203 0,0007
ray 1,8971 0,0006
community 0,0000 0,0000
version 0,0000 0,0000
planning 1,6094 0,0005
folder 2,5257 0,0016
selection 1,5141 0,0005
eesti 0,3285 0,0001
rubinstein 3,9120 0,0013
notch 4,6052 0,0015
detail 0,7133 0,0002
scappato 4,6052 0,0015
qtmoko 3,9120 0,0013
businessweek 2,5257 0,0008
parallax 4,6052 0,0015
ambient 2,9957 0,0010
wgusergroup 0,0000 0,0000
subsequently 1,6094 0,0005
giannandrea 3,9120 0,0013
prohibition 3,5066 0,0023
smartphones 2,9957 0,0010
wikipedia 0,0000 0,0000
legibility 3,9120 0,0013
scott 1,0217 0,0003
cisco 2,6593 0,0009
close 0,8210 0,0011
afrikaans 0,9416 0,0003
website 0,3711 0,0002
learn 0,0000 0,0000
michigan 2,5257 0,0008
nike 4,6052 0,0015
photo 2,0402 0,0013
unleash 2,5257 0,0008
distributor 3,2189 0,0010
fast 0,4943 0,0003
legality 3,5066 0,0011
ericsson 3,5066 0,0011
precedent 3,5066 0,0011
workout 4,6052 0,0015
calling 2,9957 0,0010
severe 2,5257 0,0008
thumbinner 2,9957 0,0010
exploit 1,6607 0,0016
register 0,0000 0,0000
nine 2,1203 0,0007
appleinsider 3,5066 0,0011
communicate 1,1394 0,0004
controls 2,9957 0,0010
notes 0,9943 0,0003
republic 0,8916 0,0003
official 0,6162 0,0002
acm 0,8675 0,0003
adario 4,6052 0,0015
red 1,2730 0,0004
act 0,9416 0,0003
post 0,0202 0,0000
fitness 2,4079 0,0008
leave 0,0101 0,0000
nathan 2,2073 0,0007
finish 1,8971 0,0006
rem 3,5066 0,0011
golson 4,6052 0,0015
kindle 3,2189 0,0010
swift 1,8326 0,0006
add 0,0000 0,0000
matthias 2,5257 0,0008
need 0,1393 0,0002
its 0,0726 0,0000
originally 0,8675 0,0003
often 0,2877 0,0001
elt 0,6931 0,0002
article 0,0000 0,0000
volume 1,1712 0,0004
canada 1,6607 0,0005
parser 0,0000 0,0000
shell 1,0788 0,0003
homekit 3,5066 0,0011
guideline 1,3471 0,0004
http 0,0000 0,0000
therefore 0,7985 0,0003
adjustment 3,5066 0,0011
bridgeos 3,2189 0,0010
panther 3,9120 0,0013
adjustable 3,5066 0,0011
activation 2,9957 0,0010
decimal 0,0101 0,0000
trust 1,2730 0,0008
lifewire 3,9120 0,0013
fairplay 4,6052 0,0015
technical 0,6349 0,0002
united 0,4780 0,0002
choose 0,8440 0,0008
directory 1,5141 0,0010
ride 3,5066 0,0011
wghostname 0,0000 0,0000
commercially 2,1203 0,0007
overnight 3,9120 0,0013
prevent 0,7340 0,0002
behave 1,5606 0,0005
benjamin 1,7720 0,0006
undo 2,9957 0,0010
previously 1,1712 0,0004
wgtitle 0,0000 0,0000
engine 0,4780 0,0003
sorry 4,6052 0,0015
responsible 1,2040 0,0004
handset 3,9120 0,0013
pcmag 4,6052 0,0015
ive 3,5066 0,0011
end 0,3011 0,0003
kahle 3,9120 0,0013
vox 2,6593 0,0009
capabilities 4,6052 0,0015
wgdigittransformtable 0,0000 0,0000
codenames 3,9120 0,0013
hlist 0,0408 0,0000
label 0,0000 0,0000
improvement 0,9163 0,0003
message 0,3857 0,0002
linda 2,6593 0,0009
topsy 3,9120 0,0013
filesystem 2,5257 0,0008
praise 2,8134 0,0009
special 0,0000 0,0000
modify 0,7765 0,0008
environment 0,4308 0,0003
rlconf 0,0000 0,0000
exempt 3,5066 0,0011
collectively 2,0402 0,0007
family 1,0217 0,0003
slightly 1,8326 0,0006
copyright 1,6607 0,0005
bahasa 0,3285 0,0001
release 0,2744 0,0003
ago 0,7765 0,0003
caption 0,3567 0,0001
getexpandedargument 2,6593 0,0009
preemptive 2,3026 0,0007
years 3,9120 0,0013
gradually 2,1203 0,0007
number 0,0000 0,0000
wgbackendresponsetime 0,0000 0,0000
shorten 0,0000 0,0000
iphones 3,5066 0,0011
rik 3,9120 0,0013
homescreen 3,9120 0,0025
jerry 2,8134 0,0009
proceedings 0,7550 0,0002
algorithm 0,8675 0,0003
newsroom 2,9957 0,0010
troubleshoot 3,5066 0,0011
similar 0,4780 0,0002
wearable 2,5257 0,0008
partnership 1,9661 0,0006
protestor 4,6052 0,0015
sculley 3,9120 0,0013
nothing 1,6607 0,0005
programmer 0,9416 0,0003
specify 0,6349 0,0002
handle 0,6539 0,0004
myslewski 3,9120 0,0013
jacobsson 4,6052 0,0015
animation 1,5141 0,0010
leopard 3,5066 0,0011
system 0,0101 0,0000
driver 1,3471 0,0009
aid 1,3471 0,0009
other 0,0000 0,0000
aim 0,8210 0,0005
against 0,6931 0,0002
loadable 2,3026 0,0007
retain 2,1203 0,0014
vse 3,2189 0,0010
air 1,8326 0,0006
cell 0,4308 0,0001
savov 3,9120 0,0013
swell 4,6052 0,0015
local 0,7985 0,0003
retail 2,0402 0,0007
aix 2,5257 0,0008
papermaster 3,9120 0,0013
encourage 1,5141 0,0005
electronic 1,0788 0,0003
share 0,4620 0,0004
shara 4,6052 0,0015
frommer 4,6052 0,0015
freeform 3,9120 0,0013
chairman 2,4079 0,0008
aesthetics 3,9120 0,0013
prototype 0,9676 0,0003
powerful 1,4697 0,0005
rlq 0,0000 0,0000
anchor 1,9661 0,0006
entrato 4,6052 0,0015
cite 0,0000 0,0000
logic 0,9676 0,0003
movement 1,4697 0,0005
francisco 1,6607 0,0005
infographic 3,5066 0,0011
jenna 3,9120 0,0013
shake 2,8134 0,0009
rating 2,6593 0,0009
sarah 3,2189 0,0010
screen 0,0101 0,0000
amelio 3,9120 0,0013
body 0,0000 0,0000
vibration 3,2189 0,0010
moren 4,6052 0,0015
correspond 1,3093 0,0004
unlocked 4,6052 0,0015
mode 0,0000 0,0000
pages 0,0000 0,0000
openembedded 2,9957 0,0010
net 0,9416 0,0003
newpp 0,0619 0,0000
wozniak 3,9120 0,0013
all 0,0408 0,0000
always 0,9416 0,0003
border 0,0000 0,0000
copland 3,9120 0,0013
keynote 2,5257 0,0008
new 0,0000 0,0000
alphabetical 2,2073 0,0007
read 0,0000 0,0000
gymkit 4,6052 0,0015
already 1,1087 0,0004
touch 2,1203 0,0007
clock 2,6593 0,0009
real 0,0408 0,0000
clientpref 0,0000 0,0000
tool 0,0000 0,0000
tony 1,8326 0,0006
adaptable 3,2189 0,0010
hybrid 1,4271 0,0005
svenska 0,3857 0,0001
swipe 3,9120 0,0038
activate 2,2073 0,0021
sensor 1,8326 0,0006
joseph 1,5141 0,0005
unix 1,3093 0,0004
endow 4,6052 0,0015
financial 1,4697 0,0005
wgpagecontentlanguage 0,0000 0,0000
respective 2,0402 0,0007
media 0,2485 0,0001
around 0,6931 0,0002
gibbs 3,5066 0,0011
ron 1,8971 0,0006
wgisarticle 0,0000 0,0000
gartenberg 3,9120 0,0013
accelerometer 3,5066 0,0011
today 1,0788 0,0003
define 0,2744 0,0003
dump 2,9957 0,0010
row 0,4943 0,0002
expo 4,6052 0,0015
render 0,0513 0,0000
interlingua 1,3093 0,0004
frontier 1,9661 0,0006
wallpaper 3,5066 0,0011
lewis 2,4079 0,0008
bendgate 4,6052 0,0015
requirement 0,5798 0,0002
korean 2,8134 0,0009
specific 0,2877 0,0001
any 0,2107 0,0001
cydia 4,6052 0,0015
minute 1,8326 0,0006
openstep 3,9120 0,0013
watchos 3,2189 0,0010
huawei 2,2073 0,0007
bangeman 4,6052 0,0015
adaptivity 4,6052 0,0015
dilger 4,6052 0,0015
application 0,0943 0,0001
milestone 2,2073 0,0007
engage 2,2073 0,0007
wgflaggedrevsparams 0,0000 0,0000
papiamentu 3,9120 0,0013
until 0,7765 0,0003
strategy 0,7340 0,0002
unikernel 2,4079 0,0008
collapse 0,0408 0,0000
passcode 4,6052 0,0030
aol 2,2073 0,0007
reason 0,7985 0,0003
ring 2,2073 0,0007
legend 2,2073 0,0007
maintain 0,3567 0,0001
wgrelevantarticleid 0,0000 0,0000
preprocessor 0,0513 0,0000
shift 1,4697 0,0009
ipodlinux 3,9120 0,0013
ship 1,6094 0,0005
natively 2,4079 0,0008
anywhere 2,0402 0,0007
johnson 1,8326 0,0006
heisler 4,6052 0,0015
mbox 0,7133 0,0002
nik 3,9120 0,0013
java 0,6162 0,0002
rockstar 3,9120 0,0013
multikernel 2,5257 0,0008
annual 1,0788 0,0003
english 0,0000 0,0000
dpreview 4,6052 0,0015
api 0,3425 0,0002
fully 0,8210 0,0003
app 0,9943 0,0006
models 1,8971 0,0006
cache 0,0305 0,0000
margin 0,0000 0,0000
suomi 0,2107 0,0001
wgrequestid 0,0000 0,0000
expected 2,6593 0,0009
openmoko 3,5066 0,0011
minmax 4,6052 0,0015
enwikimwclientpreference 0,0000 0,0000
rlpagemodules 0,0000 0,0000
metaio 3,9120 0,0013
viaf 2,4079 0,0008
eye 2,3026 0,0007
alex 1,3863 0,0004
geek 2,8134 0,0009
slow 1,1087 0,0004
mixer 4,6052 0,0015
samea 0,0000 0,0000
srouji 3,9120 0,0013
purewal 4,6052 0,0015
photography 3,2189 0,0010
annually 2,6593 0,0009
wgwikibaseitemid 0,0000 0,0000
mobility 2,8134 0,0009
wgulsiscompactlinksenable 0,0000 0,0000
zittrain 3,9120 0,0013
frequently 1,0788 0,0003
another 0,3567 0,0001
automatically 0,7765 0,0003
simultaneous 2,5257 0,0008
pagevariantfallback 0,0000 0,0000
opendarwin 3,9120 0,0013
acquire 1,1087 0,0011
webarchive 0,7985 0,0003
default 0,6931 0,0002
mobileme 3,9120 0,0013
encryption 1,1712 0,0004
wgmonthname 0,0000 0,0000
spreadsheet 3,5066 0,0011
disabled 0,0000 0,0000
where 0,2744 0,0001
attribute 0,7765 0,0008
koetsy 3,9120 0,0013
mechanism 0,7550 0,0005
arm 1,6607 0,0005
popular 0,6539 0,0002
macworks 3,9120 0,0013
timestamp 0,0000 0,0000
detection 1,2730 0,0004
ars 1,9661 0,0006
jailbroken 4,6052 0,0015
black 1,5141 0,0005
empower 2,5257 0,0008
tamaddon 3,9120 0,0013
macworld 3,2189 0,0010
call 0,0101 0,0000
such 0,0943 0,0000
diagnostics 2,9957 0,0010
classic 1,3093 0,0004
cnet 1,7720 0,0006
absolute 2,0402 0,0007
calf 4,6052 0,0015
ask 1,0498 0,0003
iger 3,9120 0,0013
oliver 2,4079 0,0008
describe 0,2485 0,0002
through 0,2107 0,0001
strength 2,3026 0,0007
administration 1,2730 0,0004
nano 2,4079 0,0008
dmca 3,2189 0,0010
remains 3,9120 0,0013
run 0,3011 0,0003
incorporate 1,1712 0,0008
philip 1,8971 0,0006
charty 3,5066 0,0011
microsoft 0,4005 0,0001
research 0,5621 0,0002
blackout 4,6052 0,0015
sandboxing 3,5066 0,0011
either 0,5621 0,0002
view 0,0000 0,0000
white 0,0305 0,0000
wollman 4,6052 0,0015
donate 0,0000 0,0000
leena 3,9120 0,0013
lackluster 4,6052 0,0015
bloomberg 1,7148 0,0006
might 0,7340 0,0002
bold 0,0408 0,0000
engineering 0,3857 0,0001
significant 0,6931 0,0002
bobbie 4,6052 0,0015
sharing 1,7148 0,0006
decrease 2,1203 0,0007
glossary 1,7148 0,0006
longer 2,3026 0,0007
overlap 1,7148 0,0006
neue 3,9120 0,0013
galego 0,7550 0,0002
instability 3,5066 0,0011
name 0,0000 0,0000
bulgarian 4,6052 0,0015
cputime 0,0000 0,0000
larry 1,9661 0,0006
watchlist 0,0000 0,0000
next 0,5798 0,0002
blind 2,4079 0,0008
retrain 3,9120 0,0013
color 0,0101 0,0000
hidden 1,6094 0,0005
imore 3,9120 0,0013
submit 1,6094 0,0010
mainstage 3,9120 0,0013
android 1,4697 0,0005
book 0,4308 0,0003
gnustep 2,9957 0,0010
multilevel 2,5257 0,0008
show 0,0513 0,0001
description 0,0000 0,0000
edition 0,7985 0,0003
non 2,3026 0,0007
alla 4,6052 0,0015
button 1,7720 0,0011
usable 2,1203 0,0007
not 0,0101 0,0000
playstation 2,9957 0,0010
central 0,9416 0,0003
impose 1,9661 0,0006
arrive 2,0402 0,0013
street 1,5606 0,0005
now 0,4308 0,0001
statement 0,0000 0,0000
trademark 0,0101 0,0000
boot 1,7720 0,0023
factor 1,1712 0,0008
analogous 1,7720 0,0006
arrivo 4,6052 0,0015
greek 0,0101 0,0000
news 0,4620 0,0001
elizabeth 2,8134 0,0009
pinch 3,9120 0,0013
apsl 3,2189 0,0010
introduce 0,3285 0,0002
locking 2,3026 0,0007
way 0,2485 0,0002
target 0,0101 0,0000
ronald 2,8134 0,0009
antitrust 2,8134 0,0009
finnish 2,9957 0,0010
brightness 3,9120 0,0013
what 0,0000 0,0000
fiegerman 4,6052 0,0015
fedora 2,2073 0,0007
israel 0,7550 0,0002
timely 3,5066 0,0011
hype 2,4079 0,0008
window 1,5606 0,0010
greg 2,0402 0,0007
container 0,0000 0,0000
contextual 3,5066 0,0011
costello 4,6052 0,0015
erick 3,9120 0,0013
play 1,1712 0,0011
sorcerer 4,6052 0,0015
typography 3,5066 0,0011
developers 0,0000 0,0000
quickly 1,1087 0,0004
usage 0,0000 0,0000
eligibility 4,6052 0,0015
jonathan 1,8326 0,0006
loosen 4,6052 0,0015
wgmediaviewerenabledbydefault 0,0000 0,0000
nearby 0,0000 0,0000
scenekit 3,9120 0,0013
when 0,0834 0,0000
jim 1,5141 0,0005
connectivity 2,1203 0,0007
statically 2,4079 0,0008
far 1,2730 0,0004
faq 1,6094 0,0005
pureos 3,5066 0,0011
velazco 4,6052 0,0015
embed 0,9163 0,0003
plan 0,7985 0,0010
case 0,3285 0,0001
designate 1,9661 0,0006
rene 3,9120 0,0013
generation 1,2040 0,0004
nokia 2,0402 0,0007
give 0,4780 0,0005
counsel 3,2189 0,0010
item 0,0000 0,0000
subscriber 2,9957 0,0010
wgmediavieweronclick 0,0000 0,0000
double 1,0498 0,0003
wgulsposition 0,0000 0,0000
epic 2,0402 0,0007
melayu 0,6349 0,0002
fbi 3,2189 0,0010
iboot 4,6052 0,0015
explicit 1,4697 0,0005
bootchain 4,6052 0,0015
wgbreakframe 0,0000 0,0000
phone 1,4271 0,0009
utilize 1,7148 0,0006
italiano 0,1278 0,0000
sticky 0,0000 0,0000
style 0,0000 0,0000
completely 1,4271 0,0005
card 1,3863 0,0009
demos 4,6052 0,0015
natt 3,9120 0,0013
bertrand 2,8134 0,0009
study 0,9416 0,0003
widget 2,4079 0,0008
searchinput 0,0000 0,0000
direct 0,8440 0,0008
machkovech 4,6052 0,0015
commons 0,0000 0,0000
gain 0,8916 0,0006
confuse 1,2040 0,0004
modern 0,7340 0,0002
web 0,1165 0,0000
arabic 2,6593 0,0009
nate 3,2189 0,0010
older 4,6052 0,0015
jacqui 3,2189 0,0010
architecture 0,0000 0,0000
insider 1,5606 0,0005
indonesian 3,9120 0,0013
relatedness 4,6052 0,0015
more 0,0000 0,0000
display 0,0000 0,0000
tentative 4,6052 0,0015
kill 2,1203 0,0007
great 0,8675 0,0003
criticize 1,5141 0,0005
grid 1,4697 0,0005
helvetica 4,6052 0,0015
organization 0,0000 0,0000
forbes 1,5141 0,0005
width 0,0000 0,0000
grothaus 3,9120 0,0013
levinson 3,9120 0,0013
sailfish 3,5066 0,0011
certain 0,6162 0,0002
board 1,0217 0,0003
statistics 0,0000 0,0000
feb 2,0402 0,0007
disability 2,8134 0,0009
fee 2,2073 0,0007
section 0,7340 0,0002
simple 0,2231 0,0001
centralized 1,9661 0,0006
montavista 3,9120 0,0013
cloud 0,6349 0,0002
epoc 3,9120 0,0013
notification 1,8971 0,0012
protocol 0,5621 0,0002
overflow 0,3567 0,0001
luca 2,5257 0,0008
few 0,7133 0,0002
airplay 4,6052 0,0015
harmonyos 3,9120 0,0013
marked 2,6593 0,0009
otherwise 1,3863 0,0004
adam 1,5606 0,0005
package 0,9943 0,0003
visible 0,0101 0,0000
orient 0,5447 0,0002
pronunciation 2,6593 0,0009
temporarily 2,1203 0,0007
deirdre 3,9120 0,0013
chromeos 2,9957 0,0010
solely 2,6593 0,0009
both 0,0305 0,0000
important 0,0101 0,0000
market 0,9943 0,0003
most 0,2107 0,0001
phrase 1,6094 0,0005
gautam 3,5066 0,0011
outside 1,1087 0,0004
turkish 3,9120 0,0013
effect 0,8440 0,0005
topic 0,0000 0,0000
ipad 2,9957 0,0019
job 1,3093 0,0008
sugar 2,6593 0,0009
option 0,9416 0,0006
who 0,5621 0,0002
joe 1,7720 0,0006
limitation 1,0498 0,0003
downloadable 3,2189 0,0010
game 0,7765 0,0005
unveil 2,3026 0,0030
contribute 0,0000 0,0000
jon 1,6607 0,0005
shortcuts 3,9120 0,0013
why 0,6539 0,0002
hurd 2,9957 0,0010
database 0,2485 0,0002
along 0,7340 0,0002
coders 3,5066 0,0011
billion 1,3471 0,0004
editgrid 3,9120 0,0013
david 0,5798 0,0002
moblin 3,9120 0,0013
win 1,7148 0,0011
oppenheimer 3,2189 0,0010
sam 1,8326 0,0006
depiction 3,9120 0,0013
wgseparatortransformtable 0,0000 0,0000
rest 1,0788 0,0003
san 1,2379 0,0004
amount 0,9416 0,0003
move 0,0000 0,0000
ingraham 4,6052 0,0015
original 0,0943 0,0001
didi 3,9120 0,0013
also 0,0202 0,0000
ellison 2,9957 0,0010
say 0,6733 0,0007
enough 0,9676 0,0003
certifications 3,5066 0,0011
increase 0,4620 0,0003
kingdom 2,2073 0,0007
ilounge 4,6052 0,0015
surpass 2,3026 0,0007
inline 0,0408 0,0000
favor 1,5141 0,0010
various 0,3857 0,0001
latter 1,6607 0,0005
visit 0,0408 0,0000
vanguard 3,9120 0,0013
user 0,0000 0,0000
simply 0,9676 0,0003
statista 2,9957 0,0010
suse 2,6593 0,0009
sigchi 3,9120 0,0013
bring 0,9676 0,0006
tooltip 0,8675 0,0003
switcher 4,6052 0,0015
hamburger 3,9120 0,0013
offer 0,4155 0,0003
bar 1,3863 0,0004
fix 0,5108 0,0007
complex 0,5621 0,0002
elmcip 2,3026 0,0007
addition 0,6733 0,0004
grow 0,8675 0,0006
sure 2,1203 0,0007
sewell 3,9120 0,0013
shrink 3,2189 0,0010
documentation 0,6349 0,0002
homepod 3,5066 0,0011
personal 0,0000 0,0000
former 1,3093 0,0004
finder 3,2189 0,0010
extend 0,6162 0,0004
ar 1,5141 0,0005
proxy 1,7148 0,0006
heinen 3,9120 0,0013
redesign 3,5066 0,0023
steven 1,4697 0,0005
aaron 2,1203 0,0007
imageobject 0,0000 0,0000
simultaneously 1,6094 0,0005
sdk 2,4079 0,0008
drive 0,4780 0,0002
guarino 4,6052 0,0015
deal 1,1712 0,0008
be 0,1508 0,0001
pwned 4,6052 0,0015
scheme 0,0101 0,0000
freebsd 1,7720 0,0006
affect 1,0217 0,0007
deaf 3,9120 0,0013
icon 0,0101 0,0000
expansiondepth 0,0000 0,0000
fontgate 4,6052 0,0015
slovak 3,9120 0,0013
hebrew 3,2189 0,0010
customize 1,5141 0,0005
search 0,0000 0,0000
see 0,0408 0,0000
metaphor 2,9957 0,0010
spacing 0,0619 0,0000
systems 0,4780 0,0002
wgrelevantpagename 0,0000 0,0000
motomagx 3,9120 0,0013
vita 3,9120 0,0013
national 0,4463 0,0001
segmentation 2,3026 0,0007
subsequent 1,6094 0,0005
indicate 1,0217 0,0003
postmarketos 3,9120 0,0013
panel 2,5257 0,0016
innovation 1,2379 0,0004
completion 1,9661 0,0006
charge 1,6094 0,0005
contain 0,0101 0,0000
set 0,2107 0,0002
founder 1,4697 0,0005
shqip 0,6931 0,0002
shutter 4,6052 0,0015
edgar 2,8134 0,0009
jobs 2,3026 0,0007
column 0,0101 0,0000
adobe 2,1203 0,0007
procedure 0,9676 0,0003
matchmaking 4,6052 0,0015
integrate 0,5798 0,0004
battle 2,4079 0,0008
mavericks 3,9120 0,0013
maestri 3,9120 0,0013
wgaction 0,0000 0,0000
unfit 1,8326 0,0006
acquisitions 2,4079 0,0008
font 0,0000 0,0000
openserver 3,2189 0,0010
language 0,0000 0,0000
do 0,1625 0,0002
navbox 0,0943 0,0000
listitem 0,0408 0,0000
satariano 4,6052 0,0015
kent 2,2073 0,0007
japanese 2,0402 0,0007
federico 2,9957 0,0010
startup 1,2040 0,0004
contact 0,0000 0,0000
france 0,8675 0,0003
warning 1,8326 0,0006
criticism 1,1394 0,0004
modal 3,5066 0,0011
programming 0,2744 0,0001
digit 2,0402 0,0007
nlncr 4,6052 0,0015
image 0,0202 0,0000
typically 0,3857 0,0001
promon 3,9120 0,0013
never 1,1712 0,0004
palmdos 3,9120 0,0013
hollington 4,6052 0,0015
susan 2,3026 0,0007
adjust 1,8971 0,0006
shr 3,9120 0,0013
party 0,6539 0,0004
frame 1,6094 0,0005
cursor 0,0619 0,0000
however 0,3011 0,0001
sierra 2,8134 0,0009
origin 0,0000 0,0000
perez 3,9120 0,0013
walltime 0,0000 0,0000
interlanguage 0,0000 0,0000
content 0,0000 0,0000
dynix 3,5066 0,0011
random 0,0000 0,0000
desktop 1,0788 0,0003
personality 3,9120 0,0013
related 0,9676 0,0003
alert 1,8326 0,0012
antone 4,6052 0,0015
rate 1,2730 0,0004
sim 3,2189 0,0010
skill 1,7720 0,0006
client 0,0000 0,0000
class 0,0000 0,0000
posix 2,3026 0,0007
gehomepagesuggestededitsenabletopic 0,0000 0,0000
digital 0,6162 0,0002
over 0,3285 0,0001
dalrymple 3,9120 0,0013
spanish 3,2189 0,0010
six 1,4271 0,0005
false 0,0000 0,0000
nancy 2,8134 0,0009
parekh 3,9120 0,0013
weasel 2,8134 0,0009
counter 0,0408 0,0000
parse 0,0619 0,0000
kahn 3,5066 0,0011
srpskohrvatski 0,9163 0,0003
fork 1,1394 0,0004
form 0,3011 0,0003
management 0,2231 0,0001
antennagate 4,6052 0,0015
publish 0,4463 0,0001
applemasters 3,9120 0,0013
developer 0,1744 0,0001
avoid 0,0101 0,0000
bradley 3,2189 0,0010
frake 3,9120 0,0013
prompt 1,5606 0,0010
significantly 1,5141 0,0005
big 0,7550 0,0005
very 0,5978 0,0002
decade 1,7720 0,0006
expert 1,3863 0,0004
select 0,9676 0,0003
recommendation 1,6094 0,0005
bit 1,3863 0,0004
bis 2,9957 0,0010
ipod 3,9120 0,0013
output 0,0000 0,0000
thanks 2,6593 0,0009
usability 1,8326 0,0006
corner 2,9957 0,0010
betas 4,6052 0,0015
context 0,5978 0,0002
warranty 3,5066 0,0011
model 0,0000 0,0000
drag 3,5066 0,0011
rightmost 3,9120 0,0013
portal 0,0000 0,0000
manipulation 1,1712 0,0004
french 2,3026 0,0007
reduce 0,0101 0,0000
sentence 0,0000 0,0000
issue 0,3425 0,0002
kern 0,0101 0,0000
large 0,2485 0,0001
gruber 3,5066 0,0011
pundit 4,6052 0,0015
director 1,6607 0,0005
ip 4,6052 0,0015
metal 2,4079 0,0008
preinstal 3,9120 0,0013
unpacked 3,9120 0,0013
announce 0,6733 0,0007
odd 0,0943 0,0000
messaging 1,4271 0,0005
phil 2,3026 0,0007
leaderboard 3,9120 0,0013
traditional 0,7985 0,0003
operate 0,3567 0,0002
exclusively 1,6607 0,0005
john 0,5276 0,0002
hello 1,6607 0,0005
reconsider 3,2189 0,0010
kazakh 4,6052 0,0015
begin 0,5108 0,0003
remotely 2,4079 0,0008
wgvisualeditor 0,0000 0,0000
become 0,2877 0,0001
template 0,0000 0,0000
tibken 4,6052 0,0015
jennifer 2,4079 0,0008
enwiki 0,0619 0,0000
indefinitely 1,9661 0,0006
eventually 1,1394 0,0004
subscription 0,0101 0,0000
hungarian 3,9120 0,0013
cycle 1,3093 0,0004
delegate 2,0402 0,0007
library 0,3857 0,0002
navbar 0,0202 0,0000
world 0,3857 0,0001
subbox 0,6931 0,0002
december 0,0000 0,0000
ability 0,7340 0,0002
eddy 3,5066 0,0011
camera 2,2073 0,0007
everything 1,2730 0,0004
guardian 1,8326 0,0006
bundle 1,6094 0,0005
italy 3,2189 0,0010
macos 1,6607 0,0005
table 0,0000 0,0000
side 0,3425 0,0001
cunningham 2,0402 0,0007
gaeilge 1,2040 0,0004
break 0,0101 0,0000
change 0,0000 0,0000
suggestion 3,2189 0,0010
katie 2,5257 0,0008
printable 0,0000 0,0000
clearing 3,9120 0,0013
off 0,8916 0,0003
generally 0,5447 0,0002
hide 0,0000 0,0000
multimedia 1,5606 0,0005
polygon 2,8134 0,0009
instruction 1,1712 0,0004
report 0,0202 0,0000
complete 0,4780 0,0003
shuffle 3,9120 0,0013
auto 0,0726 0,0000
sign 1,2379 0,0008
office 1,0498 0,0003
wgcanonicalspecialpagename 0,0000 0,0000
while 0,2614 0,0001
second 0,0408 0,0000
download 0,0000 0,0000
edge 1,2379 0,0004
high 0,0101 0,0000
split 0,0000 0,0000
sos 3,9120 0,0013
www 1,7720 0,0006
than 0,2357 0,0001
limit 0,0000 0,0000
lockdown 3,5066 0,0011
claim 0,9676 0,0003
bnf 0,9163 0,0003
picker 3,5066 0,0023
venturebeat 2,1203 0,0007
brian 1,2730 0,0004
communication 0,6162 0,0002
different 0,0513 0,0000
directly 0,5108 0,0002
officially 1,8971 0,0006
cipriani 3,5066 0,0011
discretion 3,9120 0,0013
level 0,0000 0,0000
author 0,0000 0,0000
thai 3,5066 0,0011
feeling 2,8134 0,0009
puredarwin 3,9120 0,0013
plus 1,6607 0,0005
expansion 0,0619 0,0000
daniel 1,2040 0,0004
entry 0,8210 0,0003
license 0,0000 0,0000
disk 1,3471 0,0004
expand 0,0101 0,0000
headquarters 2,4079 0,0008
talkie 3,9120 0,0013
machten 3,5066 0,0011
essay 2,8134 0,0009
wgmfdisplaywikibasedescription 0,0000 0,0000
retrieve 0,0000 0,0000
plug 2,2073 0,0007
malay 3,9120 0,0013
datum 0,0408 0,0000
behind 1,2730 0,0004
fileware 3,9120 0,0013
code 0,0000 0,0000
dignan 3,9120 0,0013
student 1,4271 0,0005
wgdefaultdateformat 0,0000 0,0000
box 0,0408 0,0000
storage 0,3711 0,0001
illusion 3,2189 0,0010
switch 0,9163 0,0012
total 0,0000 0,0000
gonsalves 4,6052 0,0015
productivity 1,8971 0,0006
deutsch 0,0943 0,0000
shoutpedia 4,6052 0,0015
hear 2,1203 0,0007
unofficial 2,2073 0,0007
jony 3,9120 0,0013
keyboard 1,8971 0,0006
exokernel 2,5257 0,0008
chance 2,3026 0,0007
initiative 1,0217 0,0007
simulator 2,8134 0,0009
kext 4,6052 0,0015
os 3,2189 0,0010
nature 1,0498 0,0003
social 0,8210 0,0003
src 0,6349 0,0002
anderson 1,9661 0,0006
wheel 3,2189 0,0010
control 0,1625 0,0001
intelligent 1,7720 0,0006
symbian 2,2073 0,0007
pc 2,9957 0,0010
unauthorized 1,9661 0,0006
attribution 0,0000 0,0000
siegler 4,6052 0,0015
jared 3,2189 0,0010
duncan 3,2189 0,0010
architectures 1,4697 0,0005
vary 0,0619 0,0000
coherent 2,8134 0,0009
upper 0,0101 0,0000
geoff 2,9957 0,0010
claris 3,9120 0,0013
luasandbox 1,4271 0,0005
objective 1,3471 0,0004
o'brien 2,9957 0,0010
engines 1,3471 0,0004
horrible 4,6052 0,0015
markkula 3,9120 0,0013
estimate 1,3863 0,0004
friend 1,8971 0,0006
strengthen 2,8134 0,0009
expiry 0,0619 0,0000
minerva 0,0101 0,0000
brand 0,0000 0,0000
publishing 0,7550 0,0002
recent 0,0000 0,0000
they 0,0619 0,0001
trends 1,5141 0,0005
choke 4,6052 0,0015
forks 2,8134 0,0009
browsing 1,8326 0,0006
github 0,7340 0,0002
multitask 3,5066 0,0023
edit 0,0000 0,0000
old 0,8675 0,0003
australia 1,8971 0,0006
portable 1,8971 0,0006
then 0,3567 0,0001
accept 1,1087 0,0004
badge 3,9120 0,0025
node 0,0305 0,0000
bsd 1,8326 0,0006
mission 1,8971 0,0006
concepts 1,1394 0,0004
mathew 4,6052 0,0015
device 0,7550 0,0005
minus 3,9120 0,0013
tuaw 4,6052 0,0015
liat 4,6052 0,0015
serenity 4,6052 0,0015
access 0,2877 0,0003
conference 0,3425 0,0001
gorsky 3,5066 0,0011
activity 0,9943 0,0003
sui 3,9120 0,0013
simi 0,9416 0,0003
marsal 4,6052 0,0015
kazmucha 3,9120 0,0013
selflink 0,0101 0,0000
sur 3,2189 0,0010
current 0,0000 0,0000
defunct 1,9661 0,0006
zepp 3,9120 0,0013
nynorsk 1,2379 0,0004
variety 0,9943 0,0003
origins 2,8134 0,0009
samuel 2,4079 0,0008
vector 0,0000 0,0000
audio 1,2379 0,0004
persist 3,2189 0,0010
wayne 2,9957 0,0010
email 1,4271 0,0009
key 0,0305 0,0000
scrollable 4,6052 0,0015
calendar 2,9957 0,0010
cachereport 0,0000 0,0000
decision 0,8675 0,0003
manager 0,8440 0,0005
svg 1,0788 0,0003
texture 3,2189 0,0010
one 0,0943 0,0000
launch 0,9943 0,0010
store 0,5447 0,0004
beloved 4,6052 0,0015
puma 3,9120 0,0013
tagalog 1,2040 0,0004
bosanski 0,8916 0,0003
confirm 1,6094 0,0010
single 0,3147 0,0001
entityaccesscount 0,0000 0,0000
pull 1,5606 0,0010
nuove 4,6052 0,0015
bug 0,8675 0,0003
closed 1,7720 0,0006
fourth 1,8971 0,0006
partially 1,8971 0,0006
bus 1,6607 0,0005
country 1,3863 0,0009
commercial 0,8440 0,0003
declare 1,6094 0,0005
separate 0,6162 0,0002
headphones 4,6052 0,0015
loader 1,8971 0,0006
buy 1,4271 0,0005
available 0,0000 0,0000
herrlinger 4,6052 0,0015
express 1,0788 0,0003
advocate 1,8971 0,0006
garner 4,6052 0,0015
kahney 4,6052 0,0015
frequency 1,6607 0,0005
mcsherry 4,6052 0,0015
horizontal 2,5257 0,0008
regularly 1,9661 0,0006
awareness 2,8134 0,0009
hios 3,5066 0,0011
variant 0,0619 0,0000
dynamic 0,7133 0,0002
ritchie 2,5257 0,0008
tizen 3,5066 0,0011
generate 0,8210 0,0003
studios 2,6593 0,0009
mindfulness 4,6052 0,0015
query 1,1394 0,0004
this 0,1278 0,0000
norsk 0,3285 0,0001
thin 2,9957 0,0010
memusage 0,0000 0,0000
brake 3,5066 0,0011
taiwan 2,8134 0,0009
ocean 2,8134 0,0009
know 0,2231 0,0001
sina 3,9120 0,0013
support 0,1393 0,0002
yearly 2,8134 0,0009
deneve 3,9120 0,0013
drop 1,1394 0,0004
preview 1,6607 0,0005
brazil 2,5257 0,0008
records 3,2189 0,0010
idea 0,9676 0,0003
wgpopupsflag 0,0000 0,0000
polski 0,1165 0,0000
privacy 0,0000 0,0000
vertical 0,7985 0,0003
docket 4,6052 0,0015
kim 2,1203 0,0007
life 0,9416 0,0003
we 1,3093 0,0004
devs 3,2189 0,0010
proprietary 0,9676 0,0003
gap 1,2040 0,0004
kit 1,7720 0,0006
throughout 1,6094 0,0005
xenix 3,2189 0,0010
dana 2,6593 0,0009
successful 1,2379 0,0004
iphoto 3,5066 0,0011
normal 0,0202 0,0000
snell 3,5066 0,0011
ore 4,6052 0,0015
previous 1,1712 0,0004
wide 0,6539 0,0002
licens 1,8971 0,0006
reading 2,1203 0,0007
consumption 1,4697 0,0005
arcade 3,5066 0,0011
technology 0,1863 0,0001
schonfeld 3,9120 0,0013
stone 2,9957 0,0010
eunice 3,5066 0,0011
croatian 3,9120 0,0013
litigation 2,4079 0,0008
wgarticleid 0,0000 0,0000
pagelanguagedir 0,0000 0,0000
wgcitereferencepreviewsactive 0,0000 0,0000
location 0,9943 0,0003
specially 3,9120 0,0013
anthony 2,1203 0,0007
accessory 3,2189 0,0021
facetime 3,9120 0,0013
osf 3,5066 0,0011
ecosystem 1,2040 0,0004
software 0,0000 0,0000
brewster 3,9120 0,0013
iwork 3,9120 0,0013
reach 1,2040 0,0004
graphical 1,2730 0,0004
competition 1,9661 0,0006
none 0,0101 0,0000
type 0,0000 0,0000
april 0,0000 0,0000
rossignol 4,6052 0,0015
easytimeline 2,9957 0,0010
feedback 1,3471 0,0004
hack 1,3471 0,0013
lynxos 3,5066 0,0011
review 0,6162 0,0004
weather 2,4079 0,0008
connection 0,9676 0,0006
mobian 3,9120 0,0013
openbsd 2,3026 0,0007
ota 3,5066 0,0011
between 0,2107 0,0001
guide 0,3711 0,0001
inclusive 2,6593 0,0009
lauren 2,9957 0,0010
wifi 2,8134 0,0009
goal 0,8440 0,0003
researcher 1,3093 0,0004
method 0,3147 0,0001
natural 1,2040 0,0004
contract 1,4271 0,0005
scroll 2,8134 0,0027
come 0,4155 0,0004
baseline 1,7720 0,0006
iphone 2,9957 0,0019
push 0,0000 0,0000
typeface 3,5066 0,0011
exist 0,4155 0,0001
revolutionary 3,5066 0,0011
siri 2,8134 0,0009
force 1,0217 0,0003
notifications 2,8134 0,0009
caches 4,6052 0,0015
healthkit 4,6052 0,0015
james 0,9676 0,0003
wear 2,9957 0,0010
range 0,8675 0,0003
portalbox 1,3093 0,0004
distribution 0,8916 0,0003
derive 1,1394 0,0004
out 0,0000 0,0000
geo 2,8134 0,0009
rock 2,6593 0,0009
gen 3,5066 0,0011
predetermine 3,2189 0,0010
plist 4,6052 0,0030
ghost 3,9120 0,0013
feature 0,0000 0,0000
get 0,0000 0,0000
portalright 1,3093 0,0004
dark 0,0101 0,0000
course 1,3093 0,0004
honan 4,6052 0,0015
usman 4,6052 0,0015
power 0,6733 0,0007
semi 2,6593 0,0009
fireball 3,9120 0,0013
regular 1,2379 0,0004
objection 3,5066 0,0011
dispute 1,6607 0,0005
danish 3,2189 0,0010
cook 2,4079 0,0008
sell 1,3471 0,0004
yoni 3,9120 0,0013
suggest 1,0217 0,0003
lead 0,2231 0,0002
catalan 3,9120 0,0013
help 0,0000 0,0000
site 0,0000 0,0000
cebuano 2,6593 0,0009
depth 0,0000 0,0000
podcasts 3,5066 0,0011
rename 1,5141 0,0005
catalina 3,5066 0,0011
queue 1,1394 0,0004
sharealike 0,0000 0,0000
date 0,3011 0,0003
magic 1,9661 0,0006
reminders 3,9120 0,0013
argument 0,0513 0,0000
mashable 3,2189 0,0010
reveal 1,5606 0,0005
data 0,0000 0,0000
lucas 2,9957 0,0010
firefox 2,2073 0,0007
own 0,4780 0,0003
sound 1,3471 0,0004
subsystem 2,0402 0,0007
wgpageviewlanguage 0,0000 0,0000
unofficially 3,9120 0,0013
translate 1,3863 0,0004
router 1,8326 0,0006
barrier 1,8326 0,0006
accesskey 0,0000 0,0000
cosa 4,6052 0,0015
tab 2,4079 0,0008
plain 1,5141 0,0005
only 0,2107 0,0001
create 0,0000 0,0000
tag 0,0000 0,0000
blow 3,9120 0,0013
activist 2,5257 0,0008
readable 1,8971 0,0006
garageband 3,9120 0,0013
development 0,1278 0,0001
slovenian 3,2189 0,0010
tap 2,5257 0,0024
individual 0,7985 0,0005
like 0,2231 0,0001
resource 0,4620 0,0001
synce 4,6052 0,0030
tax 1,8971 0,0006
core 0,5621 0,0002
person 0,6162 0,0002
enforce 1,4271 0,0009
files 2,9957 0,0010
sunos 2,9957 0,0010
send 0,7550 0,0005
icloud 2,9957 0,0010
interix 3,2189 0,0010
potentially 0,7765 0,0003
here 0,0000 0,0000
note 0,4155 0,0003
week 1,2379 0,0004
purpose 0,5108 0,0002
line 0,0101 0,0000
link 0,0000 0,0000
hern 2,9957 0,0010
lineup 3,9120 0,0013
scale 0,4943 0,0002
gil 2,6593 0,0009
recovery 1,6607 0,0005
dragonfly 2,9957 0,0010
robin 1,7720 0,0006
can 0,0408 0,0000
computing 0,4155 0,0001
security 0,3285 0,0001
cap 0,0619 0,0000
contributor 0,0000 0,0000
wgcanonicalnamespace 0,0000 0,0000
car 1,8326 0,0006
organize 1,1712 0,0004
flex 0,5276 0,0002
ready 0,0000 0,0000
hera 3,9120 0,0013
player 1,8326 0,0012
smooth 2,6593 0,0009
reboot 3,5066 0,0023
motion 2,5257 0,0008
wgisredirect 0,0000 0,0000
limited 0,8916 0,0003
satisfy 1,7720 0,0006
will 0,2485 0,0001
invisage 3,9120 0,0013
february 0,0000 0,0000
fingerworks 3,9120 0,0013
implementation 0,3147 0,0001
match 0,5276 0,0002
akamai 2,8134 0,0009
fault 1,1712 0,0004
follow 0,2744 0,0001
hail 3,9120 0,0013
recursiveclone 1,6607 0,0005
carrier 2,6593 0,0017
readability 2,5257 0,0008
cbs 2,4079 0,0008
response 0,7340 0,0002
responsive 0,0202 0,0000
york 0,8440 0,0003
challenge 0,6162 0,0002
airpods 3,9120 0,0013
category 0,0000 0,0000
intend 0,6162 0,0004
wikidata 0,0000 0,0000
callparserfunction 1,4271 0,0005
