cancel 2,4079 0,0010
platter 4,6052 0,0019
pastie 4,6052 0,0019
upload 0,0000 0,0000
ccf 4,6052 0,0019
wggelevelingupenabledforuser 0,0000 0,0000
wgrestrictionmove 0,0000 0,0000
remote 0,9163 0,0004
salary 2,8134 0,0011
without 0,2744 0,0001
begins 4,6052 0,0019
emma 2,9957 0,0012
would 0,3425 0,0001
pick 1,9661 0,0008
appnexus 3,5066 0,0014
xml 1,1394 0,0005
customs 3,9120 0,0016
essentials 3,5066 0,0014
ten 1,6607 0,0007
energy 1,4697 0,0012
monodevelop 3,5066 0,0014
solid 0,0202 0,0000
devices 1,9661 0,0008
neutral 0,5447 0,0002
circular 2,8134 0,0011
optional 1,3093 0,0005
require 0,0000 0,0000
scratch 2,1203 0,0009
analysis 0,5108 0,0002
rewrite 1,2040 0,0005
scribunto 0,0000 0,0000
apparent 2,9957 0,0012
moore 1,9661 0,0008
size 0,0000 0,0000
left 0,0408 0,0000
cdx 0,0000 0,0000
much 0,6931 0,0003
takelessons 3,5066 0,0014
accessible 1,1712 0,0005
registrar 3,9120 0,0016
hosting 2,9957 0,0012
alleged 3,2189 0,0013
turn 1,0498 0,0004
ceo 1,5606 0,0006
weis 3,9120 0,0016
result 0,2231 0,0002
opposition 3,5066 0,0014
skype 2,9957 0,0012
same 0,2357 0,0001
commission 1,4697 0,0006
after 0,0305 0,0000
winobjc 4,6052 0,0019
headline 0,0000 0,0000
connect 0,8675 0,0004
policy 0,0000 0,0000
address 0,5621 0,0002
kernel 1,2379 0,0005
simplygon 3,5066 0,0014
union 1,3093 0,0005
adopter 2,6593 0,0011
aaaa 4,6052 0,0019
cfo 2,5257 0,0010
pagelanguagecode 0,0000 0,0000
gnu 1,1087 0,0005
rubyfringe 4,6052 0,0019
transientcontent 0,0000 0,0000
subtle 0,3285 0,0001
licenses 2,9957 0,0012
sale 1,6607 0,0007
police 2,6593 0,0011
blue 1,8326 0,0007
idhash 0,0619 0,0000
norway 2,5257 0,0010
thank 3,9120 0,0016
timeline 1,0788 0,0004
illustration 2,5257 0,0010
information 0,0000 0,0000
god 3,9120 0,0016
wikis 3,2189 0,0013
wrap 0,0101 0,0000
standard 0,2357 0,0001
november 0,0000 0,0000
sharply 3,5066 0,0014
good 0,4155 0,0003
deploy 1,0217 0,0004
empty 0,0305 0,0000
analytics 1,7720 0,0007
tie 2,0402 0,0008
sawant 4,6052 0,0019
replit 4,6052 0,0019
fullversionlist 0,0000 0,0000
serious 1,9661 0,0008
tim 1,0498 0,0004
implement 0,3285 0,0001
namecheap 4,6052 0,0019
svnbridge 4,6052 0,0019
export 0,0000 0,0000
area 0,7985 0,0003
inquirer 3,9120 0,0016
making 2,5257 0,0010
pay 1,1712 0,0010
list 0,0000 0,0000
onto 1,8971 0,0008
external 0,1863 0,0001
wire 1,8326 0,0007
labs 1,2730 0,0005
forethought 3,5066 0,0014
child 0,0202 0,0000
neural 2,4079 0,0010
mainentity 0,0000 0,0000
rashid 3,5066 0,0014
medium 1,4271 0,0006
interface 0,2485 0,0001
bloodhound 3,5066 0,0014
remove 0,3711 0,0003
disclaimers 0,0000 0,0000
vallywag 4,6052 0,0019
xsp 4,6052 0,0019
provider 1,2730 0,0010
root 0,4780 0,0002
wgisprobablyeditable 0,0000 0,0000
lardinois 2,4079 0,0010
live 1,1712 0,0005
floyd 3,5066 0,0014
citation 0,0101 0,0000
blocks 2,9957 0,0012
mobile 0,0000 0,0000
multiple 0,2485 0,0001
tla 4,6052 0,0019
xchange 3,9120 0,0016
peak 3,2189 0,0013
leonardo 3,9120 0,0016
pdc 3,5066 0,0014
plainlist 0,4463 0,0002
pdf 0,0000 0,0000
china 1,6094 0,0007
vimeo 4,6052 0,0019
complaint 2,8134 0,0011
service 0,1393 0,0001
there 0,2614 0,0001
automate 0,7340 0,0003
translation 1,8326 0,0007
bitnami 3,5066 0,0014
well 0,2744 0,0002
handling 1,7148 0,0007
tls 2,3026 0,0009
magazine 0,9943 0,0004
illustrator 3,9120 0,0016
verona 4,6052 0,0019
bitness 0,0000 0,0000
rgba 0,0101 0,0000
allegation 3,9120 0,0016
channel 1,3863 0,0006
focus 0,6733 0,0003
american 0,8440 0,0003
experiment 1,7720 0,0007
russia 2,6593 0,0011
williams 2,2073 0,0009
block 0,0408 0,0000
per 0,8440 0,0003
write 0,1508 0,0002
flow 0,3425 0,0001
promotional 2,8134 0,0011
hololens 3,5066 0,0014
ntfs 3,2189 0,0013
period 1,4697 0,0006
canales 3,9120 0,0016
aria 0,0000 0,0000
boxtext 0,0619 0,0000
byte 0,0408 0,0000
clo 3,5066 0,0014
corporation 1,0498 0,0004
clr 3,5066 0,0014
indonesia 0,3567 0,0001
propose 1,0788 0,0009
intelligence 0,8916 0,0004
ever 1,3863 0,0006
andreessen 3,2189 0,0013
million 0,9416 0,0004
even 0,0513 0,0000
transparency 1,8326 0,0007
daigle 4,6052 0,0019
integration 0,4620 0,0004
restriction 1,4271 0,0006
toolbox 2,9957 0,0012
esperanto 0,7133 0,0003
tagline 0,0000 0,0000
waitlist 4,6052 0,0019
razor 3,2189 0,0013
bulk 2,5257 0,0010
lightgbm 3,9120 0,0016
truong 4,6052 0,0019
regexp 0,0000 0,0000
hundred 1,4271 0,0006
subsection 0,1508 0,0001
wikibhasha 4,6052 0,0019
cmo 3,5066 0,0014
wgeditsubmitbuttonlabelpublish 0,0000 0,0000
toc 0,0000 0,0000
protection 0,4463 0,0002
functionality 0,6539 0,0003
digitalocean 2,1203 0,0009
matter 1,2379 0,0005
restrict 1,5141 0,0012
wgpagecontentmodel 0,0000 0,0000
vcpkg 4,6052 0,0019
tom 1,3863 0,0006
top 0,0000 0,0000
native 0,8916 0,0004
rails 2,1203 0,0009
technica 1,3093 0,0005
peer 1,8971 0,0008
have 0,2744 0,0003
osdn 3,9120 0,0016
neutrality 3,5066 0,0014
gaming 1,8971 0,0008
product 0,4005 0,0003
famous 2,9957 0,0012
lgbtqia 3,2189 0,0013
tashia 4,6052 0,0019
denounce 4,6052 0,0019
verge 1,8326 0,0007
tpm 3,9120 0,0016
wgnamespacenumber 0,0000 0,0000
framework 0,2877 0,0001
cpan 4,6052 0,0019
wgwmepagelength 0,0000 0,0000
rose 2,9957 0,0012
readwriteweb 3,9120 0,0016
entity 0,0101 0,0000
com 0,8210 0,0003
prohibit 2,3026 0,0009
capital 1,8326 0,0007
coo 2,6593 0,0011
covid 1,8326 0,0007
authoring 3,9120 0,0016
expensivefunctioncount 0,0000 0,0000
employee 1,6094 0,0013
lab 1,3863 0,0006
timeusage 0,0000 0,0000
judgment 2,9957 0,0012
pin 0,0000 0,0000
semmle 4,6052 0,0019
function 0,0000 0,0000
raise 1,4271 0,0017
stock 1,8326 0,0007
traffic 1,5606 0,0006
matthew 1,9661 0,0008
comparison 0,4005 0,0002
cpo 3,2189 0,0013
law 1,2379 0,0010
everyone 1,9661 0,0008
cpu 0,0408 0,0000
infobox 0,6931 0,0003
gitlocalize 4,6052 0,0019
less 0,6162 0,0003
pcache 0,0619 0,0000
saeedi 4,6052 0,0019
october 0,0000 0,0000
dickey 4,6052 0,0019
basic 0,6539 0,0003
mcmillan 2,8134 0,0011
twist 2,6593 0,0011
complication 0,0513 0,0000
locate 1,6094 0,0007
nuance 2,9957 0,0012
university 0,5621 0,0005
accidentally 2,6593 0,0011
jquery 0,0000 0,0000
times 1,3093 0,0005
tier 1,7720 0,0007
crc 2,4079 0,0010
design 0,1393 0,0001
extra 1,7720 0,0007
anthropomorphize 4,6052 0,0019
friday 3,5066 0,0014
victim 2,8134 0,0011
timeless 0,0101 0,0000
follower 3,9120 0,0016
detours 4,6052 0,0019
chief 1,6607 0,0007
accord 0,5108 0,0002
automatic 1,2379 0,0005
wgwmeschemaeditattemptstepoversample 0,0000 0,0000
readme 3,2189 0,0013
despite 1,3093 0,0005
ttl 0,0000 0,0000
probe 2,8134 0,0011
investor 2,4079 0,0020
encyclopedia 0,0000 0,0000
bury 2,9957 0,0012
conduct 0,0000 0,0000
stable 0,7133 0,0003
d'innocenzio 4,6052 0,0019
respond 1,3471 0,0005
formerly 1,2040 0,0005
wall 1,7148 0,0007
slashdot 3,2189 0,0013
abovebelow 0,0943 0,0000
japan 1,2730 0,0005
led 3,9120 0,0016
discussion 1,3093 0,0011
ajax 1,7148 0,0007
concern 0,8210 0,0007
figurine 4,6052 0,0019
mountain 2,9957 0,0012
pita 4,6052 0,0019
docs 2,3026 0,0009
acompli 3,5066 0,0014
merge 1,6607 0,0013
pref 0,0000 0,0000
weinhoffer 4,6052 0,0019
state 0,3425 0,0004
csrftoken 0,0000 0,0000
press 0,5621 0,0002
worker 1,6607 0,0007
cto 2,8134 0,0011
element 0,0000 0,0000
night 0,0000 0,0000
want 0,8675 0,0007
qaraqalpaqsha 1,1712 0,0005
ivan 3,2189 0,0013
pack 2,2073 0,0009
each 0,1393 0,0001
javascript 0,9416 0,0004
mediawiki 1,0788 0,0004
input 0,0000 0,0000
theorem 2,0402 0,0008
toolkit 1,5141 0,0006
engadget 2,9957 0,0012
difference 0,8916 0,0004
reality 1,5141 0,0006
must 0,4620 0,0002
infringe 2,9957 0,0012
finley 2,9957 0,0012
resign 2,8134 0,0034
thirty 4,6052 0,0019
unpinned 0,0000 0,0000
sunrise 3,5066 0,0014
entertainment 2,2073 0,0009
warrior 3,2189 0,0013
document 0,4463 0,0004
reside 2,4079 0,0010
clippy 3,2189 0,0013
networks 1,2730 0,0005
two 0,2744 0,0001
pop 1,6607 0,0007
found 1,2379 0,0010
attack 1,1712 0,0005
markdown 3,5066 0,0014
distribute 0,3857 0,0002
graphic 1,6094 0,0007
creation 0,7985 0,0003
datepublished 0,0000 0,0000
receive 0,7340 0,0003
think 0,9676 0,0004
portalleft 1,3093 0,0005
webtv 3,5066 0,0014
services 1,1087 0,0005
team 0,4943 0,0004
rusli 4,6052 0,0019
wgusername 0,0000 0,0000
watch 1,6607 0,0007
chart 1,7148 0,0007
thing 1,0788 0,0009
smith 1,7148 0,0007
spencer 2,3026 0,0009
anne 3,2189 0,0013
source 0,1393 0,0001
align 0,0101 0,0000
secure 1,0217 0,0004
kevin 1,5606 0,0006
hak 2,3026 0,0009
late 0,4155 0,0003
school 1,5141 0,0012
continue 0,6931 0,0003
fume 4,6052 0,0019
donation 3,2189 0,0013
tech 1,2040 0,0005
glass 2,5257 0,0010
last 0,0000 0,0000
activision 3,5066 0,0014
campus 2,3026 0,0009
imageright 0,2614 0,0001
adapt 1,4271 0,0006
eric 1,1394 0,0005
tiku 4,6052 0,0019
weight 0,0101 0,0000
savannah 3,9120 0,0016
develop 0,1863 0,0002
pro 1,6094 0,0007
harassment 4,6052 0,0019
patreon 3,9120 0,0016
technologies 1,0788 0,0004
bookmark 3,5066 0,0014
warn 2,2073 0,0009
institutional 2,9957 0,0012
district 2,5257 0,0010
page 0,0000 0,0000
assume 1,6094 0,0007
employees 3,9120 0,0016
tellme 3,5066 0,0014
full 0,0202 0,0000
psd 4,6052 0,0019
memory 0,0408 0,0000
hackhands 4,6052 0,0019
concept 0,3711 0,0002
crimea 4,6052 0,0019
erlang 1,7720 0,0007
nadella 3,5066 0,0014
jewish 4,6052 0,0019
video 0,8210 0,0003
vott 4,6052 0,0019
freak 3,5066 0,0014
weapon 2,4079 0,0010
perk 4,6052 0,0019
jacob 2,3026 0,0009
early 0,4308 0,0002
overview 0,5447 0,0002
llc 1,7720 0,0007
appropriately 2,5257 0,0010
center 0,0000 0,0000
purchase 1,5141 0,0006
start 0,3011 0,0004
yet 1,1087 0,0005
configure 1,3093 0,0005
windows 0,7985 0,0003
manage 0,3567 0,0003
wauters 3,5066 0,0014
bhuiyan 4,6052 0,0019
thenextweb 4,6052 0,0019
fund 1,8971 0,0015
infrastructure 0,6733 0,0003
wikimedia 0,0000 0,0000
initially 1,0788 0,0004
short 0,0000 0,0000
readwrite 3,9120 0,0016
time 0,0000 0,0000
finance 1,8326 0,0007
applications 1,3093 0,0005
studio 1,3471 0,0005
hyett 4,6052 0,0019
interactive 0,4463 0,0002
gawker 4,6052 0,0019
program 0,2614 0,0001
maniph 3,9120 0,0016
three 0,3711 0,0002
put 0,9416 0,0008
devsummit 4,6052 0,0019
gollum 4,6052 0,0019
twitter 1,7720 0,0007
trac 3,9120 0,0016
payment 2,0402 0,0017
attain 2,8134 0,0011
noquestion 4,6052 0,0019
hardware 0,5798 0,0002
steroid 4,6052 0,0019
cameron 2,5257 0,0010
iran 2,9957 0,0012
happe 3,5066 0,0014
flexwiki 4,6052 0,0019
extensibility 2,6593 0,0011
creative 0,0000 0,0000
nederlands 0,1985 0,0001
uday 4,6052 0,0019
chris 1,2040 0,0005
permafrost 4,6052 0,0019
provide 0,1625 0,0003
regenerate 4,6052 0,0019
wayback 0,7985 0,0003
xandr 3,5066 0,0014
primary 0,7765 0,0003
log 0,0000 0,0000
enterprise 0,4463 0,0002
translator 2,8134 0,0011
wgcheckuserclienthintsheadersjsapi 0,0000 0,0000
bugzilla 3,5066 0,0014
euskara 0,5108 0,0002
layer 0,7340 0,0003
los 2,5257 0,0010
computer 0,1863 0,0001
gadgeteer 3,9120 0,0016
low 0,0101 0,0000
timingprofile 0,0000 0,0000
theme 0,0000 0,0000
smash 2,9957 0,0012
freespeechenthusiast 4,6052 0,0019
wgcategory 0,0000 0,0000
editor 0,0000 0,0000
postexpandincludesize 0,0000 0,0000
funding 1,6607 0,0007
werner 2,9957 0,0012
survive 2,9957 0,0012
doll 3,9120 0,0016
unstrip 0,0000 0,0000
blown 4,6052 0,0019
dascalescu 4,6052 0,0019
templateargumentsize 0,0000 0,0000
pipeline 1,6607 0,0007
unsourced 0,5621 0,0002
january 0,0000 0,0000
permanent 0,0000 0,0000
mikerowesoft 3,5066 0,0014
chan 2,6593 0,0011
choice 1,0498 0,0004
travel 2,0402 0,0008
facility 1,0498 0,0004
clip 2,8134 0,0011
small 0,0305 0,0000
beam 2,2073 0,0009
before 0,0305 0,0000
speedy 0,7133 0,0003
tell 1,5606 0,0006
replace 0,7340 0,0006
experience 0,7985 0,0003
italic 0,1278 0,0001
dan 0,9943 0,0004
hit 2,0402 0,0017
major 0,5621 0,0002
playwright 4,6052 0,0019
controversies 3,5066 0,0014
worldwide 1,4271 0,0006
consider 0,4005 0,0002
linkexchange 3,5066 0,0014
day 0,0000 0,0000
group 0,0408 0,0000
wabbit 4,6052 0,0019
format 0,0101 0,0000
runtime 1,2040 0,0005
archive 0,0943 0,0001
inappropriately 3,9120 0,0016
greenbutton 2,3026 0,0009
history 0,0000 0,0000
twice 1,9661 0,0008
request 0,6733 0,0008
mike 1,2040 0,0005
wgrestrictionedit 0,0000 0,0000
part 0,1985 0,0002
wgpageparsereport 0,0000 0,0000
point 0,5447 0,0002
general 0,0000 0,0000
september 0,0000 0,0000
chen 1,7148 0,0007
padding 0,0000 0,0000
subscribe 2,1203 0,0009
alternative 0,6931 0,0003
clear 0,0101 0,0000
crowdflower 4,6052 0,0019
ltr 0,0000 0,0000
posting 4,6052 0,0019
colleague 2,8134 0,0011
capitol 4,6052 0,0019
someone 2,0402 0,0008
third 0,5447 0,0002
build 0,2357 0,0004
approve 1,7148 0,0007
lua 0,0513 0,0000
travis 3,5066 0,0014
account 0,0000 0,0000
snippet 2,8134 0,0011
stack 0,7340 0,0003
keynoting 4,6052 0,0019
uyghurche 1,9661 0,0008
portalborder 1,3093 0,0005
record 0,7765 0,0003
abbr 0,0619 0,0000
beer 2,9957 0,0012
you 0,0000 0,0000
cuba 3,9120 0,0016
jump 0,0000 0,0000
sequoia 3,5066 0,0014
pass 0,8675 0,0004
impact 0,9163 0,0007
active 0,7985 0,0003
bill 1,5606 0,0006
july 0,0000 0,0000
court 1,9661 0,0008
easy 0,6733 0,0003
subsidiary 2,8134 0,0023
venture 1,8971 0,0008
warren 2,3026 0,0009
population 2,2073 0,0009
senior 2,0402 0,0008
takedown 4,6052 0,0019
valuation 2,8134 0,0011
domain 0,6931 0,0006
theresa 3,9120 0,0016
treatment 2,5257 0,0010
depict 2,5257 0,0010
subgroup 0,0513 0,0000
horvath 4,6052 0,0019
mascot 2,9957 0,0012
avalonia 4,6052 0,0019
transparent 0,0619 0,0000
bootstrapp 3,2189 0,0013
how 0,0834 0,0000
journal 0,4780 0,0002
peter 0,8210 0,0003
spark 1,7720 0,0007
term 0,0000 0,0000
acquisition 1,2040 0,0010
lucent 3,5066 0,0014
brad 2,3026 0,0009
mine 1,6607 0,0007
business 0,3425 0,0001
mini 0,0619 0,0000
sandcastle 4,6052 0,0019
involve 0,6539 0,0003
right 0,0101 0,0000
bing 2,8134 0,0011
march 0,0000 0,0000
assembla 3,9120 0,0016
june 0,0000 0,0000
wikitext 0,0000 0,0000
meet 0,9163 0,0004
headquartered 4,6052 0,0019
series 0,5798 0,0002
thrive 3,5066 0,0014
paul 0,7765 0,0003
under 0,0101 0,0000
ryan 1,6094 0,0007
dig 3,9120 0,0016
bookdown 4,6052 0,0019
promise 1,5141 0,0006
autocapitalize 0,0000 0,0000
down 0,8440 0,0003
divisions 3,2189 0,0013
div 0,0000 0,0000
chinese 1,5141 0,0006
correctly 1,5606 0,0006
later 0,4005 0,0002
teleo 3,5066 0,0014
bracket 0,0619 0,0000
legal 1,1712 0,0005
wgpagename 0,0000 0,0000
talk 0,0000 0,0000
winjs 4,6052 0,0019
barcode 3,5066 0,0014
vault 2,6593 0,0011
train 2,4079 0,0010
richard 0,9676 0,0004
chronozoom 4,6052 0,0019
angeles 2,5257 0,0010
static 1,0217 0,0004
commonly 0,6931 0,0003
journey 2,4079 0,0010
test 0,4463 0,0002
count 0,0513 0,0000
enforcement 2,0402 0,0008
internationalisation 4,6052 0,0019
creep 4,6052 0,0019
hatnote 0,2107 0,0001
publicly 1,6094 0,0007
graph 1,4697 0,0006
pinnable 0,0000 0,0000
take 0,2877 0,0005
vision 1,1394 0,0005
month 0,7133 0,0006
wgrevisionid 0,0000 0,0000
some 0,1744 0,0001
virtual 0,4620 0,0002
additional 0,0000 0,0000
back 0,6349 0,0003
training 1,4697 0,0012
title 0,0000 0,0000
patroltoken 0,0000 0,0000
primarily 0,9943 0,0004
states 0,4943 0,0002
load 0,0202 0,0000
zdnet 1,4697 0,0006
goldman 2,8134 0,0011
alpha 0,0101 0,0000
proclarity 3,5066 0,0014
company 0,4308 0,0003
hemisphere 4,6052 0,0019
thomas 0,8675 0,0004
nuclear 2,5257 0,0010
reception 2,6593 0,0011
human 0,9416 0,0004
just 0,4943 0,0002
pixel 2,5257 0,0010
notice 1,6094 0,0007
custom 0,0000 0,0000
und 3,2189 0,0013
lifts 4,6052 0,0019
michael 0,7133 0,0003
print 0,0000 0,0000
approximately 1,8971 0,0008
hub 1,9661 0,0008
material 0,7765 0,0006
inherit 0,0101 0,0000
klint 2,9957 0,0012
vivaty 3,5066 0,0014
upcoming 2,2073 0,0009
president 1,9661 0,0008
explain 1,1712 0,0005
copilot 3,2189 0,0013
devop 2,1203 0,0009
royalty 2,9957 0,0012
hope 2,1203 0,0009
attempt 0,8440 0,0003
tracking 1,6607 0,0007
soon 1,5606 0,0006
collaborator 3,5066 0,0014
dmy 0,0000 0,0000
executive 1,5606 0,0006
navigation 0,0000 0,0000
hostfinger 4,6052 0,0019
action 0,0000 0,0000
lock 0,0101 0,0000
text 0,0000 0,0000
usually 0,4780 0,0002
takeshi 3,5066 0,0014
python 0,6539 0,0003
ppvisitednode 0,0000 0,0000
cookie 0,0000 0,0000
sense 1,3093 0,0005
protest 2,6593 0,0022
hood 2,5257 0,0010
loading 0,0000 0,0000
umdf 4,6052 0,0019
bell 1,9661 0,0008
broadcasting 3,2189 0,0013
zenimax 3,5066 0,0014
contents 0,0000 0,0000
explorer 1,7148 0,0007
doc 1,8326 0,0007
baseball 3,5066 0,0014
status 0,0000 0,0000
aquantive 3,5066 0,0014
server 0,4005 0,0003
skin 0,0000 0,0000
clipchamp 3,5066 0,0014
dos 1,7720 0,0007
lifecam 3,5066 0,0014
exodus 4,6052 0,0019
notify 2,4079 0,0010
mention 1,7148 0,0014
products 1,4271 0,0006
robert 0,9676 0,0004
file 0,0000 0,0000
government 1,2379 0,0005
known 2,6593 0,0011
mvpl 3,5066 0,0014
member 0,9163 0,0004
recur 2,9957 0,0012
accumulate 2,6593 0,0011
crime 2,2073 0,0009
map 0,8210 0,0003
surround 2,2073 0,0009
wgnoticeproject 0,0000 0,0000
together 0,5978 0,0002
may 0,0000 0,0000
max 0,0513 0,0000
within 0,3011 0,0001
could 0,4780 0,0002
allege 2,8134 0,0011
trigger 0,0513 0,0000
menu 0,0000 0,0000
url 0,0000 0,0000
machine 0,2744 0,0001
workplace 2,8134 0,0011
return 0,0000 0,0000
hogan 3,5066 0,0014
instance 0,7765 0,0003
backlash 3,2189 0,0013
webgl 2,3026 0,0009
subject 1,1087 0,0005
use 0,0000 0,0000
gnats 3,9120 0,0016
feel 1,8326 0,0007
jekyll 4,6052 0,0019
main 0,0000 0,0000
networking 1,5606 0,0006
serve 1,0217 0,0008
wright 2,0402 0,0008
lolapps 4,6052 0,0019
revenue 1,8971 0,0008
fine 1,5606 0,0006
find 0,3425 0,0001
continuous 1,1087 0,0005
host 0,6539 0,0011
logo 0,0000 0,0000
mojang 3,5066 0,0014
regardless 1,7720 0,0007
winrt 3,9120 0,0016
citizen 2,0402 0,0008
carolina 2,9957 0,0012
vbscript 3,2189 0,0013
utc 0,0000 0,0000
illustrate 2,4079 0,0010
occur 0,7765 0,0003
canonical 0,0408 0,0000
film 1,8971 0,0008
seriously 2,9957 0,0012
sort 1,5606 0,0006
sistersitebox 0,6539 0,0003
chacon 3,5066 0,0014
feed 1,9661 0,0008
originate 1,6094 0,0007
wgcurrevisionid 0,0000 0,0000
task 0,5108 0,0002
null 0,0000 0,0000
background 0,0101 0,0000
true 0,0000 0,0000
header 0,0000 0,0000
position 1,5141 0,0006
watchtoken 0,0000 0,0000
present 0,5621 0,0002
harvard 1,7148 0,0007
since 0,3425 0,0001
belong 1,6607 0,0007
mdy 1,6094 0,0007
groove 3,5066 0,0014
shirin 4,6052 0,0019
delete 0,4155 0,0002
mei 3,9120 0,0016
foreach 0,0000 0,0000
competitor 1,9661 0,0008
leadership 2,4079 0,0010
repeat 0,0101 0,0000
make 0,1165 0,0002
beta 1,3863 0,0006
mesh 2,5257 0,0010
wggestructuredtaskrejectionreasontextinputenable 0,0000 0,0000
blacklists 4,6052 0,0019
exactly 1,5606 0,0006
compound 2,4079 0,0010
structure 0,4155 0,0002
master 1,0498 0,0004
ruby 1,0217 0,0004
due 0,5108 0,0002
online 0,7340 0,0003
writer 2,0402 0,0008
duo 3,2189 0,0013
commit 1,2730 0,0021
danger 2,3026 0,0009
cover 1,2040 0,0005
kastrenakes 3,5066 0,0014
patch 1,5141 0,0006
firm 1,3863 0,0006
character 1,1394 0,0005
mehta 3,5066 0,0014
contribution 0,0000 0,0000
devops 1,5141 0,0006
fire 1,7148 0,0014
recursion 0,0513 0,0000
temporal 2,1203 0,0009
height 0,0101 0,0000
august 0,0000 0,0000
module 0,0000 0,0000
wikibase 0,0619 0,0000
invent 1,7720 0,0007
fluent 3,5066 0,0014
yupi 3,5066 0,0014
something 1,4271 0,0006
datemodify 0,0619 0,0000
miller 1,7720 0,0007
unique 1,2379 0,0005
processing 0,6162 0,0003
boost 1,9661 0,0008
except 1,5141 0,0006
roundup 2,9957 0,0012
shared 2,0402 0,0008
notheme 0,3711 0,0002
salter 4,6052 0,0019
examine 1,5606 0,0013
mic 3,9120 0,0016
fundamental 1,4271 0,0006
global 0,7985 0,0003
industry 0,7550 0,0003
long 0,4005 0,0002
remember 2,5257 0,0010
into 0,1985 0,0001
outline 0,8440 0,0003
min 0,1165 0,0000
free 0,0000 0,0000
procdump 4,6052 0,0019
mix 1,2379 0,0010
middle 0,7765 0,0003
star 2,0402 0,0017
blizzard 3,5066 0,0014
sticker 4,6052 0,0019
blacklist 3,9120 0,0032
appeal 2,4079 0,0010
many 0,2357 0,0001
people 0,9943 0,0004
appear 0,8210 0,0003
face 1,1712 0,0010
simon 2,0402 0,0008
abandon 2,0402 0,0025
collaboration 1,1394 0,0005
inspire 1,6094 0,0007
friedman 2,8134 0,0011
household 2,4079 0,0010
procmon 4,6052 0,0019
operation 0,5108 0,0002
open 0,1625 0,0001
azyxxi 3,5066 0,0014
circumvent 2,6593 0,0011
mojave 2,9957 0,0012
tbody 0,6931 0,0003
invest 1,7720 0,0014
project 0,0000 0,0000
ice 2,8134 0,0011
enhancement 0,0101 0,0000
atelier 3,5066 0,0014
inside 0,0101 0,0000
verbatim 3,9120 0,0016
spike 3,5066 0,0014
presentation 1,5141 0,0006
techcrunch 1,3093 0,0005
california 1,2379 0,0005
vermeer 3,5066 0,0014
five 0,9943 0,0004
obsidian 3,5066 0,0014
uneasiness 4,6052 0,0019
please 0,8210 0,0003
ide 1,4697 0,0006
deprecation 2,8134 0,0011
korea 2,1203 0,0009
dropbox 2,3026 0,0009
bosque 4,6052 0,0019
bungie 3,5066 0,0014
dryad 3,9120 0,0016
subdomain 3,9120 0,0016
dafny 4,6052 0,0019
internet 0,5447 0,0002
conflict 1,6094 0,0007
piqlfilm 4,6052 0,0019
allow 0,1863 0,0002
wired 1,2040 0,0005
isbn 0,1054 0,0000
mass 1,8971 0,0008
sponsorship 3,9120 0,0016
proper 1,5606 0,0006
update 0,4463 0,0004
linus 2,4079 0,0010
apple 1,1712 0,0005
horwitz 4,6052 0,0019
common 0,3711 0,0002
cimpanu 2,8134 0,0011
interest 0,9943 0,0008
linux 0,8916 0,0004
themselves 1,1394 0,0005
definition 0,4943 0,0002
placeholder 0,0000 0,0000
every 0,6162 0,0003
apply 0,0000 0,0000
inferior 3,9120 0,0016
again 1,2379 0,0005
sandi 3,5066 0,0014
commend 4,6052 0,0019
lionhead 3,5066 0,0014
layout 2,1203 0,0009
money 1,6094 0,0007
removal 1,6607 0,0007
comment 1,2730 0,0010
step 0,7765 0,0003
mark 0,6733 0,0003
base 0,0305 0,0000
runa 0,9416 0,0004
estates 3,5066 0,0014
colloquis 3,5066 0,0014
arctic 4,6052 0,0019
discussions 4,6052 0,0019
jaramillo 4,6052 0,0019
during 0,5447 0,0002
revolution 1,7148 0,0007
consist 0,6539 0,0003
loss 1,5141 0,0006
incentive 2,0402 0,0008
relate 0,0000 0,0000
enable 0,0000 0,0000
sidebar 0,0000 0,0000
limitreport 0,0000 0,0000
games 1,9661 0,0008
slavery 3,9120 0,0016
maui 4,6052 0,0019
decoration 0,0619 0,0000
reflist 0,0101 0,0000
azure 1,2730 0,0005
calculator 2,6593 0,0011
still 0,5447 0,0002
collaborative 1,8971 0,0008
var 0,0000 0,0000
work 0,2231 0,0003
codespaces 4,6052 0,0019
agree 0,0101 0,0000
packt 1,8326 0,0007
wgulsislanguageselectorempty 0,0000 0,0000
filing 3,2189 0,0013
carney 4,6052 0,0019
itself 0,6539 0,0003
deamicis 4,6052 0,0019
vba 3,5066 0,0014
among 0,5276 0,0002
anyone 1,7148 0,0007
srpski 0,3711 0,0002
registration 0,0101 0,0000
word 0,0101 0,0000
theory 0,9416 0,0004
extension 0,6349 0,0003
internal 0,8210 0,0003
gender 2,9957 0,0012
esri 3,9120 0,0016
foundation 0,0000 0,0000
codeplex 3,9120 0,0016
punch 2,4079 0,0010
slave 3,2189 0,0013
across 0,5798 0,0002
disallow 2,6593 0,0011
discontinue 1,3863 0,0006
fall 1,2379 0,0005
kyle 2,4079 0,0010
scroogle 3,5066 0,0014
tracker 2,6593 0,0011
collective 2,2073 0,0009
event 0,0000 0,0000
undergo 2,4079 0,0010
include 0,0000 0,0000
alongside 1,6607 0,0007
siege 4,6052 0,0019
torvalds 2,4079 0,0010
chakra 2,8134 0,0011
toggle 0,0000 0,0000
nice 3,2189 0,0013
appearance 0,0000 0,0000
alexander 1,5606 0,0006
classname 0,0000 0,0000
censor 3,9120 0,0016
sourceforge 2,9957 0,0012
anonymous 2,1203 0,0009
wggetopicsmatchmodeenable 0,0000 0,0000
ebpf 3,5066 0,0014
spam 2,0402 0,0008
first 0,0408 0,0000
indian 2,2073 0,0009
nowrap 0,0408 0,0000
allen 2,0402 0,0008
prefer 0,0101 0,0000
roman 0,0101 0,0000
allura 3,5066 0,0014
msn 2,3026 0,0009
threshold 2,9957 0,0012
wgrelevantpageisprobablyeditable 0,0000 0,0000
float 0,0101 0,0000
terabit 4,6052 0,0019
transclusion 0,0619 0,0000
space 0,0408 0,0000
reference 0,0101 0,0000
chamber 3,5066 0,0014
ambox 0,7133 0,0003
html 0,4463 0,0002
uploading 2,9957 0,0012
depart 3,5066 0,0014
jira 3,9120 0,0016
ubuntu 2,2073 0,0009
bottom 0,0000 0,0000
dnsimple 4,6052 0,0019
orchestrate 3,2189 0,0013
fossil 2,8134 0,0011
barrelfish 3,9120 0,0016
revision 0,0000 0,0000
magyar 0,3425 0,0001
publisher 0,0000 0,0000
img 0,0408 0,0000
o'reilly 0,6733 0,0003
scientific 1,1712 0,0005
linkedin 2,5257 0,0010
rlstate 0,0000 0,0000
error 0,0101 0,0000
platform 0,0000 0,0000
network 0,3285 0,0003
rust 1,6094 0,0007
public 0,4155 0,0002
mathews 4,6052 0,0019
mvc 2,5257 0,0010
track 0,9676 0,0004
value 0,0000 0,0000
fortune 2,3026 0,0009
isis 3,9120 0,0016
resources 1,3471 0,0005
instead 0,4463 0,0002
controversy 1,7720 0,0014
command 0,7133 0,0006
expensive 0,0408 0,0000
biddle 3,9120 0,0016
trade 1,3863 0,0006
round 1,3093 0,0005
maint 0,0101 0,0000
wiktionary 0,5798 0,0002
platformversion 0,0000 0,0000
exception 1,3471 0,0005
fard 4,6052 0,0019
references 0,0513 0,0000
tomayko 4,6052 0,0019
saved 0,0619 0,0000
year 0,2614 0,0002
laptop 1,9661 0,0008
branch 1,5606 0,0006
urge 2,6593 0,0011
spouse 3,9120 0,0016
via 0,3011 0,0001
quote 0,0101 0,0000
visual 0,9416 0,0004
because 0,0000 0,0000
johana 4,6052 0,0019
agreement 1,3093 0,0005
excellent 3,5066 0,0014
google 0,4005 0,0002
community 0,0000 0,0000
version 0,0000 0,0000
mantisbt 3,9120 0,0016
mcefee 4,6052 0,0019
eesti 0,3285 0,0001
cyberattack 2,8134 0,0011
detain 4,6052 0,0019
vista 2,4079 0,0010
least 0,9676 0,0004
utility 1,2730 0,0005
manual 1,1394 0,0005
matrix 2,2073 0,0009
wgusergroup 0,0000 0,0000
subsequently 1,6094 0,0007
refuse 2,3026 0,0009
aspect 0,7765 0,0003
wikipedia 0,0000 0,0000
scott 1,0217 0,0004
close 0,8210 0,0003
perceptive 3,5066 0,0014
website 0,3711 0,0003
abc 2,4079 0,0010
mitigate 1,8326 0,0007
learn 0,0000 0,0000
fasa 3,5066 0,0014
unlimited 2,3026 0,0009
photo 2,0402 0,0008
logical 1,6607 0,0007
descent 2,9957 0,0012
fast 0,4943 0,0002
horowitz 2,9957 0,0012
jeremy 2,2073 0,0009
register 0,0000 0,0000
controls 2,9957 0,0012
official 0,6162 0,0003
rioter 4,6052 0,0019
act 0,9416 0,0004
post 0,0202 0,0000
duck 3,2189 0,0013
incorporated 2,8134 0,0011
leave 0,0101 0,0000
invertocat 4,6052 0,0019
merriman 4,6052 0,0019
add 0,0000 0,0000
winhec 3,5066 0,0014
minister 2,9957 0,0012
sonic 3,2189 0,0013
need 0,1393 0,0001
quentin 3,9120 0,0016
its 0,0726 0,0000
originally 0,8675 0,0004
elt 0,6931 0,0003
catone 4,6052 0,0019
article 0,0000 0,0000
riskiq 3,5066 0,0014
transact 2,9957 0,0012
parser 0,0000 0,0000
ninja 2,9957 0,0012
http 0,0000 0,0000
exchange 1,1087 0,0005
decimal 0,0101 0,0000
washington 1,5141 0,0006
sanctions 3,9120 0,0016
exec 2,9957 0,0012
private 0,8210 0,0003
technical 0,6349 0,0003
production 0,9943 0,0004
united 0,4780 0,0002
choose 0,8440 0,0010
paste 3,9120 0,0016
directory 1,5141 0,0006
wghostname 0,0000 0,0000
prevent 0,7340 0,0003
gates 2,8134 0,0011
laser 3,5066 0,0014
previously 1,1712 0,0005
wgtitle 0,0000 0,0000
engine 0,4780 0,0002
suhauna 4,6052 0,0019
scope 1,2730 0,0005
end 0,3011 0,0001
molecular 2,9957 0,0012
havok 3,5066 0,0014
vox 2,6593 0,0011
ivp 4,6052 0,0019
embrace 1,9661 0,0008
identify 0,6733 0,0003
wgdigittransformtable 0,0000 0,0000
pour 3,5066 0,0014
pandodaily 4,6052 0,0019
hlist 0,0408 0,0000
label 0,0000 0,0000
praise 2,8134 0,0011
special 0,0000 0,0000
environment 0,4308 0,0002
micro 2,5257 0,0010
vpn 2,6593 0,0011
rlconf 0,0000 0,0000
clone 2,3026 0,0009
pledge 2,6593 0,0022
username 2,6593 0,0011
copyright 1,6607 0,0007
education 1,0788 0,0004
bahasa 0,3285 0,0001
movie 2,2073 0,0009
release 0,2744 0,0003
ago 0,7765 0,0003
caption 0,3567 0,0001
hardy 3,9120 0,0016
shah 2,3026 0,0009
variation 1,9661 0,0008
number 0,0000 0,0000
wgbackendresponsetime 0,0000 0,0000
shorten 0,0000 0,0000
property 0,6539 0,0005
pastebin 4,6052 0,0019
nat 3,9120 0,0016
similar 0,4780 0,0002
partnership 1,9661 0,0008
programmer 0,9416 0,0004
testing 0,6733 0,0003
atlassian 2,9957 0,0012
allegiance 4,6052 0,0019
evelyn 2,8134 0,0011
octodex 4,6052 0,0019
holman 4,6052 0,0019
system 0,0101 0,0000
driver 1,3471 0,0005
issn 0,7765 0,0003
avalos 4,6052 0,0019
swiftkey 3,5066 0,0014
other 0,0000 0,0000
aim 0,8210 0,0003
against 0,6931 0,0003
cell 0,4308 0,0002
retail 2,0402 0,0008
encourage 1,5141 0,0006
cookbook 2,9957 0,0012
kmdf 4,6052 0,0019
rights 2,6593 0,0011
share 0,4620 0,0006
hobbyists 4,6052 0,0019
deployment 0,7985 0,0006
thoroughly 3,5066 0,0014
chairman 2,4079 0,0010
octoverse 3,9120 0,0016
codeberg 3,9120 0,0016
belfiore 3,5066 0,0014
rlq 0,0000 0,0000
firing 3,9120 0,0016
cite 0,0000 0,0000
atom 2,4079 0,0010
movement 1,4697 0,0006
francisco 1,6607 0,0007
precision 2,2073 0,0009
screen 0,0101 0,0000
body 0,0000 0,0000
reactivex 4,6052 0,0019
spur 3,2189 0,0013
mode 0,0000 0,0000
pages 0,0000 0,0000
neo 2,6593 0,0011
net 0,9416 0,0004
newpp 0,0619 0,0000
all 0,0408 0,0000
border 0,0000 0,0000
new 0,0000 0,0000
alm 3,9120 0,0016
read 0,0000 0,0000
already 1,1087 0,0005
performative 4,6052 0,0019
applicable 2,1203 0,0009
real 0,0408 0,0000
clientpref 0,0000 0,0000
zhou 2,9957 0,0012
tool 0,0000 0,0000
tony 1,8326 0,0007
unit 0,6539 0,0003
svenska 0,3857 0,0002
monthly 2,6593 0,0011
leakage 3,2189 0,0013
shading 4,6052 0,0019
facilitate 0,8440 0,0003
cnbc 2,1203 0,0009
mandate 2,1203 0,0009
oxley 4,6052 0,0019
wgpagecontentlanguage 0,0000 0,0000
dreams 3,9120 0,0016
respective 2,0402 0,0008
media 0,2485 0,0001
amy 2,4079 0,0010
around 0,6931 0,0003
wgisarticle 0,0000 0,0000
today 1,0788 0,0004
row 0,4943 0,0002
render 0,0513 0,0001
ann 2,1203 0,0009
quartz 2,5257 0,0010
specific 0,2877 0,0001
application 0,0943 0,0000
milestone 2,2073 0,0009
engage 2,2073 0,0009
wgflaggedrevsparams 0,0000 0,0000
istock 4,6052 0,0019
until 0,7765 0,0003
strategy 0,7340 0,0003
tuleap 3,9120 0,0016
collapse 0,0408 0,0000
forms 3,2189 0,0013
reason 0,7985 0,0003
hotmail 3,5066 0,0014
octopus 3,9120 0,0016
wgrelevantarticleid 0,0000 0,0000
preprocessor 0,0513 0,0000
navision 3,5066 0,0014
mbox 0,7133 0,0003
powerset 3,5066 0,0014
english 0,0000 0,0000
exclusive 2,4079 0,0010
api 0,3425 0,0001
app 0,9943 0,0004
cache 0,0305 0,0000
margin 0,0000 0,0000
merging 3,9120 0,0016
suomi 0,2107 0,0001
wgrequestid 0,0000 0,0000
xamarin 3,2189 0,0013
wikinews 2,6593 0,0011
enwikimwclientpreference 0,0000 0,0000
rlpagemodules 0,0000 0,0000
cain 3,2189 0,0013
demand 1,1712 0,0010
reel 3,9120 0,0016
eye 2,3026 0,0009
roslyn 4,6052 0,0019
gitea 3,5066 0,0014
alex 1,3863 0,0006
turkey 3,2189 0,0013
letter 1,5606 0,0006
samea 0,0000 0,0000
telescope 3,5066 0,0014
mound 4,6052 0,0019
dunn 4,6052 0,0019
annually 2,6593 0,0011
wgwikibaseitemid 0,0000 0,0000
hussain 3,2189 0,0013
accuse 3,2189 0,0013
wgulsiscompactlinksenable 0,0000 0,0000
another 0,3567 0,0001
automatically 0,7765 0,0003
pagevariantfallback 0,0000 0,0000
montini 4,6052 0,0019
ddos 2,8134 0,0011
recommend 1,4697 0,0006
acquire 1,1087 0,0018
journalists 3,9120 0,0016
dailymotion 4,6052 0,0019
webarchive 0,7985 0,0003
diversity 2,5257 0,0010
encryption 1,1712 0,0005
vendor 1,1087 0,0005
wgmonthname 0,0000 0,0000
kinect 3,5066 0,0014
catherine 2,6593 0,0011
disabled 0,0000 0,0000
where 0,2744 0,0001
arm 1,6607 0,0007
popular 0,6539 0,0003
timestamp 0,0000 0,0000
arr 4,6052 0,0019
emojis 4,6052 0,0019
art 1,2379 0,0005
vice 2,2073 0,0009
ars 1,9661 0,0008
black 1,5141 0,0006
riot 3,5066 0,0014
nest 1,7720 0,0007
xbox 3,2189 0,0013
supporter 2,9957 0,0012
call 0,0101 0,0000
such 0,0943 0,0000
cnet 1,7720 0,0007
plugin 1,9661 0,0008
partners 2,9957 0,0012
ask 1,0498 0,0009
confrontational 4,6052 0,0019
describe 0,2485 0,0002
blazor 3,2189 0,0013
asn 3,2189 0,0013
through 0,2107 0,0001
administration 1,2730 0,0005
disregard 3,5066 0,0014
officer 2,0402 0,0008
reportedly 2,8134 0,0011
dmca 3,2189 0,0013
run 0,3011 0,0001
bitbucket 3,2189 0,0013
microsoft 0,4005 0,0002
research 0,5621 0,0002
yamm 3,5066 0,0014
either 0,5621 0,0002
view 0,0000 0,0000
svalbard 4,6052 0,0019
white 0,0305 0,0000
padmasree 3,5066 0,0014
stripe 3,5066 0,0014
donate 0,0000 0,0000
winternals 3,5066 0,0014
bold 0,0408 0,0000
engineering 0,3857 0,0002
significant 0,6931 0,0003
altspacevr 3,5066 0,0014
signalr 4,6052 0,0019
volunteer 2,8134 0,0011
reopen 3,9120 0,0016
name 0,0000 0,0000
cputime 0,0000 0,0000
reid 3,5066 0,0014
parker 3,5066 0,0014
watchlist 0,0000 0,0000
migrate 2,0402 0,0008
next 0,5798 0,0002
color 0,0101 0,0000
submit 1,6094 0,0013
book 0,4308 0,0002
show 0,0513 0,0000
description 0,0000 0,0000
summit 2,0402 0,0008
mono 2,5257 0,0010
negative 1,5606 0,0006
not 0,0101 0,0000
ally 2,9957 0,0012
street 1,5606 0,0006
now 0,4308 0,0002
plains 3,5066 0,0014
statement 0,0000 0,0000
debugging 2,0402 0,0008
trademark 0,0101 0,0000
greek 0,0101 0,0000
news 0,4620 0,0002
introduce 0,3285 0,0003
placeware 3,5066 0,0014
npm 2,4079 0,0010
rodriguez 2,9957 0,0012
sculpture 4,6052 0,0019
way 0,2485 0,0002
editing 2,1203 0,0009
target 0,0101 0,0000
gist 2,9957 0,0024
what 0,0000 0,0000
furthermore 1,6607 0,0007
refer 0,4155 0,0002
vulnerabilities 3,2189 0,0013
risk 0,8916 0,0004
aws 1,3471 0,0005
penny 3,5066 0,0014
underpin 2,6593 0,0011
container 0,0000 0,0000
play 1,1712 0,0005
leader 1,6607 0,0007
developers 0,0000 0,0000
usage 0,0000 0,0000
cernuda 3,5066 0,0014
charles 1,2730 0,0005
decide 0,9943 0,0004
wgmediaviewerenabledbydefault 0,0000 0,0000
nearby 0,0000 0,0000
when 0,0834 0,0000
jim 1,5141 0,0006
kathleen 2,6593 0,0011
far 1,2730 0,0005
faq 1,6094 0,0007
powershell 2,6593 0,0011
electron 3,9120 0,0016
financially 3,5066 0,0014
generation 1,2040 0,0005
nokia 2,0402 0,0008
give 0,4780 0,0006
canvas 2,3026 0,0009
counsel 3,2189 0,0013
item 0,0000 0,0000
wgmediavieweronclick 0,0000 0,0000
double 1,0498 0,0009
wgulsposition 0,0000 0,0000
suicide 3,9120 0,0016
melayu 0,6349 0,0003
ironruby 3,5066 0,0014
rosalie 4,6052 0,0019
guthrie 3,2189 0,0013
powertoys 3,9120 0,0016
wgbreakframe 0,0000 0,0000
rely 0,6931 0,0003
italiano 0,1278 0,0001
sticky 0,0000 0,0000
style 0,0000 0,0000
card 1,3863 0,0006
browse 3,2189 0,0013
denial 2,3026 0,0009
doerrfeld 4,6052 0,0019
neath 4,6052 0,0019
enormously 3,9120 0,0016
searchinput 0,0000 0,0000
harry 2,5257 0,0010
australian 3,2189 0,0013
pattern 0,5978 0,0002
commons 0,0000 0,0000
gain 0,8916 0,0004
julie 2,6593 0,0011
leaks 4,6052 0,0019
confuse 1,2040 0,0005
web 0,1165 0,0000
farecast 3,5066 0,0014
nate 3,2189 0,0013
wei 2,5257 0,0010
mimalloc 4,6052 0,0019
architecture 0,0000 0,0000
insider 1,5606 0,0006
more 0,0000 0,0000
display 0,0000 0,0000
julio 4,6052 0,0019
great 0,8675 0,0004
criticize 1,5141 0,0006
organization 0,0000 0,0000
width 0,0000 0,0000
certain 0,6162 0,0003
board 1,0217 0,0004
statistics 0,0000 0,0000
ironpython 3,9120 0,0016
fee 2,2073 0,0009
section 0,7340 0,0006
simple 0,2231 0,0001
cloud 0,6349 0,0003
notification 1,8971 0,0008
overflow 0,3567 0,0001
nsakey 3,5066 0,0014
provoke 3,9120 0,0016
shum 3,5066 0,0014
few 0,7133 0,0003
undead 3,5066 0,0014
totally 2,6593 0,0011
negotiate 3,9120 0,0016
hunt 2,6593 0,0011
package 0,9943 0,0008
visible 0,0101 0,0000
marketplace 2,3026 0,0009
orient 0,5447 0,0002
kind 0,8675 0,0004
solely 2,6593 0,0011
both 0,0305 0,0000
important 0,0101 0,0000
market 0,9943 0,0004
most 0,2107 0,0001
transfer 0,7985 0,0003
outside 1,1087 0,0005
overhaul 2,8134 0,0011
heise 4,6052 0,0019
keep 0,6733 0,0008
topic 0,0000 0,0000
job 1,3093 0,0005
option 0,9416 0,0004
who 0,5621 0,0002
joe 1,7720 0,0007
nonprofit 3,5066 0,0014
sponsor 2,0402 0,0008
game 0,7765 0,0006
launchpad 3,5066 0,0014
hughes 2,2073 0,0009
silica 4,6052 0,0019
contribute 0,0000 0,0000
jon 1,6607 0,0007
generator 1,7148 0,0007
why 0,6539 0,0003
forbid 2,2073 0,0009
gists 4,6052 0,0019
integrated 1,2379 0,0005
highlight 1,3093 0,0005
database 0,2485 0,0001
along 0,7340 0,0003
coders 3,5066 0,0014
geospatial 2,6593 0,0011
billion 1,3471 0,0005
david 0,5798 0,0002
sam 1,8326 0,0007
wgseparatortransformtable 0,0000 0,0000
rest 1,0788 0,0004
san 1,2379 0,0005
move 0,0000 0,0000
original 0,0943 0,0000
assignment 2,2073 0,0009
wix 4,6052 0,0019
also 0,0202 0,0000
say 0,6733 0,0008
designer 1,2730 0,0010
enough 0,9676 0,0004
terminal 1,7720 0,0007
insensitivity 3,9120 0,0016
surpass 2,3026 0,0009
onfolio 3,5066 0,0014
inline 0,0408 0,0000
administrative 2,8134 0,0011
various 0,3857 0,0002
visio 3,5066 0,0014
investigation 2,3026 0,0009
visit 0,0408 0,0000
carmel 4,6052 0,0019
user 0,0000 0,0000
customer 0,7550 0,0003
parent 1,8326 0,0007
projects 1,4697 0,0006
spokesperson 3,5066 0,0014
hausa 1,8971 0,0008
offer 0,4155 0,0005
nazi 4,6052 0,0019
megan 2,9957 0,0012
campaigns 3,5066 0,0014
giant 2,1203 0,0009
fluid 2,3026 0,0009
outlet 3,5066 0,0014
addition 0,6733 0,0003
bbc 1,9661 0,0008
grow 0,8675 0,0007
sure 2,1203 0,0009
preston 3,5066 0,0014
documentation 0,6349 0,0003
league 3,5066 0,0014
engineers 2,5257 0,0010
diff 2,9957 0,0012
personal 0,0000 0,0000
al 4,6052 0,0019
former 1,3093 0,0005
ar 1,5141 0,0006
proxy 1,7148 0,0007
lindows 3,5066 0,0014
imageobject 0,0000 0,0000
sdk 2,4079 0,0010
higgins 3,5066 0,0014
deal 1,1712 0,0010
abuse 2,3026 0,0009
be 0,1508 0,0002
scheme 0,0101 0,0000
icon 0,0101 0,0000
expansiondepth 0,0000 0,0000
altamira 3,5066 0,0014
prover 4,6052 0,0019
coding 2,4079 0,0010
communications 1,2040 0,0005
search 0,0000 0,0000
see 0,0408 0,0000
spacing 0,0619 0,0000
responsibility 1,3863 0,0006
wgrelevantpagename 0,0000 0,0000
popularity 1,3093 0,0005
indicate 1,0217 0,0008
typescript 1,8971 0,0008
innovation 1,2379 0,0005
kristina 2,9957 0,0012
rollbar 4,6052 0,0019
contain 0,0101 0,0000
set 0,2107 0,0002
detractor 4,6052 0,0019
founder 1,4697 0,0012
shqip 0,6931 0,0003
column 0,0101 0,0000
procedure 0,9676 0,0004
msquic 4,6052 0,0019
integrate 0,5798 0,0005
applicant 3,5066 0,0014
byrne 4,6052 0,0019
awesome 3,9120 0,0016
partner 1,7720 0,0014
wgaction 0,0000 0,0000
unfit 1,8326 0,0007
acquisitions 2,4079 0,0010
interview 1,5606 0,0013
forking 4,6052 0,0019
font 0,0000 0,0000
carlos 2,5257 0,0010
visualization 1,5606 0,0006
language 0,0000 0,0000
do 0,1625 0,0001
navbox 0,0943 0,0000
listitem 0,0408 0,0000
repositories 3,5066 0,0014
startup 1,2040 0,0005
contact 0,0000 0,0000
rare 1,8971 0,0008
useless 2,6593 0,0011
alcatel 3,5066 0,0014
criticism 1,1394 0,0005
programming 0,2744 0,0001
image 0,0202 0,0000
ribbon 3,5066 0,0014
garbage 2,3026 0,0009
sendgrid 3,9120 0,0016
she 1,8326 0,0007
noauthority 4,6052 0,0019
simpson 4,6052 0,0019
party 0,6539 0,0003
cursor 0,0619 0,0000
however 0,3011 0,0001
deep 1,3863 0,0006
origin 0,0000 0,0000
india 1,4271 0,0006
sic 3,5066 0,0014
walltime 0,0000 0,0000
interlanguage 0,0000 0,0000
airsim 4,6052 0,0019
content 0,0000 0,0000
random 0,0000 0,0000
wikibooks 0,8210 0,0003
desktop 1,0788 0,0004
alert 1,8326 0,0007
sanction 2,4079 0,0020
terminology 1,7148 0,0007
trainer 3,9120 0,0016
skill 1,7720 0,0007
client 0,0000 0,0000
foss 1,8971 0,0008
trouble 2,9957 0,0012
dohmke 4,6052 0,0019
class 0,0000 0,0000
gehomepagesuggestededitsenabletopic 0,0000 0,0000
reporting 2,1203 0,0009
volometrix 3,5066 0,0014
digital 0,6162 0,0003
over 0,3285 0,0001
false 0,0000 0,0000
specification 0,7133 0,0003
packaging 2,1203 0,0009
counter 0,0408 0,0000
parse 0,0619 0,0001
perpetuity 4,6052 0,0019
redmine 3,2189 0,0013
fork 1,1394 0,0014
form 0,3011 0,0004
management 0,2231 0,0001
publish 0,4463 0,0002
developer 0,1744 0,0001
avoid 0,0101 0,0000
renew 3,9120 0,0016
he 0,6733 0,0003
merger 2,5257 0,0010
withdraw 2,6593 0,0011
big 0,7550 0,0006
expert 1,3863 0,0011
marrian 4,6052 0,0019
bit 1,3863 0,0006
output 0,0000 0,0000
axosoft 3,9120 0,0016
four 0,9676 0,0004
peterson 2,8134 0,0011
technet 3,2189 0,0013
neumann 2,5257 0,0010
pritzker 3,5066 0,0014
model 0,0000 0,0000
octopuss 4,6052 0,0019
https 2,3026 0,0009
id 2,8134 0,0011
join 1,1087 0,0009
portal 0,0000 0,0000
reduce 0,0101 0,0000
sentence 0,0000 0,0000
issue 0,3425 0,0001
kern 0,0101 0,0000
large 0,2485 0,0003
surface 2,1203 0,0009
director 1,6607 0,0007
stylecop 4,6052 0,0019
announce 0,6733 0,0005
odd 0,0943 0,0000
phil 2,3026 0,0009
traditional 0,7985 0,0003
operate 0,3567 0,0004
testtrack 3,9120 0,0016
yihui 4,6052 0,0019
john 0,5276 0,0002
begin 0,5108 0,0002
wgvisualeditor 0,0000 0,0000
become 0,2877 0,0002
template 0,0000 0,0000
viewer 2,8134 0,0011
jennifer 2,4079 0,0010
proportion 3,2189 0,0013
enwiki 0,0619 0,0000
diskspd 4,6052 0,0019
subscription 0,0101 0,0000
nerdy 4,6052 0,0019
screenhero 4,6052 0,0019
vowpal 4,6052 0,0019
library 0,3857 0,0002
navbar 0,0202 0,0000
world 0,3857 0,0002
ftc 2,6593 0,0011
russell 2,1203 0,0009
subbox 0,6931 0,0003
december 0,0000 0,0000
immigrant 4,6052 0,0019
everything 1,2730 0,0005
bundle 1,6094 0,0020
rafael 2,9957 0,0012
table 0,0000 0,0000
creator 1,2730 0,0005
immigration 3,9120 0,0016
side 0,3425 0,0001
gaeilge 1,2040 0,0005
break 0,0101 0,0000
change 0,0000 0,0000
draw 1,7148 0,0007
katie 2,5257 0,0010
printable 0,0000 0,0000
off 0,8916 0,0004
exposures 3,9120 0,0016
hide 0,0000 0,0000
corporate 1,4697 0,0006
report 0,0202 0,0000
terminus 4,6052 0,0019
outercurve 3,5066 0,0014
complete 0,4780 0,0004
married 4,6052 0,0019
octocat 4,6052 0,0019
maluuba 3,5066 0,0014
auto 0,0726 0,0000
terabyte 3,5066 0,0014
notepad 3,9120 0,0016
sign 1,2379 0,0005
office 1,0498 0,0004
northern 3,2189 0,0013
wgcanonicalspecialpagename 0,0000 0,0000
while 0,2614 0,0001
second 0,0408 0,0000
bitfunnel 4,6052 0,0019
that 0,5108 0,0002
download 0,0000 0,0000
high 0,0101 0,0000
split 0,0000 0,0000
epling 4,6052 0,0019
helix 2,9957 0,0012
than 0,2357 0,0001
limit 0,0000 0,0000
champagne 3,5066 0,0014
claim 0,9676 0,0008
noah 3,2189 0,0013
venturebeat 2,1203 0,0009
brian 1,2730 0,0005
communication 0,6162 0,0005
different 0,0513 0,0000
porter 3,2189 0,0013
officially 1,8971 0,0008
incoming 2,5257 0,0010
level 0,0000 0,0000
author 0,0000 0,0000
photoshop 3,9120 0,0016
feeling 2,8134 0,0011
undisclosed 3,9120 0,0016
establish 0,8916 0,0004
expansion 0,0619 0,0000
entry 0,8210 0,0003
license 0,0000 0,0000
expand 0,0101 0,0000
headquarters 2,4079 0,0010
bob 1,8326 0,0007
orleans 3,9120 0,0016
wgmfdisplaywikibasedescription 0,0000 0,0000
coal 3,5066 0,0014
retrieve 0,0000 0,0000
gitlab 3,2189 0,0013
integrations 4,6052 0,0019
datum 0,0408 0,0000
heat 2,4079 0,0010
behind 1,2730 0,0005
importer 3,9120 0,0016
code 0,0000 0,0000
student 1,4271 0,0012
wgdefaultdateformat 0,0000 0,0000
seal 4,6052 0,0019
box 0,0408 0,0000
storage 0,3711 0,0002
sql 1,0788 0,0004
switch 0,9163 0,0004
head 0,7765 0,0003
total 0,0000 0,0000
deepspeed 3,9120 0,0016
cnnmoney 3,2189 0,0013
deutsch 0,0943 0,0000
playground 2,9957 0,0012
consumers 3,2189 0,0013
fourq 4,6052 0,0019
hexadecimal 2,6593 0,0011
highly 1,1712 0,0005
console 1,7720 0,0007
initiative 1,0217 0,0008
social 0,8210 0,0003
src 0,6349 0,0003
anderson 1,9661 0,0008
control 0,1625 0,0001
dormant 3,9120 0,0016
zach 3,5066 0,0014
quarrel 4,6052 0,0019
attribution 0,0000 0,0000
pulse 2,8134 0,0023
vary 0,0619 0,0000
upper 0,0101 0,0000
dynamics 1,8326 0,0007
scandal 2,9957 0,0012
estimate 1,3863 0,0006
expiry 0,0619 0,0000
minerva 0,0101 0,0000
brand 0,0000 0,0000
publishing 0,7550 0,0003
recent 0,0000 0,0000
they 0,0619 0,0001
trends 1,5141 0,0006
deny 2,3026 0,0019
github 0,7340 0,0003
edit 0,0000 0,0000
old 0,8675 0,0007
stl 3,9120 0,0016
then 0,3567 0,0001
accept 1,1087 0,0005
node 0,0305 0,0000
cognitive 1,8326 0,0007
tlaps 4,6052 0,0019
oppose 1,6094 0,0007
access 0,2877 0,0004
conference 0,3425 0,0001
seed 2,2073 0,0009
simi 0,9416 0,0004
sum 1,9661 0,0008
seek 1,4697 0,0006
voldemort 3,9120 0,0016
wilhelm 2,8134 0,0011
selflink 0,0101 0,0000
current 0,0000 0,0000
variety 0,9943 0,0004
george 1,6607 0,0007
thompson 1,8326 0,0007
vector 0,0000 0,0000
liam 2,8134 0,0011
unreal 4,6052 0,0019
conferences 2,2073 0,0009
email 1,4271 0,0006
key 0,0305 0,0000
silk 2,2073 0,0009
cachereport 0,0000 0,0000
decision 0,8675 0,0004
manager 0,8440 0,0007
svg 1,0788 0,0004
one 0,0943 0,0000
garage 3,2189 0,0013
maker 1,8971 0,0008
syria 3,9120 0,0016
launch 0,9943 0,0012
josh 2,8134 0,0011
nuget 4,6052 0,0019
store 0,5447 0,0007
svp 3,5066 0,0014
confirm 1,6094 0,0013
single 0,3147 0,0001
entityaccesscount 0,0000 0,0000
pull 1,5606 0,0019
walmsley 3,5066 0,0014
iloo 3,5066 0,0014
bug 0,8675 0,0004
weebly 4,6052 0,0019
catalin 2,8134 0,0011
censorship 2,6593 0,0011
ghaffary 4,6052 0,0019
story 1,2730 0,0010
country 1,3863 0,0011
ignite 2,9957 0,0012
vxtreme 3,5066 0,0014
willing 2,9957 0,0012
buy 1,4271 0,0017
available 0,0000 0,0000
express 1,0788 0,0009
frequency 1,6607 0,0007
zero 1,0217 0,0004
apache 1,0788 0,0004
chakracore 3,2189 0,0013
variant 0,0619 0,0000
dynamic 0,7133 0,0003
generate 0,8210 0,0007
studios 2,6593 0,0011
theinquirer 4,6052 0,0019
this 0,1278 0,0001
norsk 0,3285 0,0001
stanton 3,5066 0,0014
memusage 0,0000 0,0000
debbug 3,9120 0,0016
ocean 2,8134 0,0011
once 0,7985 0,0003
failure 1,1087 0,0005
forge 2,8134 0,0011
bolster 3,9120 0,0016
know 0,2231 0,0002
vp 3,5066 0,0014
region 2,0402 0,0008
support 0,1393 0,0002
drop 1,1394 0,0005
preview 1,6607 0,0013
hire 2,2073 0,0009
wgpopupsflag 0,0000 0,0000
polski 0,1165 0,0000
privacy 0,0000 0,0000
learning 0,8916 0,0004
reciprocal 4,6052 0,0019
vertical 0,7985 0,0003
pure 1,9661 0,0008
life 0,9416 0,0004
we 1,3093 0,0005
graphs 3,9120 0,0016
proprietary 0,9676 0,0004
kit 1,7720 0,0007
unregistered 3,2189 0,0013
scharf 3,5066 0,0014
archival 3,5066 0,0014
extensible 1,8326 0,0007
compulsion 3,5066 0,0014
connectix 3,5066 0,0014
normal 0,0202 0,0000
allocation 1,8326 0,0007
previous 1,1712 0,0005
argue 1,4271 0,0006
technology 0,1863 0,0001
nitasha 4,6052 0,0019
damn 2,8134 0,0011
litigation 2,4079 0,0010
wgarticleid 0,0000 0,0000
pagelanguagedir 0,0000 0,0000
wgcitereferencepreviewsactive 0,0000 0,0000
location 0,9943 0,0004
onefuzz 4,6052 0,0019
compromise 1,8326 0,0007
brent 3,5066 0,0014
software 0,0000 0,0000
frameworks 2,0402 0,0008
xdp 4,6052 0,0019
reach 1,2040 0,0010
none 0,0101 0,0000
repository 0,5276 0,0004
type 0,0000 0,0000
youtrack 3,9120 0,0016
april 0,0000 0,0000
beyond 1,0217 0,0004
dapr 4,6052 0,0019
hack 1,3471 0,0005
problem 0,3285 0,0001
review 0,6162 0,0005
presence 1,3471 0,0005
between 0,2107 0,0001
guide 0,3711 0,0002
firefly 2,9957 0,0012
method 0,3147 0,0001
teams 2,4079 0,0010
wife 3,5066 0,0014
contract 1,4271 0,0012
come 0,4155 0,0005
push 0,0000 0,0000
techrepublic 2,5257 0,0010
saas 2,8134 0,0011
soundworks 3,5066 0,0014
lift 2,5257 0,0010
frederic 2,3026 0,0009
gizmodo 2,9957 0,0012
flag 2,6593 0,0011
north 1,7148 0,0007
recursiveextractor 4,6052 0,0019
portalbox 1,3093 0,0005
claire 2,6593 0,0011
hoffman 2,9957 0,0012
wanstrath 3,9120 0,0016
tools 1,4697 0,0006
capacity 1,7148 0,0007
out 0,0000 0,0000
leak 1,5606 0,0013
feature 0,0000 0,0000
lean 1,8971 0,0008
flat 2,6593 0,0011
cached 0,4463 0,0002
get 0,0000 0,0000
portalright 1,3093 0,0005
dark 0,0101 0,0000
course 1,3093 0,0005
power 0,6733 0,0005
dispute 1,6607 0,0013
sell 1,3471 0,0005
msbuild 4,6052 0,0019
codebeat 4,6052 0,0019
suggest 1,0217 0,0004
transformation 1,5606 0,0006
lead 0,2231 0,0002
expect 0,8440 0,0003
help 0,0000 0,0000
site 0,0000 0,0000
depth 0,0000 0,0000
massive 1,8326 0,0007
rename 1,5141 0,0012
unified 1,8971 0,0008
self 0,7133 0,0003
dybeck 3,5066 0,0014
sharealike 0,0000 0,0000
date 0,3011 0,0004
argument 0,0513 0,0000
reveal 1,5606 0,0006
data 0,0000 0,0000
own 0,4780 0,0004
wiki 1,2730 0,0010
wgpageviewlanguage 0,0000 0,0000
blog 0,6349 0,0005
dozen 2,4079 0,0010
pipinellis 4,6052 0,0019
accesskey 0,0000 0,0000
xie 2,9957 0,0012
only 0,2107 0,0001
should 0,3711 0,0002
create 0,0000 0,0000
tag 0,0000 0,0000
activist 2,5257 0,0010
development 0,1278 0,0001
taylor 2,2073 0,0009
like 0,2231 0,0001
resource 0,4620 0,0002
profiler 2,0402 0,0008
tay 2,9957 0,0012
activism 3,9120 0,0016
pando 3,5066 0,0014
core 0,5621 0,0002
quadrillion 4,6052 0,0019
person 0,6162 0,0003
boxing 3,9120 0,0016
enforce 1,4271 0,0006
inxile 3,5066 0,0014
visitor 2,3026 0,0009
numoto 3,5066 0,0014
send 0,7550 0,0003
potentially 0,7765 0,0003
here 0,0000 0,0000
youtube 1,5141 0,0006
laguna 4,6052 0,0019
purpose 0,5108 0,0004
line 0,0101 0,0000
curate 3,2189 0,0013
link 0,0000 0,0000
macgregor 3,5066 0,0014
scale 0,4943 0,0002
cai 3,9120 0,0016
tung 2,8134 0,0011
achilleas 4,6052 0,0019
robin 1,7720 0,0007
can 0,0408 0,0000
computing 0,4155 0,0002
security 0,3285 0,0001
cap 0,0619 0,0000
contributor 0,0000 0,0000
git 1,8971 0,0008
hamed 3,9120 0,0016
wgcanonicalnamespace 0,0000 0,0000
flex 0,5276 0,0002
ready 0,0000 0,0000
cost 0,6733 0,0005
wgisredirect 0,0000 0,0000
limited 0,8916 0,0004
will 0,2485 0,0002
february 0,0000 0,0000
implementation 0,3147 0,0001
match 0,5276 0,0002
follow 0,2744 0,0002
satya 3,5066 0,0014
intent 1,8971 0,0008
really 1,5606 0,0006
petahertz 4,6052 0,0019
compliance 1,4271 0,0006
response 0,7340 0,0003
responsive 0,0202 0,0000
york 0,8440 0,0003
independently 1,3863 0,0006
category 0,0000 0,0000
metaswitch 3,5066 0,0014
intend 0,6162 0,0005
rival 2,6593 0,0011
wikidata 0,0000 0,0000
snap 2,9957 0,0012
