cancel 2,4079 0,0020
gke 3,9120 0,0016
german 1,6607 0,0007
prepare 1,6094 0,0007
functions 2,5257 0,0011
dalles 4,6052 0,0019
upload 0,0000 0,0000
novet 3,2189 0,0014
safesearch 4,6052 0,0019
shooting 4,6052 0,0019
wggelevelingupenabledforuser 0,0000 0,0000
wgrestrictionmove 0,0000 0,0000
remote 0,9163 0,0004
without 0,2744 0,0001
aviv 3,5066 0,0015
oceania 3,9120 0,0016
recruiting 3,9120 0,0016
ghemawat 4,6052 0,0019
tel 3,9120 0,0016
persistent 1,5141 0,0006
energy 1,4697 0,0006
audience 2,6593 0,0011
solid 0,0202 0,0000
janakiram 3,9120 0,0016
switzerland 2,4079 0,0010
tez 4,6052 0,0019
require 0,0000 0,0000
analysis 0,5108 0,0002
cdn 3,2189 0,0014
iland 2,5257 0,0011
scribunto 0,0000 0,0000
honeycomb 3,5066 0,0015
exposure 2,4079 0,0010
size 0,0000 0,0000
left 0,0408 0,0000
cdx 0,0000 0,0000
arab 2,5257 0,0011
object 0,3711 0,0003
newspaper 1,5606 0,0007
flight 2,5257 0,0011
role 0,8916 0,0004
independent 0,8440 0,0004
roll 1,9661 0,0008
notable 1,1394 0,0005
turn 1,0498 0,0004
ceo 1,5606 0,0007
result 0,2231 0,0001
pier 4,6052 0,0019
impermium 4,6052 0,0019
same 0,2357 0,0001
saml 4,6052 0,0019
commission 1,4697 0,0006
after 0,0305 0,0000
flip 3,5066 0,0015
headline 0,0000 0,0000
connect 0,8675 0,0007
hand 1,0217 0,0004
policy 0,0000 0,0000
salt 2,9957 0,0013
googleshare 4,6052 0,0019
union 1,3093 0,0005
cfo 2,5257 0,0011
pagelanguagecode 0,0000 0,0000
n 3,9120 0,0016
transientcontent 0,0000 0,0000
subtle 0,3285 0,0001
suite 1,2040 0,0005
blue 1,8326 0,0008
idhash 0,0619 0,0000
timeline 1,0788 0,0005
information 0,0000 0,0000
subsidiaries 3,2189 0,0014
rackspace 2,2073 0,0009
wrap 0,0101 0,0000
standard 0,2357 0,0001
november 0,0000 0,0000
reader 1,5606 0,0007
deploy 1,0217 0,0009
empty 0,0305 0,0000
compute 0,6733 0,0006
hacks 3,2189 0,0014
fullversionlist 0,0000 0,0000
pal 3,5066 0,0015
panoramio 4,6052 0,0019
export 0,0000 0,0000
jakarta 2,5257 0,0011
area 0,7985 0,0003
visibility 2,0402 0,0009
alloydb 3,9120 0,0016
european 1,3471 0,0006
pay 1,1712 0,0010
arcore 3,9120 0,0016
list 0,0000 0,0000
gpu 2,8134 0,0012
aaqib 4,6052 0,0019
andrew 1,0498 0,0004
lack 0,5447 0,0002
external 0,1863 0,0001
labs 1,2730 0,0005
success 1,2379 0,0005
chile 3,5066 0,0015
child 0,0202 0,0000
neural 2,4079 0,0010
mainentity 0,0000 0,0000
germany 0,5798 0,0002
mashup 2,3026 0,0010
interface 0,2485 0,0002
lens 3,5066 0,0015
remove 0,3711 0,0002
disclaimers 0,0000 0,0000
expanded 3,5066 0,0015
cloudbolt 2,5257 0,0011
provider 1,2730 0,0011
root 0,4780 0,0004
wgisprobablyeditable 0,0000 0,0000
lardinois 2,4079 0,0010
patrick 2,0402 0,0009
live 1,1712 0,0010
xlnet 4,6052 0,0019
citation 0,0101 0,0000
greenborder 4,6052 0,0019
mobile 0,0000 0,0000
multiple 0,2485 0,0001
perform 0,4463 0,0002
madhukar 3,9120 0,0016
versus 1,7720 0,0007
better 1,8326 0,0008
goog 4,6052 0,0019
plainlist 0,4463 0,0002
pdf 0,0000 0,0000
china 1,6094 0,0007
computerworld 1,7148 0,0007
service 0,1393 0,0001
automate 0,7340 0,0003
translation 1,8326 0,0008
onhub 4,6052 0,0019
well 0,2744 0,0001
creepy 4,6052 0,0019
bitness 0,0000 0,0000
rgba 0,0101 0,0000
gadget 3,5066 0,0015
catalog 2,4079 0,0010
channel 1,3863 0,0012
inception 2,8134 0,0012
american 0,8440 0,0004
approach 0,3711 0,0002
schmidt 1,9661 0,0008
airtel 4,6052 0,0019
experiment 1,7720 0,0007
bump 4,6052 0,0019
block 0,0408 0,0000
ondemand 2,5257 0,0011
write 0,1508 0,0001
flow 0,3425 0,0001
africa 2,5257 0,0011
fiber 2,6593 0,0011
aria 0,0000 0,0000
boxtext 0,0619 0,0000
byte 0,0408 0,0000
corporation 1,0498 0,0004
understand 0,6162 0,0003
classroom 3,2189 0,0014
gore 3,5066 0,0015
memorystore 3,9120 0,0016
trifacta 4,6052 0,0019
indonesia 0,3567 0,0001
intel 1,6094 0,0007
intelligence 0,8916 0,0004
seoul 3,5066 0,0015
angular 2,5257 0,0011
ever 1,3863 0,0006
sydney 2,9957 0,0013
million 0,9416 0,0004
aepd 4,6052 0,0019
even 0,0513 0,0000
strongly 2,3026 0,0010
analyze 1,2040 0,0005
lenz 4,6052 0,0019
transparency 1,8326 0,0008
integration 0,4620 0,0004
tagline 0,0000 0,0000
elsagate 4,6052 0,0019
neverware 4,6052 0,0019
sarl 4,6052 0,0019
champion 3,5066 0,0015
hash 1,7720 0,0007
regexp 0,0000 0,0000
subsection 0,1508 0,0001
wgeditsubmitbuttonlabelpublish 0,0000 0,0000
photomath 4,6052 0,0019
sutherland 3,2189 0,0014
toc 0,0000 0,0000
protection 0,4463 0,0002
digitalocean 2,1203 0,0009
matter 1,2379 0,0005
wgpagecontentmodel 0,0000 0,0000
picnik 4,6052 0,0019
top 0,0000 0,0000
native 0,8916 0,0004
technica 1,3093 0,0005
shorts 4,6052 0,0019
helpouts 4,6052 0,0019
cnn 2,1203 0,0009
product 0,4005 0,0003
linear 1,6607 0,0007
question 0,9416 0,0008
ivanpah 4,6052 0,0019
intellectual 2,3026 0,0010
frankfurt 3,5066 0,0015
kurzweil 3,5066 0,0015
owncloud 2,5257 0,0011
kingfisher 4,6052 0,0019
peek 3,5066 0,0015
verge 1,8326 0,0008
wgnamespacenumber 0,0000 0,0000
dataflow 2,9957 0,0013
framework 0,2877 0,0001
tpu 3,5066 0,0015
wgwmepagelength 0,0000 0,0000
php 1,3471 0,0006
ingestion 4,6052 0,0019
entity 0,0101 0,0000
thousand 1,5141 0,0006
chronicle 2,6593 0,0011
com 0,8210 0,0003
col 0,9943 0,0004
covid 1,8326 0,0008
expensivefunctioncount 0,0000 0,0000
ghoshal 4,6052 0,0019
expeditions 3,5066 0,0015
lab 1,3863 0,0012
pie 3,5066 0,0015
nougat 3,9120 0,0016
platforms 1,4697 0,0006
mapathon 4,6052 0,0019
timeusage 0,0000 0,0000
costeja 4,6052 0,0019
hacking 2,5257 0,0011
automation 0,7550 0,0003
pin 0,0000 0,0000
function 0,0000 0,0000
west 2,2073 0,0009
sneak 3,5066 0,0015
verification 0,8440 0,0004
las 3,5066 0,0015
traffic 1,5606 0,0007
helion 2,5257 0,0011
pigeon 3,9120 0,0016
bumptop 4,6052 0,0019
comparison 0,4005 0,0002
virtualization 1,5606 0,0007
airflow 3,9120 0,0016
introducing 2,4079 0,0010
tertiary 2,6593 0,0011
cpu 0,0408 0,0000
infobox 0,6931 0,0003
italics 2,4079 0,0010
mandiant 4,6052 0,0019
pcache 0,0619 0,0000
andy 1,8326 0,0008
adventure 2,9957 0,0013
picasa 4,6052 0,0019
feldman 3,9120 0,0016
freund 4,6052 0,0019
improve 0,2485 0,0001
bombing 3,9120 0,0016
october 0,0000 0,0000
evil 2,9957 0,0013
virginia 2,8134 0,0012
lake 2,9957 0,0013
gyp 4,6052 0,0019
complication 0,0513 0,0000
university 0,5621 0,0002
cause 0,6162 0,0003
jquery 0,0000 0,0000
unity 2,9957 0,0013
times 1,3093 0,0005
federated 2,4079 0,0010
tier 1,7720 0,0007
design 0,1393 0,0001
paas 2,1203 0,0009
heroku 2,3026 0,0010
rightsflow 4,6052 0,0019
jelly 3,5066 0,0015
timeless 0,0101 0,0000
ideological 3,9120 0,0016
openrefine 3,5066 0,0015
googleplex 3,9120 0,0016
autocomplete 3,5066 0,0015
plc 2,8134 0,0012
accord 0,5108 0,0002
sandbox 2,3026 0,0010
sawzall 3,5066 0,0015
vicarious 4,6052 0,0019
automatic 1,2379 0,0005
wgwmeschemaeditattemptstepoversample 0,0000 0,0000
ttl 0,0000 0,0000
encyclopedia 0,0000 0,0000
preemptible 4,6052 0,0019
qatar 3,5066 0,0015
conduct 0,0000 0,0000
stable 0,7133 0,0003
reunion 3,9120 0,0016
fantastic 4,6052 0,0019
machines 2,4079 0,0010
formerly 1,2040 0,0005
incident 2,2073 0,0019
maintenance 0,6733 0,0003
cluster 1,2379 0,0005
abovebelow 0,0943 0,0000
japan 1,2730 0,0005
marshmallow 3,5066 0,0015
advertising 1,7720 0,0007
lee 1,3471 0,0006
shriram 3,9120 0,0016
concern 0,8210 0,0003
mountain 2,9957 0,0013
docs 2,3026 0,0010
championship 4,6052 0,0019
pref 0,0000 0,0000
sitemaps 3,9120 0,0016
crosscheck 4,6052 0,0019
libvpx 3,5066 0,0015
pakistani 3,9120 0,0016
state 0,3425 0,0001
csrftoken 0,0000 0,0000
hangouts 4,6052 0,0019
press 0,5621 0,0002
worker 1,6607 0,0007
welcome 2,2073 0,0009
prem 3,9120 0,0016
element 0,0000 0,0000
bufferbox 4,6052 0,0019
creatio 2,5257 0,0011
zolciak 4,6052 0,0019
night 0,0000 0,0000
redact 4,6052 0,0019
vmware 2,5257 0,0011
want 0,8675 0,0007
vulnerability 1,3863 0,0006
warehouse 2,2073 0,0009
pack 2,2073 0,0009
processor 1,1394 0,0005
each 0,1393 0,0001
kong 2,8134 0,0012
input 0,0000 0,0000
nathanson 4,6052 0,0019
toolkit 1,5141 0,0006
offering 1,6607 0,0007
reality 1,5141 0,0006
bigtable 3,9120 0,0016
filestore 4,6052 0,0019
unpinned 0,0000 0,0000
memcached 3,9120 0,0016
muslim 3,9120 0,0016
scanning 2,4079 0,0010
toronto 2,4079 0,0010
availability 1,1394 0,0005
prize 2,3026 0,0010
two 0,2744 0,0001
attack 1,1712 0,0005
encrypt 1,5141 0,0013
lunacloud 2,5257 0,0011
virustotal 4,6052 0,0019
distribute 0,3857 0,0002
lark 2,5257 0,0011
arts 2,9957 0,0013
colombia 3,9120 0,0016
datepublished 0,0000 0,0000
kythe 4,6052 0,0019
think 0,9676 0,0004
binoculars 4,6052 0,0019
logmein 4,6052 0,0019
services 1,1087 0,0005
sukarma 4,6052 0,0019
marketing 1,2730 0,0005
wgusername 0,0000 0,0000
speech 2,0402 0,0009
watch 1,6607 0,0007
jetpack 4,6052 0,0019
urchin 4,6052 0,0019
chart 1,7148 0,0014
dataset 2,1203 0,0009
thing 1,0788 0,0009
kubernetes 1,9661 0,0008
mumbai 4,6052 0,0019
nimbus 2,5257 0,0011
clips 3,5066 0,0015
source 0,1393 0,0001
tilt 4,6052 0,0019
align 0,0101 0,0000
secure 1,0217 0,0004
hal 1,9661 0,0008
continue 0,6931 0,0003
avenue 3,5066 0,0015
labeler 4,6052 0,0019
brush 3,9120 0,0016
tech 1,2040 0,0005
cpplint 3,5066 0,0015
glass 2,5257 0,0011
chess 2,8134 0,0012
unlock 2,4079 0,0010
last 0,0000 0,0000
imageright 0,2614 0,0001
batch 1,7148 0,0007
eric 1,1394 0,0005
weight 0,0101 0,0000
develop 0,1863 0,0002
pro 1,6094 0,0007
technologies 1,0788 0,0005
measure 0,9416 0,0004
page 0,0000 0,0000
full 0,0202 0,0000
polymer 2,8134 0,0012
memory 0,0408 0,0000
zoho 2,5257 0,0011
scientist 1,3863 0,0006
video 0,8210 0,0007
wave 2,2073 0,0009
weapon 2,4079 0,0010
piper 2,9957 0,0013
overview 0,5447 0,0002
llc 1,7720 0,0007
center 0,0000 0,0000
doha 4,6052 0,0019
windows 0,7985 0,0003
pair 1,3863 0,0012
manage 0,3567 0,0004
silicon 2,4079 0,0010
weinberger 3,9120 0,0016
infrastructure 0,6733 0,0003
wikimedia 0,0000 0,0000
moderation 3,9120 0,0016
short 0,0000 0,0000
alphafold 3,5066 0,0015
time 0,0000 0,0000
pub 2,8134 0,0012
buzz 3,9120 0,0016
finance 1,8326 0,0008
gateway 2,0402 0,0009
studio 1,3471 0,0006
shadow 2,1203 0,0009
palm 2,9957 0,0013
interactive 0,4463 0,0002
program 0,2614 0,0002
three 0,3711 0,0002
redis 2,6593 0,0011
premise 2,6593 0,0011
teyana 4,6052 0,0019
carbon 1,8971 0,0008
payment 2,0402 0,0009
dinosaur 4,6052 0,0019
enter 1,2040 0,0005
hardware 0,5798 0,0002
imageamerica 4,6052 0,0019
cloudstack 2,4079 0,0010
leveldb 3,5066 0,0015
dynamically 1,8326 0,0008
creative 0,0000 0,0000
nederlands 0,1985 0,0001
coast 2,5257 0,0011
bebop 3,9120 0,0016
provide 0,1625 0,0001
doubles 3,9120 0,0016
light 1,3093 0,0005
lawn 3,9120 0,0016
primary 0,7765 0,0003
starline 4,6052 0,0019
throttle 4,6052 0,0019
waze 4,6052 0,0019
log 0,0000 0,0000
enterprise 0,4463 0,0002
reliability 1,1712 0,0005
translator 2,8134 0,0012
wgcheckuserclienthintsheadersjsapi 0,0000 0,0000
solar 2,6593 0,0011
roadmap 2,4079 0,0010
lop 4,6052 0,0019
layer 0,7340 0,0003
smart 1,2379 0,0005
los 2,5257 0,0011
computer 0,1863 0,0001
tensorflow 2,5257 0,0011
premium 2,8134 0,0012
low 0,0101 0,0000
timingprofile 0,0000 0,0000
theme 0,0000 0,0000
rechargeit 4,6052 0,0019
wgcategory 0,0000 0,0000
editor 0,0000 0,0000
postexpandincludesize 0,0000 0,0000
igoogle 4,6052 0,0019
prod 4,6052 0,0019
wallet 2,5257 0,0011
torso 4,6052 0,0019
walkouts 4,6052 0,0019
unstrip 0,0000 0,0000
apress 1,7148 0,0007
backdoor 2,8134 0,0012
freebase 4,6052 0,0019
consistent 1,1712 0,0005
templateargumentsize 0,0000 0,0000
mulally 4,6052 0,0019
firewall 2,0402 0,0009
january 0,0000 0,0000
chat 2,5257 0,0011
permanent 0,0000 0,0000
travel 2,0402 0,0009
facility 1,0498 0,0004
citrix 2,3026 0,0010
paulo 4,6052 0,0019
small 0,0305 0,0000
beam 2,2073 0,0009
quick 1,3863 0,0006
gboard 3,9120 0,0016
before 0,0305 0,0000
speedy 0,7133 0,0003
experience 0,7985 0,0003
italic 0,1278 0,0001
gvisor 3,2189 0,0014
dan 0,9943 0,0004
vizard 4,6052 0,0019
hit 2,0402 0,0009
denote 2,1203 0,0009
thermostat 3,2189 0,0014
zone 2,1203 0,0018
jordan 1,7148 0,0007
porat 4,6052 0,0019
consider 0,4005 0,0002
elgoog 4,6052 0,0019
day 0,0000 0,0000
bean 3,5066 0,0015
group 0,0408 0,0000
rankbrain 4,6052 0,0019
island 2,6593 0,0011
format 0,0101 0,0000
runtime 1,2040 0,0005
archive 0,0943 0,0001
greenbutton 2,3026 0,0010
history 0,0000 0,0000
illegal 2,2073 0,0009
eclipse 1,7720 0,0007
square 2,1203 0,0009
okex 4,6052 0,0019
condon 4,6052 0,0019
classify 1,4271 0,0006
ease 1,7720 0,0007
critical 0,8916 0,0004
mike 1,2040 0,0005
wgrestrictionedit 0,0000 0,0000
part 0,1985 0,0001
wgpageparsereport 0,0000 0,0000
point 0,5447 0,0002
general 0,0000 0,0000
september 0,0000 0,0000
browser 0,9943 0,0004
fuzzy 3,2189 0,0014
metaweb 4,6052 0,0019
wildlife 3,9120 0,0016
padding 0,0000 0,0000
process 0,1625 0,0001
debug 1,8326 0,0008
subscribe 2,1203 0,0009
clear 0,0101 0,0000
eighth 3,9120 0,0016
postini 4,6052 0,0019
ltr 0,0000 0,0000
clean 1,6094 0,0007
gingerbread 3,9120 0,0016
akwan 4,6052 0,0019
build 0,2357 0,0003
approve 1,7148 0,0007
opennebula 2,5257 0,0011
lua 0,0513 0,0000
wireless 1,7720 0,0007
account 0,0000 0,0000
stack 0,7340 0,0003
alphabet 2,4079 0,0010
pedrosa 3,9120 0,0016
trip 2,4079 0,0010
dev 1,7720 0,0007
dew 2,5257 0,0011
record 0,7765 0,0003
scanner 2,5257 0,0011
alphastar 3,9120 0,0016
abbr 0,0619 0,0000
changhua 4,6052 0,0019
prevention 2,0402 0,0009
you 0,0000 0,0000
announcement 1,9661 0,0008
jump 0,0000 0,0000
knowledge 0,7340 0,0003
iris 2,5257 0,0011
wavemaker 2,2073 0,0009
ashburn 4,6052 0,0019
giles 3,2189 0,0014
pass 0,8675 0,0004
googlewhack 4,6052 0,0019
impact 0,9163 0,0004
mainstream 1,9661 0,0008
active 0,7985 0,0003
hibnick 4,6052 0,0019
july 0,0000 0,0000
enthusiast 2,9957 0,0013
infra 3,5066 0,0015
court 1,9661 0,0008
easy 0,6733 0,0003
subsidiary 2,8134 0,0012
route 1,6094 0,0007
domain 0,6931 0,0006
gridcentric 4,6052 0,0019
tilghman 4,6052 0,0019
zurich 3,2189 0,0014
subgroup 0,0513 0,0000
bharat 3,5066 0,0015
dropcam 4,6052 0,0019
pixar 3,9120 0,0016
studytube 4,6052 0,0019
transparent 0,0619 0,0000
how 0,0834 0,0000
capability 0,7765 0,0003
spark 1,7720 0,0007
fallacy 2,9957 0,0013
term 0,0000 0,0000
acquisition 1,2040 0,0005
chip 1,5141 0,0006
business 0,3425 0,0003
mini 0,0619 0,0000
apartheid 3,9120 0,0016
serverless 1,9661 0,0008
right 0,0101 0,0000
march 0,0000 0,0000
june 0,0000 0,0000
wikitext 0,0000 0,0000
answer 1,5606 0,0007
meet 0,9163 0,0004
series 0,5798 0,0002
infoq 2,0402 0,0009
widevine 4,6052 0,0019
paul 0,7765 0,0003
under 0,0101 0,0000
analytic 1,4271 0,0006
penguin 2,6593 0,0011
london 1,3863 0,0006
sidewiki 4,6052 0,0019
easter 4,6052 0,0019
autocapitalize 0,0000 0,0000
down 0,8440 0,0004
divisions 3,2189 0,0014
div 0,0000 0,0000
chinese 1,5141 0,0006
bracket 0,0619 0,0000
wgpagename 0,0000 0,0000
talk 0,0000 0,0000
reply 2,9957 0,0013
train 2,4079 0,0010
softcard 4,6052 0,0019
angeles 2,5257 0,0011
southamerica 4,6052 0,0019
test 0,4463 0,0002
count 0,0513 0,0000
enforcement 2,0402 0,0009
hatnote 0,2107 0,0001
scholar 1,3863 0,0006
zones 3,9120 0,0016
graph 1,4697 0,0006
dataproc 4,6052 0,0019
pinnable 0,0000 0,0000
vision 1,1394 0,0005
armor 4,6052 0,0019
wgrevisionid 0,0000 0,0000
confusion 2,1203 0,0009
some 0,1744 0,0001
virtual 0,4620 0,0002
additional 0,0000 0,0000
cohort 3,9120 0,0016
training 1,4697 0,0006
title 0,0000 0,0000
patroltoken 0,0000 0,0000
santa 3,2189 0,0014
states 0,4943 0,0002
hennessy 3,5066 0,0015
load 0,0202 0,0000
redshift 3,5066 0,0015
zdnet 1,4697 0,0006
alpha 0,0101 0,0000
company 0,4308 0,0002
thomas 0,8675 0,0004
pixel 2,5257 0,0011
lunar 4,6052 0,0019
owner 1,3863 0,0006
asic 2,9957 0,0013
kuwait 3,5066 0,0015
asia 2,4079 0,0010
custom 0,0000 0,0000
monitor 1,2040 0,0005
orionvm 2,5257 0,0011
tracks 3,2189 0,0014
searchwiki 4,6052 0,0019
keyhole 4,6052 0,0019
print 0,0000 0,0000
quickoffice 4,6052 0,0019
hub 1,9661 0,0008
material 0,7765 0,0007
rewind 4,6052 0,0019
meebo 4,6052 0,0019
inherit 0,0101 0,0000
hui 3,2189 0,0014
umar 3,9120 0,0016
hope 2,1203 0,0009
collaborate 1,8971 0,0008
america 1,7720 0,0007
dmy 0,0000 0,0000
executive 1,5606 0,0007
tablet 2,0402 0,0009
navigation 0,0000 0,0000
balance 1,7148 0,0007
googlization 4,6052 0,0019
action 0,0000 0,0000
lock 0,0101 0,0000
text 0,0000 0,0000
song 2,5257 0,0011
python 0,6539 0,0003
opensocial 4,6052 0,0019
ppvisitednode 0,0000 0,0000
cookie 0,0000 0,0000
dns 2,0402 0,0009
mario 2,9957 0,0013
statue 3,9120 0,0016
cream 3,9120 0,0016
sense 1,3093 0,0005
protest 2,6593 0,0011
sensitive 1,2730 0,0005
loading 0,0000 0,0000
hong 2,8134 0,0012
flatbuffers 2,9957 0,0013
field 0,7550 0,0003
contents 0,0000 0,0000
explorer 1,7148 0,0007
doc 1,8326 0,0008
maniac 4,6052 0,0019
mosley 4,6052 0,0019
doi 0,4155 0,0002
status 0,0000 0,0000
server 0,4005 0,0002
shield 2,8134 0,0012
inference 2,4079 0,0010
skia 3,9120 0,0016
skin 0,0000 0,0000
deliver 1,1394 0,0005
summer 1,6607 0,0007
products 1,4271 0,0006
streaming 2,1203 0,0009
file 0,0000 0,0000
government 1,2379 0,0005
stream 1,0788 0,0005
blair 3,5066 0,0015
member 0,9163 0,0004
brin 3,2189 0,0014
map 0,8210 0,0007
wgnoticeproject 0,0000 0,0000
benz 3,5066 0,0015
may 0,0000 0,0000
jstor 1,4271 0,0006
max 0,0513 0,0000
within 0,3011 0,0001
strike 2,8134 0,0012
health 1,5606 0,0007
trigger 0,0513 0,0000
menu 0,0000 0,0000
url 0,0000 0,0000
singapore 2,5257 0,0011
machine 0,2744 0,0002
urs 3,5066 0,0015
return 0,0000 0,0000
rotate 2,9957 0,0013
usa 1,6094 0,0007
mobiledgex 4,6052 0,0019
subject 1,1087 0,0005
use 0,0000 0,0000
recognition 1,6607 0,0007
feel 1,8326 0,0008
main 0,0000 0,0000
wojcicki 4,6052 0,0019
revenue 1,8971 0,0008
geographic 1,7148 0,0007
solution 0,5621 0,0005
find 0,3425 0,0001
host 0,6539 0,0005
accelerate 1,8326 0,0015
logo 0,0000 0,0000
credit 1,6094 0,0007
international 0,3011 0,0001
fujitsu 2,5257 0,0011
barge 4,6052 0,0019
carolina 2,9957 0,0013
nginx 3,2189 0,0014
workflow 1,7720 0,0007
edtech 4,6052 0,0019
utc 0,0000 0,0000
comedy 3,9120 0,0016
canonical 0,0408 0,0000
film 1,8971 0,0008
sistersitebox 0,6539 0,0003
utm 4,6052 0,0019
codec 3,9120 0,0016
professor 2,3026 0,0010
wgcurrevisionid 0,0000 0,0000
null 0,0000 0,0000
background 0,0101 0,0000
glop 3,5066 0,0015
true 0,0000 0,0000
header 0,0000 0,0000
watchtoken 0,0000 0,0000
present 0,5621 0,0002
since 0,3425 0,0001
nexus 3,5066 0,0015
constitution 3,9120 0,0016
mdy 1,6094 0,0007
patent 1,8971 0,0016
cocaine 2,5257 0,0011
transformer 3,2189 0,0014
quantum 1,6607 0,0007
delete 0,4155 0,0002
foreach 0,0000 0,0000
transform 1,4697 0,0006
postgresql 2,3026 0,0010
orkut 4,6052 0,0019
repeat 0,0101 0,0000
make 0,1165 0,0001
beta 1,3863 0,0006
wggestructuredtaskrejectionreasontextinputenable 0,0000 0,0000
execution 0,7340 0,0003
bert 2,5257 0,0011
structure 0,4155 0,0002
master 1,0498 0,0004
ruby 1,0217 0,0004
typefaces 4,6052 0,0019
due 0,5108 0,0002
breadtube 4,6052 0,0019
online 0,7340 0,0003
ngram 3,5066 0,0015
vtub 4,6052 0,0019
duo 3,2189 0,0014
dalvik 2,9957 0,0013
mobilegeddon 4,6052 0,0019
bank 1,9661 0,0008
contribution 0,0000 0,0000
wellbeing 3,9120 0,0016
bechtolsheim 3,5066 0,0015
foundational 3,5066 0,0015
melbourne 3,5066 0,0015
recursion 0,0513 0,0000
height 0,0101 0,0000
proton 2,4079 0,0010
alibaba 1,8326 0,0008
august 0,0000 0,0000
mall 3,9120 0,0016
module 0,0000 0,0000
wikibase 0,0619 0,0000
slicklogin 4,6052 0,0019
datemodify 0,0619 0,0000
guetzli 3,5066 0,0015
croscore 4,6052 0,0019
processing 0,6162 0,0003
boost 1,9661 0,0008
programs 2,2073 0,0009
brandconnect 4,6052 0,0019
notheme 0,3711 0,0002
latitude 3,9120 0,0016
global 0,7985 0,0003
industry 0,7550 0,0003
into 0,1985 0,0001
nimbula 2,5257 0,0011
outline 0,8440 0,0004
jupyter 3,5066 0,0015
min 0,1165 0,0000
iam 3,2189 0,0014
documentaries 3,9120 0,0016
mit 1,2040 0,0005
free 0,0000 0,0000
galaxy 3,9120 0,0016
relationship 1,0788 0,0005
workers 3,9120 0,0016
reaction 2,3026 0,0010
chromebook 3,9120 0,0016
beanstalk 3,5066 0,0015
people 0,9943 0,0004
ibm 0,5621 0,0002
collaboration 1,1394 0,0005
dataprep 4,6052 0,0019
admob 3,9120 0,0016
invite 2,6593 0,0011
open 0,1625 0,0001
diane 3,9120 0,0016
daydream 3,9120 0,0016
wordpress 2,4079 0,0010
tbody 0,6931 0,0003
project 0,0000 0,0000
ice 2,8134 0,0012
enhancement 0,0101 0,0000
inside 0,0101 0,0000
presentation 1,5141 0,0006
libguestf 2,5257 0,0011
techcrunch 1,3093 0,0005
tesseract 3,5066 0,0015
california 1,2379 0,0005
mysql 2,3026 0,0010
bandpage 4,6052 0,0019
sidewalk 4,6052 0,0019
powermeter 4,6052 0,0019
maps 2,6593 0,0011
zadara 2,5257 0,0011
please 0,8210 0,0003
look 0,7765 0,0003
chromecast 3,9120 0,0016
korea 2,1203 0,0009
dropbox 2,3026 0,0010
goggles 4,6052 0,0019
idx 4,6052 0,0019
internet 0,5447 0,0002
appliance 1,7148 0,0007
fairsearch 3,9120 0,0016
apture 4,6052 0,0019
isbn 0,1054 0,0000
rule 0,5978 0,0005
update 0,4463 0,0002
thapar 4,6052 0,0019
anthos 4,6052 0,0019
gesture 2,9957 0,0013
nomulus 3,5066 0,0015
apple 1,1712 0,0005
anirban 4,6052 0,0019
linux 0,8916 0,0004
northamerica 4,6052 0,0019
placeholder 0,0000 0,0000
checkout 3,5066 0,0015
owlchemy 4,6052 0,0019
registry 2,2073 0,0009
apply 0,0000 0,0000
artificial 1,1712 0,0005
rightscale 2,5257 0,0011
relational 1,5606 0,0007
step 0,7765 0,0003
isac 3,9120 0,0016
tribute 3,9120 0,0016
base 0,0305 0,0000
runa 0,9416 0,0004
seafile 2,5257 0,0011
jeff 1,6607 0,0007
fair 2,1203 0,0009
viewdle 4,6052 0,0019
dialogflow 4,6052 0,0019
revolution 1,7148 0,0007
consist 0,6539 0,0003
loss 1,5141 0,0006
reliable 0,7765 0,0003
relate 0,0000 0,0000
enable 0,0000 0,0000
price 1,2730 0,0005
sidebar 0,0000 0,0000
limitreport 0,0000 0,0000
games 1,9661 0,0008
typhoon 4,6052 0,0019
bigquery 4,6052 0,0019
decoration 0,0619 0,0000
reflist 0,0101 0,0000
slate 3,2189 0,0014
azure 1,2730 0,0005
zip 2,4079 0,0010
alphago 3,5066 0,0015
var 0,0000 0,0000
deutsche 3,9120 0,0016
matt 1,7720 0,0007
varian 4,6052 0,0019
drummond 4,6052 0,0019
agree 0,0101 0,0000
kaltix 4,6052 0,0019
wgulsislanguageselectorempty 0,0000 0,0000
jedi 3,9120 0,0016
itself 0,6539 0,0003
books 1,7148 0,0007
mercedes 3,2189 0,0014
srpski 0,3711 0,0002
openstack 2,1203 0,0009
registration 0,0101 0,0000
math 2,5257 0,0011
word 0,0101 0,0000
spain 1,4271 0,0006
osaka 4,6052 0,0019
sandiego 4,6052 0,0019
foundation 0,0000 0,0000
personalized 3,5066 0,0015
across 0,5798 0,0002
discontinue 1,3863 0,0006
identity 1,2379 0,0005
reqwireless 4,6052 0,0019
openqrm 2,5257 0,0011
federal 1,7148 0,0007
tracker 2,6593 0,0011
event 0,0000 0,0000
europe 1,7720 0,0007
academy 1,8971 0,0008
digikavach 4,6052 0,0019
reward 2,5257 0,0011
chatbot 2,9957 0,0025
include 0,0000 0,0000
alongside 1,6607 0,0007
toggle 0,0000 0,0000
opinion 1,8971 0,0008
toolbar 4,6052 0,0019
appearance 0,0000 0,0000
classname 0,0000 0,0000
liquid 3,5066 0,0015
vdc 2,5257 0,0011
culture 1,4271 0,0006
wggetopicsmatchmodeenable 0,0000 0,0000
inbox 3,5066 0,0015
first 0,0408 0,0000
indian 2,2073 0,0009
voice 1,6094 0,0007
dunant 4,6052 0,0019
nowrap 0,0408 0,0000
perfect 2,5257 0,0011
prefer 0,0101 0,0000
stephanie 2,9957 0,0013
socratic 4,6052 0,0019
roman 0,0101 0,0000
defteros 4,6052 0,0019
wgrelevantpageisprobablyeditable 0,0000 0,0000
float 0,0101 0,0000
transclusion 0,0619 0,0000
space 0,0408 0,0000
atap 4,6052 0,0019
reference 0,0101 0,0000
msv 3,9120 0,0016
chamber 3,5066 0,0015
ambox 0,7133 0,0003
theater 3,2189 0,0014
titan 3,9120 0,0016
html 0,4463 0,0002
alphageometry 3,9120 0,0016
discover 1,2379 0,0005
feud 4,6052 0,0019
joyent 2,4079 0,0010
wakame 2,5257 0,0011
automl 3,9120 0,0016
exploration 2,3026 0,0010
telecomtv 4,6052 0,0019
bottom 0,0000 0,0000
commitment 2,0402 0,0009
garcia 3,2189 0,0014
revision 0,0000 0,0000
gemini 2,5257 0,0011
speaker 2,8134 0,0012
publisher 0,0000 0,0000
commence 3,2189 0,0014
img 0,0408 0,0000
ruth 4,6052 0,0019
o'reilly 0,6733 0,0003
rlstate 0,0000 0,0000
vincent 2,5257 0,0011
error 0,0101 0,0000
platform 0,0000 0,0000
network 0,3285 0,0004
fuchsia 2,9957 0,0013
trace 1,6607 0,0007
operations 1,7720 0,0007
public 0,4155 0,0002
formatnum 3,2189 0,0014
parameter 1,3093 0,0005
anvato 4,6052 0,0019
recaptcha 4,6052 0,0019
kordestani 4,6052 0,0019
zoo 3,5066 0,0015
value 0,0000 0,0000
doodles 4,6052 0,0019
fortune 2,3026 0,0010
programmable 2,3026 0,0010
nevada 4,6052 0,0019
adscape 4,6052 0,0019
assistant 2,4079 0,0010
dammam 4,6052 0,0019
tensor 2,9957 0,0013
controversy 1,7720 0,0007
rush 2,9957 0,0013
command 0,7133 0,0003
expensive 0,0408 0,0000
newsstand 3,5066 0,0015
performance 0,3425 0,0001
currently 1,0788 0,0005
maint 0,0101 0,0000
ambassador 3,9120 0,0016
poly 3,9120 0,0016
wiktionary 0,5798 0,0002
growth 1,2040 0,0005
greene 3,2189 0,0014
platformversion 0,0000 0,0000
weave 3,5066 0,0015
renderscript 3,9120 0,0016
smartphone 2,3026 0,0019
egg 2,8134 0,0012
references 0,0513 0,0000
saved 0,0619 0,0000
year 0,2614 0,0002
datastore 3,2189 0,0014
texas 2,5257 0,0011
yeah 4,6052 0,0019
ios 1,8971 0,0008
building 0,7985 0,0003
iot 1,9661 0,0008
neal 2,5257 0,0011
music 1,7720 0,0007
quote 0,0101 0,0000
poop 4,6052 0,0019
graduate 2,0402 0,0009
visual 0,9416 0,0004
because 0,0000 0,0000
diagnostic 2,5257 0,0011
near 1,2730 0,0005
ram 2,0402 0,0009
internally 1,8326 0,0008
xively 3,9120 0,0016
google 0,4005 0,0003
ray 1,8971 0,0008
community 0,0000 0,0000
version 0,0000 0,0000
talkback 3,9120 0,0016
folder 2,5257 0,0011
science 0,5447 0,0002
digipivot 4,6052 0,0019
detail 0,7133 0,0003
aab 4,6052 0,0019
primer 2,3026 0,0010
rosetta 3,9120 0,0016
least 0,9676 0,0004
matrix 2,2073 0,0009
milan 4,6052 0,0019
wgusergroup 0,0000 0,0000
dollar 1,8971 0,0008
symphony 4,6052 0,0019
submarine 4,6052 0,0019
certified 2,5257 0,0011
smartphones 2,9957 0,0013
wikipedia 0,0000 0,0000
behavior 0,8210 0,0003
abner 3,9120 0,0016
federation 2,5257 0,0011
website 0,3711 0,0002
saint 3,9120 0,0016
learn 0,0000 0,0000
goobuntu 3,5066 0,0015
photo 2,0402 0,0009
unleash 2,5257 0,0011
turin 4,6052 0,0019
songza 3,9120 0,0016
fast 0,4943 0,0002
sunroof 4,6052 0,0019
aerospace 2,5257 0,0011
vcloud 2,3026 0,0010
lmctfy 3,5066 0,0015
register 0,0000 0,0000
controls 2,9957 0,0013
official 0,6162 0,0003
ohio 4,6052 0,0019
pandemic 1,9661 0,0008
mobilenet 4,6052 0,0019
outsystems 2,5257 0,0011
bookmarks 2,6593 0,0011
stadia 4,6052 0,0019
post 0,0202 0,0000
leave 0,0101 0,0000
ita 3,2189 0,0014
warsaw 3,5066 0,0015
vms 2,9957 0,0013
add 0,0000 0,0000
need 0,1393 0,0001
its 0,0726 0,0000
elt 0,6931 0,0003
article 0,0000 0,0000
dynamodb 3,5066 0,0015
fusion 1,9661 0,0008
volume 1,1712 0,0005
kaggle 4,6052 0,0019
pinyin 3,9120 0,0016
canada 1,6607 0,0007
parser 0,0000 0,0000
catalyst 2,5257 0,0011
shell 1,0788 0,0005
aardvark 4,6052 0,0019
http 0,0000 0,0000
emc 2,4079 0,0010
exchange 1,1087 0,0009
fflick 4,6052 0,0019
decimal 0,0101 0,0000
income 2,4079 0,0010
trust 1,2730 0,0005
jelastic 2,2073 0,0009
private 0,8210 0,0003
technical 0,6349 0,0003
united 0,4780 0,0002
geoeye 4,6052 0,0019
choose 0,8440 0,0007
directory 1,5141 0,0006
aes 2,9957 0,0013
wghostname 0,0000 0,0000
mayfield 3,9120 0,0016
wgtitle 0,0000 0,0000
engine 0,4780 0,0002
end 0,3011 0,0001
endoxon 4,6052 0,0019
laptops 3,9120 0,0016
identify 0,6733 0,0003
wgdigittransformtable 0,0000 0,0000
vpc 3,9120 0,0016
hlist 0,0408 0,0000
rick 2,8134 0,0012
label 0,0000 0,0000
message 0,3857 0,0003
special 0,0000 0,0000
environment 0,4308 0,0004
vpn 2,6593 0,0011
rlconf 0,0000 0,0000
muzero 3,5066 0,0015
family 1,0217 0,0004
fancode 4,6052 0,0019
copyright 1,6607 0,0007
education 1,0788 0,0005
bahasa 0,3285 0,0001
release 0,2744 0,0003
ago 0,7765 0,0003
eos 4,6052 0,0019
caption 0,3567 0,0001
adsense 3,9120 0,0016
number 0,0000 0,0000
wgbackendresponsetime 0,0000 0,0000
shorten 0,0000 0,0000
looker 4,6052 0,0019
centers 3,2189 0,0014
property 0,6539 0,0005
proceedings 0,7550 0,0003
googlefight 4,6052 0,0019
infoworld 1,6094 0,0007
algorithm 0,8675 0,0004
nas 3,5066 0,0015
similar 0,4780 0,0002
mapping 1,6607 0,0007
partnership 1,9661 0,0008
swiss 2,1203 0,0009
script 1,2379 0,0005
system 0,0101 0,0000
compose 1,5141 0,0006
atmo 2,5257 0,0011
jigsaw 4,6052 0,0019
authors 3,5066 0,0015
knative 4,6052 0,0019
chelsea 3,5066 0,0015
fundamentals 1,4697 0,0006
toontastic 4,6052 0,0019
other 0,0000 0,0000
aim 0,8210 0,0003
city 1,4697 0,0006
openshift 2,2073 0,0009
air 1,8326 0,0008
cell 0,4308 0,0002
local 0,7985 0,0003
doerr 4,6052 0,0019
share 0,4620 0,0002
authenticator 4,6052 0,0019
gebru 4,6052 0,0019
deployment 0,7985 0,0003
synthesis 2,1203 0,0009
daimler 4,6052 0,0019
grasshopper 4,6052 0,0019
workload 1,4697 0,0006
timnit 4,6052 0,0019
appsheet 4,6052 0,0019
singhal 4,6052 0,0019
ndk 3,9120 0,0016
future 0,5978 0,0003
rlq 0,0000 0,0000
cite 0,0000 0,0000
internship 3,9120 0,0016
francisco 1,6607 0,0007
orchestration 2,3026 0,0010
reimagine 4,6052 0,0019
screen 0,0101 0,0000
autonomous 2,1203 0,0009
body 0,0000 0,0000
mode 0,0000 0,0000
pages 0,0000 0,0000
optimize 1,0217 0,0004
visualize 2,6593 0,0022
buffer 1,8326 0,0008
etl 3,2189 0,0014
net 0,9416 0,0004
belgium 3,9120 0,0016
cable 2,8134 0,0012
closure 1,8971 0,0008
newpp 0,0619 0,0000
all 0,0408 0,0000
border 0,0000 0,0000
trendalyzer 4,6052 0,0019
new 0,0000 0,0000
sheth 3,5066 0,0015
read 0,0000 0,0000
markup 2,5257 0,0011
below 0,7550 0,0003
real 0,0408 0,0000
bitium 4,6052 0,0019
clientpref 0,0000 0,0000
tool 0,0000 0,0000
unit 0,6539 0,0003
hybrid 1,4271 0,0006
alan 1,5606 0,0007
nightingale 4,6052 0,0019
amplifier 3,9120 0,0016
snapseed 4,6052 0,0019
cnbc 2,1203 0,0009
amp 2,8134 0,0012
wgpagecontentlanguage 0,0000 0,0000
media 0,2485 0,0001
wgisarticle 0,0000 0,0000
pichai 3,5066 0,0015
define 0,2744 0,0002
row 0,4943 0,0002
render 0,0513 0,0000
universal 1,4271 0,0006
ann 2,1203 0,0009
postrank 4,6052 0,0019
viacom 4,6052 0,0019
wallpaper 3,5066 0,0015
specific 0,2877 0,0001
doodle 4,6052 0,0019
interconnect 2,5257 0,0011
swiffy 4,6052 0,0019
swirl 3,9120 0,0016
application 0,0943 0,0001
wgflaggedrevsparams 0,0000 0,0000
hummingbird 4,6052 0,0019
collapse 0,0408 0,0000
forms 3,2189 0,0014
wgrelevantarticleid 0,0000 0,0000
preprocessor 0,0513 0,0000
echo 2,2073 0,0009
mbox 0,7133 0,0003
securities 2,9957 0,0013
nik 3,9120 0,0016
java 0,6162 0,0003
jam 3,5066 0,0015
annual 1,0788 0,0005
english 0,0000 0,0000
api 0,3425 0,0003
apk 3,9120 0,0016
fully 0,8210 0,0003
app 0,9943 0,0008
cncf 3,9120 0,0016
jax 3,2189 0,0014
cache 0,0305 0,0000
margin 0,0000 0,0000
wgrequestid 0,0000 0,0000
enwikimwclientpreference 0,0000 0,0000
rlpagemodules 0,0000 0,0000
monitoring 1,6094 0,0007
nosql 1,8326 0,0008
dictionary 1,2040 0,0005
feedburner 4,6052 0,0019
otellini 4,6052 0,0019
cerf 3,9120 0,0016
samea 0,0000 0,0000
caja 3,2189 0,0014
wgwikibaseitemid 0,0000 0,0000
iowa 4,6052 0,0019
rescuecom 4,6052 0,0019
wgulsiscompactlinksenable 0,0000 0,0000
automatically 0,7765 0,0003
pagevariantfallback 0,0000 0,0000
joffe 4,6052 0,0019
algebra 2,2073 0,0009
ddos 2,8134 0,0012
smartwatches 4,6052 0,0019
acquire 1,1087 0,0014
goddard 3,2189 0,0014
ara 3,9120 0,0016
endpoint 2,5257 0,0011
encryption 1,1712 0,0005
wgmonthname 0,0000 0,0000
advertisement 2,2073 0,0009
grace 2,6593 0,0011
disabled 0,0000 0,0000
where 0,2744 0,0001
popular 0,6539 0,0003
kids 3,9120 0,0016
timestamp 0,0000 0,0000
proceratium 4,6052 0,0019
liberation 4,6052 0,0019
call 0,0101 0,0000
such 0,0943 0,0000
plugin 1,9661 0,0008
cameyo 4,6052 0,0019
rachel 2,6593 0,0011
asn 3,2189 0,0014
foundry 2,3026 0,0010
through 0,2107 0,0001
run 0,3011 0,0004
takeout 4,6052 0,0019
microsoft 0,4005 0,0002
debate 1,7720 0,0007
lifecycle 1,8971 0,0008
view 0,0000 0,0000
white 0,0305 0,0000
videopoet 4,6052 0,0019
donut 3,9120 0,0016
donate 0,0000 0,0000
helpful 2,4079 0,0010
itbe 4,6052 0,0019
yaml 2,8134 0,0012
maistre 4,6052 0,0019
suspensions 4,6052 0,0019
bold 0,0408 0,0000
engineering 0,3857 0,0002
froyo 3,9120 0,0016
orbitera 4,6052 0,0019
significant 0,6931 0,0003
sync 2,9957 0,0013
vids 4,6052 0,0019
architects 4,6052 0,0019
name 0,0000 0,0000
spaces 3,9120 0,0016
linode 2,5257 0,0011
cputime 0,0000 0,0000
larry 1,9661 0,0008
watchlist 0,0000 0,0000
next 0,5798 0,0002
blind 2,4079 0,0010
allo 4,6052 0,0019
shop 2,5257 0,0011
color 0,0101 0,0000
android 1,4697 0,0006
book 0,4308 0,0004
blogger 3,9120 0,0016
show 0,0513 0,0000
description 0,0000 0,0000
edition 0,7985 0,0003
blink 2,5257 0,0011
summit 2,0402 0,0009
not 0,0101 0,0000
central 0,9416 0,0004
street 1,5606 0,0007
now 0,4308 0,0002
statement 0,0000 0,0000
trademark 0,0101 0,0000
hadoop 2,4079 0,0010
boot 1,7720 0,0007
pagespeed 4,6052 0,0019
greek 0,0101 0,0000
news 0,4620 0,0002
delivery 1,4697 0,0006
outage 2,4079 0,0010
election 2,6593 0,0011
green 1,3863 0,0006
introduce 0,3285 0,0003
war 1,8326 0,0015
sagetv 4,6052 0,0019
remake 3,5066 0,0015
futures 2,9957 0,0013
target 0,0101 0,0000
korupolu 3,9120 0,0016
tokyo 2,8134 0,0012
antitrust 2,8134 0,0012
what 0,0000 0,0000
urban 2,6593 0,0011
israel 0,7550 0,0003
risk 0,8916 0,0004
aws 1,3471 0,0006
guava 3,2189 0,0014
container 0,0000 0,0000
play 1,1712 0,0005
yard 2,5257 0,0011
innocence 4,6052 0,0019
developers 0,0000 0,0000
jurong 4,6052 0,0019
jie 3,5066 0,0015
usage 0,0000 0,0000
wgmediaviewerenabledbydefault 0,0000 0,0000
nearby 0,0000 0,0000
when 0,0834 0,0000
cast 2,3026 0,0010
fan 2,5257 0,0011
wildfire 3,9120 0,0016
cask 4,6052 0,0019
embed 0,9163 0,0004
case 0,3285 0,0001
dashboard 2,0402 0,0017
generation 1,2040 0,0005
accelerator 2,1203 0,0018
item 0,0000 0,0000
wgmediavieweronclick 0,0000 0,0000
openid 3,2189 0,0014
wgulsposition 0,0000 0,0000
sundar 3,5066 0,0015
epic 2,0402 0,0009
melayu 0,6349 0,0003
sedol 3,9120 0,0016
horizontally 3,2189 0,0014
openio 2,5257 0,0011
wgbreakframe 0,0000 0,0000
phone 1,4271 0,0006
rely 0,6931 0,0003
slide 2,3026 0,0010
italiano 0,1278 0,0001
sticky 0,0000 0,0000
style 0,0000 0,0000
appjet 3,2189 0,0014
card 1,3863 0,0012
wavenet 3,5066 0,0015
notebooklm 4,6052 0,0019
searchinput 0,0000 0,0000
lollipop 3,9120 0,0016
omid 3,9120 0,0016
commons 0,0000 0,0000
arabia 2,9957 0,0013
web 0,1165 0,0000
arabic 2,6593 0,0011
gallagher 3,5066 0,0015
protect 1,1394 0,0005
berlin 1,8326 0,0008
binance 3,5066 0,0015
architecture 0,0000 0,0000
insider 1,5606 0,0007
intuit 4,6052 0,0019
explore 1,9661 0,0016
vegas 3,2189 0,0014
booktube 4,6052 0,0019
more 0,0000 0,0000
display 0,0000 0,0000
cosmos 3,2189 0,0014
borg 3,9120 0,0016
ghislain 4,6052 0,0019
cheriton 4,6052 0,0019
organization 0,0000 0,0000
ovirt 2,3026 0,0010
forbes 1,5141 0,0006
width 0,0000 0,0000
statistics 0,0000 0,0000
feb 2,0402 0,0009
donna 3,5066 0,0015
sanjay 3,5066 0,0015
sitelink 4,6052 0,0019
simple 0,2231 0,0001
wikieduonline 3,9120 0,0016
vint 3,9120 0,0016
bazel 3,5066 0,0015
cloud 0,6349 0,0003
heita 4,6052 0,0019
notification 1,8971 0,0008
protocol 0,5621 0,0002
overflow 0,3567 0,0001
roboto 3,9120 0,0016
talent 3,2189 0,0014
plex 3,9120 0,0016
doubleclick 4,6052 0,0019
visible 0,0101 0,0000
crisis 2,0402 0,0009
marketplace 2,3026 0,0010
king 2,6593 0,0011
chromeos 2,9957 0,0013
both 0,0305 0,0000
important 0,0101 0,0000
market 0,9943 0,0004
most 0,2107 0,0001
neatx 4,6052 0,0019
transfer 0,7985 0,0003
wavii 4,6052 0,0019
effect 0,8440 0,0004
keep 0,6733 0,0003
producer 2,6593 0,0022
topic 0,0000 0,0000
ipad 2,9957 0,0013
automotive 1,8971 0,0008
job 1,3093 0,0011
option 0,9416 0,0004
game 0,7765 0,0007
lighthouse 2,9957 0,0013
globally 1,9661 0,0008
alts 4,6052 0,0019
contribute 0,0000 0,0000
hamina 4,6052 0,0019
uber 2,8134 0,0012
rocky 3,5066 0,0015
integrated 1,2379 0,0005
generative 2,6593 0,0011
administrator 1,6094 0,0007
candidate 1,6094 0,0007
database 0,2485 0,0002
along 0,7340 0,0003
billion 1,3471 0,0006
fonts 3,5066 0,0015
visually 2,3026 0,0010
inventor 2,4079 0,0010
sheet 2,1203 0,0009
david 0,5798 0,0002
kitkat 3,9120 0,0016
oppenheimer 3,2189 0,0014
nextcloud 2,5257 0,0011
wgseparatortransformtable 0,0000 0,0000
breach 1,6094 0,0007
san 1,2379 0,0010
chromium 2,3026 0,0010
move 0,0000 0,0000
original 0,0943 0,0000
sap 2,3026 0,0010
album 3,5066 0,0015
futurism 4,6052 0,0019
also 0,0202 0,0000
sandwich 3,5066 0,0015
sycamore 3,9120 0,0016
designer 1,2730 0,0005
terminal 1,7720 0,0007
spread 1,6607 0,0007
oyster 4,6052 0,0019
inline 0,0408 0,0000
attention 1,7148 0,0007
front 1,1394 0,0005
visit 0,0408 0,0000
affiliate 2,6593 0,0011
hopper 3,5066 0,0015
user 0,0000 0,0000
carmen 4,6052 0,0019
customer 0,7550 0,0006
mindsphere 2,5257 0,0011
stupid 2,6593 0,0011
workday 2,3026 0,0010
bring 0,9676 0,0004
gaos 4,6052 0,0019
fit 1,6607 0,0007
offer 0,4155 0,0003
robot 2,1203 0,0009
revolutionize 3,2189 0,0014
ad 2,8134 0,0012
hierarchy 1,6607 0,0007
personal 0,0000 0,0000
natalie 4,6052 0,0019
former 1,3093 0,0005
grpc 3,2189 0,0014
saudi 2,9957 0,0013
finder 3,2189 0,0014
ar 1,5141 0,0006
fold 2,6593 0,0011
proxy 1,7148 0,0007
kurian 4,6052 0,0019
marratech 4,6052 0,0019
imageobject 0,0000 0,0000
transient 3,9120 0,0016
sdk 2,4079 0,0010
drive 0,4780 0,0004
dean 2,6593 0,0011
frank 1,4271 0,0006
luis 2,6593 0,0011
geographical 2,4079 0,0010
tiers 4,6052 0,0019
chromebit 4,6052 0,0019
scheme 0,0101 0,0000
dreambooth 4,6052 0,0019
icon 0,0101 0,0000
expansiondepth 0,0000 0,0000
safetynet 3,9120 0,0016
lyra 4,6052 0,0019
goodison 4,6052 0,0019
search 0,0000 0,0000
see 0,0408 0,0000
tenor 4,6052 0,0019
spacing 0,0619 0,0000
actifio 4,6052 0,0019
systems 0,4780 0,0002
fool 2,5257 0,0011
wgrelevantpagename 0,0000 0,0000
cardboard 3,9120 0,0016
innovation 1,2379 0,0005
blockly 3,5066 0,0015
contain 0,0101 0,0000
set 0,2107 0,0001
founder 1,4697 0,0006
column 0,0101 0,0000
adobe 2,1203 0,0009
hanley 4,6052 0,0019
familiar 2,0402 0,0009
firebase 3,9120 0,0016
flu 3,9120 0,0016
integrate 0,5798 0,0002
rajen 4,6052 0,0019
apkmirror 3,9120 0,0016
partner 1,7720 0,0022
wgaction 0,0000 0,0000
pagerank 3,9120 0,0016
font 0,0000 0,0000
scalable 1,5141 0,0006
jamboard 4,6052 0,0019
visualization 1,5606 0,0007
beauty 4,6052 0,0019
language 0,0000 0,0000
sites 3,2189 0,0014
graphics 1,6607 0,0007
navbox 0,0943 0,0000
fastboot 3,9120 0,0016
excessively 2,0402 0,0009
listitem 0,0408 0,0000
japanese 2,0402 0,0009
ilbc 4,6052 0,0019
startup 1,2040 0,0005
contact 0,0000 0,0000
france 0,8675 0,0004
webdriver 4,6052 0,0019
criticism 1,1394 0,0005
programming 0,2744 0,0001
image 0,0202 0,0000
chrome 2,2073 0,0009
suspicious 2,8134 0,0012
mergers 3,2189 0,0014
cryptocurrency 2,5257 0,0011
she 1,8326 0,0008
susan 2,3026 0,0010
containers 2,9957 0,0013
frame 1,6094 0,0007
cursor 0,0619 0,0000
lucky 2,9957 0,0013
deep 1,3863 0,0006
origin 0,0000 0,0000
india 1,4271 0,0006
walltime 0,0000 0,0000
interlanguage 0,0000 0,0000
content 0,0000 0,0000
gerrit 3,2189 0,0014
random 0,0000 0,0000
desktop 1,0788 0,0005
alert 1,8326 0,0015
client 0,0000 0,0000
class 0,0000 0,0000
gehomepagesuggestededitsenabletopic 0,0000 0,0000
conversion 1,9661 0,0008
digital 0,6162 0,0003
over 0,3285 0,0001
qwiklabs 4,6052 0,0019
gato 4,6052 0,0019
false 0,0000 0,0000
go 0,9943 0,0004
counter 0,0408 0,0000
parse 0,0619 0,0000
form 0,3011 0,0001
management 0,2231 0,0001
publish 0,4463 0,0002
developer 0,1744 0,0001
sergey 2,9957 0,0013
avoid 0,0101 0,0000
jaiku 4,6052 0,0019
big 0,7550 0,0006
chromebox 4,6052 0,0019
expert 1,3863 0,0006
select 0,9676 0,0008
advanced 0,7985 0,0003
poland 3,9120 0,0016
glinux 3,5066 0,0015
apigee 4,6052 0,0019
bednarz 4,6052 0,0019
bit 1,3863 0,0006
visbug 4,6052 0,0019
output 0,0000 0,0000
transcribe 3,5066 0,0015
corner 2,9957 0,0013
oci 4,6052 0,0019
else 2,0402 0,0009
recognise 3,2189 0,0014
model 0,0000 0,0000
https 2,3026 0,0010
join 1,1087 0,0009
portal 0,0000 0,0000
manipulation 1,1712 0,0005
french 2,3026 0,0010
gears 2,5257 0,0011
tasks 3,5066 0,0015
reduce 0,0101 0,0000
sentence 0,0000 0,0000
deft 2,5257 0,0011
degoogle 3,9120 0,0016
issue 0,3425 0,0001
kern 0,0101 0,0000
large 0,2485 0,0002
schemer 4,6052 0,0019
verb 2,8134 0,0012
sla 3,2189 0,0014
announce 0,6733 0,0011
odd 0,0943 0,0000
messaging 1,4271 0,0006
lively 3,2189 0,0014
operate 0,3567 0,0001
wilkes 3,2189 0,0014
bionic 2,9957 0,0013
santiago 3,9120 0,0016
john 0,5276 0,0002
begin 0,5108 0,0002
wgvisualeditor 0,0000 0,0000
become 0,2877 0,0004
template 0,0000 0,0000
judgement 3,9120 0,0016
viewer 2,8134 0,0012
works 2,2073 0,0009
enwiki 0,0619 0,0000
indefinitely 1,9661 0,0008
subscription 0,0101 0,0000
navbar 0,0202 0,0000
world 0,3857 0,0002
subbox 0,6931 0,0003
december 0,0000 0,0000
camera 2,2073 0,0009
everything 1,2730 0,0005
italy 3,2189 0,0014
table 0,0000 0,0000
finland 4,6052 0,0019
creator 1,2730 0,0005
side 0,3425 0,0001
appscale 2,5257 0,0011
break 0,0101 0,0000
composer 3,5066 0,0015
change 0,0000 0,0000
programmatically 3,5066 0,0015
krishna 3,9120 0,0016
draw 1,7148 0,0007
printable 0,0000 0,0000
swinhoe 4,6052 0,0019
joke 3,5066 0,0015
generally 0,5447 0,0002
hide 0,0000 0,0000
discovery 1,3863 0,0006
report 0,0202 0,0000
onedrive 2,4079 0,0010
auto 0,0726 0,0000
autopilot 3,2189 0,0014
certify 2,2073 0,0009
moderator 3,9120 0,0016
sign 1,2379 0,0005
office 1,0498 0,0004
wgcanonicalspecialpagename 0,0000 0,0000
second 0,0408 0,0000
that 0,5108 0,0002
download 0,0000 0,0000
edge 1,2379 0,0005
high 0,0101 0,0000
split 0,0000 0,0000
orchestra 4,6052 0,0019
than 0,2357 0,0001
limit 0,0000 0,0000
venturebeat 2,1203 0,0009
different 0,0513 0,0000
vevo 4,6052 0,0019
level 0,0000 0,0000
author 0,0000 0,0000
windmill 4,6052 0,0019
alphazero 3,5066 0,0015
etherpad 4,6052 0,0019
synapse 3,9120 0,0016
antarctica 4,6052 0,0019
establish 0,8916 0,0004
expansion 0,0619 0,0000
amazon 1,0498 0,0004
license 0,0000 0,0000
disk 1,3471 0,0011
expand 0,0101 0,0000
headquarters 2,4079 0,0010
perimeter 3,5066 0,0015
prediction 2,4079 0,0020
wgmfdisplaywikibasedescription 0,0000 0,0000
retrieve 0,0000 0,0000
survey 0,9416 0,0004
oregon 3,2189 0,0014
angularjs 2,5257 0,0011
postpone 3,5066 0,0029
tablets 3,9120 0,0016
columbus 3,9120 0,0016
datum 0,0408 0,0000
behind 1,2730 0,0005
code 0,0000 0,0000
shirley 3,5066 0,0015
tenth 3,5066 0,0015
student 1,4271 0,0006
wgdefaultdateformat 0,0000 0,0000
monetization 3,5066 0,0015
box 0,0408 0,0000
sean 1,9661 0,0008
storage 0,3711 0,0002
pyra 4,6052 0,0019
sql 1,0788 0,0005
chinchilla 3,5066 0,0015
libvirt 2,4079 0,0010
total 0,0000 0,0000
deutsch 0,0943 0,0000
unstructured 2,3026 0,0010
backend 1,7720 0,0007
mirantis 2,4079 0,0010
pixelbook 4,6052 0,0019
highly 1,1712 0,0005
console 1,7720 0,0007
initiative 1,0217 0,0004
sports 2,9957 0,0013
social 0,8210 0,0003
src 0,6349 0,0003
cross 1,8326 0,0008
coronavirus 3,9120 0,0016
control 0,1625 0,0001
cutts 4,6052 0,0019
shoploop 4,6052 0,0019
inktank 2,4079 0,0010
kamangar 4,6052 0,0019
awards 2,8134 0,0012
earth 2,4079 0,0010
attribution 0,0000 0,0000
oreo 3,9120 0,0016
metadata 1,5606 0,0007
spanner 4,6052 0,0019
strategic 2,0402 0,0009
ssd 2,4079 0,0010
vary 0,0619 0,0000
upper 0,0101 0,0000
county 3,9120 0,0016
lamda 3,5066 0,0015
salar 4,6052 0,0019
sso 3,5066 0,0015
objective 1,3471 0,0006
guild 4,6052 0,0019
dynamics 1,8326 0,0008
lambda 2,2073 0,0009
scandal 2,9957 0,0013
engines 1,3471 0,0006
friend 1,8971 0,0008
expiry 0,0619 0,0000
minerva 0,0101 0,0000
brand 0,0000 0,0000
liftware 4,6052 0,0019
recent 0,0000 0,0000
trends 1,5141 0,0006
browsing 1,8326 0,0008
karl 2,9957 0,0013
modular 1,5141 0,0006
bru 4,6052 0,0019
edit 0,0000 0,0000
australia 1,8971 0,0008
tpus 4,6052 0,0019
youtuber 4,6052 0,0019
moncks 4,6052 0,0019
secondary 1,5606 0,0007
node 0,0305 0,0000
mission 1,8971 0,0008
concepts 1,1394 0,0005
mather 4,6052 0,0019
bridge 1,8971 0,0008
madrid 3,9120 0,0016
device 0,7550 0,0006
sub 1,9661 0,0008
access 0,2877 0,0001
conference 0,3425 0,0001
webrtc 2,3026 0,0010
simi 0,9416 0,0004
selflink 0,0101 0,0000
current 0,0000 0,0000
defunct 1,9661 0,0008
audit 2,4079 0,0010
managed 3,2189 0,0014
thompson 1,8326 0,0008
vector 0,0000 0,0000
email 1,4271 0,0006
key 0,0305 0,0000
calendar 2,9957 0,0013
cachereport 0,0000 0,0000
manager 0,8440 0,0004
jose 2,0402 0,0009
one 0,0943 0,0000
garage 3,2189 0,0014
maker 1,8971 0,0008
launch 0,9943 0,0013
store 0,5447 0,0002
flower 3,9120 0,0016
bud 4,6052 0,0019
single 0,3147 0,0001
entityaccesscount 0,0000 0,0000
abhishek 3,9120 0,0016
elastic 2,3026 0,0010
closed 1,7720 0,0007
splunk 2,4079 0,0010
amit 2,5257 0,0011
censorship 2,6593 0,0011
cupcake 3,9120 0,0016
abiquo 2,5257 0,0011
story 1,2730 0,0011
bus 1,6607 0,0007
eemshaven 4,6052 0,0019
neotonic 4,6052 0,0019
workspace 2,2073 0,0009
predix 2,5257 0,0011
vertex 3,2189 0,0014
dislike 3,9120 0,0016
buy 1,4271 0,0006
available 0,0000 0,0000
express 1,0788 0,0005
quest 2,3026 0,0010
zero 1,0217 0,0004
regularly 1,9661 0,0008
apache 1,0788 0,0005
wdyl 4,6052 0,0019
variant 0,0619 0,0000
dodgeball 4,6052 0,0019
authoritative 4,6052 0,0019
oracle 0,8916 0,0004
studios 2,6593 0,0011
gaygler 4,6052 0,0019
memusage 0,0000 0,0000
knol 4,6052 0,0019
taiwan 2,8134 0,0012
shortener 4,6052 0,0019
failure 1,1087 0,0005
solve 0,9416 0,0004
know 0,2231 0,0001
region 2,0402 0,0017
support 0,1393 0,0001
deepmind 3,5066 0,0015
preview 1,6607 0,0007
brazil 2,5257 0,0011
techtarget 2,9957 0,0013
wgpopupsflag 0,0000 0,0000
privacy 0,0000 0,0000
learning 0,8916 0,0004
misconception 2,4079 0,0010
kim 2,1203 0,0009
we 1,3093 0,0005
gonzalez 3,2189 0,0014
drawings 4,6052 0,0019
eustace 4,6052 0,0019
similarity 2,5257 0,0011
tango 4,6052 0,0019
verma 3,2189 0,0014
crashlytic 4,6052 0,0019
coverage 2,4079 0,0010
normal 0,0202 0,0000
vercel 2,4079 0,0010
technology 0,1863 0,0001
stone 2,9957 0,0013
ors 4,6052 0,0019
greenqloud 2,5257 0,0011
litigation 2,4079 0,0010
wgarticleid 0,0000 0,0000
sensorvault 4,6052 0,0019
deepen 3,9120 0,0016
pagelanguagedir 0,0000 0,0000
wgcitereferencepreviewsactive 0,0000 0,0000
location 0,9943 0,0008
flutt 3,5066 0,0015
eclair 3,9120 0,0016
ecosystem 1,2040 0,0005
software 0,0000 0,0000
bluffs 4,6052 0,0019
ganeti 3,2189 0,0014
none 0,0101 0,0000
type 0,0000 0,0000
april 0,0000 0,0000
googlebot 3,9120 0,0016
gcp 3,9120 0,0016
road 1,7148 0,0007
weather 2,4079 0,0010
connection 0,9676 0,0004
presence 1,3471 0,0006
ugia 4,6052 0,0019
between 0,2107 0,0001
guide 0,3711 0,0002
wifi 2,8134 0,0012
method 0,3147 0,0001
natural 1,2040 0,0005
javeed 4,6052 0,0019
namebench 3,5066 0,0015
push 0,0000 0,0000
utah 3,5066 0,0015
androidland 3,9120 0,0016
insight 1,6607 0,0007
johannesburg 4,6052 0,0019
techrepublic 2,5257 0,0011
nationwide 3,2189 0,0014
force 1,0217 0,0004
frederic 2,3026 0,0010
guice 3,5066 0,0015
gmail 3,9120 0,0016
pythonanywhere 2,3026 0,0010
south 1,9661 0,0008
james 0,9676 0,0004
north 1,7148 0,0007
wear 2,9957 0,0013
distribution 0,8916 0,0004
tools 1,4697 0,0006
out 0,0000 0,0000
fitbit 3,9120 0,0016
dart 2,6593 0,0011
krishnan 3,5066 0,0015
feature 0,0000 0,0000
kohistan 4,6052 0,0019
cached 0,4463 0,0002
get 0,0000 0,0000
dark 0,0101 0,0000
place 0,5447 0,0002
power 0,6733 0,0006
brain 2,5257 0,0011
transformation 1,5606 0,0007
lead 0,2231 0,0001
gagliordi 4,6052 0,0019
help 0,0000 0,0000
site 0,0000 0,0000
depth 0,0000 0,0000
massive 1,8326 0,0008
podcasts 3,5066 0,0015
efficientnet 4,6052 0,0019
self 0,7133 0,0003
queue 1,1394 0,0005
sharealike 0,0000 0,0000
date 0,3011 0,0004
magic 1,9661 0,0008
dallas 3,5066 0,0015
argument 0,0513 0,0000
panda 3,9120 0,0016
data 0,0000 0,0000
eucalyptus 2,4079 0,0010
mohan 2,9957 0,0013
sound 1,3471 0,0006
wgpageviewlanguage 0,0000 0,0000
blog 0,6349 0,0003
translate 1,3863 0,0006
alphadev 4,6052 0,0019
salesforce 2,5257 0,0011
realistic 2,5257 0,0011
accesskey 0,0000 0,0000
argentina 3,9120 0,0016
should 0,3711 0,0002
create 0,0000 0,0000
justice 2,4079 0,0010
tag 0,0000 0,0000
notebook 2,9957 0,0013
development 0,1278 0,0001
slovenian 3,2189 0,0014
taylor 2,2073 0,0009
like 0,2231 0,0002
resource 0,4620 0,0004
datalab 4,6052 0,0019
bebapay 4,6052 0,0019
netherlands 2,3026 0,0010
tax 1,8971 0,0008
webp 3,9120 0,0016
osterloh 3,9120 0,0016
webm 4,6052 0,0019
core 0,5621 0,0005
blob 2,5257 0,0011
mapreduce 3,2189 0,0014
pichette 4,6052 0,0019
chromiumos 2,9957 0,0013
council 2,2073 0,0009
person 0,6162 0,0005
safe 0,8675 0,0004
whetstone 4,6052 0,0019
platespin 2,5257 0,0011
presidential 3,2189 0,0014
send 0,7550 0,0003
potentially 0,7765 0,0003
here 0,0000 0,0000
youtube 1,5141 0,0006
week 1,2379 0,0010
challenges 1,6094 0,0007
purpose 0,5108 0,0002
line 0,0101 0,0000
priyasi 4,6052 0,0019
link 0,0000 0,0000
scale 0,4943 0,0002
recovery 1,6607 0,0007
tune 2,3026 0,0010
noto 3,9120 0,0016
aware 1,9661 0,0008
dragonfly 2,9957 0,0013
can 0,0408 0,0000
computing 0,4155 0,0002
security 0,3285 0,0001
award 1,9661 0,0008
cap 0,0619 0,0000
contributor 0,0000 0,0000
paris 2,5257 0,0011
scalr 2,5257 0,0011
wgcanonicalnamespace 0,0000 0,0000
flex 0,5276 0,0002
ready 0,0000 0,0000
securely 2,8134 0,0012
cat 2,3026 0,0010
station 1,9661 0,0008
sparrow 4,6052 0,0019
player 1,8326 0,0008
factory 2,0402 0,0009
wgisredirect 0,0000 0,0000
will 0,2485 0,0002
sputnik 2,4079 0,0010
february 0,0000 0,0000
groups 2,9957 0,0013
intent 1,8971 0,0008
stackdriver 4,6052 0,0019
balancing 2,4079 0,0010
netlify 2,5257 0,0011
tableau 3,9120 0,0016
crowdsource 3,2189 0,0014
conversational 3,2189 0,0014
response 0,7340 0,0003
responsive 0,0202 0,0000
challenge 0,6162 0,0003
beyondcorp 4,6052 0,0019
gson 3,5066 0,0015
category 0,0000 0,0000
delhi 2,9957 0,0013
rival 2,6593 0,0011
wikidata 0,0000 0,0000
