prepare 1,6094 0,0007
rsre 4,6052 0,0019
kernf 4,6052 0,0019
govern 2,5257 0,0010
numerous 1,3863 0,0006
upload 0,0000 0,0000
multitasking 2,2073 0,0009
discourage 3,2189 0,0013
hall 1,3471 0,0006
wggelevelingupenabledforuser 0,0000 0,0000
wgrestrictionmove 0,0000 0,0000
descriptor 3,2189 0,0027
remote 0,9163 0,0004
without 0,2744 0,0001
would 0,3425 0,0001
xml 1,1394 0,0005
calculate 2,0402 0,0008
authorize 1,8326 0,0008
userland 2,8134 0,0012
nova 2,2073 0,0009
successfully 1,5141 0,0006
solid 0,0202 0,0000
neutral 0,5447 0,0002
nitro 4,6052 0,0019
optional 1,3093 0,0005
require 0,0000 0,0000
analysis 0,5108 0,0002
cxfs 4,6052 0,0019
devise 2,9957 0,0012
backwards 2,5257 0,0010
lion 3,2189 0,0013
rewrite 1,2040 0,0010
scribunto 0,0000 0,0000
cooperative 1,7720 0,0007
moore 1,9661 0,0008
size 0,0000 0,0000
left 0,0408 0,0000
cdx 0,0000 0,0000
inefficient 2,4079 0,0010
kirby 3,9120 0,0016
much 0,6931 0,0003
object 0,3711 0,0003
wind 2,8134 0,0012
chapter 1,1712 0,0005
hang 1,3863 0,0006
developerworks 3,9120 0,0016
lombard 1,1712 0,0005
roll 1,9661 0,0016
turn 1,0498 0,0004
wesley 0,8675 0,0004
example 0,2485 0,0002
iseries 4,6052 0,0019
result 0,2231 0,0002
same 0,2357 0,0001
after 0,0305 0,0000
headline 0,0000 0,0000
snfs 4,6052 0,0019
solaris 1,7148 0,0007
connect 0,8675 0,0004
policy 0,0000 0,0000
committed 3,5066 0,0015
address 0,5621 0,0005
kernel 1,2379 0,0005
erofs 4,6052 0,0019
mangling 3,9120 0,0016
pagelanguagecode 0,0000 0,0000
whitepapers 4,6052 0,0019
transientcontent 0,0000 0,0000
subtle 0,3285 0,0001
component 0,3147 0,0003
forensics 3,5066 0,0015
idhash 0,0619 0,0000
timeline 1,0788 0,0004
information 0,0000 0,0000
wrap 0,0101 0,0000
standard 0,2357 0,0001
november 0,0000 0,0000
correct 1,2730 0,0011
journaling 3,9120 0,0016
openzfs 3,5066 0,0015
good 0,4155 0,0003
minidisk 4,6052 0,0019
predefined 2,4079 0,0010
empty 0,0305 0,0000
compute 0,6733 0,0006
andrea 2,0402 0,0008
exceed 1,7148 0,0007
copying 3,9120 0,0016
fullversionlist 0,0000 0,0000
tauber 4,6052 0,0019
implement 0,3285 0,0003
gpf 4,6052 0,0019
export 0,0000 0,0000
area 0,7985 0,0007
nilfs 4,6052 0,0019
owen 2,9957 0,0012
giampaolo 4,6052 0,0019
list 0,0000 0,0000
pirkola 4,6052 0,0019
andrew 1,0498 0,0004
external 0,1863 0,0001
aside 2,8134 0,0012
labs 1,2730 0,0005
circumstance 2,2073 0,0009
sparse 3,5066 0,0015
child 0,0202 0,0000
mainentity 0,0000 0,0000
medium 1,4271 0,0006
interface 0,2485 0,0002
embody 2,9957 0,0012
representation 1,1394 0,0005
remove 0,3711 0,0005
disclaimers 0,0000 0,0000
anticipation 4,6052 0,0019
root 0,4780 0,0004
wgisprobablyeditable 0,0000 0,0000
hard 1,1394 0,0005
live 1,1712 0,0005
citation 0,0101 0,0000
mobile 0,0000 0,0000
multiple 0,2485 0,0001
perform 0,4463 0,0002
evolution 1,3471 0,0006
expose 1,4271 0,0018
plainlist 0,4463 0,0002
ecryptfs 4,6052 0,0019
pdf 0,0000 0,0000
service 0,1393 0,0001
there 0,2614 0,0001
automate 0,7340 0,0006
permit 1,3093 0,0016
translation 1,8326 0,0008
well 0,2744 0,0002
suitable 1,3471 0,0006
bitness 0,0000 0,0000
rgba 0,0101 0,0000
catalog 2,4079 0,0020
channel 1,3863 0,0006
optionally 2,1203 0,0009
invisible 2,3026 0,0010
american 0,8440 0,0003
entire 0,8675 0,0004
utilities 3,2189 0,0013
approach 0,3711 0,0002
precursor 2,2073 0,0009
block 0,0408 0,0000
per 0,8440 0,0003
write 0,1508 0,0003
flow 0,3425 0,0001
microcomputer 2,5257 0,0010
pet 3,9120 0,0016
order 0,4155 0,0002
ntfs 3,2189 0,0013
cli 1,5141 0,0006
modulate 4,6052 0,0019
period 1,4697 0,0006
opensolaris 2,6593 0,0011
aria 0,0000 0,0000
boxtext 0,0619 0,0000
byte 0,0408 0,0000
corporation 1,0498 0,0004
wafl 4,6052 0,0019
macintosh 2,2073 0,0009
underlying 2,4079 0,0010
indonesia 0,3567 0,0001
minix 2,8134 0,0012
ever 1,3863 0,0006
even 0,0513 0,0000
install 1,3093 0,0022
granularity 3,2189 0,0013
binary 0,9943 0,0004
restriction 1,4271 0,0006
esperanto 0,7133 0,0003
tagline 0,0000 0,0000
gui 1,3471 0,0006
foreseeable 3,5066 0,0015
pfs 3,9120 0,0016
regexp 0,0000 0,0000
hundred 1,4271 0,0006
subsection 0,1508 0,0001
wait 1,8326 0,0008
successor 1,5606 0,0013
wgeditsubmitbuttonlabelpublish 0,0000 0,0000
advfs 4,6052 0,0019
cms 3,5066 0,0015
save 1,3863 0,0011
toc 0,0000 0,0000
protection 0,4463 0,0002
functionality 0,6539 0,0003
matter 1,2379 0,0005
restrict 1,5141 0,0006
wgpagecontentmodel 0,0000 0,0000
top 0,0000 0,0000
native 0,8916 0,0004
too 0,8916 0,0004
have 0,2744 0,0002
redundancy 2,1203 0,0009
hobbyist 2,3026 0,0010
piecemeal 4,6052 0,0019
product 0,4005 0,0002
atomicity 2,9957 0,0012
linear 1,6607 0,0007
pvfs 4,6052 0,0019
phd 2,5257 0,0010
produce 0,6931 0,0006
phi 4,6052 0,0019
wgnamespacenumber 0,0000 0,0000
regard 1,1087 0,0005
wgwmepagelength 0,0000 0,0000
entity 0,0101 0,0000
inferno 4,6052 0,0019
col 0,9943 0,0004
expensivefunctioncount 0,0000 0,0000
valvano 4,6052 0,0019
almost 1,1087 0,0005
mdos 4,6052 0,0019
manner 1,6607 0,0007
upon 0,8916 0,0004
associate 0,6931 0,0006
procf 4,6052 0,0019
identical 2,0402 0,0008
timeusage 0,0000 0,0000
pin 0,0000 0,0000
whether 0,7765 0,0003
function 0,0000 0,0000
verification 0,8440 0,0003
comparison 0,4005 0,0002
law 1,2379 0,0005
virtualization 1,5606 0,0006
swap 2,4079 0,0010
cpu 0,0408 0,0000
less 0,6162 0,0005
basis 1,1087 0,0005
pcache 0,0619 0,0000
condition 1,2040 0,0005
markets 3,5066 0,0015
eran 3,5066 0,0015
mounting 4,6052 0,0019
snow 2,9957 0,0012
naming 2,6593 0,0011
october 0,0000 0,0000
basic 0,6539 0,0003
specialized 1,3471 0,0006
complication 0,0513 0,0000
locate 1,6094 0,0013
university 0,5621 0,0002
arpaci 3,9120 0,0016
cause 0,6162 0,0003
technique 0,7550 0,0003
jquery 0,0000 0,0000
effective 1,0217 0,0004
similarly 1,4697 0,0006
design 0,1393 0,0002
department 1,3863 0,0006
contaminate 4,6052 0,0019
timeless 0,0101 0,0000
chief 1,6607 0,0007
wgwmeschemaeditattemptstepoversample 0,0000 0,0000
ttl 0,0000 0,0000
encyclopedia 0,0000 0,0000
conduct 0,0000 0,0000
mmap 3,9120 0,0016
formerly 1,2040 0,0005
lnfs 4,6052 0,0019
maintenance 0,6733 0,0003
cluster 1,2379 0,0010
abovebelow 0,0943 0,0000
erez 3,9120 0,0016
concern 0,8210 0,0003
helen 2,8134 0,0012
integrity 1,3863 0,0006
password 1,7720 0,0015
docs 2,3026 0,0010
pref 0,0000 0,0000
mccoy 3,9120 0,0016
midpoint 4,6052 0,0019
tmpf 4,6052 0,0019
qgroup 4,6052 0,0019
state 0,3425 0,0001
csrftoken 0,0000 0,0000
press 0,5621 0,0002
marsh 4,6052 0,0019
spillane 4,6052 0,0019
element 0,0000 0,0000
hopkins 3,9120 0,0016
cengage 3,9120 0,0016
night 0,0000 0,0000
recognize 1,3471 0,0006
pack 2,2073 0,0018
each 0,1393 0,0001
input 0,0000 0,0000
lfn 4,6052 0,0019
lfs 3,5066 0,0015
difference 0,8916 0,0004
must 0,4620 0,0002
polite 3,5066 0,0015
unpinned 0,0000 0,0000
sophisticated 1,8326 0,0008
document 0,4463 0,0004
reside 2,4079 0,0010
concurrent 1,2040 0,0005
vkernel 2,3026 0,0010
availability 1,1394 0,0005
networks 1,2730 0,0005
two 0,2744 0,0001
writable 3,2189 0,0013
incompatible 1,9661 0,0008
cvf 3,9120 0,0016
encrypt 1,5141 0,0013
dissertation 2,6593 0,0011
sachin 4,6052 0,0019
distribute 0,3857 0,0002
reorganization 3,9120 0,0016
graphic 1,6094 0,0007
creation 0,7985 0,0003
datepublished 0,0000 0,0000
situation 1,2379 0,0005
team 0,4943 0,0002
wgusername 0,0000 0,0000
decrypt 2,8134 0,0012
dataset 2,1203 0,0018
optical 2,4079 0,0010
fashion 2,0402 0,0008
filetype 4,6052 0,0019
dbms 2,6593 0,0011
source 0,1393 0,0001
align 0,0101 0,0000
secure 1,0217 0,0004
ieee 0,8440 0,0003
hal 1,9661 0,0008
late 0,4155 0,0002
hat 1,4697 0,0006
advantageous 3,9120 0,0016
actual 1,1394 0,0005
last 0,0000 0,0000
reflection 2,1203 0,0009
imageright 0,2614 0,0001
openvms 3,9120 0,0016
batch 1,7148 0,0007
weight 0,0101 0,0000
merit 3,5066 0,0015
develop 0,1863 0,0001
prabhakaran 4,6052 0,0019
technologies 1,0788 0,0004
measure 0,9416 0,0004
squashfs 4,6052 0,0019
overall 1,1394 0,0005
page 0,0000 0,0000
mathematically 2,5257 0,0010
full 0,0202 0,0000
johns 3,9120 0,0016
memory 0,0408 0,0000
scientist 1,3863 0,0006
concept 0,3711 0,0003
impossible 1,8971 0,0008
tocttou 4,6052 0,0019
video 0,8210 0,0007
brute 2,9957 0,0012
house 1,4271 0,0006
openafs 4,6052 0,0019
minimal 1,2730 0,0005
early 0,4308 0,0004
convention 1,8971 0,0008
overview 0,5447 0,0002
encf 4,6052 0,0019
ence 4,6052 0,0019
center 0,0000 0,0000
intruder 3,9120 0,0016
start 0,3011 0,0002
hdd 3,5066 0,0029
yet 1,1087 0,0005
configure 1,3093 0,0011
windows 0,7985 0,0003
disposable 3,9120 0,0016
generic 1,4697 0,0006
manage 0,3567 0,0006
bypass 2,1203 0,0009
equal 1,9661 0,0008
tanenbaum 3,5066 0,0015
wikimedia 0,0000 0,0000
typical 1,1394 0,0005
initially 1,0788 0,0004
short 0,0000 0,0000
time 0,0000 0,0000
applications 1,3093 0,0005
shadow 2,1203 0,0009
interactive 0,4463 0,0002
wapbl 4,6052 0,0019
program 0,2614 0,0002
semantics 1,4271 0,0006
consistency 1,6094 0,0007
three 0,3711 0,0002
put 0,9416 0,0004
truncate 3,9120 0,0032
deletion 2,5257 0,0010
rossbach 4,6052 0,0019
specifically 0,8916 0,0004
hardware 0,5798 0,0002
standalone 2,0402 0,0008
destroy 2,2073 0,0009
paging 2,5257 0,0010
priority 1,4697 0,0006
creative 0,0000 0,0000
nederlands 0,1985 0,0001
allocate 1,5606 0,0019
hfs 3,9120 0,0016
provide 0,1625 0,0003
wayback 0,7985 0,0003
vxfs 4,6052 0,0019
addison 0,9163 0,0004
russinovich 3,5066 0,0015
primary 0,7765 0,0003
supercomputer 2,0402 0,0008
log 0,0000 0,0000
reliability 1,1712 0,0005
wgcheckuserclienthintsheadersjsapi 0,0000 0,0000
consume 1,3471 0,0011
euskara 0,5108 0,0002
layer 0,7340 0,0006
smart 1,2379 0,0005
fuse 3,9120 0,0016
umsdos 4,6052 0,0019
computer 0,1863 0,0002
low 0,0101 0,0000
timingprofile 0,0000 0,0000
sidecar 3,9120 0,0016
theme 0,0000 0,0000
cryptographic 2,1203 0,0009
pxe 2,5257 0,0010
wgcategory 0,0000 0,0000
editor 0,0000 0,0000
means 1,0217 0,0004
postexpandincludesize 0,0000 0,0000
desire 1,1087 0,0005
indexing 1,7148 0,0007
efficient 1,0217 0,0004
initial 0,3857 0,0002
unstrip 0,0000 0,0000
waring 4,6052 0,0019
wwdc 3,5066 0,0015
consistent 1,1712 0,0005
reverse 1,7720 0,0007
templateargumentsize 0,0000 0,0000
unsourced 0,5621 0,0002
january 0,0000 0,0000
permanent 0,0000 0,0000
choice 1,0498 0,0009
randomly 2,9957 0,0012
facility 1,0498 0,0004
small 0,0305 0,0000
quick 1,3863 0,0006
soltis 4,6052 0,0019
compact 1,7720 0,0007
before 0,0305 0,0000
tell 1,5606 0,0006
replace 0,7340 0,0003
piszcz 4,6052 0,0019
italic 0,1278 0,0001
listen 2,2073 0,0009
audible 3,5066 0,0015
interrupt 2,2073 0,0018
consider 0,4005 0,0002
day 0,0000 0,0000
group 0,0408 0,0000
format 0,0101 0,0000
tree 1,1394 0,0005
archive 0,0943 0,0000
particular 0,5978 0,0002
history 0,0000 0,0000
athfs 4,6052 0,0019
eclipse 1,7720 0,0007
udev 4,6052 0,0019
udf 3,5066 0,0015
fibre 4,6052 0,0019
request 0,6733 0,0008
wgrestrictionedit 0,0000 0,0000
part 0,1985 0,0001
wgpageparsereport 0,0000 0,0000
inherently 2,3026 0,0010
dcl 3,5066 0,0015
elsewhere 2,3026 0,0010
point 0,5447 0,0005
general 0,0000 0,0000
hofmann 4,6052 0,0019
tend 1,5141 0,0006
september 0,0000 0,0000
browser 0,9943 0,0008
tivo 3,9120 0,0016
alias 2,6593 0,0022
mcgill 4,6052 0,0019
chfs 4,6052 0,0019
vfstab 4,6052 0,0019
introduction 0,5621 0,0002
padding 0,0000 0,0000
process 0,1625 0,0002
restore 1,9661 0,0008
lto 4,6052 0,0019
alternative 0,6931 0,0003
clear 0,0101 0,0000
ltr 0,0000 0,0000
third 0,5447 0,0002
mean 0,4463 0,0004
lua 0,0513 0,0000
further 0,3711 0,0002
interfere 3,2189 0,0027
account 0,0000 0,0000
mostly 1,2730 0,0005
ufs 4,6052 0,0019
mvfs 4,6052 0,0019
dansk 0,5798 0,0002
computerized 2,9957 0,0012
advance 1,0788 0,0004
hardcopy 4,6052 0,0019
inode 2,4079 0,0010
debugf 4,6052 0,0019
path 1,0498 0,0009
crack 2,4079 0,0010
pate 4,6052 0,0019
record 0,7765 0,0010
abbr 0,0619 0,0000
pseudo 3,9120 0,0016
you 0,0000 0,0000
jump 0,0000 0,0000
knowledge 0,7340 0,0003
limitations 2,0402 0,0008
soft 2,1203 0,0009
synchronize 2,0402 0,0008
afip 4,6052 0,0019
past 1,8326 0,0008
active 0,7985 0,0003
july 0,0000 0,0000
solstice 4,6052 0,0019
easy 0,6733 0,0003
metafile 4,6052 0,0019
bucket 3,5066 0,0029
dfs 3,9120 0,0016
unicode 2,1203 0,0009
subdirectory 3,5066 0,0029
average 1,8971 0,0008
sivathanu 4,6052 0,0019
compare 0,9416 0,0004
subgroup 0,0513 0,0000
characteristic 1,2379 0,0005
transparent 0,0619 0,0000
how 0,0834 0,0000
capability 0,7765 0,0006
journal 0,4780 0,0002
peter 0,8210 0,0003
term 0,0000 0,0000
business 0,3425 0,0001
mini 0,0619 0,0000
advent 2,4079 0,0010
microkernel 2,3026 0,0010
involve 0,6539 0,0005
possible 0,5276 0,0002
right 0,0101 0,0000
executable 1,3093 0,0011
march 0,0000 0,0000
june 0,0000 0,0000
wikitext 0,0000 0,0000
answer 1,5606 0,0006
series 0,5798 0,0002
maximum 1,9661 0,0008
under 0,0101 0,0000
represent 0,5978 0,0005
defragment 4,6052 0,0019
sometimes 0,6931 0,0003
autocapitalize 0,0000 0,0000
hold 0,7985 0,0003
div 0,0000 0,0000
correctly 1,5606 0,0006
later 0,4005 0,0002
outdated 2,8134 0,0012
prior 1,3093 0,0005
bracket 0,0619 0,0000
wgpagename 0,0000 0,0000
talk 0,0000 0,0000
richard 0,9676 0,0004
dedicated 1,6094 0,0007
commonly 0,6931 0,0003
finally 1,4271 0,0006
count 0,0513 0,0000
hatnote 0,2107 0,0001
thereafter 2,8134 0,0012
ulf 3,9120 0,0016
pinnable 0,0000 0,0000
take 0,2877 0,0002
final 1,0788 0,0004
wgrevisionid 0,0000 0,0000
relatively 1,0498 0,0004
hsf 4,6052 0,0019
multics 2,8134 0,0012
some 0,1744 0,0001
virtual 0,4620 0,0002
beginning 1,8326 0,0008
rather 0,5978 0,0002
unorganized 4,6052 0,0019
additional 0,0000 0,0000
back 0,6349 0,0011
dominic 3,9120 0,0016
nextstep 3,2189 0,0013
corrective 3,9120 0,0016
title 0,0000 0,0000
patroltoken 0,0000 0,0000
load 0,0202 0,0000
alpha 0,0101 0,0000
company 0,4308 0,0002
just 0,4943 0,0002
notice 1,6094 0,0007
owner 1,3863 0,0006
seltzer 3,9120 0,0016
defragmentation 2,4079 0,0010
madison 3,9120 0,0016
custom 0,0000 0,0000
kiswahili 1,2730 0,0005
length 1,6094 0,0013
monitor 1,2040 0,0005
permission 1,6607 0,0014
margo 4,6052 0,0019
home 0,8675 0,0004
schedule 1,1087 0,0005
print 0,0000 0,0000
although 0,6162 0,0003
relocate 2,8134 0,0012
inherit 0,0101 0,0000
interpret 1,7148 0,0014
iron 2,4079 0,0010
append 2,3026 0,0010
qfs 3,5066 0,0015
toledo 4,6052 0,0019
explain 1,1712 0,0005
baer 2,9957 0,0012
chandra 3,9120 0,0016
construct 1,3471 0,0006
convert 1,6607 0,0021
variants 2,3026 0,0010
attempt 0,8440 0,0003
tracking 1,6607 0,0007
soon 1,5606 0,0006
dmy 0,0000 0,0000
navigation 0,0000 0,0000
sons 1,5606 0,0006
tape 1,8971 0,0016
action 0,0000 0,0000
lock 0,0101 0,0000
text 0,0000 0,0000
usually 0,4780 0,0002
ppvisitednode 0,0000 0,0000
cookie 0,0000 0,0000
vtoc 4,6052 0,0019
sensitive 1,2730 0,0005
classification 1,5606 0,0006
loading 0,0000 0,0000
bell 1,9661 0,0008
physically 2,8134 0,0012
field 0,7550 0,0003
contents 0,0000 0,0000
unionfs 4,6052 0,0019
explorer 1,7148 0,0007
transactional 2,5257 0,0010
doi 0,4155 0,0002
status 0,0000 0,0000
semantic 1,6607 0,0007
server 0,4005 0,0003
floppy 3,2189 0,0013
galvin 3,9120 0,0016
millisecond 3,2189 0,0013
skin 0,0000 0,0000
beos 3,9120 0,0016
dos 1,7720 0,0007
mac 1,3471 0,0006
notify 2,4079 0,0020
eight 1,8326 0,0008
streaming 2,1203 0,0009
file 0,0000 0,0000
joshua 1,8326 0,0008
stream 1,0788 0,0009
reparse 3,9120 0,0016
steve 1,1394 0,0005
defaultsort 3,2189 0,0013
map 0,8210 0,0014
wgnoticeproject 0,0000 0,0000
may 0,0000 0,0000
max 0,0513 0,0000
within 0,3011 0,0001
could 0,4780 0,0002
forward 1,2730 0,0005
trigger 0,0513 0,0000
menu 0,0000 0,0000
benn 4,6052 0,0019
segregate 3,9120 0,0016
url 0,0000 0,0000
machine 0,2744 0,0002
able 0,9943 0,0004
return 0,0000 0,0000
bidirectional 2,8134 0,0012
instance 0,7765 0,0006
usb 2,0402 0,0008
use 0,0000 0,0000
main 0,0000 0,0000
networking 1,5606 0,0006
serve 1,0217 0,0004
cassette 4,6052 0,0019
sosp 4,6052 0,0019
wright 2,0402 0,0008
find 0,3425 0,0003
host 0,6539 0,0003
backward 1,6607 0,0007
logo 0,0000 0,0000
supplementary 3,2189 0,0013
international 0,3011 0,0001
logs 1,3093 0,0005
regardless 1,7720 0,0007
alter 1,5141 0,0006
utc 0,0000 0,0000
malagasy 2,4079 0,0010
occur 0,7765 0,0006
difficult 0,9163 0,0004
canonical 0,0408 0,0000
separator 3,5066 0,0029
sistersitebox 0,6539 0,0003
undesirable 2,9957 0,0012
wgcurrevisionid 0,0000 0,0000
convenient 2,5257 0,0010
vijayan 4,6052 0,0019
null 0,0000 0,0000
background 0,0101 0,0000
principles 1,7148 0,0007
true 0,0000 0,0000
header 0,0000 0,0000
watchtoken 0,0000 0,0000
present 0,5621 0,0005
since 0,3425 0,0001
soup 3,9120 0,0016
belong 1,6607 0,0007
quantum 1,6607 0,0007
delete 0,4155 0,0007
reimer 4,6052 0,0019
foreach 0,0000 0,0000
hour 1,4697 0,0006
custer 3,9120 0,0016
positioning 3,5066 0,0015
repeat 0,0101 0,0000
physical 1,0217 0,0004
make 0,1165 0,0001
disksuite 4,6052 0,0019
wggestructuredtaskrejectionreasontextinputenable 0,0000 0,0000
prentice 1,6607 0,0007
supervisory 3,9120 0,0016
bunting 4,6052 0,0019
mfd 4,6052 0,0019
thread 1,2379 0,0010
exactly 1,5606 0,0006
structure 0,4155 0,0005
master 1,0498 0,0004
algol 2,1203 0,0009
underlie 0,9416 0,0004
spawn 4,6052 0,0019
due 0,5108 0,0002
online 0,7340 0,0003
clustering 2,5257 0,0010
mfs 4,6052 0,0019
socket 2,4079 0,0010
properties 2,5257 0,0010
intermix 3,9120 0,0016
inform 1,6607 0,0014
depend 0,7340 0,0006
automounter 4,6052 0,0019
commit 1,2730 0,0005
branching 3,5066 0,0015
crash 1,6094 0,0013
character 1,1394 0,0009
reflect 1,1712 0,0005
contribution 0,0000 0,0000
dvd 2,8134 0,0012
tfat 4,6052 0,0019
meaning 1,5141 0,0006
magnetic 2,8134 0,0012
recursion 0,0513 0,0000
height 0,0101 0,0000
resident 2,5257 0,0010
symbolic 1,9661 0,0008
august 0,0000 0,0000
distinguish 1,3471 0,0006
module 0,0000 0,0000
wikibase 0,0619 0,0000
outer 1,2040 0,0005
intersperse 4,6052 0,0019
execute 0,6733 0,0003
benefit 0,9416 0,0004
datemodify 0,0619 0,0000
filename 2,1203 0,0018
installer 2,8134 0,0012
thereby 1,6607 0,0007
meta 1,4271 0,0006
unique 1,2379 0,0005
processing 0,6162 0,0003
except 1,5141 0,0006
hrvatski 0,7550 0,0003
shared 2,0402 0,0008
notheme 0,3711 0,0002
fact 1,0217 0,0004
examiner 3,9120 0,0016
scan 1,9661 0,0016
association 1,0498 0,0004
global 0,7985 0,0003
midas 4,6052 0,0019
fragmentation 2,6593 0,0011
long 0,4005 0,0003
pieces 3,9120 0,0016
into 0,1985 0,0001
min 0,1165 0,0000
partition 1,3471 0,0011
redsea 4,6052 0,0019
perspective 1,3093 0,0005
fred 2,3026 0,0010
operating 0,9416 0,0004
free 0,0000 0,0000
zadok 4,6052 0,0019
destruction 2,4079 0,0010
middle 0,7765 0,0003
sanguinetti 4,6052 0,0019
though 0,8440 0,0003
valor 4,6052 0,0019
many 0,2357 0,0001
releases 1,7720 0,0007
actually 1,3093 0,0005
controlled 3,9120 0,0016
appear 0,8210 0,0007
ibm 0,5621 0,0002
associated 1,8326 0,0008
oclc 1,2040 0,0005
stan 2,9957 0,0012
fstab 4,6052 0,0019
operation 0,5108 0,0004
nagar 4,6052 0,0019
open 0,1625 0,0001
junction 4,6052 0,0019
specf 4,6052 0,0019
treat 1,3863 0,0011
approximate 2,3026 0,0010
prepend 3,5066 0,0015
project 0,0000 0,0000
tffs 4,6052 0,0019
enhancement 0,0101 0,0000
inside 0,0101 0,0000
wikiversity 0,9676 0,0004
awkward 3,9120 0,0016
california 1,2379 0,0005
five 0,9943 0,0004
monospace 2,0402 0,0008
etymology 2,8134 0,0012
stornext 4,6052 0,0019
collection 0,6733 0,0003
abort 3,2189 0,0013
btrfs 4,6052 0,0019
guid 4,6052 0,0019
allow 0,1863 0,0003
appliance 1,7148 0,0007
defer 2,2073 0,0009
sequential 2,1203 0,0009
zfs 3,5066 0,0015
isbn 0,1054 0,0000
mass 1,8971 0,0008
detect 1,0788 0,0004
recording 2,5257 0,0010
rule 0,5978 0,0005
update 0,4463 0,0007
speed 0,9416 0,0004
apple 1,1712 0,0005
common 0,3711 0,0002
debian 1,9661 0,0008
linux 0,8916 0,0004
definition 0,4943 0,0002
placeholder 0,0000 0,0000
every 0,6162 0,0003
mechanized 4,6052 0,0019
summary 1,6607 0,0007
manjunath 4,6052 0,0019
scoutfs 4,6052 0,0019
apply 0,0000 0,0000
htfs 4,6052 0,0019
dentry 4,6052 0,0038
removal 1,6607 0,0014
relational 1,5606 0,0006
mark 0,6733 0,0003
base 0,0305 0,0000
rosenblum 4,6052 0,0019
simplistic 3,5066 0,0015
prefix 2,5257 0,0021
webdav 2,8134 0,0012
layouts 4,6052 0,0019
consist 0,6539 0,0003
loss 1,5141 0,0006
reliable 0,7765 0,0003
compatible 1,2040 0,0005
relate 0,0000 0,0000
rump 2,3026 0,0010
enable 0,0000 0,0000
permissions 2,9957 0,0012
safety 1,3093 0,0005
sidebar 0,0000 0,0000
limitreport 0,0000 0,0000
winfs 3,9120 0,0016
decoration 0,0619 0,0000
daisydisk 4,6052 0,0019
reflist 0,0101 0,0000
still 0,5447 0,0002
var 0,0000 0,0000
work 0,2231 0,0004
exceptional 3,2189 0,0013
lose 1,3093 0,0005
agree 0,0101 0,0000
vax 2,8134 0,0012
wgulsislanguageselectorempty 0,0000 0,0000
fail 0,9676 0,0012
filing 3,2189 0,0013
solomon 3,9120 0,0016
itself 0,6539 0,0003
books 1,7148 0,0007
discrepancy 3,2189 0,0013
spectrum 1,9661 0,0008
among 0,5276 0,0002
freenas 4,6052 0,0019
srpski 0,3711 0,0002
registration 0,0101 0,0000
terminate 2,4079 0,0010
word 0,0101 0,0000
extension 0,6349 0,0005
cramf 4,6052 0,0019
compressible 4,6052 0,0019
signature 1,8971 0,0008
iii 2,1203 0,0009
refbegin 1,4697 0,0006
beegfs 4,6052 0,0019
foundation 0,0000 0,0000
privilege 1,8971 0,0008
specified 3,5066 0,0015
across 0,5798 0,0002
flexibility 1,7148 0,0007
fall 1,2379 0,0005
installation 1,6094 0,0007
scatter 3,5066 0,0029
writing 1,7720 0,0007
event 0,0000 0,0000
replication 1,9661 0,0008
include 0,0000 0,0000
erase 3,2189 0,0013
alongside 1,6607 0,0007
axfs 4,6052 0,0019
toggle 0,0000 0,0000
incremental 1,6607 0,0007
destructive 2,4079 0,0010
appearance 0,0000 0,0000
alexander 1,5606 0,0006
classname 0,0000 0,0000
wggetopicsmatchmodeenable 0,0000 0,0000
first 0,0408 0,0000
span 1,2730 0,0005
nowrap 0,0408 0,0000
prefer 0,0101 0,0000
roman 0,0101 0,0000
sivan 4,6052 0,0019
wgrelevantpageisprobablyeditable 0,0000 0,0000
float 0,0101 0,0000
forensic 2,2073 0,0009
transclusion 0,0619 0,0000
space 0,0408 0,0000
reference 0,0101 0,0000
mtd 4,6052 0,0019
cifs 4,6052 0,0019
prospero 3,9120 0,0016
vet 3,5066 0,0015
bottom 0,0000 0,0000
sequentially 2,9957 0,0012
fossil 2,8134 0,0012
mts 4,6052 0,0019
lustre 3,5066 0,0015
revision 0,0000 0,0000
magyar 0,3425 0,0001
collision 2,6593 0,0011
sequence 1,2730 0,0005
fortress 2,9957 0,0012
publisher 0,0000 0,0000
insertion 2,5257 0,0010
intervention 2,6593 0,0011
img 0,0408 0,0000
configuration 0,7550 0,0003
o'reilly 0,6733 0,0003
interact 1,1712 0,0005
rlstate 0,0000 0,0000
error 0,0101 0,0000
unwind 4,6052 0,0019
platform 0,0000 0,0000
differential 2,0402 0,0008
network 0,3285 0,0004
trace 1,6607 0,0014
operations 1,7720 0,0007
shortcut 2,4079 0,0010
paper 0,9416 0,0004
spend 1,3863 0,0006
ubifs 4,6052 0,0019
checksum 3,2189 0,0013
citerefgaltoledo 4,6052 0,0019
track 0,9676 0,0008
value 0,0000 0,0000
degrade 3,9120 0,0016
inc 1,3093 0,0005
monolithic 2,0402 0,0008
hpfs 3,9120 0,0016
advantage 0,9676 0,0004
mvs 3,9120 0,0016
efn 2,3026 0,0010
instead 0,4463 0,0002
ultimately 2,2073 0,0009
command 0,7133 0,0006
expensive 0,0408 0,0000
efs 3,5066 0,0015
performance 0,3425 0,0001
rochester 2,9957 0,0012
currently 1,0788 0,0004
round 1,3093 0,0005
maint 0,0101 0,0000
anticipate 2,8134 0,0012
temple 4,6052 0,0019
wiktionary 0,5798 0,0002
platformversion 0,0000 0,0000
normally 1,6094 0,0007
temporary 1,8971 0,0008
references 0,0513 0,0000
saved 0,0619 0,0000
year 0,2614 0,0001
setting 1,4697 0,0006
via 0,3011 0,0001
properly 1,3471 0,0006
quote 0,0101 0,0000
quota 4,6052 0,0038
because 0,0000 0,0000
near 1,2730 0,0005
ipc 2,1203 0,0009
erkens 4,6052 0,0019
springer 0,9676 0,0004
ram 2,0402 0,0008
internally 1,8326 0,0008
instruct 3,2189 0,0013
upgrade 1,5141 0,0013
pool 2,0402 0,0025
raw 2,1203 0,0009
google 0,4005 0,0002
ray 1,8971 0,0008
community 0,0000 0,0000
version 0,0000 0,0000
folder 2,5257 0,0021
stop 1,1394 0,0005
eesti 0,3285 0,0001
science 0,5447 0,0002
institute 1,0498 0,0004
unused 2,5257 0,0010
detail 0,7133 0,0003
placement 2,6593 0,0011
vista 2,4079 0,0010
appropriate 1,1394 0,0005
firmly 4,6052 0,0019
exfat 3,9120 0,0016
southern 3,2189 0,0013
utility 1,2730 0,0011
archiving 3,9120 0,0016
wgusergroup 0,0000 0,0000
xsan 3,9120 0,0016
aspect 0,7765 0,0003
certified 2,5257 0,0010
wikipedia 0,0000 0,0000
close 0,8210 0,0003
afrikaans 0,9416 0,0004
computers 1,8971 0,0008
minimize 1,4697 0,0006
afips 3,9120 0,0016
cmss 4,6052 0,0019
learn 0,0000 0,0000
michigan 2,5257 0,0010
unlimited 2,3026 0,0010
ltfs 4,6052 0,0019
rubberhose 4,6052 0,0019
logical 1,6607 0,0007
concurrency 1,3471 0,0006
fast 0,4943 0,0004
spin 2,2073 0,0009
netware 3,5066 0,0015
jeremy 2,2073 0,0009
register 0,0000 0,0000
notes 0,9943 0,0004
citerefpirkolasanguinetti 4,6052 0,0019
iso 1,1394 0,0005
official 0,6162 0,0003
acm 0,8675 0,0004
acl 3,5066 0,0015
acid 2,3026 0,0010
red 1,2730 0,0005
act 0,9416 0,0008
post 0,0202 0,0000
leave 0,0101 0,0000
gagne 3,9120 0,0016
vms 2,9957 0,0012
add 0,0000 0,0000
need 0,1393 0,0002
pose 2,1203 0,0009
nvfs 4,6052 0,0019
its 0,0726 0,0000
originally 0,8675 0,0004
often 0,2877 0,0001
encoding 2,4079 0,0010
article 0,0000 0,0000
volume 1,1712 0,0010
nefarious 3,5066 0,0015
parser 0,0000 0,0000
shell 1,0788 0,0004
removable 3,5066 0,0015
http 0,0000 0,0000
therefore 0,7985 0,0003
undelete 4,6052 0,0019
exchange 1,1087 0,0005
decimal 0,0101 0,0000
contiguous 3,5066 0,0015
rfs 4,6052 0,0019
private 0,8210 0,0003
technical 0,6349 0,0003
production 0,9943 0,0004
rainier 4,6052 0,0019
choose 0,8440 0,0003
directory 1,5141 0,0013
wghostname 0,0000 0,0000
prevent 0,7340 0,0006
undo 2,9957 0,0012
vol 1,1712 0,0005
accomplish 1,6607 0,0007
wgtitle 0,0000 0,0000
intentionally 2,3026 0,0010
directories 4,6052 0,0019
end 0,3011 0,0001
recorder 3,9120 0,0016
douglis 4,6052 0,0019
identify 0,6733 0,0008
wgdigittransformtable 0,0000 0,0000
attacker 2,3026 0,0010
rich 1,3093 0,0005
afp 3,5066 0,0015
hlist 0,0408 0,0000
label 0,0000 0,0000
filesystem 2,5257 0,0021
afs 4,6052 0,0019
special 0,0000 0,0000
modify 0,7765 0,0013
environment 0,4308 0,0004
uniqueness 3,5066 0,0015
rlconf 0,0000 0,0000
progressive 1,0788 0,0004
family 1,0217 0,0004
age 1,2730 0,0005
backup 2,1203 0,0018
bahasa 0,3285 0,0001
pohmelfs 4,6052 0,0019
release 0,2744 0,0002
ago 0,7765 0,0003
caption 0,3567 0,0001
deduplication 3,5066 0,0015
preemptive 2,3026 0,0010
apfs 3,9120 0,0016
number 0,0000 0,0000
wgbackendresponsetime 0,0000 0,0000
shorten 0,0000 0,0000
slack 4,6052 0,0019
narrow 2,9957 0,0025
proceedings 0,7550 0,0003
algorithm 0,8675 0,0004
nas 3,5066 0,0015
similar 0,4780 0,0002
nothing 1,6607 0,0007
specify 0,6349 0,0005
handle 0,6539 0,0008
isolation 1,6607 0,0007
keyed 4,6052 0,0019
script 1,2379 0,0005
leopard 3,5066 0,0015
system 0,0101 0,0000
driver 1,3471 0,0011
issn 0,7765 0,0003
logfs 4,6052 0,0019
seventh 2,8134 0,0012
spot 2,1203 0,0009
partial 1,6607 0,0007
journale 3,9120 0,0032
openvm 4,6052 0,0019
other 0,0000 0,0000
against 0,6931 0,0003
loadable 2,3026 0,0010
retain 2,1203 0,0009
local 0,7985 0,0003
retail 2,0402 0,0008
ncp 4,6052 0,0019
share 0,4620 0,0008
chinni 4,6052 0,0019
deployment 0,7985 0,0003
prototype 0,9676 0,0004
proportionally 4,6052 0,0019
iscsi 4,6052 0,0019
dusseauarpaci 3,9120 0,0016
future 0,5978 0,0002
rlq 0,0000 0,0000
anchor 1,9661 0,0008
atop 3,5066 0,0015
cite 0,0000 0,0000
etch 3,5066 0,0015
logic 0,9676 0,0004
yaffs 4,6052 0,0019
donald 1,7148 0,0007
tops 4,6052 0,0019
screen 0,0101 0,0000
versity 4,6052 0,0019
body 0,0000 0,0000
kaashoek 4,6052 0,0019
mode 0,0000 0,0000
pages 0,0000 0,0000
links 3,9120 0,0016
buffer 1,8326 0,0023
longhorn 3,9120 0,0016
newpp 0,0619 0,0000
all 0,0408 0,0000
always 0,9416 0,0004
border 0,0000 0,0000
new 0,0000 0,0000
unmounted 3,9120 0,0016
read 0,0000 0,0000
below 0,7550 0,0003
real 0,0408 0,0000
clientpref 0,0000 0,0000
tool 0,0000 0,0000
unit 0,6539 0,0005
hybrid 1,4271 0,0006
amino 4,6052 0,0019
mendel 4,6052 0,0019
svenska 0,3857 0,0002
nfs 3,5066 0,0015
unix 1,3093 0,0005
facilitate 0,8440 0,0003
leverage 1,3863 0,0006
indent 1,3863 0,0011
wgpagecontentlanguage 0,0000 0,0000
media 0,2485 0,0001
around 0,6931 0,0003
encase 4,6052 0,0019
lightweight 1,6094 0,0007
rom 2,8134 0,0023
wgisarticle 0,0000 0,0000
define 0,2744 0,0002
notelist 2,3026 0,0010
render 0,0513 0,0000
universal 1,4271 0,0006
researchgate 3,9120 0,0016
abstraction 1,2040 0,0005
requirement 0,5798 0,0002
specific 0,2877 0,0001
any 0,2107 0,0001
minute 1,8326 0,0008
vmfs 4,6052 0,0019
application 0,0943 0,0001
ceph 3,9120 0,0016
wgflaggedrevsparams 0,0000 0,0000
ninth 3,5066 0,0015
interfacing 3,9120 0,0016
until 0,7765 0,0003
strategy 0,7340 0,0003
unikernel 2,4079 0,0010
collapse 0,0408 0,0000
gaikwad 4,6052 0,0019
reason 0,7985 0,0007
benchmarking 2,6593 0,0011
ring 2,2073 0,0009
maintain 0,3567 0,0001
wgrelevantarticleid 0,0000 0,0000
preprocessor 0,0513 0,0000
ship 1,6094 0,0007
yair 4,6052 0,0019
anywhere 2,0402 0,0008
commodore 3,5066 0,0015
ingrained 4,6052 0,0019
exe 3,2189 0,0013
identification 2,1203 0,0009
multikernel 2,5257 0,0010
english 0,0000 0,0000
api 0,3425 0,0003
fully 0,8210 0,0003
microcontrollers 2,8134 0,0012
ext 2,8134 0,0012
cache 0,0305 0,0000
margin 0,0000 0,0000
suomi 0,2107 0,0001
wgrequestid 0,0000 0,0000
remain 0,7550 0,0006
enwikimwclientpreference 0,0000 0,0000
rlpagemodules 0,0000 0,0000
defragmenter 4,6052 0,0019
demand 1,1712 0,0005
mount 2,4079 0,0030
reel 3,9120 0,0016
alex 1,3863 0,0006
slow 1,1087 0,0005
letter 1,5606 0,0013
alternatives 3,2189 0,0013
samea 0,0000 0,0000
corruption 2,3026 0,0010
flash 2,1203 0,0009
wgwikibaseitemid 0,0000 0,0000
wikibook 3,5066 0,0015
infiniband 4,6052 0,0019
complexity 0,9163 0,0004
systemic 3,2189 0,0013
gopalan 4,6052 0,0019
wgulsiscompactlinksenable 0,0000 0,0000
frequently 1,0788 0,0004
another 0,3567 0,0001
automatically 0,7765 0,0003
pagevariantfallback 0,0000 0,0000
guarantee 1,3093 0,0005
recommend 1,4697 0,0006
webarchive 0,7985 0,0003
default 0,6931 0,0009
encryption 1,1712 0,0005
wgmonthname 0,0000 0,0000
structured 1,7148 0,0007
disabled 0,0000 0,0000
where 0,2744 0,0001
attribute 0,7765 0,0006
mechanism 0,7550 0,0003
timestamp 0,0000 0,0000
abraham 2,9957 0,0012
call 0,0101 0,0000
such 0,0943 0,0000
classic 1,3093 0,0005
ownership 2,2073 0,0009
refs 3,9120 0,0016
describe 0,2485 0,0002
technological 1,9661 0,0008
through 0,2107 0,0001
abnormally 3,9120 0,0016
microsystems 1,8971 0,0008
organisation 2,2073 0,0009
granular 3,9120 0,0016
run 0,3011 0,0002
incorporate 1,1712 0,0010
microsoft 0,4005 0,0002
research 0,5621 0,0002
sciences 1,9661 0,0008
either 0,5621 0,0002
incomplete 2,4079 0,0010
view 0,0000 0,0000
white 0,0305 0,0000
poolable 4,6052 0,0019
segment 1,8326 0,0008
donate 0,0000 0,0000
throughput 2,3026 0,0010
fragmented 2,9957 0,0012
imagine 2,9957 0,0012
might 0,7340 0,0003
bold 0,0408 0,0000
engineering 0,3857 0,0002
significant 0,6931 0,0003
sharing 1,7148 0,0007
longer 2,3026 0,0010
jfs 4,6052 0,0019
galego 0,7550 0,0003
name 0,0000 0,0000
cputime 0,0000 0,0000
installable 3,9120 0,0016
watchlist 0,0000 0,0000
migrate 2,0402 0,0017
next 0,5798 0,0002
color 0,0101 0,0000
occupy 2,6593 0,0022
book 0,4308 0,0004
multilevel 2,5257 0,0010
nearly 1,4697 0,0006
show 0,0513 0,0000
description 0,0000 0,0000
edition 0,7985 0,0003
mono 2,5257 0,0010
nor 1,7720 0,0007
usable 2,1203 0,0009
not 0,0101 0,0000
impose 1,9661 0,0008
now 0,4308 0,0002
statement 0,0000 0,0000
debugging 2,0402 0,0008
gregg 2,9957 0,0012
trademark 0,0101 0,0000
hadoop 2,4079 0,0010
lived 2,9957 0,0012
boot 1,7720 0,0022
greek 0,0101 0,0000
news 0,4620 0,0002
wisconsin 3,9120 0,0016
abbreviate 2,3026 0,0010
interfaces 2,3026 0,0010
configfs 4,6052 0,0019
race 1,8971 0,0008
effectively 1,3093 0,0005
introduce 0,3285 0,0004
locking 2,3026 0,0010
clarification 1,7148 0,0007
kaufmann 2,0402 0,0008
geli 4,6052 0,0019
way 0,2485 0,0002
target 0,0101 0,0000
xhtml 2,8134 0,0012
what 0,0000 0,0000
refer 0,4155 0,0003
risk 0,8916 0,0004
reorganize 3,2189 0,0013
greg 2,0402 0,0008
container 0,0000 0,0000
play 1,1712 0,0010
discard 2,9957 0,0025
developers 0,0000 0,0000
osxdaily 4,6052 0,0019
quickly 1,1087 0,0005
usage 0,0000 0,0000
charles 1,2730 0,0005
experimental 1,4697 0,0006
jonathan 1,8326 0,0008
wgmediaviewerenabledbydefault 0,0000 0,0000
nearby 0,0000 0,0000
when 0,0834 0,0000
sysf 4,6052 0,0019
slice 3,2189 0,0013
powershell 2,6593 0,0011
fat 2,6593 0,0011
embed 0,9163 0,0004
plan 0,7985 0,0003
case 0,3285 0,0003
give 0,4780 0,0002
item 0,0000 0,0000
wgmediavieweronclick 0,0000 0,0000
supermount 4,6052 0,0057
howto 3,9120 0,0016
wgulsposition 0,0000 0,0000
dusseau 3,9120 0,0016
contention 3,9120 0,0016
melayu 0,6349 0,0003
davis 1,7148 0,0007
clifford 2,9957 0,0012
refend 1,9661 0,0008
serialize 2,9957 0,0012
wgbreakframe 0,0000 0,0000
rely 0,6931 0,0003
italiano 0,1278 0,0001
jffs 4,6052 0,0019
sticky 0,0000 0,0000
reset 2,8134 0,0012
excessive 2,2073 0,0009
style 0,0000 0,0000
completely 1,4271 0,0006
suit 1,9661 0,0008
searchinput 0,0000 0,0000
portion 1,5141 0,0006
direct 0,8440 0,0003
isotope 4,6052 0,0019
commons 0,0000 0,0000
gain 0,8916 0,0004
nss 3,9120 0,0016
rainer 3,2189 0,0013
confuse 1,2040 0,0005
modern 0,7340 0,0003
web 0,1165 0,0000
symlink 4,6052 0,0019
protect 1,1394 0,0009
txos 4,6052 0,0019
architecture 0,0000 0,0000
stress 2,3026 0,0010
reliance 2,8134 0,0012
more 0,0000 0,0000
display 0,0000 0,0000
grid 1,4697 0,0006
organization 0,0000 0,0000
width 0,0000 0,0000
organizing 2,5257 0,0010
certain 0,6162 0,0003
rescan 4,6052 0,0019
statistics 0,0000 0,0000
dice 3,5066 0,0015
simple 0,2231 0,0001
citerefarpaci 3,9120 0,0016
used 2,3026 0,0010
troppens 4,6052 0,0019
cloud 0,6349 0,0003
protocol 0,5621 0,0005
orangefs 4,6052 0,0019
few 0,7133 0,0003
visible 0,0101 0,0000
orient 0,5447 0,0002
kind 0,8675 0,0004
both 0,0305 0,0000
important 0,0101 0,0000
most 0,2107 0,0001
ffs 4,6052 0,0019
transfer 0,7985 0,0007
effect 0,8440 0,0003
keep 0,6733 0,0006
topic 0,0000 0,0000
job 1,3093 0,0005
option 0,9416 0,0008
raid 3,5066 0,0015
limitation 1,0498 0,0004
handbook 1,7148 0,0007
contribute 0,0000 0,0000
insert 1,6607 0,0014
templeos 3,9120 0,0016
administrator 1,6094 0,0013
database 0,2485 0,0002
along 0,7340 0,0003
parallel 1,1087 0,0005
david 0,5798 0,0002
authentication 1,3863 0,0006
wgseparatortransformtable 0,0000 0,0000
rest 1,0788 0,0004
san 1,2379 0,0005
amount 0,9416 0,0004
move 0,0000 0,0000
original 0,0943 0,0000
also 0,0202 0,0000
enough 0,9676 0,0004
terminal 1,7720 0,0007
increase 0,4620 0,0008
spread 1,6607 0,0007
inline 0,0408 0,0000
various 0,3857 0,0002
investigation 2,3026 0,0010
visit 0,0408 0,0000
user 0,0000 0,0000
simply 0,9676 0,0004
extent 1,7720 0,0007
indirection 3,5066 0,0015
parent 1,8326 0,0008
projects 1,4697 0,0006
bad 1,4271 0,0006
arbitrate 4,6052 0,0019
fix 0,5108 0,0004
bitmap 2,9957 0,0012
assumption 1,8971 0,0008
adfs 4,6052 0,0019
overwrite 2,8134 0,0012
addition 0,6733 0,0006
neglect 2,6593 0,0011
scp 3,2189 0,0013
grow 0,8675 0,0004
hierarchy 1,6607 0,0014
personal 0,0000 0,0000
aufs 4,6052 0,0019
former 1,3093 0,0005
finder 3,2189 0,0013
extend 0,6162 0,0008
veritas 4,6052 0,0019
imageobject 0,0000 0,0000
sde 3,5066 0,0015
consideration 1,5606 0,0006
compression 1,5141 0,0006
drive 0,4780 0,0006
frank 1,4271 0,0006
be 0,1508 0,0001
scheme 0,0101 0,0000
freebsd 1,7720 0,0007
affect 1,0217 0,0004
frans 4,6052 0,0019
icon 0,0101 0,0000
consequently 2,1203 0,0009
expansiondepth 0,0000 0,0000
dead 1,7148 0,0007
emmett 4,6052 0,0019
customize 1,5141 0,0006
virus 2,4079 0,0010
sec 2,8134 0,0012
search 0,0000 0,0000
see 0,0408 0,0000
spacing 0,0619 0,0000
systems 0,4780 0,0002
wgrelevantpagename 0,0000 0,0000
segmentation 2,3026 0,0010
subsequent 1,6094 0,0007
indicate 1,0217 0,0008
cd 3,9120 0,0016
contain 0,0101 0,0000
set 0,2107 0,0003
column 0,0101 0,0000
procedure 0,9676 0,0008
integrate 0,5798 0,0002
sfn 1,6607 0,0007
wgaction 0,0000 0,0000
ftpfs 4,6052 0,0019
unfit 1,8326 0,0008
interview 1,5606 0,0006
font 0,0000 0,0000
encode 1,5141 0,0006
sfs 4,6052 0,0019
clarify 2,0402 0,0008
language 0,0000 0,0000
do 0,1625 0,0003
navbox 0,0943 0,0000
observe 1,5141 0,0006
listitem 0,0408 0,0000
gary 2,3026 0,0010
sgi 3,9120 0,0016
contact 0,0000 0,0000
hierarchical 2,5257 0,0010
rare 1,8971 0,0008
justin 2,3026 0,0010
reiserfs 4,6052 0,0019
programming 0,2744 0,0001
disadvantage 1,8971 0,0008
image 0,0202 0,0000
typically 0,3857 0,0002
scrub 3,5066 0,0015
bfs 4,6052 0,0019
internals 2,9957 0,0012
wiley 1,1712 0,0005
she 1,8326 0,0008
terry 2,5257 0,0010
burst 2,6593 0,0011
party 0,6539 0,0005
cursor 0,0619 0,0000
however 0,3011 0,0001
sierra 2,8134 0,0012
origin 0,0000 0,0000
capable 1,6094 0,0007
walltime 0,0000 0,0000
interlanguage 0,0000 0,0000
content 0,0000 0,0000
silberschatz 3,5066 0,0015
symposium 1,6607 0,0007
random 0,0000 0,0000
wikibooks 0,8210 0,0003
desktop 1,0788 0,0004
related 0,9676 0,0004
rate 1,2730 0,0005
terminology 1,7148 0,0007
client 0,0000 0,0000
class 0,0000 0,0000
gehomepagesuggestededitsenabletopic 0,0000 0,0000
conversion 1,9661 0,0016
digital 0,6162 0,0003
over 0,3285 0,0001
practical 1,0217 0,0004
false 0,0000 0,0000
go 0,9943 0,0004
specification 0,7133 0,0006
counter 0,0408 0,0000
parse 0,0619 0,0001
fork 1,1394 0,0014
form 0,3011 0,0001
management 0,2231 0,0001
pyramid 2,6593 0,0011
developer 0,1744 0,0001
avoid 0,0101 0,0000
comprehensive 1,3863 0,0006
he 0,6733 0,0003
prompt 1,5606 0,0006
significantly 1,5141 0,0006
subset 1,1394 0,0005
assign 1,2730 0,0011
big 0,7550 0,0003
very 0,5978 0,0002
practice 0,6349 0,0003
modes 3,5066 0,0015
select 0,9676 0,0004
advanced 0,7985 0,0003
storable 4,6052 0,0019
bit 1,3863 0,0011
output 0,0000 0,0000
four 0,9676 0,0004
context 0,5978 0,0002
neumann 2,5257 0,0010
easily 1,2040 0,0005
boyne 4,6052 0,0019
model 0,0000 0,0000
portal 0,0000 0,0000
usenix 2,5257 0,0010
reduce 0,0101 0,0000
sentence 0,0000 0,0000
sky 3,5066 0,0015
dataplow 4,6052 0,0019
issue 0,3425 0,0001
kern 0,0101 0,0000
large 0,2485 0,0002
transparently 3,5066 0,0015
lower 2,2073 0,0009
index 1,0498 0,0009
leveling 3,9120 0,0016
daley 4,6052 0,0019
endash 4,6052 0,0019
announce 0,6733 0,0003
odd 0,0943 0,0000
operate 0,3567 0,0001
john 0,5276 0,0002
christopher 1,5141 0,0006
begin 0,5108 0,0004
wgvisualeditor 0,0000 0,0000
become 0,2877 0,0002
ods 4,6052 0,0019
template 0,0000 0,0000
enwiki 0,0619 0,0000
fst 4,6052 0,0019
smb 3,5066 0,0015
subscription 0,0101 0,0000
filesystems 3,9120 0,0016
delegate 2,0402 0,0008
library 0,3857 0,0003
navbar 0,0202 0,0000
oem 2,9957 0,0012
december 0,0000 0,0000
ability 0,7340 0,0006
tradition 2,8134 0,0012
everything 1,2730 0,0005
implementations 1,8971 0,0008
macos 1,6607 0,0007
table 0,0000 0,0000
ftl 4,6052 0,0019
side 0,3425 0,0001
ftp 2,4079 0,0010
break 0,0101 0,0000
change 0,0000 0,0000
blu 4,6052 0,0019
printable 0,0000 0,0000
off 0,8916 0,0004
generally 0,5447 0,0002
likewise 2,8134 0,0012
hide 0,0000 0,0000
report 0,0202 0,0000
complete 0,4780 0,0004
ofs 4,6052 0,0019
transaction 1,0217 0,0008
auto 0,0726 0,0000
certify 2,2073 0,0009
several 0,4155 0,0002
office 1,0498 0,0004
suffix 3,5066 0,0015
wgcanonicalspecialpagename 0,0000 0,0000
while 0,2614 0,0001
second 0,0408 0,0000
that 0,5108 0,0002
download 0,0000 0,0000
high 0,0101 0,0000
split 0,0000 0,0000
morgan 1,7720 0,0007
sufficient 1,7148 0,0007
than 0,2357 0,0001
limit 0,0000 0,0000
benchmarks 3,2189 0,0013
brian 1,2730 0,0005
different 0,0513 0,0000
directly 0,5108 0,0002
porter 3,2189 0,0013
level 0,0000 0,0000
author 0,0000 0,0000
preserve 1,8326 0,0008
codepage 4,6052 0,0019
permanently 2,0402 0,0008
plus 1,6607 0,0007
expansion 0,0619 0,0000
amazon 1,0498 0,0004
entry 0,8210 0,0007
license 0,0000 0,0000
synthetic 2,5257 0,0010
disk 1,3471 0,0011
expand 0,0101 0,0000
xvpvj 4,6052 0,0019
wgmfdisplaywikibasedescription 0,0000 0,0000
retrieve 0,0000 0,0000
disc 2,0402 0,0017
datum 0,0408 0,0000
behind 1,2730 0,0005
code 0,0000 0,0000
legacy 1,5141 0,0006
hammer 3,5066 0,0015
wgdefaultdateformat 0,0000 0,0000
inexpensive 2,6593 0,0011
coda 4,6052 0,0019
box 0,0408 0,0000
mixed 2,8134 0,0012
rajeev 4,6052 0,0019
storage 0,3711 0,0002
illusion 3,2189 0,0013
sql 1,0788 0,0004
switch 0,9163 0,0004
head 0,7765 0,0006
preservation 3,2189 0,0013
kai 2,9957 0,0012
total 0,0000 0,0000
deutsch 0,0943 0,0000
reserve 2,4079 0,0010
keyboard 1,8971 0,0008
exokernel 2,5257 0,0010
nature 1,0498 0,0004
src 0,6349 0,0003
interesting 2,6593 0,0011
control 0,1625 0,0001
myfile 4,6052 0,0019
attribution 0,0000 0,0000
synchronization 2,6593 0,0011
architectures 1,4697 0,0006
metadata 1,5606 0,0006
nation 2,5257 0,0010
ssd 2,4079 0,0020
vary 0,0619 0,0001
upper 0,0101 0,0000
insensitive 3,2189 0,0013
episode 3,2189 0,0013
periodically 2,9957 0,0012
somewhere 3,5066 0,0015
extremely 1,7720 0,0007
expiry 0,0619 0,0000
minerva 0,0101 0,0000
brand 0,0000 0,0000
publishing 0,7550 0,0003
recent 0,0000 0,0000
they 0,0619 0,0001
trends 1,5141 0,0006
citerefamir 4,6052 0,0019
edit 0,0000 0,0000
old 0,8675 0,0007
recreation 3,2189 0,0013
btrf 4,6052 0,0019
informally 2,5257 0,0010
then 0,3567 0,0001
mitchell 2,5257 0,0010
secondary 1,5606 0,0006
node 0,0305 0,0000
bsd 1,8326 0,0008
concepts 1,1394 0,0005
svco 4,6052 0,0019
singular 3,2189 0,0013
device 0,7550 0,0006
mainframe 2,1203 0,0009
conservative 3,5066 0,0015
access 0,2877 0,0005
conference 0,3425 0,0001
activity 0,9943 0,0008
primitive 1,8326 0,0008
seed 2,2073 0,0009
sun 1,2730 0,0005
extended 2,2073 0,0009
workaround 2,8134 0,0012
offline 2,5257 0,0010
selflink 0,0101 0,0000
current 0,0000 0,0000
xpath 2,5257 0,0010
nynorsk 1,2379 0,0005
vector 0,0000 0,0000
audio 1,2379 0,0005
email 1,4271 0,0006
key 0,0305 0,0000
sshfs 4,6052 0,0019
cachereport 0,0000 0,0000
pretitle 1,3471 0,0006
manager 0,8440 0,0007
necessary 0,8440 0,0003
svg 1,0788 0,0004
one 0,0943 0,0000
steganographic 4,6052 0,0019
store 0,5447 0,0009
witchel 4,6052 0,0019
bosanski 0,8916 0,0004
single 0,3147 0,0001
entityaccesscount 0,0000 0,0000
bug 0,8675 0,0004
tightly 2,6593 0,0011
amir 2,6593 0,0011
assist 1,8971 0,0008
compressed 2,9957 0,0012
fourth 1,8971 0,0008
pollard 4,6052 0,0019
partially 1,8971 0,0008
bus 1,6607 0,0007
joint 1,7148 0,0007
separate 0,6162 0,0005
loader 1,8971 0,0008
reasonable 2,1203 0,0009
available 0,0000 0,0000
express 1,0788 0,0004
zero 1,0217 0,0004
bcachef 4,6052 0,0019
xiafs 4,6052 0,0019
apache 1,0788 0,0004
variant 0,0619 0,0001
sector 1,8971 0,0016
unusual 2,5257 0,0010
ensure 0,7985 0,0010
usual 2,4079 0,0010
query 1,1394 0,0005
this 0,1278 0,0001
norsk 0,3285 0,0001
memusage 0,0000 0,0000
failure 1,1087 0,0005
know 0,2231 0,0002
demonstrate 1,3471 0,0006
region 2,0402 0,0017
support 0,1393 0,0002
coin 1,6094 0,0007
drop 1,1394 0,0005
basics 2,1203 0,0009
idea 0,9676 0,0004
wgpopupsflag 0,0000 0,0000
polski 0,1165 0,0000
privacy 0,0000 0,0000
learning 0,8916 0,0004
pure 1,9661 0,0008
ioctl 3,9120 0,0016
gal 3,9120 0,0016
proprietary 0,9676 0,0004
vfat 4,6052 0,0019
monospaced 2,0402 0,0008
amiga 3,9120 0,0016
devf 4,6052 0,0019
normal 0,0202 0,0000
allocation 1,8326 0,0015
journaled 4,6052 0,0019
wide 0,6539 0,0003
reading 2,1203 0,0009
technology 0,1863 0,0002
wgarticleid 0,0000 0,0000
migration 1,4697 0,0006
pagelanguagedir 0,0000 0,0000
wgcitereferencepreviewsactive 0,0000 0,0000
location 0,9943 0,0008
wolfgang 3,5066 0,0015
software 0,0000 0,0000
graphical 1,2730 0,0005
gigabyte 2,9957 0,0012
none 0,0101 0,0000
type 0,0000 0,0000
april 0,0000 0,0000
beyond 1,0217 0,0004
feedback 1,3471 0,0006
problem 0,3285 0,0001
optimization 0,8916 0,0004
connection 0,9676 0,0004
presence 1,3471 0,0006
between 0,2107 0,0001
guide 0,3711 0,0002
efficiency 0,8916 0,0004
method 0,3147 0,0003
overhead 1,2040 0,0005
come 0,4155 0,0002
push 0,0000 0,0000
exist 0,4155 0,0005
intact 3,9120 0,0016
logging 3,5066 0,0015
force 1,0217 0,0004
remzi 3,9120 0,0016
xfs 4,6052 0,0019
wear 2,9957 0,0012
range 0,8675 0,0004
distribution 0,8916 0,0004
bootable 3,9120 0,0016
derive 1,1394 0,0005
gazette 3,5066 0,0015
capacity 1,7148 0,0007
out 0,0000 0,0000
leak 1,5606 0,0006
krishnan 3,5066 0,0015
feature 0,0000 0,0000
flat 2,6593 0,0011
get 0,0000 0,0000
dark 0,0101 0,0000
emfs 4,6052 0,0019
copy 1,1712 0,0010
place 0,5447 0,0002
power 0,6733 0,0003
unnamed 3,2189 0,0013
lead 0,2231 0,0001
expect 0,8440 0,0003
help 0,0000 0,0000
site 0,0000 0,0000
depth 0,0000 0,0000
rename 1,5141 0,0013
additionally 1,0498 0,0004
self 0,7133 0,0003
queue 1,1394 0,0005
sharealike 0,0000 0,0000
exponential 2,8134 0,0012
magic 1,9661 0,0008
argument 0,0513 0,0000
data 0,0000 0,0000
adequate 2,5257 0,0010
mohan 2,9957 0,0012
neuman 4,6052 0,0019
sound 1,3471 0,0011
wiki 1,2730 0,0005
rebuilding 4,6052 0,0019
subsystem 2,0402 0,0008
wgpageviewlanguage 0,0000 0,0000
circa 3,9120 0,0016
accesskey 0,0000 0,0000
only 0,2107 0,0001
should 0,3711 0,0002
create 0,0000 0,0000
publishers 2,1203 0,0009
tag 0,0000 0,0000
vsam 3,9120 0,0016
individual 0,7985 0,0003
like 0,2231 0,0001
resource 0,4620 0,0004
ksam 4,6052 0,0019
blob 2,5257 0,0010
person 0,6162 0,0003
enforce 1,4271 0,0006
files 2,9957 0,0012
ionescu 3,9120 0,0016
potentially 0,7765 0,0003
concrete 1,8971 0,0008
here 0,0000 0,0000
note 0,4155 0,0003
interwoven 4,6052 0,0019
purpose 0,5108 0,0002
line 0,0101 0,0000
link 0,0000 0,0000
scale 0,4943 0,0002
kilobyte 3,9120 0,0016
recovery 1,6607 0,0007
florence 3,5066 0,0015
robin 1,7720 0,0007
can 0,0408 0,0000
unusable 4,6052 0,0019
computing 0,4155 0,0002
security 0,3285 0,0001
cap 0,0619 0,0000
contributor 0,0000 0,0000
wgcanonicalnamespace 0,0000 0,0000
organize 1,1712 0,0019
albert 2,9957 0,0012
flex 0,5276 0,0002
ready 0,0000 0,0000
hypervisor 2,5257 0,0010
cincinnati 4,6052 0,0019
reboot 3,5066 0,0015
woodhull 4,6052 0,0019
cost 0,6733 0,0003
motion 2,5257 0,0021
wgisredirect 0,0000 0,0000
limited 0,8916 0,0004
will 0,2485 0,0001
february 0,0000 0,0000
implementation 0,3147 0,0003
match 0,5276 0,0002
arbitrary 1,3863 0,0006
fault 1,1712 0,0005
overlayfs 3,9120 0,0016
follow 0,2744 0,0001
intent 1,8971 0,0008
carrier 2,6593 0,0011
conversational 3,2189 0,0013
responsive 0,0202 0,0000
namespace 1,5141 0,0006
challenge 0,6162 0,0003
independently 1,3863 0,0006
category 0,0000 0,0000
delhi 2,9957 0,0012
onefs 4,6052 0,0019
intend 0,6162 0,0003
wikidata 0,0000 0,0000
