gke 3,9120 0,0016
german 1,6607 0,0007
prepare 2,5257 0,0011
functions 0,5978 0,0003
dalles 4,6052 0,0019
upload 0,0000 0,0000
novet 3,2189 0,0014
safesearch 4,6052 0,0019
shooting 4,6052 0,0019
wggelevelingupenabledforuser 0,0000 0,0000
wgrestrictionmove 0,0000 0,0000
your 0,6931 0,0003
buds 3,9120 0,0016
remote 0,9163 0,0004
without 0,2744 0,0001
aviv 3,5066 0,0015
begins 1,8326 0,0008
introduced 0,5447 0,0002
contributions 0,0000 0,0000
oceania 3,9120 0,0016
recruiting 3,9120 0,0016
ghemawat 4,6052 0,0019
tel 3,9120 0,0016
persistent 1,5141 0,0006
energy 1,4697 0,0006
gateways 2,2073 0,0009
audience 2,6593 0,0011
solid 0,0202 0,0000
devices 0,8916 0,0004
janakiram 3,9120 0,0016
switzerland 2,4079 0,0010
tez 4,6052 0,0019
require 0,0000 0,0000
analysis 0,5108 0,0002
cdn 3,2189 0,0014
iland 2,5257 0,0011
scribunto 0,0000 0,0000
honeycomb 3,5066 0,0015
exposure 2,4079 0,0010
size 0,0000 0,0000
left 0,0101 0,0000
cdx 0,0000 0,0000
squared 3,9120 0,0016
arab 2,5257 0,0011
object 0,4308 0,0002
role 0,9676 0,0004
independent 0,8440 0,0004
hosting 1,6607 0,0007
notable 1,1394 0,0005
ceo 1,6094 0,0007
currents 4,6052 0,0019
gehomepagesuggestededitsenabletopics 0,0000 0,0000
pier 4,6052 0,0019
impermium 4,6052 0,0019
same 0,2357 0,0001
saml 4,6052 0,0019
commission 1,5141 0,0006
after 0,0305 0,0000
flip 3,9120 0,0016
headline 0,0000 0,0000
connect 1,4271 0,0006
policy 0,0000 0,0000
salt 3,2189 0,0014
googleshare 4,6052 0,0019
visualizing 3,5066 0,0015
union 1,5141 0,0006
cfo 2,5257 0,0011
pagelanguagecode 0,0000 0,0000
transientcontent 0,0000 0,0000
subtle 0,3285 0,0001
suite 1,3471 0,0006
blue 1,8326 0,0008
idhash 0,0619 0,0000
days 1,1087 0,0005
timeline 1,1394 0,0005
information 0,0000 0,0000
subsidiaries 2,6593 0,0011
rackspace 2,2073 0,0009
wrap 0,0101 0,0000
standard 0,3567 0,0001
november 0,0000 0,0000
reports 1,2379 0,0005
powered 1,5141 0,0006
reader 1,8971 0,0008
deploy 1,6607 0,0007
empty 0,0305 0,0000
analytics 1,1712 0,0005
compute 1,7720 0,0007
hacks 2,4079 0,0010
speakers 3,2189 0,0014
fullversionlist 0,0000 0,0000
pal 3,5066 0,0015
panoramio 4,6052 0,0019
export 0,0000 0,0000
jakarta 2,5257 0,0011
others 0,4463 0,0002
area 1,2040 0,0005
making 0,5108 0,0002
tracing 2,6593 0,0011
visibility 2,0402 0,0009
sans 3,9120 0,0016
alloydb 3,9120 0,0016
european 1,3471 0,0006
pay 1,5141 0,0006
arcore 3,9120 0,0016
list 0,0000 0,0000
gpu 2,8134 0,0012
aaqib 4,6052 0,0019
andrew 1,0498 0,0004
rivals 3,2189 0,0014
wgusergroups 0,0000 0,0000
external 0,1863 0,0001
labs 1,0788 0,0005
success 1,2379 0,0005
chile 3,5066 0,0015
child 0,0202 0,0000
formats 1,4697 0,0006
neural 2,4079 0,0010
mainentity 0,0000 0,0000
germany 0,5798 0,0002
mashup 2,4079 0,0010
interface 0,3425 0,0001
lens 3,5066 0,0015
remove 0,6733 0,0003
disclaimers 0,0000 0,0000
expanded 0,2231 0,0001
cloudbolt 2,5257 0,0011
provider 1,7148 0,0007
provides 0,3711 0,0002
root 0,4943 0,0002
wgisprobablyeditable 0,0000 0,0000
lardinois 2,4079 0,0010
patrick 2,0402 0,0009
live 1,3093 0,0005
xlnet 4,6052 0,0019
citation 0,0101 0,0000
greenborder 4,6052 0,0019
mobile 0,0000 0,0000
multiple 0,2485 0,0001
madhukar 3,9120 0,0016
versus 1,7720 0,0007
better 0,6162 0,0003
goog 4,6052 0,0019
plainlist 0,4463 0,0002
pdf 0,0000 0,0000
china 1,6094 0,0007
computerworld 1,7148 0,0007
service 0,2231 0,0001
translation 1,8326 0,0008
onhub 4,6052 0,0019
well 0,3011 0,0001
creepy 4,6052 0,0019
bitness 0,0000 0,0000
rgba 0,0101 0,0000
considered 0,5798 0,0002
channel 1,5606 0,0007
inception 2,8134 0,0012
american 0,8675 0,0004
approach 0,4463 0,0002
schmidt 1,9661 0,0008
airtel 4,6052 0,0019
cores 2,6593 0,0011
bump 4,6052 0,0019
ppvisitednodes 0,0000 0,0000
block 0,0408 0,0000
ondemand 2,5257 0,0011
flow 0,3857 0,0002
africa 2,5257 0,0011
fiber 2,6593 0,0011
aria 0,0000 0,0000
boxtext 0,0619 0,0000
corporation 1,1712 0,0005
wgmfdisplaywikibasedescriptions 0,0000 0,0000
classroom 3,2189 0,0014
gore 3,5066 0,0015
memorystore 3,9120 0,0016
trifacta 4,6052 0,0019
indonesia 0,3567 0,0001
intel 1,6094 0,0007
intelligence 0,8916 0,0004
seoul 3,5066 0,0015
angular 2,5257 0,0011
ever 1,3863 0,0006
sydney 2,9957 0,0013
million 1,0498 0,0004
aepd 4,6052 0,0019
even 0,0513 0,0000
strongly 2,3026 0,0010
analyze 2,0402 0,0009
lenz 4,6052 0,0019
transparency 1,8326 0,0008
integration 0,4620 0,0002
tagline 0,0000 0,0000
wgpopupsflags 0,0000 0,0000
elsagate 4,6052 0,0019
neverware 4,6052 0,0019
sarl 4,6052 0,0019
champion 3,5066 0,0015
hash 2,0402 0,0009
regexp 0,0000 0,0000
subsection 0,1508 0,0001
wgeditsubmitbuttonlabelpublish 0,0000 0,0000
photomath 4,6052 0,0019
sutherland 3,2189 0,0014
toc 0,0000 0,0000
protection 0,4620 0,0002
digitalocean 2,1203 0,0009
matter 1,5606 0,0007
wgpagecontentmodel 0,0000 0,0000
alerting 3,9120 0,0016
picnik 4,6052 0,0019
top 0,0000 0,0000
native 0,8916 0,0004
technica 1,3093 0,0005
shorts 4,6052 0,0019
helpouts 4,6052 0,0019
cnn 2,1203 0,0009
product 0,6539 0,0003
linear 1,6607 0,0007
question 1,5141 0,0006
ivanpah 4,6052 0,0019
intellectual 2,3026 0,0010
frankfurt 3,5066 0,0015
kurzweil 3,5066 0,0015
owncloud 2,5257 0,0011
kingfisher 4,6052 0,0019
peek 3,5066 0,0015
verge 1,8326 0,0008
wgnamespacenumber 0,0000 0,0000
dataflow 2,9957 0,0013
names 0,8210 0,0003
tpu 3,5066 0,0015
wgwmepagelength 0,0000 0,0000
php 1,3471 0,0006
ingestion 4,6052 0,0019
chronicle 2,8134 0,0012
com 0,8210 0,0003
col 1,0217 0,0004
covid 1,8326 0,0008
measuring 2,0402 0,0009
rooting 3,5066 0,0015
expensivefunctioncount 0,0000 0,0000
environments 0,7985 0,0003
ghoshal 4,6052 0,0019
expeditions 3,5066 0,0015
lab 2,1203 0,0009
pie 3,5066 0,0015
nougat 3,9120 0,0016
platforms 0,6931 0,0003
mapathon 4,6052 0,0019
timeusage 0,0000 0,0000
costeja 4,6052 0,0019
hacking 2,3026 0,0010
automation 0,7550 0,0003
biggest 1,9661 0,0008
pin 2,8134 0,0012
function 0,0000 0,0000
west 2,2073 0,0009
sneak 3,5066 0,0015
verification 0,8440 0,0004
las 3,5066 0,0015
traffic 1,5606 0,0007
counting 2,1203 0,0009
helion 2,5257 0,0011
pigeon 4,6052 0,0019
bumptop 4,6052 0,0019
comparison 0,4155 0,0002
including 0,1985 0,0001
virtualization 1,5606 0,0007
airflow 3,9120 0,0016
introducing 0,8916 0,0004
outages 2,8134 0,0012
tertiary 2,6593 0,0011
cpu 0,0408 0,0000
infobox 0,6931 0,0003
italics 2,4079 0,0010
mandiant 4,6052 0,0019
pcache 0,0619 0,0000
andy 1,8326 0,0008
picasa 4,6052 0,0019
feldman 3,9120 0,0016
catalogs 4,6052 0,0019
freund 4,6052 0,0019
improve 0,3857 0,0002
naming 1,4697 0,0006
bombing 3,9120 0,0016
october 0,0000 0,0000
evil 2,9957 0,0013
virginia 2,8134 0,0012
lake 2,9957 0,0013
gyp 4,6052 0,0019
became 0,7133 0,0003
university 0,5621 0,0002
policies 1,6094 0,0007
cause 1,1087 0,0005
jquery 0,0000 0,0000
gayglers 4,6052 0,0019
unity 2,9957 0,0013
times 0,5447 0,0002
federated 2,4079 0,0010
tier 1,9661 0,0008
design 0,1985 0,0001
paas 2,1203 0,0009
heroku 2,3026 0,0010
rightsflow 4,6052 0,0019
jelly 3,5066 0,0015
timeless 0,0101 0,0000
ideological 3,9120 0,0016
openrefine 3,5066 0,0015
googleplex 3,9120 0,0016
autocomplete 3,5066 0,0015
plc 2,9957 0,0013
performing 1,3863 0,0006
sandbox 2,5257 0,0011
sawzall 3,5066 0,0015
vicarious 4,6052 0,0019
automatic 1,2379 0,0005
wgwmeschemaeditattemptstepoversample 0,0000 0,0000
chooses 3,5066 0,0015
ttl 0,0000 0,0000
encyclopedia 0,0000 0,0000
preemptible 4,6052 0,0019
qatar 3,5066 0,0015
conduct 0,0000 0,0000
stable 0,7133 0,0003
reunion 3,9120 0,0016
fantastic 4,6052 0,0019
objectives 2,3026 0,0010
machines 0,7985 0,0003
formerly 1,2040 0,0005
incident 2,5257 0,0011
maintenance 0,6733 0,0003
cluster 1,4697 0,0006
abovebelow 0,0943 0,0000
japan 1,2730 0,0005
marshmallow 3,5066 0,0015
advertising 1,7720 0,0007
lee 1,3471 0,0006
shriram 3,9120 0,0016
mountain 2,9957 0,0013
docs 1,6094 0,0007
championship 4,6052 0,0019
pref 0,0000 0,0000
sitemaps 3,9120 0,0016
crosscheck 4,6052 0,0019
libvpx 3,5066 0,0015
pakistani 3,9120 0,0016
n't 0,7765 0,0003
csrftoken 0,0000 0,0000
hangouts 4,6052 0,0019
press 0,5798 0,0002
thinks 2,8134 0,0012
worker 2,3026 0,0010
welcome 2,3026 0,0010
defined 0,4780 0,0002
events 0,0000 0,0000
prem 3,9120 0,0016
element 0,0000 0,0000
bufferbox 4,6052 0,0019
creatio 2,5257 0,0011
edited 0,0000 0,0000
zolciak 4,6052 0,0019
night 0,0000 0,0000
redact 4,6052 0,0019
vmware 2,5257 0,0011
want 1,5606 0,0007
vulnerability 1,7148 0,0007
warehouse 2,3026 0,0010
pack 2,5257 0,0011
processor 1,3093 0,0005
each 0,1393 0,0001
kong 2,8134 0,0012
input 0,0000 0,0000
nathanson 4,6052 0,0019
toolkit 1,5141 0,0006
reality 1,5606 0,0007
bigtable 3,9120 0,0016
styles 0,0834 0,0000
actions 0,0000 0,0000
items 0,5108 0,0002
filestore 4,6052 0,0019
unpinned 0,0000 0,0000
memcached 2,9957 0,0013
scanning 2,2073 0,0009
toronto 2,4079 0,0010
availability 1,1394 0,0005
networks 0,8210 0,0003
prize 2,5257 0,0011
two 0,2744 0,0001
fallacies 2,9957 0,0013
lunacloud 2,5257 0,0011
virustotal 4,6052 0,0019
lark 2,5257 0,0011
arts 2,6593 0,0011
colombia 3,9120 0,0016
datepublished 0,0000 0,0000
kythe 4,6052 0,0019
languages 0,0000 0,0000
binoculars 4,6052 0,0019
donating 3,9120 0,0016
logmein 4,6052 0,0019
workloads 2,0402 0,0009
services 0,3425 0,0001
sukarma 4,6052 0,0019
producers 2,9957 0,0013
marketing 1,2730 0,0005
automated 0,8916 0,0004
wgusername 0,0000 0,0000
speech 2,0402 0,0009
watch 1,7148 0,0007
jetpack 4,6052 0,0019
urchin 4,6052 0,0019
chart 2,3026 0,0010
dataset 2,4079 0,0010
thing 1,8971 0,0008
kubernetes 1,9661 0,0008
mumbai 4,6052 0,0019
nimbus 2,5257 0,0011
slides 2,9957 0,0013
clips 2,9957 0,0013
source 0,2107 0,0001
tilt 4,6052 0,0019
align 0,0101 0,0000
secure 1,2040 0,0005
acquires 2,3026 0,0010
hal 1,9661 0,0008
things 1,1087 0,0005
avenue 3,5066 0,0015
labeler 4,6052 0,0019
acquired 1,4271 0,0006
brush 4,6052 0,0019
offers 0,8210 0,0003
tech 1,2040 0,0005
cpplint 3,5066 0,0015
glass 2,6593 0,0011
chess 2,8134 0,0012
last 0,0000 0,0000
imageright 0,2614 0,0001
batch 2,0402 0,0009
eric 1,1394 0,0005
weight 0,0101 0,0000
pro 1,6607 0,0007
technologies 0,5978 0,0003
page 0,0000 0,0000
wars 2,8134 0,0012
full 0,0202 0,0000
polymer 2,9957 0,0013
cards 1,7720 0,0007
memory 0,0408 0,0000
zoho 2,5257 0,0011
video 0,8440 0,0004
wave 2,2073 0,0009
weapon 2,8134 0,0012
offerings 2,0402 0,0009
piper 2,9957 0,0013
sameas 0,0000 0,0000
overview 0,5447 0,0002
llc 1,7720 0,0007
center 0,0000 0,0000
doha 4,6052 0,0019
windows 0,7340 0,0003
pair 1,7148 0,0007
manage 0,8675 0,0004
silicon 2,4079 0,0010
weinberger 3,9120 0,0016
infrastructure 0,6931 0,0003
wikimedia 0,0000 0,0000
moderation 3,9120 0,0016
paid 1,8326 0,0008
short 0,0000 0,0000
alphafold 3,5066 0,0015
time 0,0000 0,0000
pub 2,8134 0,0012
buzz 3,9120 0,0016
finance 1,8326 0,0008
applications 0,2231 0,0001
studio 1,3471 0,0006
shadow 2,3026 0,0010
palm 2,9957 0,0013
enwikimwclientpreferences 0,0000 0,0000
interactive 0,4463 0,0002
program 0,4155 0,0002
three 0,3711 0,0002
redis 2,6593 0,0011
her 2,2073 0,0009
teyana 4,6052 0,0019
carbon 1,8971 0,0008
payment 2,2073 0,0009
dinosaur 4,6052 0,0019
enter 1,8326 0,0008
hardware 0,5798 0,0002
imageamerica 4,6052 0,0019
cloudstack 2,4079 0,0010
dates 0,5798 0,0002
leveldb 3,5066 0,0015
dynamically 1,8326 0,0008
creative 0,0000 0,0000
nederlands 0,1985 0,0001
coast 2,5257 0,0011
bebop 3,9120 0,0016
doubles 2,9957 0,0013
light 1,4271 0,0006
lawn 3,9120 0,0016
primary 0,7765 0,0003
requires 0,5798 0,0002
starline 4,6052 0,0019
throttle 4,6052 0,0019
waze 4,6052 0,0019
log 0,0000 0,0000
enterprise 0,4463 0,0002
reliability 1,1712 0,0005
translator 2,8134 0,0012
wgcheckuserclienthintsheadersjsapi 0,0000 0,0000
solar 2,6593 0,0011
roadmap 2,4079 0,0010
lop 4,6052 0,0019
layer 0,8916 0,0004
smart 1,3471 0,0006
los 2,5257 0,0011
computer 0,2231 0,0001
tensorflow 2,5257 0,0011
premium 3,2189 0,0014
timingprofile 0,0000 0,0000
theme 0,0000 0,0000
rechargeit 4,6052 0,0019
editor 1,4271 0,0006
postexpandincludesize 0,0000 0,0000
igoogle 4,6052 0,0019
prod 4,6052 0,0019
wallet 2,5257 0,0011
torso 4,6052 0,0019
walkouts 4,6052 0,0019
unstrip 0,0000 0,0000
apress 1,7148 0,0007
backdoor 3,9120 0,0016
freebase 4,6052 0,0019
consistent 1,1712 0,0005
templateargumentsize 0,0000 0,0000
mulally 4,6052 0,0019
firewall 2,5257 0,0011
january 0,0000 0,0000
chat 2,6593 0,0011
permanent 0,0000 0,0000
travel 2,1203 0,0009
facility 1,8326 0,0008
citrix 2,3026 0,0010
paulo 4,6052 0,0019
small 0,0305 0,0000
beam 2,2073 0,0009
quick 1,6094 0,0007
gboard 3,9120 0,0016
before 0,0305 0,0000
speedy 0,7133 0,0003
experience 0,8675 0,0004
caching 2,0402 0,0009
italic 0,1278 0,0001
launched 1,3863 0,0006
gvisor 3,2189 0,0014
dan 0,9943 0,0004
vizard 4,6052 0,0019
denote 2,9957 0,0013
thermostat 3,5066 0,0015
zone 2,5257 0,0011
jordan 1,7148 0,0007
porat 4,6052 0,0019
elgoog 4,6052 0,0019
day 0,0000 0,0000
bean 3,5066 0,0015
group 0,0408 0,0000
partnered 2,9957 0,0013
rankbrain 4,6052 0,0019
created 0,4155 0,0002
island 2,6593 0,0011
format 0,0101 0,0000
runtime 1,2040 0,0005
archive 1,4697 0,0006
greenbutton 2,3026 0,0010
history 0,0000 0,0000
illegal 2,2073 0,0009
eclipse 1,8971 0,0008
creates 1,5606 0,0007
managing 0,9416 0,0004
okex 4,6052 0,0019
condon 4,6052 0,0019
launches 1,5606 0,0007
classify 2,8134 0,0012
ease 1,9661 0,0008
critical 0,8916 0,0004
disks 2,4079 0,0010
mike 1,2040 0,0005
wgrestrictionedit 0,0000 0,0000
part 0,2231 0,0001
wgpageparsereport 0,0000 0,0000
general 0,0000 0,0000
september 0,0000 0,0000
datemodified 0,0619 0,0000
relies 1,3471 0,0006
browser 1,0217 0,0004
dated 1,1087 0,0005
editors 0,0000 0,0000
fuzzy 3,2189 0,0014
metaweb 4,6052 0,0019
wildlife 3,9120 0,0016
padding 0,0000 0,0000
process 0,2485 0,0001
debug 2,8134 0,0012
statues 3,9120 0,0016
built 0,5108 0,0002
clear 0,0101 0,0000
eighth 3,9120 0,0016
postini 4,6052 0,0019
ltr 0,0000 0,0000
startups 2,3026 0,0010
clean 1,8971 0,0008
gingerbread 3,9120 0,0016
akwan 4,6052 0,0019
listed 1,5606 0,0007
build 0,4943 0,0002
approve 2,9957 0,0013
opennebula 2,5257 0,0011
lua 0,0513 0,0000
wireless 1,7720 0,0007
account 0,0000 0,0000
stack 0,7765 0,0003
videos 2,2073 0,0009
alphabet 2,4079 0,0010
viewing 2,1203 0,0009
pedrosa 3,9120 0,0016
trip 2,5257 0,0011
dev 1,7720 0,0007
dew 2,5257 0,0011
record 1,1394 0,0005
scanner 2,8134 0,0012
alphastar 3,9120 0,0016
abbr 0,0619 0,0000
changhua 4,6052 0,0019
prevention 2,0402 0,0009
you 0,0101 0,0000
announcement 2,0402 0,0009
jump 0,0000 0,0000
knowledge 0,7340 0,0003
databases 0,3567 0,0001
iris 2,5257 0,0011
wavemaker 2,2073 0,0009
ashburn 4,6052 0,0019
giles 3,2189 0,0014
pass 1,7720 0,0007
googlewhack 4,6052 0,0019
impact 0,9676 0,0004
mainstream 1,9661 0,0008
active 0,8210 0,0003
hibnick 4,6052 0,0019
july 0,0000 0,0000
infra 3,5066 0,0015
court 2,0402 0,0009
subsidiary 3,2189 0,0014
tags 0,0000 0,0000
domain 0,6931 0,0003
gridcentric 4,6052 0,0019
tilghman 4,6052 0,0019
albums 4,6052 0,0019
zurich 3,2189 0,0014
subgroup 0,0513 0,0000
bharat 3,5066 0,0015
dropcam 4,6052 0,0019
pixar 3,9120 0,0016
vtuber 4,6052 0,0019
studytube 4,6052 0,0019
transparent 0,0619 0,0000
how 0,0834 0,0000
spark 2,4079 0,0010
blocking 2,0402 0,0009
embedded 0,9416 0,0004
chip 1,5606 0,0007
endpoints 2,9957 0,0013
business 0,3567 0,0001
mini 0,0619 0,0000
apartheid 3,9120 0,0016
serverless 1,9661 0,0008
right 0,0101 0,0000
perimeters 4,6052 0,0019
march 0,0000 0,0000
june 0,0000 0,0000
wikitext 0,0000 0,0000
meet 1,2379 0,0005
wggestructuredtaskrejectionreasontextinputenabled 0,0000 0,0000
calls 0,0408 0,0000
series 0,5798 0,0002
infoq 2,0402 0,0009
widevine 4,6052 0,0019
paul 0,7765 0,0003
under 0,0101 0,0000
penguin 2,6593 0,0011
london 1,3863 0,0006
added 0,4308 0,0002
sidewiki 4,6052 0,0019
questions 1,4271 0,0006
retrieved 0,0000 0,0000
easter 4,6052 0,0019
autocapitalize 0,0000 0,0000
down 0,8440 0,0004
divisions 2,8134 0,0012
div 0,0000 0,0000
chinese 1,5141 0,0006
brings 1,8326 0,0008
adding 0,6733 0,0003
wgpagename 0,0000 0,0000
talk 0,0000 0,0000
reply 3,2189 0,0014
train 2,8134 0,0012
softcard 4,6052 0,0019
angeles 2,5257 0,0011
southamerica 4,6052 0,0019
test 0,6349 0,0003
count 0,0513 0,0000
enforcement 2,0402 0,0009
hatnote 0,2107 0,0001
scholar 1,5141 0,0006
zones 2,8134 0,0012
graph 1,5141 0,0006
dataproc 4,6052 0,0019
pinnable 0,0000 0,0000
vision 1,1712 0,0005
armor 4,6052 0,0019
wgrevisionid 0,0000 0,0000
confusion 2,1203 0,0009
some 0,1744 0,0001
virtual 0,4620 0,0002
additional 0,0000 0,0000
wgmonthnames 0,0000 0,0000
training 1,4697 0,0006
title 0,0000 0,0000
patroltoken 0,0000 0,0000
santa 3,2189 0,0014
states 0,4463 0,0002
sheets 2,5257 0,0011
hennessy 3,5066 0,0015
load 1,3863 0,0006
redshift 3,5066 0,0015
zdnet 1,4697 0,0006
alpha 0,0101 0,0000
company 0,5621 0,0002
thomas 0,8675 0,0004
pixel 2,6593 0,0011
lunar 4,6052 0,0019
owner 1,5606 0,0007
asic 2,9957 0,0013
kuwait 3,5066 0,0015
asia 2,4079 0,0010
custom 0,0000 0,0000
monitor 1,5606 0,0007
orionvm 2,5257 0,0011
concerns 1,1087 0,0005
tracks 1,8971 0,0008
searchwiki 4,6052 0,0019
keyhole 4,6052 0,0019
print 0,0000 0,0000
quickoffice 4,6052 0,0019
hub 1,9661 0,0008
material 0,9676 0,0004
rewind 4,6052 0,0019
meebo 4,6052 0,0019
inherit 0,0101 0,0000
articles 0,0000 0,0000
hui 3,2189 0,0014
umar 3,9120 0,0016
answers 2,2073 0,0009
collaborate 2,3026 0,0010
america 1,7720 0,0007
dmy 0,0000 0,0000
executive 1,7148 0,0007
tablet 2,3026 0,0010
navigation 0,0000 0,0000
tables 1,5141 0,0006
googled 4,6052 0,0019
googlization 4,6052 0,0019
lock 0,0101 0,0000
text 0,0000 0,0000
fools 3,9120 0,0016
song 2,6593 0,0011
python 0,6539 0,0003
opensocial 4,6052 0,0019
cookie 0,0000 0,0000
made 0,3857 0,0002
templates 2,5257 0,0011
dns 2,0402 0,0009
mario 2,9957 0,0013
cream 3,9120 0,0016
sense 1,3093 0,0005
sensitive 1,2730 0,0005
loading 0,0000 0,0000
distributions 1,7148 0,0007
brackets 0,0619 0,0000
hong 2,8134 0,0012
flatbuffers 2,9957 0,0013
field 1,0498 0,0004
contents 0,0000 0,0000
explorer 1,7148 0,0007
cancelled 2,8134 0,0012
messages 0,8916 0,0004
opens 1,9661 0,0008
maniac 4,6052 0,0019
mosley 4,6052 0,0019
doi 0,4155 0,0002
status 0,0000 0,0000
server 0,4463 0,0002
shield 2,9957 0,0013
inference 2,9957 0,0013
skia 3,9120 0,0016
skin 0,0000 0,0000
deliver 1,7148 0,0007
summer 1,6607 0,0007
products 0,4943 0,0002
streaming 1,8971 0,0008
file 0,0000 0,0000
government 1,2730 0,0005
stream 1,3471 0,0006
blair 3,5066 0,0015
incidents 2,8134 0,0012
member 1,5141 0,0006
brin 3,2189 0,0014
map 1,2040 0,0005
wgnoticeproject 0,0000 0,0000
benz 3,5066 0,0015
may 0,0000 0,0000
jstor 1,4271 0,0006
max 0,0513 0,0000
within 0,3011 0,0001
strike 3,2189 0,0014
health 1,5606 0,0007
defining 1,1087 0,0005
menu 0,0000 0,0000
url 0,0000 0,0000
singapore 2,5257 0,0011
entities 0,0305 0,0000
trusted 1,8326 0,0008
machine 0,3425 0,0001
urs 3,5066 0,0015
wgulsiscompactlinksenabled 0,0000 0,0000
return 0,0000 0,0000
usa 1,6094 0,0007
mobiledgex 4,6052 0,0019
subject 1,1087 0,0005
use 0,0000 0,0000
recognition 1,6607 0,0007
main 0,0000 0,0000
networking 1,0498 0,0004
wojcicki 4,6052 0,0019
liked 2,6593 0,0011
revenue 1,9661 0,0008
geographic 1,7148 0,0007
solution 0,8916 0,0004
find 0,6162 0,0003
accelerate 2,3026 0,0010
logo 0,0000 0,0000
credit 2,2073 0,0009
international 0,3011 0,0001
logs 1,1087 0,0005
fujitsu 2,5257 0,0011
cables 3,9120 0,0016
carolina 2,9957 0,0013
nginx 3,2189 0,0014
workflow 1,8326 0,0008
edtech 4,6052 0,0019
utc 0,0000 0,0000
comedy 3,9120 0,0016
includes 0,5276 0,0002
canonical 0,0408 0,0000
film 1,8971 0,0008
sistersitebox 0,6539 0,0003
becomes 1,2730 0,0005
utm 4,6052 0,0019
professor 2,4079 0,0010
wgcurrevisionid 0,0000 0,0000
null 0,0000 0,0000
scientists 2,0402 0,0009
background 0,0101 0,0000
glop 3,5066 0,0015
lists 0,8916 0,0004
true 0,0000 0,0000
header 0,0000 0,0000
watchtoken 0,0000 0,0000
present 0,9676 0,0004
since 0,3425 0,0001
nexus 3,5066 0,0015
constitution 3,9120 0,0016
mdy 1,6094 0,0007
patent 2,1203 0,0009
cocaine 2,5257 0,0011
surveys 1,9661 0,0008
transformer 3,5066 0,0015
quantum 1,6607 0,0007
delete 0,5447 0,0002
foreach 0,0000 0,0000
transform 1,7720 0,0007
postgresql 2,3026 0,0010
orkut 4,6052 0,0019
repeat 0,0101 0,0000
beta 1,3863 0,0006
execution 0,7550 0,0003
bert 2,5257 0,0011
master 1,3471 0,0006
ruby 1,0217 0,0004
typefaces 4,6052 0,0019
due 0,5108 0,0002
bytes 0,0408 0,0000
breadtube 4,6052 0,0019
online 0,7340 0,0003
ngram 3,5066 0,0015
properties 0,8210 0,0003
duo 3,2189 0,0014
dalvik 2,9957 0,0013
mobilegeddon 4,6052 0,0019
quotes 0,0101 0,0000
bank 2,1203 0,0009
wellbeing 3,9120 0,0016
bechtolsheim 3,5066 0,0015
foundational 3,5066 0,0015
melbourne 3,5066 0,0015
adventures 3,9120 0,0016
recursion 0,0513 0,0000
released 0,5447 0,0002
height 0,0101 0,0000
proton 2,4079 0,0010
alibaba 1,8326 0,0008
based 0,0834 0,0000
windmills 4,6052 0,0019
august 0,0000 0,0000
mall 3,9120 0,0016
module 0,0000 0,0000
wikibase 0,0619 0,0000
slicklogin 4,6052 0,0019
guetzli 3,5066 0,0015
croscore 4,6052 0,0019
highest 0,0513 0,0000
processing 0,5978 0,0003
boost 2,3026 0,0010
programs 0,6931 0,0003
brandconnect 4,6052 0,0019
notheme 0,3711 0,0002
experiments 2,5257 0,0011
latitude 3,9120 0,0016
global 0,7985 0,0003
industry 0,8440 0,0004
into 0,1985 0,0001
nimbula 2,5257 0,0011
outline 0,9676 0,0004
jupyter 3,5066 0,0015
min 0,1165 0,0000
iam 3,2189 0,0014
documentaries 3,9120 0,0016
mit 1,2040 0,0005
supports 0,6931 0,0003
operating 0,4308 0,0002
free 0,0000 0,0000
galaxy 3,9120 0,0016
relationship 1,3471 0,0006
workers 2,0402 0,0009
chromebook 3,9120 0,0016
beanstalk 3,5066 0,0015
people 0,5276 0,0002
releases 1,2379 0,0005
ibm 0,5621 0,0002
collaboration 1,1394 0,0005
dataprep 4,6052 0,0019
reactions 3,2189 0,0014
admob 3,9120 0,0016
invite 3,5066 0,0015
gadgets 3,2189 0,0014
open 0,1625 0,0001
announces 1,4697 0,0006
diane 3,9120 0,0016
daydream 3,9120 0,0016
wordpress 2,4079 0,0010
tbody 0,6931 0,0003
project 0,3011 0,0001
ice 2,8134 0,0012
inside 0,0101 0,0000
presentation 1,6094 0,0007
techcrunch 1,3093 0,0005
tesseract 3,5066 0,0015
california 1,2379 0,0005
mysql 2,3026 0,0010
bandpage 4,6052 0,0019
sidewalk 4,6052 0,0019
powermeter 4,6052 0,0019
maps 1,6607 0,0007
solutions 0,7765 0,0003
zadara 2,5257 0,0011
please 0,8210 0,0003
announced 0,7985 0,0003
chromecast 3,9120 0,0016
korea 2,1203 0,0009
channels 2,3026 0,0010
dropbox 2,3026 0,0010
goggles 4,6052 0,0019
forces 2,2073 0,0009
idx 4,6052 0,0019
internet 0,5447 0,0002
rewards 2,9957 0,0013
appliance 1,8971 0,0008
fairsearch 3,9120 0,0016
pinned 0,0000 0,0000
apture 4,6052 0,0019
isbn 0,1054 0,0000
rule 0,6931 0,0003
update 0,6733 0,0003
thapar 4,6052 0,0019
anthos 4,6052 0,0019
gesture 3,5066 0,0015
nomulus 3,5066 0,0015
apple 1,1712 0,0005
anirban 4,6052 0,0019
linux 0,8916 0,0004
northamerica 4,6052 0,0019
wants 2,2073 0,0009
placeholder 0,0000 0,0000
checkout 3,5066 0,0015
owlchemy 4,6052 0,0019
registry 2,5257 0,0011
apply 0,0000 0,0000
artificial 1,1712 0,0005
rightscale 2,5257 0,0011
relational 1,5606 0,0007
step 1,0217 0,0004
isac 3,9120 0,0016
tribute 3,9120 0,0016
base 0,0513 0,0000
runa 0,9416 0,0004
seafile 2,5257 0,0011
jeff 1,6607 0,0007
fair 2,1203 0,0009
viewdle 4,6052 0,0019
dialogflow 4,6052 0,0019
revolution 1,7148 0,0007
loss 1,5141 0,0006
reliable 0,7765 0,0003
premises 2,8134 0,0012
sidebar 0,0000 0,0000
limitreport 0,0000 0,0000
games 1,1394 0,0005
typhoon 4,6052 0,0019
bigquery 4,6052 0,0019
disliked 4,6052 0,0019
decoration 0,0619 0,0000
reflist 0,0101 0,0000
slate 3,5066 0,0015
azure 1,2730 0,0005
zip 2,4079 0,0010
alphago 3,5066 0,0015
var 0,0000 0,0000
deutsche 3,9120 0,0016
matt 1,7720 0,0007
varian 4,6052 0,0019
drummond 4,6052 0,0019
reduced 0,0305 0,0000
agree 0,0101 0,0000
kaltix 4,6052 0,0019
wgulsislanguageselectorempty 0,0000 0,0000
jedi 3,9120 0,0016
itself 0,6539 0,0003
books 0,9163 0,0004
versions 0,5798 0,0002
mercedes 3,2189 0,0014
srpski 0,3711 0,0002
openstack 2,1203 0,0009
registration 0,0101 0,0000
math 2,5257 0,0011
word 0,0101 0,0000
stated 1,2730 0,0005
spain 1,4271 0,0006
osaka 4,6052 0,0019
regions 2,2073 0,0009
sandiego 4,6052 0,0019
foundation 0,0000 0,0000
personalized 3,2189 0,0014
across 0,5798 0,0002
identity 1,3863 0,0006
reqwireless 4,6052 0,0019
chatbots 3,2189 0,0014
openqrm 2,5257 0,0011
federal 1,7148 0,0007
tracker 2,9957 0,0013
hopes 2,9957 0,0013
misconceptions 2,8134 0,0012
event 0,7985 0,0003
europe 1,7720 0,0007
academy 1,8971 0,0008
digikavach 4,6052 0,0019
established 1,1712 0,0005
chatbot 3,2189 0,0014
include 0,0202 0,0000
alongside 1,6607 0,0007
toggle 0,0000 0,0000
opinion 2,1203 0,0009
toolbar 4,6052 0,0019
appearance 0,0000 0,0000
classname 0,0000 0,0000
liquid 3,5066 0,0015
vdc 2,5257 0,0011
culture 1,5141 0,0006
inbox 3,5066 0,0015
runs 1,0498 0,0004
first 0,0408 0,0000
indian 2,2073 0,0009
voice 1,6607 0,0007
dunant 4,6052 0,0019
nowrap 0,0408 0,0000
perfect 2,5257 0,0011
stephanie 2,9957 0,0013
socratic 4,6052 0,0019
roman 0,0101 0,0000
defteros 4,6052 0,0019
revolutionizes 4,6052 0,0019
wgrelevantpageisprobablyeditable 0,0000 0,0000
float 0,0101 0,0000
dashboards 2,9957 0,0013
transclusion 0,0619 0,0000
space 0,0408 0,0000
atap 4,6052 0,0019
msv 3,9120 0,0016
chamber 3,5066 0,0015
ambox 0,7133 0,0003
theater 3,5066 0,0015
titan 4,6052 0,0019
html 0,4463 0,0002
alphageometry 3,9120 0,0016
discover 1,8971 0,0008
feud 4,6052 0,0019
joyent 2,4079 0,0010
wakame 2,5257 0,0011
automl 3,9120 0,0016
exploration 2,3026 0,0010
telecomtv 4,6052 0,0019
insights 1,8971 0,0008
bottom 0,0000 0,0000
garcia 3,2189 0,0014
revision 0,0000 0,0000
gemini 2,5257 0,0011
publisher 0,0000 0,0000
commence 3,9120 0,0016
img 0,0408 0,0000
ruth 4,6052 0,0019
o'reilly 0,6733 0,0003
according 0,5108 0,0002
deployed 1,7148 0,0007
statements 0,4308 0,0002
rlstate 0,0000 0,0000
vincent 2,5257 0,0011
error 0,0101 0,0000
platform 0,0000 0,0000
network 0,3711 0,0002
fuchsia 2,9957 0,0013
operations 0,6162 0,0003
public 0,4155 0,0002
formatnum 3,2189 0,0014
anvato 4,6052 0,0019
recaptcha 4,6052 0,0019
kordestani 4,6052 0,0019
zoo 3,5066 0,0015
value 0,0000 0,0000
doodles 4,6052 0,0019
fortune 2,3026 0,0010
programmable 2,3026 0,0010
nevada 4,6052 0,0019
adscape 4,6052 0,0019
assistant 2,4079 0,0010
dammam 4,6052 0,0019
resources 0,5447 0,0002
tensor 2,9957 0,0013
controversy 1,9661 0,0008
rush 3,5066 0,0015
command 0,8675 0,0004
expensive 0,0408 0,0000
newsstand 3,5066 0,0015
performance 0,3425 0,0001
currently 1,0788 0,0005
maint 0,0101 0,0000
ambassador 4,6052 0,0019
poly 3,9120 0,0016
wiktionary 0,5798 0,0002
growth 1,2040 0,0005
greene 3,2189 0,0014
platformversion 0,0000 0,0000
providers 1,5141 0,0006
weave 4,6052 0,0019
renderscript 3,9120 0,0016
hands 2,0402 0,0009
smartphone 2,6593 0,0011
references 0,0101 0,0000
saved 0,0619 0,0000
year 0,7550 0,0003
datastore 3,2189 0,0014
objects 0,7133 0,0003
texas 2,5257 0,0011
yeah 4,6052 0,0019
ios 1,8971 0,0008
building 0,4943 0,0002
iot 1,9661 0,0008
neal 2,5257 0,0011
music 1,7720 0,0007
poop 4,6052 0,0019
graduate 2,3026 0,0010
understanding 0,9163 0,0004
visual 0,9416 0,0004
because 0,0000 0,0000
near 1,4271 0,0006
ram 2,0402 0,0009
internally 1,8326 0,0008
xively 3,9120 0,0016
google 0,4005 0,0002
ray 1,9661 0,0008
community 0,0000 0,0000
version 0,0000 0,0000
talkback 3,9120 0,0016
folder 2,5257 0,0011
wgcategories 0,0000 0,0000
science 0,5447 0,0002
digipivot 4,6052 0,0019
providing 0,8440 0,0004
aab 4,6052 0,0019
weeks 2,1203 0,0009
primer 2,3026 0,0010
rosetta 3,9120 0,0016
least 0,9676 0,0004
matrix 2,3026 0,0010
milan 4,6052 0,0019
dollar 2,6593 0,0011
symphony 4,6052 0,0019
submarine 4,6052 0,0019
certified 2,1203 0,0009
smartphones 2,3026 0,0010
wikipedia 0,0000 0,0000
abner 3,9120 0,0016
federation 2,5257 0,0011
website 0,3857 0,0002
brands 0,0000 0,0000
saint 3,9120 0,0016
learn 0,0000 0,0000
goobuntu 3,5066 0,0015
accelerated 2,6593 0,0011
predictions 2,8134 0,0012
turin 4,6052 0,0019
songza 3,9120 0,0016
fast 0,6733 0,0003
sunroof 4,6052 0,0019
debates 3,9120 0,0016
aerospace 2,5257 0,0011
vcloud 2,3026 0,0010
lmctfy 3,5066 0,0015
controls 1,0788 0,0005
official 0,6162 0,0003
ohio 4,6052 0,0019
pandemic 2,0402 0,0009
mobilenet 4,6052 0,0019
outsystems 2,5257 0,0011
bookmarks 2,6593 0,0011
stadia 4,6052 0,0019
post 0,0202 0,0000
ita 3,2189 0,0014
warsaw 3,5066 0,0015
vms 2,9957 0,0013
add 0,0000 0,0000
need 0,3711 0,0002
its 0,0726 0,0000
newspapers 1,6607 0,0007
elt 0,6931 0,0003
article 0,0000 0,0000
dynamodb 3,5066 0,0015
users 0,3567 0,0001
fusion 1,9661 0,0008
volume 1,2040 0,0005
ads 2,6593 0,0011
kaggle 4,6052 0,0019
pinyin 3,9120 0,0016
canada 1,6607 0,0007
parser 0,0000 0,0000
catalyst 2,5257 0,0011
materials 1,7148 0,0007
shell 1,1712 0,0005
aardvark 4,6052 0,0019
http 0,0000 0,0000
emc 2,4079 0,0010
exchange 1,1712 0,0005
parsed 0,0619 0,0000
fflick 4,6052 0,0019
decimal 0,0101 0,0000
income 2,4079 0,0010
jelastic 2,2073 0,0009
private 0,8210 0,0003
wggetopicsmatchmodeenabled 0,0000 0,0000
technical 0,6349 0,0003
united 0,4780 0,0002
geoeye 4,6052 0,0019
choose 1,4697 0,0006
directory 1,6094 0,0007
aes 2,9957 0,0013
wghostname 0,0000 0,0000
mayfield 3,9120 0,0016
wgtitle 0,0000 0,0000
engine 0,6539 0,0003
end 0,3425 0,0001
endoxon 4,6052 0,0019
laptops 2,2073 0,0009
capabilities 0,9676 0,0004
wgdigittransformtable 0,0000 0,0000
vpc 3,9120 0,0016
hlist 0,0408 0,0000
rick 2,8134 0,0012
label 0,0000 0,0000
message 0,4943 0,0002
special 0,0000 0,0000
environment 0,5978 0,0003
vpn 2,8134 0,0012
rlconf 0,0000 0,0000
visited 0,0619 0,0000
muzero 3,5066 0,0015
contributors 0,0000 0,0000
family 1,0217 0,0004
jokes 3,9120 0,0016
fancode 4,6052 0,0019
copyright 1,8326 0,0008
education 1,0788 0,0005
bahasa 0,3285 0,0001
release 0,4005 0,0002
ago 0,7765 0,0003
eos 4,6052 0,0019
caption 0,3711 0,0002
adsense 3,9120 0,0016
enthusiasts 2,9957 0,0013
years 0,3425 0,0001
number 0,0101 0,0000
wgbackendresponsetime 0,0000 0,0000
looker 4,6052 0,0019
centers 1,6094 0,0007
property 1,3471 0,0006
proceedings 0,7550 0,0003
businesses 1,5606 0,0007
googlefight 4,6052 0,0019
infoworld 1,6094 0,0007
eggs 3,9120 0,0016
nas 3,5066 0,0015
similar 0,4780 0,0002
mapping 1,3863 0,0006
partnership 2,3026 0,0010
distributed 0,3857 0,0002
swiss 2,1203 0,0009
thousands 1,6094 0,0007
script 1,8326 0,0008
alerts 2,8134 0,0012
system 0,0305 0,0000
compose 2,9957 0,0013
driven 0,7340 0,0003
jigsaw 4,6052 0,0019
authors 1,1394 0,0005
knative 4,6052 0,0019
chelsea 3,5066 0,0015
fundamentals 1,3863 0,0006
toontastic 4,6052 0,0019
algorithms 1,0498 0,0004
other 0,0000 0,0000
aim 1,3093 0,0005
city 1,5606 0,0007
openshift 2,2073 0,0009
air 1,8326 0,0008
cell 0,4308 0,0002
local 0,7985 0,0003
doerr 4,6052 0,0019
share 0,7765 0,0003
authenticator 4,6052 0,0019
gebru 4,6052 0,0019
deployment 0,8675 0,0004
synthesis 2,1203 0,0009
daimler 4,6052 0,0019
grasshopper 4,6052 0,0019
timnit 4,6052 0,0019
appsheet 4,6052 0,0019
singhal 4,6052 0,0019
ndk 3,9120 0,0016
future 0,6349 0,0003
rlq 0,0000 0,0000
cite 0,0000 0,0000
internship 4,6052 0,0019
francisco 1,6607 0,0007
remade 4,6052 0,0019
orchestration 2,3026 0,0010
reimagine 4,6052 0,0019
screen 0,0101 0,0000
autonomous 2,1203 0,0009
body 0,0000 0,0000
unlocked 2,9957 0,0013
points 1,3093 0,0005
mode 0,0000 0,0000
pages 0,0000 0,0000
optimize 1,9661 0,0008
enhancements 0,0101 0,0000
visualize 3,2189 0,0014
links 0,0000 0,0000
etl 3,2189 0,0014
net 0,9416 0,0004
belgium 3,9120 0,0016
closure 1,9661 0,0008
newpp 0,0619 0,0000
all 0,0408 0,0000
border 0,0000 0,0000
trendalyzer 4,6052 0,0019
new 0,0000 0,0000
sheth 3,5066 0,0015
read 0,0000 0,0000
markup 2,5257 0,0011
below 0,7550 0,0003
buffers 2,8134 0,0012
domains 1,7148 0,0007
real 0,0408 0,0000
bitium 4,6052 0,0019
clientpref 0,0000 0,0000
tool 0,6931 0,0003
unit 0,7550 0,0003
hybrid 1,4697 0,0006
apis 0,9676 0,0004
alan 1,5606 0,0007
nightingale 4,6052 0,0019
amplifier 3,9120 0,0016
snapseed 4,6052 0,0019
cnbc 2,1203 0,0009
amp 2,8134 0,0012
wgpagecontentlanguage 0,0000 0,0000
media 0,2485 0,0001
running 0,7340 0,0003
wgisarticle 0,0000 0,0000
pichai 3,5066 0,0015
row 0,5276 0,0002
universal 1,4271 0,0006
ann 2,1203 0,0009
postrank 4,6052 0,0019
viacom 4,6052 0,0019
wallpaper 3,5066 0,0015
rolls 3,9120 0,0016
specific 0,2877 0,0001
doodle 4,6052 0,0019
interconnect 3,5066 0,0015
swiffy 4,6052 0,0019
swirl 4,6052 0,0019
application 0,1393 0,0001
encrypted 1,7148 0,0007
wgflaggedrevsparams 0,0000 0,0000
hummingbird 4,6052 0,0019
consists 1,1712 0,0005
collapse 0,0408 0,0000
forms 1,0217 0,0004
expanding 2,3026 0,0010
wgrelevantarticleid 0,0000 0,0000
preprocessor 0,0513 0,0000
echo 2,4079 0,0010
mbox 0,7133 0,0003
securities 2,9957 0,0013
nik 3,9120 0,0016
java 0,6162 0,0003
jam 3,9120 0,0016
annual 1,0788 0,0005
english 0,0000 0,0000
api 0,4155 0,0002
apk 3,9120 0,0016
fully 0,8210 0,0003
shopping 2,9957 0,0013
app 1,2379 0,0005
cncf 3,9120 0,0016
jax 3,2189 0,0014
models 0,6733 0,0003
cache 0,0305 0,0000
margin 0,0000 0,0000
using 0,0000 0,0000
wgrequestid 0,0000 0,0000
wgbreakframes 0,0000 0,0000
containing 0,6931 0,0003
exchanges 2,5257 0,0011
rlpagemodules 0,0000 0,0000
monitoring 1,5606 0,0007
nosql 1,8326 0,0008
dictionary 1,2379 0,0005
feedburner 4,6052 0,0019
otellini 4,6052 0,0019
cerf 3,9120 0,0016
caja 3,2189 0,0014
wgwikibaseitemid 0,0000 0,0000
sizing 0,0408 0,0000
iowa 4,6052 0,0019
rescuecom 4,6052 0,0019
automatically 0,7765 0,0003
joffe 4,6052 0,0019
algebra 2,2073 0,0009
ddos 2,8134 0,0012
smartwatches 3,9120 0,0016
acquire 2,0402 0,0009
goddard 3,2189 0,0014
ara 3,9120 0,0016
encryption 1,1712 0,0005
advertisement 3,2189 0,0014
grace 2,6593 0,0011
structured 0,8440 0,0004
disabled 0,0000 0,0000
where 0,2744 0,0001
popular 0,6539 0,0003
apps 1,3093 0,0005
kids 3,5066 0,0015
timestamp 0,0000 0,0000
ars 1,3471 0,0006
complications 0,0513 0,0000
proceratium 4,6052 0,0019
liberation 4,6052 0,0019
lacking 1,3093 0,0005
nest 2,9957 0,0013
such 0,0943 0,0000
diagnostics 2,4079 0,0010
plugin 2,4079 0,0010
cameyo 4,6052 0,0019
partners 1,7148 0,0007
rachel 2,6593 0,0011
asn 3,2189 0,0014
foundry 2,3026 0,0010
through 0,2107 0,0001
charts 2,3026 0,0010
developing 0,8675 0,0004
encrypting 2,6593 0,0011
run 0,5447 0,0002
takeout 4,6052 0,0019
microsoft 0,4005 0,0002
lifecycle 1,8971 0,0008
features 0,3857 0,0002
protests 2,9957 0,0013
view 0,0000 0,0000
white 0,0305 0,0000
videopoet 4,6052 0,0019
donut 3,9120 0,0016
donate 0,0000 0,0000
helpful 2,4079 0,0010
newest 2,6593 0,0011
results 0,7985 0,0003
those 0,5108 0,0002
itbe 4,6052 0,0019
yaml 2,8134 0,0012
maistre 4,6052 0,0019
barges 4,6052 0,0019
suspensions 4,6052 0,0019
bold 0,0408 0,0000
engineering 0,3711 0,0002
froyo 3,9120 0,0016
orbitera 4,6052 0,0019
significant 0,6931 0,0003
downloaded 2,4079 0,0010
sync 2,9957 0,0013
flutter 3,5066 0,0015
vids 3,9120 0,0016
architects 2,4079 0,0010
name 0,0000 0,0000
spaces 2,0402 0,0009
linode 2,5257 0,0011
cputime 0,0000 0,0000
larry 1,9661 0,0008
parameters 1,5141 0,0006
watchlist 0,0000 0,0000
next 0,5798 0,0002
blind 2,4079 0,0010
allo 4,6052 0,0019
color 0,0101 0,0000
hidden 0,0000 0,0000
android 1,4697 0,0006
book 0,5978 0,0003
blogger 3,9120 0,0016
show 0,0834 0,0000
description 0,0000 0,0000
edition 0,8440 0,0004
blink 2,5257 0,0011
summit 2,0402 0,0009
caps 0,0619 0,0000
not 0,0101 0,0000
central 0,9416 0,0004
street 1,5606 0,0007
now 0,4308 0,0002
statement 0,0000 0,0000
trademark 0,0101 0,0000
hadoop 2,4079 0,0010
pagespeed 4,6052 0,0019
postponed 3,9120 0,0016
greek 0,0101 0,0000
news 0,4620 0,0002
delivery 1,4697 0,0006
interfaces 0,6162 0,0003
election 3,2189 0,0014
green 1,4271 0,0006
breaks 2,1203 0,0009
war 1,8971 0,0008
sagetv 4,6052 0,0019
futures 2,5257 0,0011
target 0,0101 0,0000
korupolu 3,9120 0,0016
tokyo 2,8134 0,0012
antitrust 2,8134 0,0012
what 0,0000 0,0000
crashlytics 4,6052 0,0019
urban 2,6593 0,0011
israel 0,7550 0,0003
risk 1,0498 0,0004
aws 1,3471 0,0006
guava 3,2189 0,0014
container 0,0000 0,0000
play 1,4697 0,0006
yard 2,5257 0,0011
innocence 4,6052 0,0019
developers 0,0000 0,0000
jurong 4,6052 0,0019
jie 3,5066 0,0015
usage 0,0000 0,0000
wgmediaviewerenabledbydefault 0,0000 0,0000
issues 0,5978 0,0003
nearby 0,0000 0,0000
when 0,0834 0,0000
cast 2,5257 0,0011
subscribed 3,9120 0,0016
fan 2,9957 0,0013
logged 0,0000 0,0000
wildfire 3,9120 0,0016
cask 4,6052 0,0019
case 0,4155 0,0002
dashboard 2,3026 0,0010
generation 1,2379 0,0005
accelerator 2,1203 0,0009
images 1,3093 0,0005
item 0,0000 0,0000
wgmediavieweronclick 0,0000 0,0000
openid 3,2189 0,0014
wgulsposition 0,0000 0,0000
sundar 3,5066 0,0015
epic 2,0402 0,0009
rendering 0,0513 0,0000
melayu 0,6349 0,0003
sedol 3,9120 0,0016
horizontally 3,2189 0,0014
openio 2,5257 0,0011
phone 1,8326 0,0008
italiano 0,1278 0,0001
sticky 0,0000 0,0000
style 0,0000 0,0000
appjet 3,2189 0,0014
card 1,7148 0,0007
wavenet 3,5066 0,0015
notebooklm 4,6052 0,0019
searchinput 0,0000 0,0000
sentences 0,0000 0,0000
lollipop 3,9120 0,0016
omid 3,9120 0,0016
commons 0,0000 0,0000
enabled 0,0000 0,0000
arabia 2,9957 0,0013
web 0,1165 0,0000
arabic 2,6593 0,0011
categories 0,0000 0,0000
gallagher 3,5066 0,0015
protect 1,6607 0,0007
berlin 1,8326 0,0008
binance 3,5066 0,0015
architecture 0,0000 0,0000
enables 0,7133 0,0003
insider 1,5606 0,0007
intuit 4,6052 0,0019
explore 2,8134 0,0012
vegas 3,2189 0,0014
booktube 4,6052 0,0019
more 0,0000 0,0000
display 0,0000 0,0000
cosmos 3,2189 0,0014
borg 3,9120 0,0016
ghislain 4,6052 0,0019
cheriton 4,6052 0,0019
organization 0,0000 0,0000
ovirt 2,3026 0,0010
forbes 1,5141 0,0006
width 0,0000 0,0000
accelerators 3,5066 0,0015
cohorts 4,6052 0,0019
levels 0,0000 0,0000
statistics 0,0000 0,0000
feb 2,0402 0,0009
donna 3,5066 0,0015
sanjay 3,5066 0,0015
sitelink 4,6052 0,0019
simple 0,2357 0,0001
used 0,0619 0,0000
wikieduonline 3,9120 0,0016
vint 3,9120 0,0016
bazel 3,5066 0,0015
cloud 0,6349 0,0003
heita 4,6052 0,0019
notification 2,4079 0,0010
looks 2,0402 0,0009
protocol 0,7133 0,0003
overflow 0,3857 0,0002
roboto 3,9120 0,0016
talent 3,5066 0,0015
plex 3,9120 0,0016
doubleclick 4,6052 0,0019
visible 0,0101 0,0000
crisis 2,0402 0,0009
marketplace 2,3026 0,0010
king 2,6593 0,0011
chromeos 2,9957 0,0013
both 0,0305 0,0000
important 0,0101 0,0000
market 1,0217 0,0004
most 0,2107 0,0001
neatx 4,6052 0,0019
transfer 0,9943 0,0004
wavii 4,6052 0,0019
effect 1,1394 0,0005
keep 1,0217 0,0004
producer 3,2189 0,0014
topic 0,0000 0,0000
ipad 2,9957 0,0013
automotive 1,8971 0,0008
job 1,3471 0,0006
option 1,3093 0,0005
largest 1,4697 0,0006
game 1,0498 0,0004
lighthouse 2,9957 0,0013
globally 1,9661 0,0008
alts 4,6052 0,0019
contribute 0,0000 0,0000
hamina 4,6052 0,0019
founders 1,9661 0,0008
uber 2,8134 0,0012
libguestfs 2,5257 0,0011
rocky 3,5066 0,0015
integrated 0,6733 0,0003
generative 2,6593 0,0011
candidate 1,7720 0,0007
database 0,4943 0,0002
along 0,7340 0,0003
billion 1,3863 0,0006
fonts 2,9957 0,0013
visually 2,3026 0,0010
inventor 2,4079 0,0010
david 0,5798 0,0002
kitkat 3,9120 0,0016
designed 0,4620 0,0002
oppenheimer 3,2189 0,0014
nextcloud 2,5257 0,0011
wgseparatortransformtable 0,0000 0,0000
breach 1,8971 0,0008
san 1,2379 0,0005
chromium 2,3026 0,0010
move 0,0000 0,0000
original 0,0943 0,0000
sap 2,3026 0,0010
futurism 4,6052 0,0019
also 0,0202 0,0000
sandwich 3,5066 0,0015
sycamore 3,9120 0,0016
designer 1,8326 0,0008
discontinued 1,3471 0,0006
terminal 1,8326 0,0008
gets 1,4697 0,0006
spread 1,8326 0,0008
oyster 4,6052 0,0019
inline 0,0408 0,0000
attention 1,7148 0,0007
uses 0,2485 0,0001
front 1,1712 0,0005
affiliate 3,9120 0,0016
flights 3,9120 0,0016
hopper 3,5066 0,0015
user 0,0000 0,0000
carmen 4,6052 0,0019
customer 1,1087 0,0005
mindsphere 2,5257 0,0011
stupid 2,6593 0,0011
projects 0,0000 0,0000
workday 2,3026 0,0010
gaos 4,6052 0,0019
fit 1,9661 0,0008
robot 2,2073 0,0009
codecs 3,2189 0,0014
hierarchy 1,9661 0,0008
personal 0,0000 0,0000
natalie 4,6052 0,0019
former 1,3093 0,0005
grpc 3,2189 0,0014
saudi 2,9957 0,0013
finder 3,2189 0,0014
canceled 3,9120 0,0016
fold 3,2189 0,0014
proxy 1,8971 0,0008
kurian 4,6052 0,0019
marratech 4,6052 0,0019
imageobject 0,0000 0,0000
transient 3,9120 0,0016
turning 2,4079 0,0010
sdk 2,5257 0,0011
drive 1,3471 0,0006
dean 2,6593 0,0011
frank 1,4271 0,0006
luis 2,6593 0,0011
geographical 2,4079 0,0010
tiers 2,9957 0,0013
chromebit 4,6052 0,0019
scheme 0,0101 0,0000
dreambooth 4,6052 0,0019
icon 0,0101 0,0000
expansiondepth 0,0000 0,0000
safetynet 3,9120 0,0016
lyra 4,6052 0,0019
goodison 4,6052 0,0019
search 0,0000 0,0000
see 0,0408 0,0000
tenor 4,6052 0,0019
spacing 0,0619 0,0000
actifio 4,6052 0,0019
offered 1,1087 0,0005
systems 0,1054 0,0000
wgrelevantpagename 0,0000 0,0000
cardboard 3,9120 0,0016
customers 1,0788 0,0005
innovation 1,3093 0,0005
blockly 3,5066 0,0015
contain 0,0101 0,0000
set 0,2485 0,0001
jobs 1,7720 0,0007
column 0,0101 0,0000
adobe 2,1203 0,0009
hanley 4,6052 0,0019
familiar 2,0402 0,0009
firebase 3,9120 0,0016
flu 3,9120 0,0016
booting 2,8134 0,0012
rajen 4,6052 0,0019
apkmirror 3,9120 0,0016
atmos 2,5257 0,0011
partner 2,8134 0,0012
wgaction 0,0000 0,0000
pagerank 3,9120 0,0016
acquisitions 1,8326 0,0008
font 0,0000 0,0000
scalable 1,5141 0,0006
jamboard 4,6052 0,0019
visualization 1,6094 0,0007
beauty 4,6052 0,0019
language 0,0000 0,0000
sites 1,6094 0,0007
graphics 1,3471 0,0006
navbox 0,0943 0,0000
developed 0,2357 0,0001
fastboot 3,9120 0,0016
excessively 2,0402 0,0009
listitem 0,0408 0,0000
japanese 2,0402 0,0009
attacks 1,5141 0,0006
ilbc 4,6052 0,0019
contact 0,0000 0,0000
france 0,8675 0,0004
webdriver 4,6052 0,0019
criticism 1,2379 0,0005
programming 0,2614 0,0001
image 0,0202 0,0000
searches 2,1203 0,0009
chrome 2,2073 0,0009
suspicious 2,8134 0,0012
mergers 2,5257 0,0011
cryptocurrency 2,5257 0,0011
susan 2,3026 0,0010
containers 1,7720 0,0007
helps 1,3093 0,0005
frame 2,0402 0,0009
cursor 0,0619 0,0000
lucky 2,9957 0,0013
deep 1,4697 0,0006
identifying 1,5141 0,0006
sources 0,5447 0,0002
origin 0,0000 0,0000
india 1,4271 0,0006
walltime 0,0000 0,0000
interlanguage 0,0000 0,0000
content 0,0000 0,0000
gerrit 3,2189 0,0014
random 0,0000 0,0000
desktop 1,0788 0,0005
related 0,0000 0,0000
client 0,0000 0,0000
patents 2,2073 0,0009
class 0,0000 0,0000
conversion 2,1203 0,0009
digital 0,6162 0,0003
over 0,3285 0,0001
living 2,4079 0,0010
qwiklabs 4,6052 0,0019
gato 4,6052 0,0019
false 0,0000 0,0000
rotated 4,6052 0,0019
counter 0,0408 0,0000
form 0,3711 0,0002
management 0,2231 0,0001
publish 1,6607 0,0007
developer 0,4005 0,0002
sergey 2,9957 0,0013
avoid 0,0101 0,0000
jaiku 4,6052 0,0019
big 0,8916 0,0004
chromebox 4,6052 0,0019
expert 1,6094 0,0007
select 1,5606 0,0007
triggered 0,0513 0,0000
advanced 0,7340 0,0003
poland 3,9120 0,0016
glinux 3,5066 0,0015
apigee 4,6052 0,0019
bednarz 4,6052 0,0019
bit 1,4697 0,0006
visbug 4,6052 0,0019
output 0,0000 0,0000
transcribe 3,9120 0,0016
corner 2,9957 0,0013
oci 4,6052 0,0019
else 2,0402 0,0009
recognise 3,9120 0,0016
model 0,0000 0,0000
https 0,0000 0,0000
join 1,6607 0,0007
portal 0,0000 0,0000
manipulation 1,2379 0,0005
french 2,3026 0,0010
gears 2,4079 0,0010
tasks 0,9416 0,0004
deft 2,5257 0,0011
commitments 2,9957 0,0013
degoogle 3,9120 0,0016
kern 0,0101 0,0000
large 0,3425 0,0001
unleashing 3,9120 0,0016
lower 0,0101 0,0000
schemer 4,6052 0,0019
verb 3,2189 0,0014
sla 3,2189 0,0014
announce 2,1203 0,0009
odd 0,0943 0,0000
messaging 1,4271 0,0006
lively 3,2189 0,0014
wilkes 3,2189 0,0014
bionic 2,9957 0,0013
santiago 3,9120 0,0016
john 0,5276 0,0002
wgvisualeditor 0,0000 0,0000
become 0,6931 0,0003
template 0,0000 0,0000
judgement 3,9120 0,0016
viewer 2,9957 0,0013
works 0,9416 0,0004
enwiki 0,0619 0,0000
indefinitely 1,9661 0,0008
subscription 0,0101 0,0000
navbar 0,0202 0,0000
world 0,3857 0,0002
subbox 0,6931 0,0003
viewed 1,6607 0,0007
december 0,0000 0,0000
camera 2,5257 0,0011
everything 1,2730 0,0005
italy 3,2189 0,0014
table 0,0000 0,0000
finland 4,6052 0,0019
creator 1,5606 0,0007
prefers 0,0101 0,0000
side 0,3567 0,0001
appscale 2,5257 0,0011
break 0,0101 0,0000
composer 3,5066 0,0015
programmatically 3,5066 0,0015
krishna 3,9120 0,0016
draw 2,6593 0,0011
printable 0,0000 0,0000
swinhoe 4,6052 0,0019
generally 0,5447 0,0002
hide 0,0000 0,0000
places 1,7720 0,0007
exploring 2,6593 0,0011
discovery 1,3863 0,0006
report 0,0305 0,0000
onedrive 2,4079 0,0010
auto 0,0726 0,0000
autopilot 3,2189 0,0014
moderator 4,6052 0,0019
sign 1,6607 0,0007
office 1,0788 0,0005
wgcanonicalspecialpagename 0,0000 0,0000
photos 2,4079 0,0010
download 0,0000 0,0000
edge 1,3863 0,0006
high 0,3425 0,0001
split 0,0000 0,0000
orchestra 4,6052 0,0019
than 0,2357 0,0001
limit 0,0000 0,0000
venturebeat 2,1203 0,0009
different 0,0513 0,0000
administrators 1,8326 0,0008
vevo 4,6052 0,0019
level 0,0000 0,0000
author 0,0000 0,0000
alphazero 3,5066 0,0015
etherpad 4,6052 0,0019
feeling 3,2189 0,0014
synapse 3,9120 0,0016
antarctica 4,6052 0,0019
expansion 0,0619 0,0000
amazon 1,0498 0,0004
license 0,0000 0,0000
disk 1,4271 0,0006
expand 0,0513 0,0000
headquarters 2,4079 0,0010
prediction 2,6593 0,0011
oregon 3,2189 0,0014
angularjs 2,5257 0,0011
integrations 2,5257 0,0011
tablets 2,3026 0,0010
columbus 3,9120 0,0016
behind 1,2730 0,0005
code 0,0000 0,0000
shirley 3,5066 0,0015
tenth 3,5066 0,0015
student 1,8971 0,0008
wgdefaultdateformat 0,0000 0,0000
keys 1,5141 0,0006
monetization 3,5066 0,0015
box 0,0408 0,0000
sean 1,9661 0,0008
storage 0,3711 0,0002
pyra 4,6052 0,0019
sql 1,0788 0,0005
chinchilla 3,5066 0,0015
libvirt 2,4079 0,0010
total 0,0000 0,0000
deutsch 0,0943 0,0000
unstructured 2,3026 0,0010
backend 1,8326 0,0008
mirantis 2,4079 0,0010
prices 2,5257 0,0011
pixelbook 4,6052 0,0019
highly 1,1712 0,0005
console 1,8326 0,0008
initiative 1,1087 0,0005
sports 2,6593 0,0011
social 0,8210 0,0003
src 0,6349 0,0003
cross 2,1203 0,0009
coronavirus 3,9120 0,0016
control 0,1744 0,0001
cutts 4,6052 0,0019
shoploop 4,6052 0,0019
inktank 2,4079 0,0010
kamangar 4,6052 0,0019
awards 2,5257 0,0011
earth 2,4079 0,0010
attribution 0,0000 0,0000
easier 1,0498 0,0004
oreo 3,9120 0,0016
metadata 1,5606 0,0007
spanner 4,6052 0,0019
strategic 2,0402 0,0009
ssd 2,4079 0,0010
vary 0,0619 0,0000
upper 0,0101 0,0000
county 3,9120 0,0016
registered 0,0101 0,0000
lamda 3,5066 0,0015
salar 4,6052 0,0019
sso 3,5066 0,0015
guild 4,6052 0,0019
dynamics 1,8326 0,0008
lambda 2,2073 0,0009
scandal 2,9957 0,0013
engines 0,8210 0,0003
friend 2,8134 0,0012
expiry 0,0619 0,0000
minerva 0,0101 0,0000
muslims 4,6052 0,0019
brand 2,1203 0,0009
liftware 4,6052 0,0019
recent 0,0000 0,0000
trends 1,4271 0,0006
browsing 1,8326 0,0008
karl 2,9957 0,0013
modular 1,5141 0,0006
bru 4,6052 0,0019
edit 0,0000 0,0000
australia 1,8971 0,0008
tpus 4,6052 0,0019
youtuber 4,6052 0,0019
moncks 4,6052 0,0019
secondary 1,5606 0,0007
node 0,0513 0,0000
mission 2,1203 0,0009
concepts 0,5978 0,0003
mather 4,6052 0,0019
bridge 1,9661 0,0008
madrid 3,9120 0,0016
device 1,0217 0,0004
sub 1,9661 0,0008
access 0,3011 0,0001
conference 0,3567 0,0001
webrtc 2,3026 0,0010
simi 0,9416 0,0004
archived 0,0943 0,0000
selflink 0,0101 0,0000
current 0,0000 0,0000
defunct 1,9661 0,0008
audit 2,4079 0,0010
managed 1,0498 0,0004
thompson 1,8326 0,0008
vector 0,0000 0,0000
email 1,4697 0,0006
key 0,0305 0,0000
calendar 2,9957 0,0013
cachereport 0,0000 0,0000
manager 1,0498 0,0004
postponing 4,6052 0,0019
jose 2,0402 0,0009
one 0,0943 0,0000
garage 3,2189 0,0014
makes 0,5108 0,0002
maker 2,1203 0,0009
launch 1,5606 0,0007
store 0,8210 0,0003
flower 4,6052 0,0019
single 0,3147 0,0001
entityaccesscount 0,0000 0,0000
abhishek 3,9120 0,0016
elastic 2,3026 0,0010
closed 1,2040 0,0005
splunk 2,4079 0,0010
amit 2,5257 0,0011
censorship 2,6593 0,0011
contacts 2,8134 0,0012
cupcake 3,9120 0,0016
abiquo 2,5257 0,0011
story 1,5606 0,0007
joins 2,3026 0,0010
bus 1,6607 0,0007
eemshaven 4,6052 0,0019
neotonic 4,6052 0,0019
workspace 2,2073 0,0009
predix 2,5257 0,0011
vertex 3,5066 0,0015
buy 1,8971 0,0008
available 0,0000 0,0000
express 1,5141 0,0006
rules 0,6349 0,0003
quest 2,3026 0,0010
pairs 1,9661 0,0008
loaded 0,0305 0,0000
zero 1,1087 0,0005
regularly 1,9661 0,0008
apache 1,0788 0,0005
wdyl 4,6052 0,0019
variant 0,0619 0,0000
details 0,8675 0,0004
dodgeball 4,6052 0,0019
written 0,3147 0,0001
shortened 0,0000 0,0000
authoritative 4,6052 0,0019
oracle 0,8916 0,0004
studios 2,5257 0,0011
memusage 0,0000 0,0000
knol 4,6052 0,0019
taiwan 2,8134 0,0012
shortener 4,6052 0,0019
failure 1,2040 0,0005
solve 1,3471 0,0006
know 0,7340 0,0003
region 2,5257 0,0011
support 0,2107 0,0001
deepmind 3,5066 0,0015
higher 0,7985 0,0003
preview 1,7720 0,0007
brazil 2,5257 0,0011
techtarget 2,9957 0,0013
changes 0,0000 0,0000
privacy 0,0000 0,0000
learning 0,7550 0,0003
kim 2,1203 0,0009
gonzalez 3,2189 0,0014
drawings 4,6052 0,0019
eustace 4,6052 0,0019
similarity 2,9957 0,0013
tango 4,6052 0,0019
verma 3,2189 0,0014
coverage 2,4079 0,0010
normal 0,0202 0,0000
vercel 2,4079 0,0010
technology 0,2357 0,0001
stone 2,9957 0,0013
ors 4,6052 0,0019
greenqloud 2,5257 0,0011
litigation 2,4079 0,0010
wgarticleid 0,0000 0,0000
sensorvault 4,6052 0,0019
deepen 3,9120 0,0016
queues 2,4079 0,0010
pagelanguagedir 0,0000 0,0000
wgcitereferencepreviewsactive 0,0000 0,0000
location 1,2730 0,0005
eclair 3,9120 0,0016
ecosystem 1,2040 0,0005
software 0,0000 0,0000
frameworks 0,9163 0,0004
bluffs 4,6052 0,0019
ganeti 3,2189 0,0014
none 0,0101 0,0000
type 0,0000 0,0000
april 0,0000 0,0000
googlebot 3,9120 0,0016
selects 2,3026 0,0010
seconds 0,0619 0,0000
gcp 3,9120 0,0016
road 1,8326 0,0008
terms 0,0000 0,0000
weather 2,4079 0,0010
connection 1,3093 0,0005
presence 1,3471 0,0006
ugia 4,6052 0,0019
between 0,2107 0,0001
guide 0,3711 0,0002
pagevariantfallbacks 0,0000 0,0000
wifi 2,8134 0,0012
method 0,4780 0,0002
natural 1,2040 0,0005
javeed 4,6052 0,0019
namebench 3,5066 0,0015
push 0,0000 0,0000
utah 3,5066 0,0015
androidland 3,9120 0,0016
johannesburg 4,6052 0,0019
techrepublic 2,5257 0,0011
logging 2,0402 0,0009
nationwide 3,2189 0,0014
frederic 2,3026 0,0010
guice 3,5066 0,0015
gmail 3,9120 0,0016
pythonanywhere 2,3026 0,0010
south 1,9661 0,0008
columns 0,0101 0,0000
james 0,9676 0,0004
north 1,7148 0,0007
wear 3,2189 0,0014
our 1,3093 0,0005
tools 0,0000 0,0000
out 0,0000 0,0000
fitbit 3,9120 0,0016
dart 2,6593 0,0011
announcing 1,6607 0,0007
krishnan 3,5066 0,0015
feature 0,0000 0,0000
kohistan 4,6052 0,0019
cached 0,0513 0,0000
get 0,0000 0,0000
continues 1,6607 0,0007
dark 0,0101 0,0000
power 0,7985 0,0003
brain 2,5257 0,0011
transformation 1,6607 0,0007
lead 0,9943 0,0004
hits 2,4079 0,0010
gagliordi 4,6052 0,0019
help 0,0000 0,0000
site 0,0000 0,0000
depth 0,0000 0,0000
massive 1,8326 0,0008
podcasts 3,5066 0,0015
efficientnet 4,6052 0,0019
self 0,7133 0,0003
connecting 2,5257 0,0011
sharealike 0,0000 0,0000
date 0,7985 0,0003
magic 1,9661 0,0008
dallas 3,5066 0,0015
argument 0,0513 0,0000
panda 4,6052 0,0019
data 0,0000 0,0000
eucalyptus 2,4079 0,0010
mohan 2,9957 0,0013
sound 1,5606 0,0007
wgpageviewlanguage 0,0000 0,0000
blog 0,7133 0,0003
hosted 1,3093 0,0005
translate 2,0402 0,0009
alphadev 4,6052 0,0019
salesforce 2,5257 0,0011
routes 2,5257 0,0011
realistic 2,5257 0,0011
accesskey 0,0000 0,0000
argentina 3,9120 0,0016
should 0,3711 0,0002
create 0,0000 0,0000
justice 2,5257 0,0011
notebook 2,9957 0,0013
development 0,1393 0,0001
slovenian 3,2189 0,0014
taylor 2,2073 0,0009
like 0,2231 0,0001
resource 0,7550 0,0003
behaviors 2,0402 0,0009
datalab 4,6052 0,0019
goes 1,6094 0,0007
bebapay 4,6052 0,0019
netherlands 2,3026 0,0010
tax 1,8971 0,0008
webp 3,9120 0,0016
osterloh 3,9120 0,0016
webm 4,6052 0,0019
core 0,5978 0,0003
blob 2,6593 0,0011
mapreduce 3,2189 0,0014
pichette 4,6052 0,0019
chromiumos 2,9957 0,0013
council 2,2073 0,0009
person 1,2730 0,0005
safe 0,9163 0,0004
files 0,8440 0,0004
whetstone 4,6052 0,0019
platespin 2,5257 0,0011
presidential 3,2189 0,0014
send 1,3093 0,0005
potentially 0,7765 0,0003
here 0,0000 0,0000
youtube 1,5141 0,0006
week 1,4697 0,0006
challenges 0,9676 0,0004
purpose 0,6733 0,0003
line 0,0101 0,0000
priyasi 4,6052 0,0019
link 0,0000 0,0000
scale 0,6349 0,0003
recovery 1,6607 0,0007
tune 3,2189 0,0014
noto 3,9120 0,0016
aware 1,9661 0,0008
dragonfly 2,9957 0,0013
can 0,0408 0,0000
computing 0,4005 0,0002
security 0,3285 0,0001
award 2,3026 0,0010
contributor 2,5257 0,0011
paris 2,5257 0,0011
scalr 2,5257 0,0011
wgcanonicalnamespace 0,0000 0,0000
flex 0,5276 0,0002
ready 0,0000 0,0000
securely 2,8134 0,0012
cat 2,6593 0,0011
station 2,1203 0,0009
sparrow 4,6052 0,0019
player 2,2073 0,0009
factory 2,1203 0,0009
stories 1,8326 0,0008
wgisredirect 0,0000 0,0000
limited 0,0000 0,0000
will 0,2485 0,0001
sputnik 2,4079 0,0010
'll 2,8134 0,0012
february 0,0000 0,0000
groups 0,7985 0,0003
intent 1,9661 0,0008
stackdriver 4,6052 0,0019
balancing 2,0402 0,0009
netlify 2,5257 0,0011
tableau 3,9120 0,0016
crowdsource 4,6052 0,0019
conversational 3,2189 0,0014
response 0,8675 0,0004
responsive 0,0202 0,0000
challenge 1,5141 0,0006
arguments 2,0402 0,0009
beyondcorp 4,6052 0,0019
locations 1,5606 0,0007
gson 3,5066 0,0015
category 0,3147 0,0001
delhi 2,9957 0,0013
wikidata 0,0000 0,0000
