prepare 1,6094 0,0004
half 1,7148 0,0004
upload 0,0000 0,0000
nowadays 3,2189 0,0007
wgrestrictionmove 0,0000 0,0000
decentralise 3,9120 0,0009
tokenization 3,2189 0,0007
aviv 3,5066 0,0008
morton 3,9120 0,0009
tea 4,6052 0,0011
would 0,3425 0,0001
pick 1,9661 0,0005
electronically 3,9120 0,0009
energy 1,4697 0,0003
birminghamlive 4,6052 0,0011
solid 0,0202 0,0000
gabriel 3,2189 0,0007
notably 1,8326 0,0004
switzerland 2,4079 0,0006
investment 1,5141 0,0007
require 0,0000 0,0000
scribunto 0,0000 0,0000
prioritization 3,5066 0,0008
standards 1,1087 0,0003
scathing 3,9120 0,0009
size 0,0000 0,0000
triple 2,6593 0,0006
left 0,0408 0,0000
cdx 0,0000 0,0000
object 0,3711 0,0002
newspaper 1,5606 0,0004
accessible 1,1712 0,0003
hang 1,3863 0,0003
authenticate 2,5257 0,0006
lombard 1,1712 0,0003
role 0,8916 0,0002
roll 1,9661 0,0005
notable 1,1394 0,0003
turn 1,0498 0,0007
ceo 1,5606 0,0004
balanced 3,5066 0,0008
miner 2,9957 0,0014
example 0,2485 0,0001
gold 2,6593 0,0006
result 0,2231 0,0002
same 0,2357 0,0001
cex 4,6052 0,0011
howcroft 4,6052 0,0011
commission 1,4697 0,0007
after 0,0305 0,0000
connect 0,8675 0,0006
hand 1,0217 0,0005
policy 0,0000 0,0000
cfd 3,9120 0,0009
address 0,5621 0,0004
salt 2,9957 0,0007
helium 2,9957 0,0007
pagelanguagecode 0,0000 0,0000
halt 2,5257 0,0012
sale 1,6607 0,0004
frances 3,5066 0,0008
pricewaterhousecoopers 3,9120 0,0009
information 0,0000 0,0000
adrian 2,9957 0,0007
kwh 4,6052 0,0011
november 0,0000 0,0000
gouging 4,6052 0,0011
glendon 4,6052 0,0011
confront 3,9120 0,0009
good 0,4155 0,0002
empty 0,0305 0,0000
tie 2,0402 0,0005
tanaya 4,6052 0,0011
instil 3,9120 0,0009
tim 1,0498 0,0002
implement 0,3285 0,0002
export 0,0000 0,0000
fantasy 3,9120 0,0009
owen 2,9957 0,0007
asics 4,6052 0,0011
check 0,7985 0,0002
aside 2,8134 0,0007
kyc 3,9120 0,0009
cia 2,6593 0,0006
applied 1,8326 0,0004
embezzle 4,6052 0,0011
laurence 4,6052 0,0011
mainentity 0,0000 0,0000
hart 3,2189 0,0007
delphine 4,6052 0,0011
representation 1,1394 0,0005
disclaimers 0,0000 0,0000
society 1,5141 0,0004
verifiable 2,8134 0,0007
denmark 3,9120 0,0009
provider 1,2730 0,0003
imfi 4,6052 0,0011
aftab 4,6052 0,0011
root 0,4780 0,0001
webster 2,9957 0,0007
multiply 3,2189 0,0007
lena 3,2189 0,0007
worsen 4,6052 0,0011
conducive 4,6052 0,0011
ticker 2,8134 0,0007
citation 0,0101 0,0000
guadamuz 4,6052 0,0011
approval 2,1203 0,0005
multiple 0,2485 0,0001
metallism 4,6052 0,0011
concentrate 3,2189 0,0007
expose 1,4271 0,0007
actuelle 4,6052 0,0011
versus 1,7720 0,0004
footprint 2,5257 0,0006
iyengar 4,6052 0,0011
well 0,2744 0,0001
handling 1,7148 0,0004
foolproof 4,6052 0,0011
pagetype 1,0788 0,0003
bitness 0,0000 0,0000
rgba 0,0101 0,0000
retroactively 3,9120 0,0009
chilly 4,6052 0,0011
kademlia 3,9120 0,0009
myth 2,6593 0,0006
bimetallism 4,6052 0,0011
implication 1,9661 0,0005
presse 4,6052 0,0011
block 0,0408 0,0000
flow 0,3425 0,0002
promotional 2,8134 0,0007
order 0,4155 0,0002
jurist 4,6052 0,0011
boxtext 0,0619 0,0000
tightens 4,6052 0,0011
byte 0,0408 0,0000
buckley 3,2189 0,0007
decentralize 2,5257 0,0006
indonesia 0,3567 0,0001
intel 1,6094 0,0004
propose 1,0788 0,0005
praxis 4,6052 0,0011
matteo 3,2189 0,0007
renewable 2,9957 0,0007
binary 0,9943 0,0002
cme 3,5066 0,0008
hash 1,7720 0,0012
legislatures 4,6052 0,0011
subsection 0,1508 0,0000
save 1,3863 0,0003
toc 0,0000 0,0000
protection 0,4463 0,0002
respectively 1,3863 0,0003
wgpagecontentmodel 0,0000 0,0000
ton 2,9957 0,0014
tom 1,3863 0,0003
top 0,0000 0,0000
technica 1,3093 0,0003
too 0,8916 0,0002
have 0,2744 0,0001
noise 2,9957 0,0007
kaplan 3,5066 0,0008
legkodymov 4,6052 0,0011
tezos 3,2189 0,0007
cnn 2,1203 0,0005
gaming 1,8971 0,0004
product 0,4005 0,0002
drugs 4,6052 0,0011
asian 2,9957 0,0007
ross 2,5257 0,0006
cheap 1,8971 0,0009
produce 0,6931 0,0006
regard 1,1087 0,0008
holly 3,5066 0,0008
com 0,8210 0,0002
col 0,9943 0,0002
capital 1,8326 0,0004
minor 1,7148 0,0004
fuel 2,3026 0,0005
irreversible 3,9120 0,0009
cow 4,6052 0,0011
ezra 4,6052 0,0011
lab 1,3863 0,0003
upon 0,8916 0,0002
pervez 4,6052 0,0011
nagarajan 4,6052 0,0011
platforms 1,4697 0,0003
plead 3,9120 0,0018
timeusage 0,0000 0,0000
academic 1,3093 0,0003
frysk 2,6593 0,0006
function 0,0000 0,0000
raise 1,4271 0,0013
west 2,2073 0,0005
lam 3,2189 0,0007
representative 2,3026 0,0011
tower 3,2189 0,0007
altcoin 4,6052 0,0021
comparison 0,4005 0,0001
law 1,2379 0,0006
coins 3,5066 0,0008
palgrave 3,2189 0,0007
introducing 2,4079 0,0006
cpu 0,0408 0,0000
infobox 0,6931 0,0002
less 0,6162 0,0001
andy 1,8326 0,0004
fedorova 4,6052 0,0011
condition 1,2040 0,0003
markets 3,5066 0,0008
improve 0,2485 0,0002
obligation 2,8134 0,0007
try 0,9676 0,0002
specialized 1,3471 0,0003
university 0,5621 0,0001
technique 0,7550 0,0002
artificially 3,9120 0,0009
chattel 4,6052 0,0011
wikiquote 1,7148 0,0004
renowned 3,9120 0,0009
laura 3,9120 0,0009
effective 1,0217 0,0002
times 1,3093 0,0003
craze 3,2189 0,0007
coincidence 3,9120 0,0009
timeless 0,0101 0,0000
direction 1,2379 0,0003
vlams 3,2189 0,0007
eggchange 4,6052 0,0011
filippo 3,9120 0,0009
luasandboxcallback 1,4271 0,0003
wgwmeschemaeditattemptstepoversample 0,0000 0,0000
ttl 0,0000 0,0000
csa 4,6052 0,0011
investor 2,4079 0,0011
inflate 3,2189 0,0015
stable 0,7133 0,0002
harness 2,8134 0,0007
respond 1,3471 0,0003
japan 1,2730 0,0003
mastercard 3,5066 0,0008
lee 1,3471 0,0003
supply 1,4697 0,0003
crippen 4,6052 0,0011
concern 0,8210 0,0004
karim 3,5066 0,0008
integrity 1,3863 0,0003
merge 1,6607 0,0004
pref 0,0000 0,0000
let 0,9943 0,0002
adviser 3,5066 0,0008
les 3,5066 0,0008
remittance 3,9120 0,0009
state 0,3425 0,0003
csrftoken 0,0000 0,0000
press 0,5621 0,0001
worker 1,6607 0,0004
element 0,0000 0,0000
environmental 1,8971 0,0004
garza 4,6052 0,0011
night 0,0000 0,0000
zarko 4,6052 0,0011
vulnerability 1,3863 0,0003
each 0,1393 0,0000
aftermath 3,9120 0,0009
debasement 4,6052 0,0011
makarov 4,6052 0,0011
stablecoin 3,5066 0,0016
nicehash 4,6052 0,0011
offering 1,6607 0,0008
datawrapper 1,6094 0,0004
distrustful 4,6052 0,0011
cut 1,7720 0,0008
twh 4,6052 0,0011
probably 2,3026 0,0005
ruble 4,6052 0,0011
document 0,4463 0,0001
jurisdiction 2,6593 0,0006
concurrent 1,2040 0,0003
two 0,2744 0,0001
clay 3,5066 0,0008
promote 1,3093 0,0006
attack 1,1712 0,0003
equihash 3,2189 0,0007
divorce 4,6052 0,0011
distribute 0,3857 0,0001
graphic 1,6094 0,0004
creation 0,7985 0,0002
situation 1,2379 0,0003
legislation 2,8134 0,0007
think 0,9676 0,0002
portalleft 1,3093 0,0003
paek 4,6052 0,0011
participate 1,8326 0,0004
krause 3,9120 0,0009
sijia 4,6052 0,0011
services 1,1087 0,0003
team 0,4943 0,0001
bonelli 4,6052 0,0011
marketing 1,2730 0,0003
wgusername 0,0000 0,0000
watch 1,6607 0,0004
decrypt 2,8134 0,0007
thing 1,0788 0,0005
insurance 2,5257 0,0006
principle 0,7985 0,0002
nayib 4,6052 0,0011
mercatus 3,9120 0,0009
spencer 2,3026 0,0005
doge 4,6052 0,0011
source 0,1393 0,0001
anna 2,6593 0,0006
ieee 0,8440 0,0002
domestic 2,6593 0,0006
kevin 1,5606 0,0004
fearmonger 4,6052 0,0011
wolff 3,2189 0,0007
muneeb 4,6052 0,0011
donation 3,2189 0,0007
homes 3,9120 0,0009
hbar 3,2189 0,0007
stability 1,9661 0,0005
erik 2,3026 0,0005
tech 1,2040 0,0003
seongwon 4,6052 0,0011
widely 0,7985 0,0002
eric 1,1394 0,0003
develop 0,1863 0,0001
namibia 4,6052 0,0011
technologies 1,0788 0,0003
roberts 2,3026 0,0005
district 2,5257 0,0006
overall 1,1394 0,0003
page 0,0000 0,0000
assume 1,6094 0,0004
full 0,0202 0,0000
cryptographer 3,5066 0,0008
memory 0,0408 0,0000
scientist 1,3863 0,0003
mica 4,6052 0,0011
resistant 2,6593 0,0006
nahid 4,6052 0,0011
wilmer 3,9120 0,0009
house 1,4271 0,0003
disaster 2,3026 0,0005
mooij 4,6052 0,0011
thabet 4,6052 0,0011
enhance 0,8916 0,0004
harvest 2,9957 0,0007
llc 1,7720 0,0004
polytechnic 3,9120 0,0009
center 0,0000 0,0000
suspicion 3,5066 0,0008
purchase 1,5141 0,0014
start 0,3011 0,0001
manage 0,3567 0,0002
bypass 2,1203 0,0005
equal 1,9661 0,0009
llp 3,5066 0,0008
fund 1,8971 0,0009
altseason 4,6052 0,0011
fung 3,5066 0,0008
recipient 2,4079 0,0006
short 0,0000 0,0000
finance 1,8326 0,0004
juristische 4,6052 0,0011
bergwick 4,6052 0,0011
regulate 2,3026 0,0021
complementary 2,6593 0,0006
three 0,3711 0,0001
marsden 4,6052 0,0011
twitter 1,7720 0,0004
pitta 4,6052 0,0011
controversial 2,3026 0,0005
payment 2,0402 0,0009
specifically 0,8916 0,0002
enter 1,2040 0,0006
savings 2,4079 0,0006
hardware 0,5798 0,0001
deputy 3,5066 0,0008
taxable 4,6052 0,0011
cameron 2,5257 0,0006
nationally 4,6052 0,0011
litan 4,6052 0,0011
priority 1,4697 0,0003
creative 0,0000 0,0000
nederlands 0,1985 0,0000
allocate 1,5606 0,0004
provide 0,1625 0,0002
wayback 0,7985 0,0002
mellon 2,5257 0,0006
consultation 3,9120 0,0009
primary 0,7765 0,0002
log 0,0000 0,0000
bright 2,6593 0,0006
solar 2,6593 0,0006
consume 1,3471 0,0013
euskara 0,5108 0,0001
undefined 3,2189 0,0007
unknown 1,4271 0,0003
lot 1,5606 0,0004
advisor 3,5066 0,0016
los 2,5257 0,0006
computer 0,1863 0,0001
fundraising 3,9120 0,0009
premium 2,8134 0,0007
low 0,0101 0,0000
otago 4,6052 0,0011
acyclic 3,5066 0,0008
tumble 4,6052 0,0011
holdings 2,8134 0,0007
cryptographic 2,1203 0,0005
wealth 2,9957 0,0007
wgcategory 0,0000 0,0000
means 1,0217 0,0002
funding 1,6607 0,0004
wallet 2,5257 0,0012
initial 0,3857 0,0001
unstrip 0,0000 0,0000
templateargumentsize 0,0000 0,0000
nakamoto 3,5066 0,0008
quick 1,3863 0,0003
endorsement 4,6052 0,0011
policymaker 3,2189 0,0007
speedy 0,7133 0,0002
doom 2,6593 0,0006
friendly 1,9661 0,0005
castillo 2,9957 0,0007
possession 4,6052 0,0011
dag 3,5066 0,0008
experience 0,7985 0,0002
dai 2,9957 0,0007
italic 0,1278 0,0000
dan 0,9943 0,0002
dao 3,2189 0,0007
jordan 1,7148 0,0004
day 0,0000 0,0000
obtain 1,3471 0,0006
ivms 4,6052 0,0011
format 0,0101 0,0000
particular 0,5978 0,0001
illegal 2,2073 0,0005
water 2,6593 0,0006
fried 3,9120 0,0009
osipovich 4,6052 0,0011
formal 1,1394 0,0003
parvez 3,9120 0,0009
critical 0,8916 0,0002
mathematics 1,5141 0,0004
part 0,1985 0,0001
wgpageparsereport 0,0000 0,0000
araujo 4,6052 0,0011
principal 2,2073 0,0005
introduction 0,5621 0,0001
park 2,1203 0,0005
josephine 4,6052 0,0011
lecturer 4,6052 0,0011
ltr 0,0000 0,0000
economics 2,2073 0,0005
someone 2,0402 0,0005
third 0,5447 0,0001
build 0,2357 0,0001
tvnz 4,6052 0,0011
lua 0,0513 0,0000
cheng 2,3026 0,0005
further 0,3711 0,0001
oxymoron 4,6052 0,0011
mutually 2,8134 0,0007
uyghurche 1,9661 0,0005
computerized 2,9957 0,0007
ambiguous 2,0402 0,0005
parliament 3,5066 0,0008
portalborder 1,3093 0,0003
der 2,1203 0,0005
path 1,0498 0,0002
crack 2,4079 0,0006
des 3,5066 0,0008
simona 4,6052 0,0011
record 0,7765 0,0005
scanner 2,5257 0,0006
prevention 2,0402 0,0005
announcement 1,9661 0,0005
cuba 3,9120 0,0009
mailchimp 4,6052 0,0011
sharman 4,6052 0,0011
banks 2,9957 0,0007
pass 0,8675 0,0004
impact 0,9163 0,0004
profile 1,0788 0,0003
bill 1,5606 0,0004
whose 1,3471 0,0003
buyer 2,8134 0,0007
senior 2,0402 0,0005
nijsse 4,6052 0,0011
duxbury 4,6052 0,0011
average 1,8971 0,0004
treatment 2,5257 0,0006
compare 0,9416 0,0002
subgroup 0,0513 0,0000
transparent 0,0619 0,0000
mint 3,2189 0,0007
adoption 0,8675 0,0002
journal 0,4780 0,0001
palau 4,6052 0,0011
term 0,0000 0,0000
mine 1,6607 0,0004
mind 1,6094 0,0004
business 0,3425 0,0002
mini 0,0619 0,0000
retailer 3,5066 0,0008
advent 2,4079 0,0006
operational 1,7148 0,0004
staff 1,7720 0,0004
involve 0,6539 0,0003
possible 0,5276 0,0001
right 0,0101 0,0000
haynie 4,6052 0,0011
bing 2,8134 0,0007
wikitext 0,0000 0,0000
complicated 2,5257 0,0006
ivana 4,6052 0,0011
sichuan 4,6052 0,0011
paul 0,7765 0,0002
under 0,0101 0,0000
ryan 1,6094 0,0004
london 1,3863 0,0003
siraj 3,9120 0,0009
murray 3,5066 0,0008
down 0,8440 0,0002
faculty 2,9957 0,0007
div 0,0000 0,0000
ethereum 2,9957 0,0007
later 0,4005 0,0001
sabett 4,6052 0,0011
teth 3,2189 0,0007
passport 3,5066 0,0008
bracket 0,0619 0,0000
legal 1,1712 0,0003
iansiti 3,9120 0,0009
signal 1,2730 0,0003
computational 1,2040 0,0003
angeles 2,5257 0,0006
journey 2,4079 0,0006
test 0,4463 0,0001
ecash 3,9120 0,0009
finally 1,4271 0,0003
enforcement 2,0402 0,0005
thereafter 2,8134 0,0007
ssrn 2,3026 0,0005
brown 1,8971 0,0004
publicly 1,6094 0,0004
graph 1,4697 0,0003
month 0,7133 0,0003
irfan 3,9120 0,0009
final 1,0788 0,0003
wgrevisionid 0,0000 0,0000
cryptology 2,8134 0,0007
virtual 0,4620 0,0001
rather 0,5978 0,0001
alsoszatai 4,6052 0,0011
back 0,6349 0,0001
training 1,4697 0,0003
expectation 2,4079 0,0006
title 0,0000 0,0000
disparagingly 4,6052 0,0011
states 0,4943 0,0001
hennessy 3,5066 0,0008
load 0,0202 0,0000
dla 3,5066 0,0008
ignore 1,4697 0,0007
company 0,4308 0,0002
thomas 0,8675 0,0002
lacey 4,6052 0,0011
schwartzkopff 4,6052 0,0011
kuwait 3,5066 0,0008
custom 0,0000 0,0000
harris 2,9957 0,0007
kiswahili 1,2730 0,0003
photovoltaic 3,9120 0,0009
relay 2,5257 0,0006
schedule 1,1087 0,0003
beach 3,2189 0,0007
inherit 0,0101 0,0000
interpret 1,7148 0,0004
baby 2,9957 0,0007
delist 4,6052 0,0011
grant 1,6094 0,0007
bitcoin 2,9957 0,0014
baer 2,9957 0,0007
macheel 4,6052 0,0011
attempt 0,8440 0,0006
dmy 0,0000 0,0000
navigation 0,0000 0,0000
balance 1,7148 0,0004
lock 0,0101 0,0000
text 0,0000 0,0000
usually 0,4780 0,0001
mishra 3,5066 0,0008
letters 2,9957 0,0007
turkmenistan 4,6052 0,0011
ppvisitednode 0,0000 0,0000
cookie 0,0000 0,0000
researchers 3,9120 0,0009
dns 2,0402 0,0005
electrical 1,4271 0,0003
sense 1,3093 0,0003
bito 3,9120 0,0009
classification 1,5606 0,0004
warner 3,2189 0,0007
bitcoins 3,2189 0,0007
kraken 4,6052 0,0011
field 0,7550 0,0002
contents 0,0000 0,0000
legitimate 2,6593 0,0006
safemoon 3,2189 0,0007
dog 2,9957 0,0007
evaluate 1,3093 0,0003
scrypt 3,2189 0,0007
doj 3,9120 0,0009
exahash 4,6052 0,0011
doi 0,4155 0,0001
status 0,0000 0,0000
trading 2,1203 0,0005
satoshi 3,5066 0,0008
ellie 4,6052 0,0011
dot 0,8210 0,0004
skin 0,0000 0,0000
baldwin 4,6052 0,0011
government 1,2379 0,0006
cult 3,9120 0,0009
joshua 1,8326 0,0004
legally 2,6593 0,0006
stream 1,0788 0,0003
thaler 4,6052 0,0011
crime 2,2073 0,0010
stand 1,1712 0,0003
may 0,0000 0,0000
max 0,0513 0,0000
forward 1,2730 0,0003
quebec 3,9120 0,0009
url 0,0000 0,0000
singapore 2,5257 0,0006
gpus 2,8134 0,0007
yukinobu 4,6052 0,0011
usa 1,6094 0,0004
mail 2,2073 0,0005
niger 4,6052 0,0011
subject 1,1087 0,0005
use 0,0000 0,0000
usd 2,9957 0,0007
edward 2,5257 0,0006
bain 3,9120 0,0009
main 0,0000 0,0000
wright 2,0402 0,0005
rollups 4,6052 0,0011
arrangement 3,2189 0,0007
revenue 1,8971 0,0004
cuny 4,6052 0,0011
monopoly 3,2189 0,0007
ust 4,6052 0,0011
fungible 3,9120 0,0009
logo 0,0000 0,0000
bovaird 4,6052 0,0011
credit 1,6094 0,0004
intensive 2,2073 0,0005
alter 1,5141 0,0004
combine 0,7340 0,0002
crowdfund 3,5066 0,0008
waste 2,4079 0,0006
tribune 4,6052 0,0011
utc 0,0000 0,0000
equipment 1,6094 0,0004
establishment 2,3026 0,0005
pressure 2,4079 0,0006
originate 1,6094 0,0004
null 0,0000 0,0000
background 0,0101 0,0000
dispose 3,9120 0,0009
watchtoken 0,0000 0,0000
salvador 3,5066 0,0008
conceive 2,5257 0,0006
cardano 3,2189 0,0007
repeat 0,0101 0,0000
physical 1,0217 0,0002
make 0,1165 0,0001
mania 2,9957 0,0007
sarlin 4,6052 0,0011
cryptojacking 3,2189 0,0007
hkma 4,6052 0,0011
barley 4,6052 0,0011
dub 3,5066 0,0008
stake 2,4079 0,0017
due 0,5108 0,0001
circulation 3,9120 0,0009
threat 1,7148 0,0008
doshi 4,6052 0,0011
properties 2,5257 0,0006
inform 1,6607 0,0004
depend 0,7340 0,0005
sized 2,8134 0,0007
commit 1,2730 0,0006
empirical 1,7148 0,0004
danger 2,3026 0,0005
nuri 3,5066 0,0008
crash 1,6094 0,0011
bank 1,9661 0,0009
character 1,1394 0,0003
scurry 4,6052 0,0011
recursion 0,0513 0,0000
height 0,0101 0,0000
resident 2,5257 0,0006
mali 4,6052 0,0011
august 0,0000 0,0000
module 0,0000 0,0000
namecoin 3,2189 0,0007
wikibase 0,0619 0,0000
invent 1,7720 0,0004
hijacking 2,9957 0,0007
benefit 0,9416 0,0002
flood 4,6052 0,0011
datemodify 0,0619 0,0000
illicit 3,2189 0,0007
miller 1,7720 0,0004
highest 4,6052 0,0011
unique 1,2379 0,0003
animal 3,5066 0,0008
boost 1,9661 0,0005
hrvatski 0,7550 0,0002
roundup 2,9957 0,0007
shiller 3,9120 0,0009
prolific 4,6052 0,0011
shared 2,0402 0,0005
notheme 0,3711 0,0001
seizure 3,2189 0,0007
arner 4,6052 0,0011
association 1,0498 0,0002
scam 2,8134 0,0013
eliminate 1,1712 0,0003
industry 0,7550 0,0002
believe 1,8326 0,0004
long 0,4005 0,0002
landfill 3,2189 0,0007
into 0,1985 0,0000
evans 2,5257 0,0006
min 0,1165 0,0000
greece 2,8134 0,0007
benign 3,5066 0,0008
identifiable 3,2189 0,0007
mit 1,2040 0,0003
mix 1,2379 0,0003
destruction 2,4079 0,0006
dougherty 4,6052 0,0011
dirty 2,9957 0,0007
overpaying 4,6052 0,0011
middle 0,7765 0,0002
though 0,8440 0,0002
mann 2,8134 0,0007
blacklist 3,9120 0,0009
many 0,2357 0,0001
lasse 4,6052 0,0011
releases 1,7720 0,0004
extensive 1,5141 0,0004
stab 3,9120 0,0009
pernice 4,6052 0,0011
vigna 3,2189 0,0007
legitimize 4,6052 0,0011
open 0,1625 0,0000
seller 3,2189 0,0015
ukrainian 2,8134 0,0007
agent 1,3863 0,0003
treat 1,3863 0,0003
hysterics 4,6052 0,0011
tbody 0,6931 0,0002
invest 1,7720 0,0012
project 0,0000 0,0000
seven 1,8326 0,0004
enhancement 0,0101 0,0000
barr 3,2189 0,0007
heckman 3,9120 0,0009
loom 2,8134 0,0007
techcrunch 1,3093 0,0003
abound 4,6052 0,0011
look 0,7765 0,0004
modification 1,4271 0,0003
grounds 3,9120 0,0009
korea 2,1203 0,0005
polkadot 3,2189 0,0007
nicola 2,9957 0,0007
regulator 2,9957 0,0014
maldives 4,6052 0,0011
internet 0,5447 0,0001
allow 0,1863 0,0002
wired 1,2040 0,0003
defer 2,2073 0,0005
jpmorgan 3,5066 0,0008
unlicensed 3,5066 0,0008
revoke 2,5257 0,0006
auction 3,9120 0,0009
common 0,3711 0,0001
cimpanu 2,8134 0,0007
interest 0,9943 0,0002
themselves 1,1394 0,0003
bitwise 3,9120 0,0009
placeholder 0,0000 0,0000
ciphertext 3,9120 0,0009
untraceable 3,9120 0,0009
apply 0,0000 0,0000
recently 1,5141 0,0004
informatics 2,6593 0,0006
esma 4,6052 0,0011
bart 2,9957 0,0007
money 1,6094 0,0004
marc 2,3026 0,0005
matsumoto 2,9957 0,0007
avalanche 3,2189 0,0007
step 0,7765 0,0004
mark 0,6733 0,0003
base 0,0305 0,0000
profitability 3,2189 0,0007
trend 1,7148 0,0012
quachtli 4,6052 0,0011
whole 1,2040 0,0003
relation 1,6094 0,0004
monia 4,6052 0,0011
finma 4,6052 0,0011
loss 1,5141 0,0007
reliable 0,7765 0,0002
incentive 2,0402 0,0009
relate 0,0000 0,0000
auckland 3,9120 0,0009
lost 4,6052 0,0011
cryptosystem 2,9957 0,0007
reflist 0,0101 0,0000
unconstitutional 4,6052 0,0011
still 0,5447 0,0001
var 0,0000 0,0000
work 0,2231 0,0002
lose 1,3093 0,0012
fridgen 4,6052 0,0011
legitimacy 3,9120 0,0009
nasdaq 3,9120 0,0009
unceremoniously 4,6052 0,0011
among 0,5276 0,0001
nedersaksies 2,9957 0,0007
masons 4,6052 0,0011
srpski 0,3711 0,0001
registration 0,0101 0,0000
word 0,0101 0,0000
theory 0,9416 0,0002
extension 0,6349 0,0001
internal 0,8210 0,0002
algeria 3,9120 0,0009
robocoin 4,6052 0,0011
signature 1,8971 0,0009
cameroon 4,6052 0,0011
enjoy 3,2189 0,0015
foundation 0,0000 0,0000
preset 4,6052 0,0011
secret 1,6607 0,0004
staking 4,6052 0,0011
across 0,5798 0,0001
identity 1,2379 0,0006
federal 1,7148 0,0004
verify 1,5141 0,0007
academy 1,8971 0,0004
reward 2,5257 0,0012
include 0,0000 0,0000
facebook 1,3863 0,0003
gathering 3,2189 0,0007
opinion 1,8971 0,0004
altogether 2,8134 0,0007
alexander 1,5606 0,0004
regulations 3,2189 0,0007
indian 2,2073 0,0005
algorand 3,2189 0,0007
cryptovirology 3,5066 0,0008
ecb 4,6052 0,0011
existence 1,9661 0,0005
float 0,0101 0,0000
transclusion 0,0619 0,0000
eco 4,6052 0,0011
temporally 4,6052 0,0011
phares 4,6052 0,0011
powering 4,6052 0,0011
evade 3,9120 0,0009
html 0,4463 0,0001
ver 3,5066 0,0008
libertarian 3,2189 0,0015
mining 1,9661 0,0005
isizulu 2,0402 0,0005
paranoid 3,5066 0,0008
revision 0,0000 0,0000
yingzhi 4,6052 0,0011
provision 2,0402 0,0005
unreliable 2,2073 0,0005
voorhees 3,5066 0,0008
katsikouli 4,6052 0,0011
scmp 4,6052 0,0011
digicash 4,6052 0,0011
winter 3,2189 0,0007
rlstate 0,0000 0,0000
herskind 4,6052 0,0011
platform 0,0000 0,0000
zazaki 2,2073 0,0005
spend 1,3863 0,0010
craig 2,0402 0,0005
austrian 3,9120 0,0009
hajric 3,9120 0,0009
ashley 3,5066 0,0008
stephen 1,5141 0,0004
recht 4,6052 0,0011
instead 0,4463 0,0001
controversy 1,7720 0,0004
jack 2,3026 0,0005
stolen 4,6052 0,0011
variable 0,9676 0,0002
landscape 2,2073 0,0005
providers 3,9120 0,0009
avivah 4,6052 0,0011
canaan 3,5066 0,0008
optimal 1,9661 0,0005
saved 0,0619 0,0000
year 0,2614 0,0001
todd 2,8134 0,0007
via 0,3011 0,0001
counsellor 4,6052 0,0011
barcelona 3,5066 0,0008
understanding 1,4271 0,0003
because 0,0000 0,0000
near 1,2730 0,0003
springer 0,9676 0,0002
wences 3,5066 0,0008
agreement 1,3093 0,0003
upgrade 1,5141 0,0004
behaving 4,6052 0,0011
merchant 3,5066 0,0008
vietnam 3,2189 0,0007
google 0,4005 0,0001
economy 2,1203 0,0005
community 0,0000 0,0000
version 0,0000 0,0000
cocoa 3,5066 0,0008
intermittency 4,6052 0,0011
saeed 3,9120 0,0009
stop 1,1394 0,0005
boris 4,6052 0,0011
eesti 0,3285 0,0001
livni 4,6052 0,0011
science 0,5447 0,0001
detail 0,7133 0,0002
beware 3,9120 0,0009
eid 3,9120 0,0009
financier 4,6052 0,0011
alois 4,6052 0,0011
least 0,9676 0,0002
zcash 3,2189 0,0007
immediately 1,5141 0,0004
measurement 2,3026 0,0005
colloquially 3,9120 0,0009
refuse 2,3026 0,0016
prohibition 3,5066 0,0008
browne 2,9957 0,0007
wikipedia 0,0000 0,0000
afrikaans 0,9416 0,0002
minimize 1,4697 0,0003
electrum 4,6052 0,0011
website 0,3711 0,0002
learn 0,0000 0,0000
unlimited 2,3026 0,0005
balina 4,6052 0,0011
characterize 1,9661 0,0005
legality 3,5066 0,0008
severe 2,5257 0,0006
emerge 1,2730 0,0009
exemplify 3,2189 0,0007
exploit 1,6607 0,0004
jeremy 2,2073 0,0005
saarclaw 4,6052 0,0011
cypherpunk 4,6052 0,0011
notes 0,9943 0,0002
evidence 1,7720 0,0004
republic 0,8916 0,0002
historical 1,9661 0,0005
official 0,6162 0,0003
pinto 4,6052 0,0011
stun 4,6052 0,0011
assessment 1,7148 0,0004
samson 4,6052 0,0011
togo 4,6052 0,0011
leave 0,0101 0,0000
unauthorise 4,6052 0,0011
shrem 3,5066 0,0008
minister 2,9957 0,0007
abdullah 2,9957 0,0007
need 0,1393 0,0001
often 0,2877 0,0001
jail 3,5066 0,0008
elt 0,6931 0,0002
volume 1,1712 0,0005
onecoin 3,2189 0,0007
beneficiary 3,9120 0,0018
canada 1,6607 0,0004
skyrocket 3,9120 0,0009
guideline 1,3471 0,0003
http 0,0000 0,0000
decimal 0,0101 0,0000
sanctions 3,9120 0,0009
useful 0,9943 0,0002
zetzsche 4,6052 0,0011
bitinfocharts 4,6052 0,0011
tolaymat 4,6052 0,0011
private 0,8210 0,0002
technical 0,6349 0,0001
emt 4,6052 0,0021
fbloc 4,6052 0,0011
gates 2,8134 0,0007
stretch 3,5066 0,0008
vol 1,1712 0,0003
von 2,4079 0,0006
engine 0,4780 0,0002
responsible 1,2040 0,0003
intervasp 4,6052 0,0011
end 0,3011 0,0002
forty 3,9120 0,0009
capitalist 2,8134 0,0007
cipher 2,8134 0,0007
wgdigittransformtable 0,0000 0,0000
howey 4,6052 0,0011
rich 1,3093 0,0003
shafi 3,5066 0,0008
rice 2,9957 0,0007
forum 1,3863 0,0003
special 0,0000 0,0000
environment 0,4308 0,0001
supervised 3,5066 0,0008
paolo 2,8134 0,0007
pronounce 2,5257 0,0006
family 1,0217 0,0002
vanessa 3,9120 0,0009
atmosphere 3,9120 0,0009
rife 4,6052 0,0011
release 0,2744 0,0001
lieux 4,6052 0,0011
investors 3,5066 0,0008
gradually 2,1203 0,0005
banknote 4,6052 0,0011
brethren 4,6052 0,0011
lingo 3,9120 0,0009
judge 2,5257 0,0006
proceedings 0,7550 0,0002
manipulate 1,4271 0,0003
similar 0,4780 0,0001
litecoin 3,2189 0,0007
shape 1,9661 0,0005
programmer 0,9416 0,0002
evelyn 2,8134 0,0007
weathered 4,6052 0,0011
nbc 3,2189 0,0007
driver 1,3471 0,0003
flawed 2,9957 0,0007
cryptographically 2,9957 0,0007
hammurabi 3,9120 0,0009
against 0,6931 0,0002
cell 0,4308 0,0001
andes 4,6052 0,0011
valid 1,4271 0,0003
encourage 1,5141 0,0007
erc 3,2189 0,0007
share 0,4620 0,0004
deployment 0,7985 0,0002
chairman 2,4079 0,0006
rishi 4,6052 0,0011
sharp 2,6593 0,0006
patman 4,6052 0,0011
kilowatt 3,9120 0,0009
shekel 4,6052 0,0011
cent 4,6052 0,0021
screen 0,0101 0,0000
autonomous 2,1203 0,0005
greenpeace 3,9120 0,0009
volatility 3,2189 0,0007
trial 2,4079 0,0006
pages 0,0000 0,0000
optimize 1,0217 0,0002
etf 3,9120 0,0009
neo 2,6593 0,0006
bureau 2,4079 0,0006
net 0,9416 0,0002
galston 4,6052 0,0011
newpp 0,0619 0,0000
etp 4,6052 0,0011
merriam 3,2189 0,0007
new 0,0000 0,0000
below 0,7550 0,0002
estate 2,8134 0,0007
solarcoin 4,6052 0,0011
tool 0,0000 0,0000
imbert 4,6052 0,0011
svenska 0,3857 0,0001
joseph 1,5141 0,0004
shitcoin 4,6052 0,0011
nft 3,2189 0,0015
finney 3,5066 0,0008
eun 4,6052 0,0011
cnbc 2,1203 0,0005
mandate 2,1203 0,0010
financial 1,4697 0,0003
wgpagecontentlanguage 0,0000 0,0000
media 0,2485 0,0001
around 0,6931 0,0002
pollute 3,9120 0,0009
islam 3,9120 0,0009
promissory 4,6052 0,0011
shams 3,2189 0,0007
define 0,2744 0,0001
douglas 1,7148 0,0004
render 0,0513 0,0000
interlingua 1,3093 0,0003
frontier 1,9661 0,0005
haven 3,9120 0,0018
interlingue 3,2189 0,0007
egypt 3,2189 0,0007
shane 3,2189 0,0007
buffalo 4,6052 0,0011
ecdsa 3,2189 0,0007
quartz 2,5257 0,0006
requirement 0,5798 0,0001
korean 2,8134 0,0007
specific 0,2877 0,0001
engage 2,2073 0,0005
martin 1,0788 0,0003
coindesk 3,5066 0,0008
strategy 0,7340 0,0002
risky 3,2189 0,0007
territory 3,5066 0,0008
maintain 0,3567 0,0002
preprocessor 0,0513 0,0000
shift 1,4697 0,0003
echo 2,2073 0,0005
mbox 0,7133 0,0002
professional 0,9416 0,0002
securities 2,9957 0,0007
nguyen 3,2189 0,0007
differently 2,4079 0,0006
zealand 2,9957 0,0007
dance 3,2189 0,0007
dissuade 4,6052 0,0011
fully 0,8210 0,0002
cache 0,0305 0,0000
iota 3,2189 0,0007
suomi 0,2107 0,0000
enwikimwclientpreference 0,0000 0,0000
rlpagemodules 0,0000 0,0000
gomes 4,6052 0,0011
antonopoulos 3,5066 0,0008
dictionary 1,2040 0,0003
mystery 3,5066 0,0008
steganography 3,9120 0,0009
deposit 3,9120 0,0009
samea 0,0000 0,0000
fluctuation 3,5066 0,0016
bitzlato 4,6052 0,0011
complexity 0,9163 0,0002
another 0,3567 0,0001
pagevariantfallback 0,0000 0,0000
guarantee 1,3093 0,0003
recommend 1,4697 0,0010
azhar 3,9120 0,0009
webarchive 0,7985 0,0002
encryption 1,1712 0,0003
weibo 3,9120 0,0009
wgmonthname 0,0000 0,0000
msrp 4,6052 0,0011
advertisement 2,2073 0,0005
disabled 0,0000 0,0000
insane 3,9120 0,0009
attribute 0,7765 0,0002
mechanism 0,7550 0,0004
timestamp 0,0000 0,0000
sargent 3,9120 0,0009
triumph 4,6052 0,0011
bandwidth 2,3026 0,0005
black 1,5141 0,0004
riot 3,5066 0,0008
ingolf 4,6052 0,0011
supporter 2,9957 0,0007
consensus 2,3026 0,0005
such 0,0943 0,0000
classic 1,3093 0,0003
cnet 1,7720 0,0004
absolute 2,0402 0,0005
describe 0,2485 0,0002
fabian 3,2189 0,0007
technological 1,9661 0,0005
wealthy 3,9120 0,0009
administration 1,2730 0,0003
fanelli 4,6052 0,0011
microsoft 0,4005 0,0001
research 0,5621 0,0001
sciences 1,9661 0,0005
white 0,0305 0,0000
counterpart 2,6593 0,0006
thailand 3,2189 0,0007
greig 4,6052 0,0011
huge 1,8326 0,0004
hugh 2,9957 0,0007
yaish 4,6052 0,0011
attractive 3,5066 0,0008
imagine 2,9957 0,0007
suex 4,6052 0,0011
town 2,8134 0,0007
bloomberg 1,7148 0,0004
might 0,7340 0,0002
duplicate 1,8971 0,0009
engineering 0,3857 0,0001
decrease 2,1203 0,0020
glossary 1,7148 0,0004
lanka 3,5066 0,0008
houben 4,6052 0,0011
rallies 3,9120 0,0009
next 0,5798 0,0001
blind 2,4079 0,0011
color 0,0101 0,0000
submit 1,6094 0,0004
nearly 1,4697 0,0003
originator 3,2189 0,0015
non 2,3026 0,0005
summit 2,0402 0,0005
scalability 1,3093 0,0003
conclusion 2,4079 0,0006
nor 1,7720 0,0004
not 0,0101 0,0000
central 0,9416 0,0002
decentralization 3,2189 0,0007
impose 1,9661 0,0005
nov 2,3026 0,0005
now 0,4308 0,0001
statement 0,0000 0,0000
trademark 0,0101 0,0000
memorial 4,6052 0,0011
factor 1,1712 0,0005
greek 0,0101 0,0000
news 0,4620 0,0001
griffin 3,5066 0,0008
election 2,6593 0,0006
green 1,3863 0,0006
race 1,8971 0,0004
effectively 1,3093 0,0003
futures 2,9957 0,0007
way 0,2485 0,0001
bourse 4,6052 0,0011
what 0,0000 0,0000
bolivia 4,6052 0,0011
detailed 1,6094 0,0004
npv 4,6052 0,0011
refer 0,4155 0,0001
stellar 3,2189 0,0007
african 2,9957 0,0007
israel 0,7550 0,0002
risk 0,8916 0,0004
window 1,5606 0,0004
rise 1,2379 0,0006
mayer 3,5066 0,0008
container 0,0000 0,0000
play 1,1712 0,0003
prashanth 3,9120 0,0009
peters 3,2189 0,0007
quickly 1,1087 0,0003
fad 3,2189 0,0007
charles 1,2730 0,0003
issues 2,5257 0,0006
nearby 0,0000 0,0000
when 0,0834 0,0000
issuer 4,6052 0,0011
far 1,2730 0,0003
faq 1,6094 0,0004
embed 0,9163 0,0002
plan 0,7985 0,0002
give 0,4780 0,0002
wgmediavieweronclick 0,0000 0,0000
double 1,0498 0,0005
probability 1,8971 0,0004
wgulsposition 0,0000 0,0000
suicide 3,9120 0,0018
gensler 3,9120 0,0009
melayu 0,6349 0,0001
clifford 2,9957 0,0007
wgbreakframe 0,0000 0,0000
utilize 1,7148 0,0008
italiano 0,1278 0,0000
completely 1,4271 0,0003
suit 1,9661 0,0005
implicit 2,0402 0,0005
explicitly 1,2040 0,0003
study 0,9416 0,0007
fca 4,6052 0,0011
sumeet 4,6052 0,0011
commons 0,0000 0,0000
gain 0,8916 0,0006
arabia 2,9957 0,0007
friedrich 3,2189 0,0007
huma 3,9120 0,0009
julie 2,6593 0,0006
confuse 1,2040 0,0003
modern 0,7340 0,0002
web 0,1165 0,0000
sentenced 4,6052 0,0011
financing 3,2189 0,0007
arvind 2,6593 0,0006
wei 2,5257 0,0006
jacqui 3,2189 0,0007
nvidia 2,6593 0,0006
explore 1,9661 0,0005
niccolai 3,2189 0,0007
electricity 2,8134 0,0007
climate 2,4079 0,0006
continuously 1,8326 0,0004
great 0,8675 0,0006
sidel 4,6052 0,0011
criticize 1,5141 0,0007
grid 1,4697 0,0003
organization 0,0000 0,0000
width 0,0000 0,0000
finalize 2,6593 0,0006
certain 0,6162 0,0001
board 1,0217 0,0005
economic 1,6607 0,0004
charlie 2,6593 0,0006
statistics 0,0000 0,0000
monkey 3,5066 0,0008
arrest 3,2189 0,0007
heist 3,9120 0,0009
tesla 2,6593 0,0006
fee 2,2073 0,0010
baidu 2,4079 0,0006
coles 4,6052 0,0011
tetrina 4,6052 0,0011
darknet 4,6052 0,0011
section 0,7340 0,0002
used 2,3026 0,0005
retirement 3,5066 0,0008
centralized 1,9661 0,0005
protocol 0,5621 0,0003
overflow 0,3567 0,0001
whale 2,5257 0,0006
usdt 4,6052 0,0011
few 0,7133 0,0003
rhetoric 3,5066 0,0008
crackdown 3,9120 0,0009
otherwise 1,3863 0,0003
strain 4,6052 0,0011
visible 0,0101 0,0000
aymar 4,6052 0,0011
narayanan 2,9957 0,0007
plea 4,6052 0,0011
taskforce 4,6052 0,0011
igor 3,9120 0,0009
market 0,9943 0,0007
keen 3,9120 0,0009
shill 3,9120 0,0009
outside 1,1087 0,0003
effect 0,8440 0,0004
keep 0,6733 0,0006
topic 0,0000 0,0000
perceive 2,8134 0,0007
option 0,9416 0,0004
who 0,5621 0,0001
rabiul 4,6052 0,0011
cybercrime 2,9957 0,0007
politics 2,3026 0,0005
diem 3,2189 0,0007
game 0,7765 0,0002
globally 1,9661 0,0005
imprisonment 4,6052 0,0011
unveil 2,3026 0,0005
contribute 0,0000 0,0000
launder 4,6052 0,0032
generator 1,7148 0,0004
why 0,6539 0,0002
alone 1,7148 0,0004
donor 3,5066 0,0008
david 0,5798 0,0001
lawyer 3,2189 0,0015
breach 1,6094 0,0004
hashgraph 3,2189 0,0007
iceland 4,6052 0,0011
drafts 4,6052 0,0011
designer 1,2730 0,0003
nxt 3,2189 0,0007
diminish 3,2189 0,0007
flitt 4,6052 0,0011
various 0,3857 0,0001
attention 1,7148 0,0004
visit 0,0408 0,0000
user 0,0000 0,0000
extent 1,7720 0,0004
revue 4,6052 0,0011
bring 0,9676 0,0004
tooltip 0,8675 0,0002
emirates 3,5066 0,0008
equity 2,5257 0,0006
hausa 1,8971 0,0004
intermediary 2,3026 0,0011
typenzwang 4,6052 0,0011
giant 2,1203 0,0005
addition 0,6733 0,0002
hamas 4,6052 0,0011
ad 2,8134 0,0007
gang 2,5257 0,0006
grow 0,8675 0,0004
sure 2,1203 0,0005
former 1,3093 0,0003
saudi 2,9957 0,0007
panic 2,8134 0,0007
extend 0,6162 0,0003
ar 1,5141 0,0004
steven 1,4697 0,0003
upstate 4,6052 0,0011
imageobject 0,0000 0,0000
ax 4,6052 0,0011
ukraine 2,8134 0,0007
consideration 1,5606 0,0004
simultaneously 1,6094 0,0004
hurt 2,9957 0,0007
frank 1,4271 0,0003
superconductivity 4,6052 0,0011
be 0,1508 0,0001
prove 1,3093 0,0012
bourses 4,6052 0,0011
pseudonymous 3,5066 0,0008
melissa 4,6052 0,0011
consequently 2,1203 0,0005
expansiondepth 0,0000 0,0000
customize 1,5141 0,0004
communications 1,2040 0,0003
search 0,0000 0,0000
spacing 0,0619 0,0000
laundering 3,5066 0,0008
systems 0,4780 0,0001
fool 2,5257 0,0006
wgrelevantpagename 0,0000 0,0000
popularity 1,3093 0,0003
arxiv 1,3471 0,0003
innovation 1,2379 0,0006
charge 1,6094 0,0007
shqip 0,6931 0,0002
fraudulently 4,6052 0,0011
actor 2,5257 0,0006
plunge 4,6052 0,0011
wgaction 0,0000 0,0000
freely 1,8326 0,0004
interview 1,5606 0,0004
decryption 3,5066 0,0008
byzantine 3,5066 0,0008
font 0,0000 0,0000
carlos 2,5257 0,0006
terra 3,2189 0,0007
rizun 3,9120 0,0009
haunt 4,6052 0,0011
language 0,0000 0,0000
do 0,1625 0,0001
ford 2,3026 0,0005
graphics 1,6607 0,0004
gary 2,3026 0,0005
kent 2,2073 0,0005
japanese 2,0402 0,0005
criticise 3,9120 0,0009
startup 1,2040 0,0006
warning 1,8326 0,0009
exclude 2,3026 0,0011
bannon 4,6052 0,0011
criticism 1,1394 0,0005
image 0,0202 0,0000
coinage 3,9120 0,0009
quorum 3,5066 0,0008
fractional 3,9120 0,0009
motherboard 2,6593 0,0006
tumbler 3,2189 0,0007
profound 2,6593 0,0006
wiley 1,1712 0,0003
never 1,1712 0,0003
destabilising 4,6052 0,0011
htlcs 4,6052 0,0011
origin 0,0000 0,0000
corinne 3,9120 0,0009
shalini 4,6052 0,0011
antic 4,6052 0,0011
cajee 4,6052 0,0011
india 1,4271 0,0003
content 0,0000 0,0000
ethash 3,2189 0,0007
random 0,0000 0,0000
burkina 4,6052 0,0011
perhaps 2,2073 0,0005
alert 1,8326 0,0004
rate 1,2730 0,0003
sanction 2,4079 0,0011
json 1,2379 0,0003
trouble 2,9957 0,0007
class 0,0000 0,0000
emissions 4,6052 0,0011
gehomepagesuggestededitsenabletopic 0,0000 0,0000
reporting 2,1203 0,0005
digital 0,6162 0,0001
stablecoins 3,2189 0,0007
walters 4,6052 0,0011
go 0,9943 0,0005
specification 0,7133 0,0003
mengqi 4,6052 0,0011
counter 0,0408 0,0000
fork 1,1394 0,0008
form 0,3011 0,0001
management 0,2231 0,0001
publish 0,4463 0,0001
he 0,6733 0,0003
significantly 1,5141 0,0004
promotion 2,8134 0,0007
withdraw 2,6593 0,0006
very 0,5978 0,0001
practice 0,6349 0,0003
congress 2,3026 0,0005
canadian 2,2073 0,0005
welfare 3,5066 0,0008
legislative 3,2189 0,0007
wsj 3,9120 0,0009
intricate 3,9120 0,0009
william 1,7148 0,0004
four 0,9676 0,0002
contemplate 4,6052 0,0011
unaware 3,9120 0,0009
portal 0,0000 0,0000
augur 3,2189 0,0007
french 2,3026 0,0005
likely 1,3471 0,0003
issue 0,3425 0,0002
kern 0,0101 0,0000
metal 2,4079 0,0006
index 1,0498 0,0002
fry 4,6052 0,0011
zerocash 4,6052 0,0011
announce 0,6733 0,0003
odd 0,0943 0,0000
deaton 4,6052 0,0011
traditional 0,7985 0,0002
alteration 3,2189 0,0007
evasion 3,9120 0,0009
become 0,2877 0,0003
accrue 3,9120 0,0009
enwiki 0,0619 0,0000
eventually 1,1394 0,0003
subscription 0,0101 0,0000
inflation 3,2189 0,0007
disposal 3,2189 0,0007
weinglass 4,6052 0,0011
settlement 2,4079 0,0006
dirk 3,5066 0,0008
literature 1,9661 0,0005
library 0,3857 0,0001
slump 3,9120 0,0018
peril 4,6052 0,0011
ability 0,7340 0,0002
barbara 2,8134 0,0007
belief 2,4079 0,0006
gigawatt 3,9120 0,0009
halve 3,5066 0,0016
katia 3,9120 0,0009
verduyn 4,6052 0,0011
nobel 3,9120 0,0009
ftx 4,6052 0,0011
katie 2,5257 0,0006
clearing 3,9120 0,0009
off 0,8916 0,0002
generally 0,5447 0,0001
nathaniel 2,6593 0,0006
jurisdiciton 4,6052 0,0011
shiba 3,2189 0,0007
stabilize 3,2189 0,0007
complete 0,4780 0,0003
transaction 1,0217 0,0005
domination 3,9120 0,0009
certify 2,2073 0,0005
vasps 4,6052 0,0011
political 2,3026 0,0005
bibcode 1,6094 0,0004
icdcs 3,9120 0,0009
wgcanonicalspecialpagename 0,0000 0,0000
while 0,2614 0,0001
second 0,0408 0,0000
that 0,5108 0,0001
morgan 1,7720 0,0004
sufficient 1,7148 0,0004
than 0,2357 0,0001
limit 0,0000 0,0000
claim 0,9676 0,0004
widespread 1,3093 0,0003
seattle 2,4079 0,0006
brian 1,2730 0,0003
communication 0,6162 0,0001
tolerance 2,1203 0,0005
tanzania 4,6052 0,0011
bitmain 3,5066 0,0008
turmoil 3,9120 0,0009
author 0,0000 0,0000
cryptomarket 4,6052 0,0011
greenhouse 3,2189 0,0007
plus 1,6607 0,0004
expansion 0,0619 0,0000
daniel 1,2040 0,0003
entry 0,8210 0,0002
license 0,0000 0,0000
expand 0,0101 0,0000
coal 3,5066 0,0008
retrieve 0,0000 0,0000
survey 0,9416 0,0002
datum 0,0408 0,0000
heat 2,4079 0,0006
code 0,0000 0,0000
student 1,4271 0,0003
inexpensive 2,6593 0,0006
nenad 4,6052 0,0011
ideology 3,2189 0,0007
investigate 1,9661 0,0009
storage 0,3711 0,0001
head 0,7765 0,0002
investigator 3,9120 0,0009
oil 3,2189 0,0007
cnnmoney 3,2189 0,0007
deutsch 0,0943 0,0000
reserve 2,4079 0,0006
fight 2,4079 0,0006
determine 0,7985 0,0004
cousin 4,6052 0,0011
dogecoin 3,2189 0,0007
getallexpandedargument 2,6593 0,0006
zach 3,5066 0,0008
dominican 4,6052 0,0011
kodakcoin 3,2189 0,0007
architectures 1,4697 0,0003
increasingly 1,4271 0,0003
nation 2,5257 0,0006
geoff 2,9957 0,0007
luasandbox 1,4271 0,0003
interpol 4,6052 0,0011
morgen 3,9120 0,0009
emission 3,2189 0,0007
extremely 1,7720 0,0004
engines 1,3471 0,0003
estimate 1,3863 0,0006
expiry 0,0619 0,0000
minerva 0,0101 0,0000
brand 0,0000 0,0000
recent 0,0000 0,0000
they 0,0619 0,0000
forks 2,8134 0,0007
proposal 1,6094 0,0004
edit 0,0000 0,0000
old 0,8675 0,0004
ossinger 3,9120 0,0009
skyscraper 4,6052 0,0011
decentralized 2,3026 0,0005
then 0,3567 0,0001
cody 3,2189 0,0007
hedging 4,6052 0,0011
node 0,0305 0,0000
adopt 0,9163 0,0004
attorney 3,9120 0,0009
wander 4,6052 0,0011
twelve 2,9957 0,0007
fetishism 4,6052 0,0011
bridge 1,8971 0,0004
clarke 3,2189 0,0007
cftc 3,9120 0,0009
conference 0,3425 0,0002
activity 0,9943 0,0005
seed 2,2073 0,0005
seek 1,4697 0,0010
incentivize 3,9120 0,0009
nynorsk 1,2379 0,0003
george 1,6607 0,0004
samuel 2,4079 0,0006
thompson 1,8326 0,0004
vector 0,0000 0,0000
magnate 4,6052 0,0011
randomx 3,2189 0,0007
mahmud 3,9120 0,0009
cachereport 0,0000 0,0000
hertig 3,9120 0,0009
necessary 0,8440 0,0002
one 0,0943 0,0000
ong 3,9120 0,0009
speculate 3,5066 0,0008
bosanski 0,8916 0,0002
single 0,3147 0,0001
entityaccesscount 0,0000 0,0000
bankman 4,6052 0,0011
schaub 3,5066 0,0008
buying 3,9120 0,0009
dealer 3,5066 0,0016
country 1,3863 0,0006
joint 1,7148 0,0004
separate 0,6162 0,0001
reasonable 2,1203 0,0005
willing 2,9957 0,0007
rules 3,5066 0,0008
regularly 1,9661 0,0005
ambiguity 2,4079 0,0006
arbitrage 4,6052 0,0011
soomaaliga 2,4079 0,0006
yahoo 2,5257 0,0006
cashbank 4,6052 0,0011
ensure 0,7985 0,0004
griffith 3,2189 0,0007
robby 4,6052 0,0011
this 0,1278 0,0000
anarchy 3,2189 0,0007
norsk 0,3285 0,0001
suppose 3,2189 0,0007
memusage 0,0000 0,0000
anarcho 4,6052 0,0011
blockchain 2,0402 0,0009
failure 1,1087 0,0003
laurie 3,9120 0,0009
solve 0,9416 0,0004
know 0,2231 0,0001
region 2,0402 0,0009
baraniuk 4,6052 0,0011
support 0,1393 0,0001
coin 1,6094 0,0007
unattainable 4,6052 0,0011
coll 4,6052 0,0011
populism 4,6052 0,0011
polski 0,1165 0,0000
privacy 0,0000 0,0000
cold 2,8134 0,0007
tyne 4,6052 0,0011
vertical 0,7985 0,0002
life 0,9416 0,0002
honey 3,5066 0,0008
gap 1,2040 0,0006
gas 2,5257 0,0006
unregistered 3,2189 0,0007
gaw 4,6052 0,0011
dana 2,6593 0,0006
pittsburgh 3,5066 0,0008
previous 1,1712 0,0003
wide 0,6539 0,0002
regime 3,5066 0,0008
argue 1,4271 0,0007
steadman 4,6052 0,0011
forex 3,9120 0,0009
directive 1,8971 0,0004
jihan 3,5066 0,0008
wgarticleid 0,0000 0,0000
pagelanguagedir 0,0000 0,0000
compensation 2,6593 0,0006
location 0,9943 0,0002
walon 2,6593 0,0006
bankrupt 4,6052 0,0011
ecosystem 1,2040 0,0003
software 0,0000 0,0000
competition 1,9661 0,0005
none 0,0101 0,0000
type 0,0000 0,0000
april 0,0000 0,0000
beyond 1,0217 0,0002
feuer 3,5066 0,0008
problem 0,3285 0,0002
fpga 2,6593 0,0006
ontario 3,5066 0,0008
proof 1,7148 0,0008
presence 1,3471 0,0003
researcher 1,3093 0,0006
method 0,3147 0,0001
contract 1,4271 0,0007
conclude 2,4079 0,0011
come 0,4155 0,0003
push 0,0000 0,0000
venmo 4,6052 0,0011
exist 0,4155 0,0003
insight 1,6607 0,0004
lift 2,5257 0,0006
nationwide 3,2189 0,0007
force 1,0217 0,0009
ecuador 4,6052 0,0011
litebit 4,6052 0,0011
bastian 3,9120 0,0009
south 1,9661 0,0005
north 1,7148 0,0004
dalton 4,6052 0,0011
portalbox 1,3093 0,0003
claire 2,6593 0,0006
distribution 0,8916 0,0002
capacity 1,7148 0,0004
out 0,0000 0,0000
get 0,0000 0,0000
portalright 1,3093 0,0003
dark 0,0101 0,0000
copy 1,1712 0,0003
power 0,6733 0,0003
ephrat 4,6052 0,0011
khalili 4,6052 0,0011
precious 3,5066 0,0008
cook 2,4079 0,0006
cool 3,5066 0,0008
sell 1,3471 0,0009
ciolli 3,9120 0,0009
help 0,0000 0,0000
depth 0,0000 0,0000
additionally 1,0498 0,0002
ended 3,5066 0,0008
asset 2,0402 0,0009
owe 3,5066 0,0008
gabon 4,6052 0,0011
emem 4,6052 0,0011
sharealike 0,0000 0,0000
date 0,3011 0,0002
data 0,0000 0,0000
theoretical 1,6094 0,0004
onion 3,2189 0,0007
own 0,4780 0,0003
sound 1,3471 0,0003
blog 0,6349 0,0001
internationales 4,6052 0,0011
translate 1,3863 0,0003
drug 2,3026 0,0005
create 0,0000 0,0000
sinclair 4,6052 0,0011
seol 4,6052 0,0011
criminal 2,2073 0,0010
development 0,1278 0,0001
like 0,2231 0,0001
resource 0,4620 0,0001
core 0,5621 0,0001
draper 3,2189 0,0007
fraud 2,1203 0,0005
environmentally 3,9120 0,0009
ground 1,9661 0,0005
terraform 2,9957 0,0007
dash 2,6593 0,0006
transformative 3,5066 0,0008
elliptic 2,9957 0,0007
send 0,7550 0,0007
thereupon 4,6052 0,0011
here 0,0000 0,0000
note 0,4155 0,0002
dave 1,5141 0,0004
supremacist 4,6052 0,0021
sesotho 3,9120 0,0009
rennie 3,9120 0,0009
purpose 0,5108 0,0002
regret 4,6052 0,0021
line 0,0101 0,0000
penalty 2,8134 0,0007
sentencing 4,6052 0,0011
link 0,0000 0,0000
hern 2,9957 0,0007
scale 0,4943 0,0001
recovery 1,6607 0,0004
emily 3,2189 0,0007
brito 3,9120 0,0009
robin 1,7720 0,0004
security 0,3285 0,0002
contributor 0,0000 0,0000
station 1,9661 0,0005
affairs 2,8134 0,0007
ponzi 3,9120 0,0009
cost 0,6733 0,0003
will 0,2485 0,0001
follow 0,2744 0,0003
aventus 3,2189 0,0007
tyler 3,2189 0,0007
recursiveclone 1,6607 0,0004
cote 4,6052 0,0011
tuesday 3,5066 0,0008
scams 4,6052 0,0011
compliance 1,4271 0,0003
york 0,8440 0,0002
lily 3,5066 0,0008
challenge 0,6162 0,0001
wile 3,9120 0,0009
intend 0,6162 0,0001
allison 3,9120 0,0009
german 1,6607 0,0004
greenberg 2,6593 0,0006
belarus 3,9120 0,0009
numerous 1,3863 0,0003
wggelevelingupenabledforuser 0,0000 0,0000
without 0,2744 0,0001
collusion 4,6052 0,0011
nout 4,6052 0,0011
virgil 3,9120 0,0009
protected 3,2189 0,0007
calculate 2,0402 0,0005
authorize 1,8326 0,0004
prison 3,9120 0,0009
sister 1,6094 0,0004
thus 0,7550 0,0002
neutral 0,5447 0,0001
schoar 4,6052 0,0011
analysis 0,5108 0,0001
innovations 3,9120 0,0009
clausus 4,6052 0,0011
historically 2,0402 0,0005
xno 4,6052 0,0011
inefficient 2,4079 0,0006
wing 3,5066 0,0008
much 0,6931 0,0002
arab 2,5257 0,0006
wind 2,8134 0,0007
oxrep 4,6052 0,0011
chapter 1,1712 0,0003
commodity 2,4079 0,0011
hashcoin 4,6052 0,0011
independent 0,8440 0,0002
achieve 0,7985 0,0006
ahead 1,7148 0,0004
anybody 3,5066 0,0008
gsub 1,7148 0,0004
heather 3,9120 0,0009
congo 4,6052 0,0011
newcastle 3,9120 0,0009
listing 3,2189 0,0007
headline 0,0000 0,0000
huang 2,8134 0,0007
editorial 2,6593 0,0006
bitgreen 4,6052 0,0011
committee 1,6607 0,0004
namely 2,6593 0,0006
union 1,3093 0,0003
libertarianism 4,6052 0,0011
transientcontent 0,0000 0,0000
wipe 2,9957 0,0007
subtle 0,3285 0,0001
idhash 0,0619 0,0000
kwon 4,6052 0,0011
timeline 1,0788 0,0003
wrap 0,0101 0,0000
discuss 1,0217 0,0005
standard 0,2357 0,0001
oaktree 4,6052 0,0011
correct 1,2730 0,0003
traditionnelles 4,6052 0,0011
pinsent 4,6052 0,0011
bahrain 4,6052 0,0011
dubovitskaya 4,6052 0,0011
kerry 4,6052 0,0011
dominate 2,3026 0,0005
agence 4,6052 0,0011
compute 0,6733 0,0002
pseudorandom 3,5066 0,0008
gox 3,9120 0,0009
institution 2,0402 0,0009
andrea 2,0402 0,0009
exceed 1,7148 0,0004
fullversionlist 0,0000 0,0000
homero 4,6052 0,0011
chainlink 3,2189 0,0007
pax 2,9957 0,0007
european 1,3471 0,0003
bellany 3,9120 0,0009
cryptography 1,7148 0,0004
pay 1,1712 0,0005
andres 4,6052 0,0011
senegal 4,6052 0,0011
enormous 2,8134 0,0007
davies 2,6593 0,0006
list 0,0000 0,0000
campbell 2,9957 0,0007
gpu 2,8134 0,0007
andrew 1,0498 0,0002
governmental 2,8134 0,0007
lack 0,5447 0,0004
external 0,1863 0,0000
wire 1,8326 0,0004
spending 2,5257 0,0006
circumstance 2,2073 0,0005
revise 1,8326 0,0004
treasury 3,5066 0,0008
authority 0,4780 0,0002
xrp 3,2189 0,0007
child 0,0202 0,0000
regional 2,6593 0,0006
young 2,4079 0,0011
instrument 2,5257 0,0006
medium 1,4271 0,0003
lenient 3,5066 0,0008
remove 0,3711 0,0001
cannibalize 4,6052 0,0011
africrypt 4,6052 0,0011
gavin 2,5257 0,0006
wgisprobablyeditable 0,0000 0,0000
standardized 1,8971 0,0004
live 1,1712 0,0003
raval 3,9120 0,0009
mobile 0,0000 0,0000
perform 0,4463 0,0003
evolution 1,3471 0,0003
leonardo 3,9120 0,0009
pdf 0,0000 0,0000
china 1,6094 0,0004
redemption 4,6052 0,0011
complaint 2,8134 0,0007
service 0,1393 0,0001
there 0,2614 0,0001
analyst 2,0402 0,0005
magazine 0,9943 0,0002
channel 1,3863 0,0003
inception 2,8134 0,0007
focus 0,6733 0,0003
american 0,8440 0,0002
entire 0,8675 0,0002
approach 0,3711 0,0002
peg 3,9120 0,0018
renbridge 4,6052 0,0011
russia 2,6593 0,0006
camel 3,5066 0,0008
thesis 2,3026 0,0005
precursor 2,2073 0,0005
per 0,8440 0,0002
write 0,1508 0,0001
flipside 4,6052 0,0011
africa 2,5257 0,0006
period 1,4697 0,0007
proceed 2,4079 0,0006
aria 0,0000 0,0000
wahba 4,6052 0,0011
understand 0,6162 0,0001
peck 3,9120 0,0009
gtx 4,6052 0,0011
intelligence 0,8916 0,0002
innovator 3,9120 0,0009
raees 4,6052 0,0011
ever 1,3863 0,0003
winner 2,4079 0,0011
million 0,9416 0,0004
even 0,0513 0,0000
install 1,3093 0,0003
selloff 4,6052 0,0011
integration 0,4620 0,0001
esperanto 0,7133 0,0002
tagline 0,0000 0,0000
megawatt 3,9120 0,0009
juridique 4,6052 0,0011
regexp 0,0000 0,0000
hundred 1,4271 0,0003
wgeditsubmitbuttonlabelpublish 0,0000 0,0000
functionality 0,6539 0,0002
restrict 1,5141 0,0007
mason 3,5066 0,0008
tainted 4,6052 0,0011
peer 1,8971 0,0004
costly 2,5257 0,0006
imperative 2,0402 0,0005
monday 3,5066 0,0008
mercopress 4,6052 0,0011
gilbert 3,5066 0,0008
particularly 0,9943 0,0002
ambacoin 3,2189 0,0007
foley 3,2189 0,0007
inconsistent 3,2189 0,0007
opportunities 2,2073 0,0005
pacific 3,5066 0,0008
verge 1,8326 0,0004
wgnamespacenumber 0,0000 0,0000
framework 0,2877 0,0001
hacker 1,3471 0,0006
wgwmepagelength 0,0000 0,0000
cryptonote 4,6052 0,0011
ponciano 3,9120 0,0009
windfarms 4,6052 0,0011
entity 0,0101 0,0000
notoriously 3,9120 0,0009
prohibit 2,3026 0,0005
expensivefunctioncount 0,0000 0,0000
almost 1,1087 0,0003
equally 2,8134 0,0007
associate 0,6931 0,0002
hacking 2,5257 0,0006
preprocess 2,4079 0,0006
judgment 2,9957 0,0007
pin 0,0000 0,0000
charity 3,5066 0,0008
whether 0,7765 0,0002
ehrlich 3,9120 0,0009
burundi 4,6052 0,0011
lukas 4,6052 0,0011
stock 1,8326 0,0009
verification 0,8440 0,0002
matthew 1,9661 0,0005
terror 4,6052 0,0011
everyone 1,9661 0,0005
surge 2,3026 0,0016
swap 2,4079 0,0006
nonce 3,2189 0,0007
pcache 0,0619 0,0000
senator 3,9120 0,0009
carter 3,9120 0,0009
reconcile 3,2189 0,0007
coinbase 3,5066 0,0008
nauman 3,9120 0,0009
october 0,0000 0,0000
basic 0,6539 0,0002
zerocoin 4,6052 0,0011
ahmed 3,2189 0,0007
complication 0,0513 0,0000
ether 3,9120 0,0009
locate 1,6094 0,0004
policies 3,9120 0,0009
cause 0,6162 0,0004
timestamping 3,9120 0,0009
dioxide 4,6052 0,0011
kimberly 4,6052 0,0011
jquery 0,0000 0,0000
podnar 4,6052 0,0011
design 0,1393 0,0001
land 2,4079 0,0006
working 1,3471 0,0003
bust 3,5066 0,0008
department 1,3863 0,0006
chartalism 4,6052 0,0011
garlic 3,9120 0,0009
custodian 4,6052 0,0011
accord 0,5108 0,0001
academics 4,6052 0,0011
entrepreneurial 3,2189 0,0007
despite 1,3093 0,0003
vitalik 3,2189 0,0007
encyclopedia 0,0000 0,0000
qatar 3,5066 0,0008
bury 2,9957 0,0007
conduct 0,0000 0,0000
machines 2,4079 0,0006
koku 4,6052 0,0011
wall 1,7148 0,0004
abovebelow 0,0943 0,0000
vont 4,6052 0,0011
advertising 1,7720 0,0004
oversight 2,3026 0,0005
aktuelle 4,6052 0,0011
liberty 3,2189 0,0007
retraction 4,6052 0,0011
moneycontrol 4,6052 0,0011
snub 3,9120 0,0009
filecoin 3,2189 0,0007
inefficiency 2,8134 0,0007
separately 1,5606 0,0004
want 0,8675 0,0004
forecast 1,8971 0,0004
qaraqalpaqsha 1,1712 0,0003
recognize 1,3471 0,0006
kong 2,8134 0,0007
mediawiki 1,0788 0,0003
input 0,0000 0,0000
abnormal 3,9120 0,0009
difference 0,8916 0,0004
must 0,4620 0,0001
safeguard 2,6593 0,0006
unpinned 0,0000 0,0000
chase 2,9957 0,0007
prize 2,3026 0,0005
routing 2,6593 0,0006
found 1,2379 0,0003
overreach 3,9120 0,0009
pos 3,2189 0,0007
encrypt 1,5141 0,0004
knight 2,8134 0,0007
pow 3,5066 0,0008
currency 2,9957 0,0014
trillion 2,6593 0,0006
convict 3,5066 0,0008
datepublished 0,0000 0,0000
validate 1,4697 0,0010
coinye 3,2189 0,0007
equate 4,6052 0,0011
receive 0,7340 0,0005
vidhi 4,6052 0,0011
yak 4,6052 0,0011
theft 2,4079 0,0006
representatives 4,6052 0,0011
chart 1,7148 0,0008
mccrum 4,6052 0,0011
attend 2,6593 0,0006
rockdale 4,6052 0,0011
goods 2,6593 0,0006
accounting 2,3026 0,0005
align 0,0101 0,0000
secure 1,0217 0,0007
bedford 4,6052 0,0011
hal 1,9661 0,0005
late 0,4155 0,0001
school 1,5141 0,0004
continue 0,6931 0,0002
haq 4,6052 0,0011
giedroyc 4,6052 0,0011
realize 1,9661 0,0005
burley 3,9120 0,0009
hayek 3,9120 0,0009
last 0,0000 0,0000
imageright 0,2614 0,0001
wary 4,6052 0,0011
adapt 1,4271 0,0003
wash 4,6052 0,0011
weight 0,0101 0,0000
solicitor 4,6052 0,0011
intrinsic 2,6593 0,0006
prn 3,9120 0,0009
warn 2,2073 0,0010
memecoin 4,6052 0,0021
pvpp 4,6052 0,0011
guilty 3,5066 0,0008
measure 0,9416 0,0007
median 3,5066 0,0008
statutory 3,9120 0,0009
coinmarketcap 4,6052 0,0011
bailment 4,6052 0,0011
effort 0,8916 0,0004
video 0,8210 0,0002
newbies 4,6052 0,0011
vote 2,4079 0,0006
early 0,4308 0,0001
piper 2,9957 0,0007
overview 0,5447 0,0001
yes 1,9661 0,0005
mccorry 4,6052 0,0011
yet 1,1087 0,0003
volatile 2,9957 0,0007
hdl 1,6094 0,0004
clarity 2,3026 0,0005
altcoins 4,6052 0,0011
wikimedia 0,0000 0,0000
time 0,0000 0,0000
vertcoin 3,2189 0,0007
quotation 1,7720 0,0004
pricing 2,0402 0,0005
applications 1,3093 0,0003
golumbia 4,6052 0,0011
program 0,2614 0,0001
put 0,9416 0,0007
tsutomu 4,6052 0,0011
laptopmag 4,6052 0,0011
carbon 1,8971 0,0004
struggle 2,5257 0,0006
phishing 3,9120 0,0009
hyperledger 2,9957 0,0007
russian 1,8971 0,0009
ramey 4,6052 0,0011
iran 2,9957 0,0007
iraq 3,5066 0,0008
supreme 2,9957 0,0007
theoretic 2,9957 0,0007
chris 1,2040 0,0003
tiny 2,9957 0,0007
unfounded 4,6052 0,0011
arjun 4,6052 0,0011
joule 3,5066 0,0008
wgcheckuserclienthintsheadersjsapi 0,0000 0,0000
mailing 1,8971 0,0004
smart 1,2379 0,0003
proshares 3,9120 0,0009
timingprofile 0,0000 0,0000
theme 0,0000 0,0000
entice 4,6052 0,0011
ledger 2,8134 0,0013
editor 0,0000 0,0000
postexpandincludesize 0,0000 0,0000
chain 1,3471 0,0003
disclosure 2,5257 0,0006
efficient 1,0217 0,0002
chad 3,5066 0,0008
chair 2,5257 0,0006
consistent 1,1712 0,0003
unsourced 0,5621 0,0001
january 0,0000 0,0000
chat 2,5257 0,0006
permanent 0,0000 0,0000
summarize 2,4079 0,0006
choice 1,0498 0,0002
travel 2,0402 0,0005
facility 1,0498 0,0005
small 0,0305 0,0000
before 0,0305 0,0000
drumcliffe 4,6052 0,0011
bead 4,6052 0,0011
replace 0,7340 0,0003
pakistan 3,9120 0,0009
dreaver 4,6052 0,0011
hit 2,0402 0,0005
major 0,5621 0,0001
hiroko 3,9120 0,0009
worldwide 1,4271 0,0003
consider 0,4005 0,0003
potential 1,0788 0,0003
bean 3,5066 0,0008
group 0,0408 0,0000
awaited 4,6052 0,0011
manually 1,5606 0,0004
chayka 4,6052 0,0011
gross 3,5066 0,0008
archive 0,0943 0,0000
tomaso 4,6052 0,0011
history 0,0000 0,0000
twice 1,9661 0,0005
anarchism 3,9120 0,0009
soar 3,2189 0,0007
shutdown 3,9120 0,0009
classify 1,4271 0,0007
request 0,6733 0,0005
convergence 2,8134 0,0007
wgrestrictionedit 0,0000 0,0000
howard 2,8134 0,0007
inherently 2,3026 0,0005
pyongyang 3,9120 0,0009
percent 1,7720 0,0004
point 0,5447 0,0001
banking 2,3026 0,0005
debut 2,5257 0,0006
general 0,0000 0,0000
lender 4,6052 0,0011
september 0,0000 0,0000
uphold 3,9120 0,0009
depository 3,9120 0,0009
portuguese 3,2189 0,0007
padding 0,0000 0,0000
process 0,1625 0,0000
bakkt 4,6052 0,0011
alternative 0,6931 0,0002
clear 0,0101 0,0000
antoinette 4,6052 0,0011
cymraeg 1,4697 0,0003
mean 0,4463 0,0002
neither 2,2073 0,0005
leibniz 3,5066 0,0008
account 0,0000 0,0000
catalonia 3,5066 0,0008
settlements 3,9120 0,0009
mostly 1,2730 0,0003
dansk 0,5798 0,0001
magnates 4,6052 0,0011
advance 1,0788 0,0005
aktuelles 4,6052 0,0011
tenable 3,9120 0,0009
chia 2,8134 0,0007
fiat 3,5066 0,0008
abbr 0,0619 0,0000
ackerer 4,6052 0,0011
strict 1,5606 0,0004
fqqt 3,9120 0,0009
rally 2,9957 0,0007
you 0,0000 0,0000
jump 0,0000 0,0000
knowledge 0,7340 0,0002
prime 2,6593 0,0006
databases 2,0402 0,0005
happen 1,3471 0,0003
nervos 3,2189 0,0007
mainstream 1,9661 0,0005
july 0,0000 0,0000
opportunity 1,8326 0,0004
enthusiast 2,9957 0,0007
gridcoin 3,2189 0,0007
court 1,9661 0,0009
misuse 2,3026 0,0005
venture 1,8971 0,0004
warren 2,3026 0,0005
enthusiasm 4,6052 0,0011
flexible 1,6094 0,0004
islands 4,6052 0,0011
trapdoor 3,9120 0,0009
firms 3,9120 0,0009
mirror 2,1203 0,0005
popper 2,8134 0,0007
youbit 4,6052 0,0011
haselton 4,6052 0,0011
sustainable 2,0402 0,0005
aljazeera 4,6052 0,0011
hot 2,6593 0,0006
how 0,0834 0,0000
involvement 3,5066 0,0008
numerus 4,6052 0,0011
peter 0,8210 0,0002
spark 1,7720 0,0008
assembly 1,3471 0,0003
chip 1,5141 0,0007
chin 4,6052 0,0011
marco 2,6593 0,0006
march 0,0000 0,0000
transition 1,5606 0,0007
katherine 2,5257 0,0006
june 0,0000 0,0000
answer 1,5606 0,0007
meet 0,9163 0,0002
series 0,5798 0,0001
represent 0,5978 0,0004
compete 2,0402 0,0005
sometimes 0,6931 0,0002
moscow 3,5066 0,0008
autocapitalize 0,0000 0,0000
hold 0,7985 0,0007
chinese 1,5141 0,0004
directorate 3,5066 0,0008
wgpagename 0,0000 0,0000
talk 0,0000 0,0000
landmark 3,2189 0,0007
richard 0,9676 0,0002
dedicated 1,6094 0,0004
count 0,0513 0,0000
hatnote 0,2107 0,0000
scholar 1,3863 0,0003
pinnable 0,0000 0,0000
take 0,2877 0,0003
newsclick 4,6052 0,0011
immediate 2,4079 0,0006
blame 2,5257 0,0006
some 0,1744 0,0000
additional 0,0000 0,0000
patroltoken 0,0000 0,0000
primarily 0,9943 0,0002
choi 4,6052 0,0011
monetarism 4,6052 0,0011
yup 4,6052 0,0011
zdnet 1,4697 0,0003
alpha 0,0101 0,0000
just 0,4943 0,0001
notice 1,6094 0,0007
owner 1,3863 0,0006
asic 2,9957 0,0007
bernhard 2,9957 0,0007
asia 2,4079 0,0006
tron 3,2189 0,0007
strictly 2,0402 0,0005
home 0,8675 0,0004
michael 0,7133 0,0002
print 0,0000 0,0000
although 0,6162 0,0001
approximately 1,8971 0,0004
material 0,7765 0,0002
relocate 2,8134 0,0007
spectacular 4,6052 0,0011
iron 2,4079 0,0006
curtailment 4,6052 0,0011
president 1,9661 0,0005
explain 1,1712 0,0003
meme 3,9120 0,0018
pimentel 4,6052 0,0011
zhang 2,1203 0,0005
soon 1,5606 0,0004
america 1,7720 0,0004
executive 1,5606 0,0007
mirage 4,6052 0,0011
sons 1,5606 0,0004
action 0,0000 0,0000
hebous 4,6052 0,0011
validation 1,3093 0,0003
song 2,5257 0,0006
sensitive 1,2730 0,0003
loading 0,0000 0,0000
goldfeder 3,9120 0,0009
hong 2,8134 0,0007
afford 2,9957 0,0007
hindu 3,5066 0,0008
lansky 4,6052 0,0011
shield 2,8134 0,0007
dragoni 3,9120 0,0009
vidal 4,6052 0,0011
cyris 4,6052 0,0011
eight 1,8326 0,0004
robert 0,9676 0,0002
file 0,0000 0,0000
austin 2,1203 0,0005
stevo 3,9120 0,0009
member 0,9163 0,0004
steve 1,1394 0,0003
wgnoticeproject 0,0000 0,0000
together 0,5978 0,0001
aumatell 4,6052 0,0011
anatoly 4,6052 0,0011
nigeria 2,8134 0,0007
socially 3,5066 0,0008
within 0,3011 0,0001
blake 3,2189 0,0007
could 0,4780 0,0001
marks 3,9120 0,0009
positive 1,8971 0,0004
trigger 0,0513 0,0000
menu 0,0000 0,0000
nyse 3,9120 0,0009
trusted 2,8134 0,0007
machine 0,2744 0,0001
able 0,9943 0,0002
efficiently 1,4697 0,0003
return 0,0000 0,0000
instance 0,7765 0,0004
backlash 3,2189 0,0007
cryptoasset 4,6052 0,0011
inheritance 2,2073 0,0005
serve 1,0217 0,0002
injective 3,2189 0,0007
solution 0,5621 0,0003
find 0,3425 0,0003
host 0,6539 0,0005
accelerate 1,8326 0,0004
dramatically 2,8134 0,0007
international 0,3011 0,0001
safekeep 4,6052 0,0011
titcoin 3,2189 0,0007
illustrate 2,4079 0,0006
occur 0,7765 0,0004
specialise 3,9120 0,0009
difficult 0,9163 0,0002
irreconcilable 4,6052 0,0011
winston 3,9120 0,0009
canonical 0,0408 0,0000
film 1,8971 0,0004
sort 1,5606 0,0004
sustainability 2,5257 0,0006
heart 2,4079 0,0006
forget 2,6593 0,0006
professor 2,3026 0,0005
wgcurrevisionid 0,0000 0,0000
task 0,5108 0,0002
specialist 2,5257 0,0006
true 0,0000 0,0000
header 0,0000 0,0000
nepal 3,9120 0,0009
sore 4,6052 0,0011
position 1,5141 0,0004
present 0,5621 0,0003
harvard 1,7148 0,0004
since 0,3425 0,0001
belong 1,6607 0,0008
petro 3,2189 0,0007
certificate 2,2073 0,0005
quantum 1,6607 0,0004
delete 0,4155 0,0001
foreach 0,0000 0,0000
hour 1,4697 0,0003
dimon 4,6052 0,0011
abbas 3,5066 0,0008
leadership 2,4079 0,0006
wellink 4,6052 0,0011
experienced 3,9120 0,0009
wggestructuredtaskrejectionreasontextinputenable 0,0000 0,0000
krugman 3,9120 0,0009
compound 2,4079 0,0006
fink 3,9120 0,0009
master 1,0498 0,0002
underlie 0,9416 0,0002
cryptoanarchists 4,6052 0,0011
goldwasser 3,5066 0,0008
conventional 1,6607 0,0004
regulation 1,7720 0,0008
shafik 4,6052 0,0011
online 0,7340 0,0002
actifs 4,6052 0,0011
farivar 3,9120 0,0009
aste 4,6052 0,0011
lbry 3,2189 0,0007
cover 1,2040 0,0008
graeme 4,6052 0,0011
firm 1,3863 0,0003
contribution 0,0000 0,0000
fire 1,7148 0,0004
stateless 2,9957 0,0007
alibaba 1,8326 0,0004
brokerage 3,5066 0,0008
pointer 2,0402 0,0005
alyssa 3,5066 0,0008
gregoriou 4,6052 0,0011
basel 3,9120 0,0009
denationalisation 3,9120 0,0009
something 1,4271 0,0003
intention 2,4079 0,0006
miners 4,6052 0,0011
thereby 1,6607 0,0004
processing 0,6162 0,0001
except 1,5141 0,0004
mete 4,6052 0,0011
denton 4,6052 0,0011
functional 0,9943 0,0002
ethan 2,9957 0,0007
fact 1,0217 0,0002
prominent 2,3026 0,0005
global 0,7985 0,0002
kleptography 3,9120 0,0009
occitan 1,8326 0,0004
entitle 3,5066 0,0008
outline 0,8440 0,0002
christian 2,1203 0,0005
ian 1,7148 0,0004
perspective 1,3093 0,0003
fred 2,3026 0,0005
free 0,0000 0,0000
cxihub 4,6052 0,0011
ought 2,9957 0,0007
accordance 3,2189 0,0007
people 0,9943 0,0002
coingecko 4,6052 0,0011
firo 3,2189 0,0007
actually 1,3093 0,0003
face 1,1712 0,0008
household 2,4079 0,0006
operation 0,5108 0,0002
rakibuzzaman 4,6052 0,0011
alarming 4,6052 0,0011
unregulated 3,9120 0,0009
ice 2,8134 0,0007
inside 0,0101 0,0000
mainly 1,5141 0,0004
presentation 1,5141 0,0004
genesis 2,5257 0,0006
ico 3,5066 0,0016
subliminal 3,9120 0,0009
wikiversity 0,9676 0,0002
adjusting 4,6052 0,0011
monero 3,2189 0,0007
provincial 3,9120 0,0009
five 0,9943 0,0002
felipe 4,6052 0,0011
please 0,8210 0,0002
collection 0,6733 0,0002
finding 2,4079 0,0006
offshore 2,9957 0,0007
investopedia 3,9120 0,0009
campaign 2,2073 0,0005
conflict 1,6094 0,0007
guyana 4,6052 0,0011
upend 4,6052 0,0011
czar 4,6052 0,0011
isbn 0,1054 0,0000
buterin 3,2189 0,0007
rule 0,5978 0,0004
update 0,4463 0,0003
derivative 1,9661 0,0005
ies 4,6052 0,0011
kelley 3,5066 0,0008
definition 0,4943 0,0001
akkadian 4,6052 0,0011
every 0,6162 0,0001
summary 1,6607 0,0004
removal 1,6607 0,0004
comment 1,2730 0,0006
ransomware 2,8134 0,0007
muhammad 2,6593 0,0006
hydro 4,6052 0,0011
runa 0,9416 0,0002
yellen 3,9120 0,0009
jeff 1,6607 0,0004
during 0,5447 0,0001
fair 2,1203 0,0005
cryptocurrencies 3,2189 0,0007
bitgold 4,6052 0,0011
consist 0,6539 0,0002
hydra 4,6052 0,0011
critic 2,6593 0,0006
enable 0,0000 0,0000
price 1,2730 0,0006
safety 1,3093 0,0003
sidebar 0,0000 0,0000
limitreport 0,0000 0,0000
gamer 3,5066 0,0008
decoration 0,0619 0,0000
dependent 1,6094 0,0004
quantification 3,5066 0,0008
arise 1,8326 0,0004
birch 3,9120 0,0009
deutsche 3,9120 0,0009
embezzlement 4,6052 0,0011
agree 0,0101 0,0000
wgulsislanguageselectorempty 0,0000 0,0000
fail 0,9676 0,0004
itself 0,6539 0,0002
kleiman 3,5066 0,0008
spectrum 1,9661 0,0005
favorite 2,9957 0,0007
broadcast 2,8134 0,0007
metamask 3,2189 0,0007
spain 1,4271 0,0003
olga 3,9120 0,0009
damages 3,5066 0,0008
steem 3,2189 0,0007
classical 2,6593 0,0006
foreign 1,7720 0,0004
nick 1,8971 0,0004
disallow 2,6593 0,0006
fall 1,2379 0,0009
kyle 2,4079 0,0006
mendoza 4,6052 0,0011
steer 3,9120 0,0009
andros 4,6052 0,0011
event 0,0000 0,0000
plattsburgh 4,6052 0,0011
undergo 2,4079 0,0006
agency 1,6607 0,0008
benin 4,6052 0,0011
toggle 0,0000 0,0000
appearance 0,0000 0,0000
classname 0,0000 0,0000
liquid 3,5066 0,0008
anonymous 2,1203 0,0005
wggetopicsmatchmodeenable 0,0000 0,0000
fake 2,6593 0,0006
runs 3,9120 0,0009
first 0,0408 0,0000
nowrap 0,0408 0,0000
prefer 0,0101 0,0000
stephanie 2,9957 0,0007
roman 0,0101 0,0000
tobias 2,5257 0,0006
ascribe 4,6052 0,0011
clearly 2,5257 0,0006
wgrelevantpageisprobablyeditable 0,0000 0,0000
greenspan 3,9120 0,0009
space 0,0408 0,0000
adverts 4,6052 0,0011
reference 0,0101 0,0000
ambox 0,7133 0,0002
tether 3,2189 0,0007
bottom 0,0000 0,0000
mccrank 4,6052 0,0011
catalunya 4,6052 0,0011
rhyme 4,6052 0,0011
solicit 3,5066 0,0008
bultman 4,6052 0,0011
magyar 0,3425 0,0001
arnott 4,6052 0,0011
publisher 0,0000 0,0000
leboa 3,9120 0,0009
img 0,0408 0,0000
imf 3,5066 0,0008
death 2,6593 0,0006
o'reilly 0,6733 0,0002
steal 2,0402 0,0014
petar 4,6052 0,0011
linkedin 2,5257 0,0006
error 0,0101 0,0000
network 0,3285 0,0002
terrorist 3,2189 0,0007
holding 3,5066 0,0008
trace 1,6607 0,0004
paper 0,9416 0,0004
public 0,4155 0,0001
terrorism 4,6052 0,0011
track 0,9676 0,0002
value 0,0000 0,0000
fortune 2,3026 0,0005
monetary 2,8134 0,0007
quantity 2,1203 0,0005
airdrop 2,8134 0,0007
trader 3,5066 0,0016
resources 1,3471 0,0003
unheard 3,9120 0,0009
expensive 0,0408 0,0000
carstens 4,6052 0,0011
inu 3,2189 0,0007
performance 0,3425 0,0001
trade 1,3863 0,0013
currently 1,0788 0,0003
round 1,3093 0,0003
maint 0,0101 0,0000
derivation 3,5066 0,0008
growth 1,2040 0,0003
platformversion 0,0000 0,0000
manilla 4,6052 0,0011
normally 1,6094 0,0004
references 0,0513 0,0000
polgar 4,6052 0,0011
texas 2,5257 0,0006
resolution 1,8326 0,0009
setting 1,4697 0,0007
dutch 2,6593 0,0006
properly 1,3471 0,0003
quote 0,0101 0,0000
graduate 2,0402 0,0005
poor 2,0402 0,0005
navigate 1,8971 0,0004
ruud 4,6052 0,0011
pool 2,0402 0,0009
moratorium 3,9120 0,0009
vries 3,5066 0,0008
advancement 1,8971 0,0004
cyberattack 2,8134 0,0007
rbi 4,6052 0,0011
institute 1,0498 0,0002
spyros 4,6052 0,0011
metrics 2,5257 0,0006
shortly 2,6593 0,0006
fatf 4,6052 0,0011
primer 2,3026 0,0005
brookings 4,6052 0,0011
uncertainty 2,2073 0,0005
wgusergroup 0,0000 0,0000
dollar 1,8971 0,0004
aspect 0,7765 0,0002
aggressive 3,5066 0,0008
scott 1,0217 0,0002
morris 2,2073 0,0005
linked 2,6593 0,0006
pagliery 3,5066 0,0008
federation 2,5257 0,0006
abc 2,4079 0,0006
mitigate 1,8326 0,0004
jiahua 4,6052 0,0011
irs 4,6052 0,0011
fast 0,4943 0,0002
movable 4,6052 0,0011
invasion 3,9120 0,0009
lananh 4,6052 0,0011
faso 4,6052 0,0011
register 0,0000 0,0000
nine 2,1203 0,0005
mackenzie 2,9957 0,0007
red 1,2730 0,0003
blackrock 3,9120 0,0009
act 0,9416 0,0002
zum 3,9120 0,0009
post 0,0202 0,0000
shortage 2,8134 0,0013
insecure 2,2073 0,0005
finish 1,8971 0,0004
add 0,0000 0,0000
liquidate 4,6052 0,0011
res 4,6052 0,0011
ratify 3,2189 0,0007
amena 4,6052 0,0011
pose 2,1203 0,0015
amend 3,2189 0,0007
imperfections 4,6052 0,0011
its 0,0726 0,0000
benevolent 3,9120 0,0009
article 0,0000 0,0000
chatterjee 4,6052 0,0011
bencic 4,6052 0,0011
retreat 4,6052 0,0011
notary 4,6052 0,0011
unicef 4,6052 0,0011
parser 0,0000 0,0000
shell 1,0788 0,0003
therefore 0,7985 0,0002
exchange 1,1087 0,0008
washington 1,5141 0,0004
exec 2,9957 0,0007
income 2,4079 0,0006
trust 1,2730 0,0006
billy 3,2189 0,0007
production 0,9943 0,0002
united 0,4780 0,0001
codetext 3,9120 0,0009
solana 3,2189 0,0007
wallace 2,6593 0,0006
choose 0,8440 0,0002
wghostname 0,0000 0,0000
prevent 0,7340 0,0002
behave 1,5606 0,0004
benjamin 1,7720 0,0004
csprng 3,9120 0,0009
previously 1,1712 0,0003
wgtitle 0,0000 0,0000
scope 1,2730 0,0003
embrace 1,9661 0,0009
identify 0,6733 0,0003
afp 3,5066 0,0008
hlist 0,0408 0,0000
label 0,0000 0,0000
improvement 0,9163 0,0002
message 0,3857 0,0001
perumal 4,6052 0,0011
usama 4,6052 0,0011
truth 2,4079 0,0006
rlconf 0,0000 0,0000
collectively 2,0402 0,0005
age 1,2730 0,0006
college 2,1203 0,0005
bahasa 0,3285 0,0001
movie 2,2073 0,0005
caption 0,3567 0,0001
shah 2,3026 0,0005
number 0,0000 0,0000
rig 4,6052 0,0021
wgbackendresponsetime 0,0000 0,0000
shorten 0,0000 0,0000
pcworld 3,5066 0,0008
chargeback 3,9120 0,0009
property 0,6539 0,0002
jerry 2,8134 0,0007
blockscale 4,6052 0,0011
algorithm 0,8675 0,0004
viewpoint 2,4079 0,0006
nothing 1,6607 0,0004
swiss 2,1203 0,0005
impacts 4,6052 0,0011
tough 2,6593 0,0006
system 0,0101 0,0000
atms 3,9120 0,0009
issn 0,7765 0,0002
wisdomtree 4,6052 0,0011
pascale 4,6052 0,0011
aid 1,3471 0,0003
partial 1,6607 0,0004
sehyun 4,6052 0,0011
other 0,0000 0,0000
aim 0,8210 0,0004
city 1,4697 0,0003
yaffe 3,9120 0,0009
local 0,7985 0,0002
retail 2,0402 0,0005
bubble 2,9957 0,0014
electronic 1,0788 0,0003
promptly 4,6052 0,0011
tender 3,9120 0,0009
lipics 4,6052 0,0011
cryptojack 3,9120 0,0009
universitat 4,6052 0,0011
damien 3,9120 0,0009
tajikistan 4,6052 0,0011
reversal 4,6052 0,0011
future 0,5978 0,0003
rlq 0,0000 0,0000
cite 0,0000 0,0000
movement 1,4697 0,0003
governance 1,6094 0,0004
porzecanski 4,6052 0,0011
donald 1,7148 0,0004
andresen 3,5066 0,0008
shen 3,2189 0,0007
body 0,0000 0,0000
correspond 1,3093 0,0006
subreddit 4,6052 0,0011
mode 0,0000 0,0000
qualify 2,8134 0,0007
ali 2,2073 0,0005
all 0,0408 0,0000
always 0,9416 0,0002
border 0,0000 0,0000
read 0,0000 0,0000
already 1,1087 0,0003
alt 2,6593 0,0006
applicable 2,1203 0,0005
kitamura 4,6052 0,0011
adhere 1,5141 0,0004
raeesi 4,6052 0,0011
real 0,0408 0,0000
snyers 4,6052 0,0011
clientpref 0,0000 0,0000
tencent 3,5066 0,0008
ameer 4,6052 0,0011
cryptominer 4,6052 0,0011
mitsuru 4,6052 0,0011
unit 0,6539 0,0003
hybrid 1,4271 0,0003
costelloe 3,9120 0,0009
alan 1,5606 0,0004
amd 2,8134 0,0007
cryptanalysis 3,2189 0,0007
amf 3,5066 0,0008
collect 1,2730 0,0003
cryptos 4,6052 0,0011
hinesh 4,6052 0,0011
aml 4,6052 0,0011
facilitate 0,8440 0,0004
leverage 1,3863 0,0003
rob 2,3026 0,0005
amy 2,4079 0,0006
artur 4,6052 0,0011
favour 4,6052 0,0021
roi 3,9120 0,0009
ron 1,8971 0,0004
wgisarticle 0,0000 0,0000
memecoins 4,6052 0,0011
cryptoeconomics 4,6052 0,0011
clearinghouse 3,9120 0,0009
today 1,0788 0,0003
predict 1,6607 0,0004
dump 2,9957 0,0007
row 0,4943 0,0001
universal 1,4271 0,0003
buffett 4,6052 0,0011
vildana 3,9120 0,0009
blunt 4,6052 0,0011
malcolm 4,6052 0,0011
lewis 2,4079 0,0006
any 0,2107 0,0000
minute 1,8326 0,0004
ulbricht 3,5066 0,0008
analogy 3,2189 0,0007
application 0,0943 0,0000
milestone 2,2073 0,0005
reliant 3,9120 0,0009
wgflaggedrevsparams 0,0000 0,0000
until 0,7765 0,0002
collapse 0,0408 0,0000
reason 0,7985 0,0002
collectible 3,9120 0,0009
wgrelevantarticleid 0,0000 0,0000
shin 3,5066 0,0008
oxford 1,7720 0,0004
identification 2,1203 0,0005
jan 1,6094 0,0004
annual 1,0788 0,0003
english 0,0000 0,0000
exclusive 2,4079 0,0006
lightning 2,8134 0,0007
margin 0,0000 0,0000
wgrequestid 0,0000 0,0000
wikinews 2,6593 0,0006
refine 2,1203 0,0005
szabo 3,5066 0,0008
demand 1,1712 0,0008
alex 1,3863 0,0003
turkey 3,2189 0,0007
atomic 2,0402 0,0005
foteinis 4,6052 0,0011
letter 1,5606 0,0004
philosophical 2,9957 0,0007
annually 2,6593 0,0006
wgwikibaseitemid 0,0000 0,0000
systemic 3,2189 0,0007
iwamura 4,6052 0,0011
wgulsiscompactlinksenable 0,0000 0,0000
housing 3,5066 0,0008
frequently 1,0788 0,0003
worth 2,5257 0,0006
malik 2,8134 0,0007
malleability 4,6052 0,0011
grace 2,6593 0,0006
where 0,2744 0,0001
arm 1,6607 0,0008
paypal 3,5066 0,0008
popular 0,6539 0,0002
art 1,2379 0,0006
rte 4,6052 0,0011
vice 2,2073 0,0005
ars 1,9661 0,0005
malware 2,1203 0,0005
obfuscate 3,5066 0,0008
outweigh 3,5066 0,0008
aru 4,6052 0,0011
holder 2,3026 0,0011
broker 1,8971 0,0004
call 0,0101 0,0000
speculative 2,6593 0,0006
watchdog 3,9120 0,0009
wilson 2,1203 0,0005
newsweek 3,9120 0,0009
ownership 2,2073 0,0005
knell 3,9120 0,0009
rachel 2,6593 0,0006
ask 1,0498 0,0005
supervise 1,9661 0,0005
oliver 2,4079 0,0006
dilemma 2,8134 0,0007
through 0,2107 0,0000
engagement 2,5257 0,0006
panagiota 4,6052 0,0011
jiyeun 4,6052 0,0011
officer 2,0402 0,0005
nano 2,4079 0,0006
liquidity 3,9120 0,0009
run 0,3011 0,0001
bomb 2,6593 0,0006
debate 1,7720 0,0004
segwit 3,2189 0,0007
steffen 4,6052 0,0011
either 0,5621 0,0001
sectoral 4,6052 0,0011
view 0,0000 0,0000
vulnerable 1,7720 0,0004
atm 3,2189 0,0015
donate 0,0000 0,0000
bravenewcoin 4,6052 0,0011
holland 2,9957 0,0007
intertwine 3,9120 0,0009
bold 0,0408 0,0000
significant 0,6931 0,0002
volunteer 2,8134 0,0007
senate 3,2189 0,0007
galego 0,7550 0,0002
instability 3,5066 0,0008
name 0,0000 0,0000
cputime 0,0000 0,0000
larry 1,9661 0,0005
watchlist 0,0000 0,0000
oman 4,6052 0,0011
aux 4,6052 0,0011
boom 2,5257 0,0012
youhwan 4,6052 0,0011
attract 2,9957 0,0007
book 0,4308 0,0002
show 0,0513 0,0000
description 0,0000 0,0000
disappear 2,9957 0,0007
symmetric 2,9957 0,0007
negative 1,5606 0,0004
peercoin 3,2189 0,0007
defend 2,8134 0,0007
street 1,5606 0,0004
janda 3,9120 0,0009
hence 1,7720 0,0004
illiquid 4,6052 0,0011
elizabeth 2,8134 0,0007
armstrong 2,5257 0,0006
naor 3,5066 0,0008
introduce 0,3285 0,0002
mona 4,6052 0,0011
moni 3,5066 0,0008
discourse 2,8134 0,0007
target 0,0101 0,0000
polansek 4,6052 0,0011
guidance 1,8971 0,0004
hype 2,4079 0,0006
yang 2,6593 0,0006
bukele 3,9120 0,0009
aws 1,3471 0,0003
kiosk 3,9120 0,0009
leader 1,6607 0,0008
trump 2,6593 0,0006
developers 0,0000 0,0000
janet 2,8134 0,0007
stiglitz 3,9120 0,0009
usage 0,0000 0,0000
jonathan 1,8326 0,0004
wgmediaviewerenabledbydefault 0,0000 0,0000
axe 4,6052 0,0011
hijack 3,9120 0,0009
casp 4,6052 0,0011
largely 2,3026 0,0005
tiktok 3,9120 0,0009
broad 1,1394 0,0005
truly 2,2073 0,0005
cash 2,2073 0,0005
mazacoin 3,2189 0,0007
case 0,3285 0,0002
designate 1,9661 0,0005
generation 1,2040 0,0006
accelerator 2,1203 0,0005
mesoamerica 4,6052 0,0011
item 0,0000 0,0000
eighteen 4,6052 0,0011
investigative 3,9120 0,0009
epic 2,0402 0,0005
sunday 3,9120 0,0009
moot 4,6052 0,0011
rely 0,6931 0,0002
slide 2,3026 0,0005
sticky 0,0000 0,0000
refined 3,9120 0,0009
excessive 2,2073 0,0005
style 0,0000 0,0000
card 1,3863 0,0006
purely 2,9957 0,0007
evader 4,6052 0,0011
searchinput 0,0000 0,0000
labour 3,5066 0,0008
hassle 3,9120 0,0009
soaring 4,6052 0,0011
lebanon 3,9120 0,0009
hyun 3,9120 0,0009
protect 1,1394 0,0008
binance 3,5066 0,0008
licensing 1,7148 0,0004
architecture 0,0000 0,0000
insider 1,5606 0,0004
euronew 3,9120 0,0009
more 0,0000 0,0000
display 0,0000 0,0000
usurpation 4,6052 0,0011
dotcom 4,6052 0,0011
tibet 4,6052 0,0011
soros 4,6052 0,0011
forbes 1,5141 0,0004
broadly 2,6593 0,0006
levitt 4,6052 0,0011
shut 2,6593 0,0006
simple 0,2231 0,0002
icosst 4,6052 0,0011
aleksandar 3,9120 0,0009
influence 1,3471 0,0006
georgia 3,2189 0,0007
kharif 3,9120 0,0009
percentage 2,2073 0,0005
speculation 3,2189 0,0007
adam 1,5606 0,0004
crisis 2,0402 0,0009
marketplace 2,3026 0,0011
kind 0,8675 0,0002
temporarily 2,1203 0,0005
both 0,0305 0,0000
important 0,0101 0,0000
most 0,2107 0,0000
lakhani 3,5066 0,0008
suicidal 4,6052 0,0011
transfer 0,7985 0,0007
daily 1,8326 0,0004
cloth 4,6052 0,0011
joe 1,7720 0,0004
limitation 1,0498 0,0002
numismatic 4,6052 0,0011
jon 1,6607 0,0004
forbid 2,2073 0,0005
bancor 4,6052 0,0011
database 0,2485 0,0001
sigalos 3,5066 0,0008
billion 1,3471 0,0006
bittrex 4,6052 0,0011
zagreb 4,6052 0,0011
kazakhstan 3,5066 0,0008
sheet 2,1203 0,0005
profit 2,5257 0,0012
sam 1,8326 0,0004
authentication 1,3863 0,0003
wgseparatortransformtable 0,0000 0,0000
rest 1,0788 0,0003
amount 0,9416 0,0004
move 0,0000 0,0000
comply 2,2073 0,0010
original 0,0943 0,0000
also 0,0202 0,0000
say 0,6733 0,0006
enough 0,9676 0,0002
prosecutor 4,6052 0,0011
increase 0,4620 0,0004
hemant 3,5066 0,0008
kingdom 2,2073 0,0005
differ 1,5141 0,0004
spread 1,6607 0,0004
biden 3,9120 0,0009
primecoin 3,2189 0,0007
inline 0,0408 0,0000
favor 1,5141 0,0004
yandex 2,1203 0,0005
front 1,1394 0,0003
affiliate 2,6593 0,0006
customer 0,7550 0,0004
statista 2,9957 0,0007
equivalent 1,5141 0,0004
bad 1,4271 0,0007
spokesperson 3,5066 0,0008
fintech 3,5066 0,0008
ban 2,3026 0,0021
offer 0,4155 0,0003
bar 1,3863 0,0003
suffer 1,9661 0,0009
megan 2,9957 0,0007
tasca 4,6052 0,0011
complex 0,5621 0,0001
draft 1,6607 0,0008
bbc 1,9661 0,0005
wrongly 3,9120 0,0009
alun 4,6052 0,0011
newport 3,2189 0,0007
personal 0,0000 0,0000
accurately 2,3026 0,0005
globe 2,6593 0,0006
aaron 2,1203 0,0005
plant 2,5257 0,0012
drive 0,4780 0,0002
jones 1,8971 0,0004
deal 1,1712 0,0003
strong 0,9943 0,0002
abuse 2,3026 0,0005
miscellaneous 2,9957 0,0007
scheme 0,0101 0,0000
affect 1,0217 0,0005
icon 0,0101 0,0000
luiz 3,9120 0,0009
sea 3,5066 0,0008
sec 2,8134 0,0007
see 0,0408 0,0000
responsibility 1,3863 0,0003
civil 2,5257 0,0006
national 0,4463 0,0001
subsequent 1,6094 0,0004
indicate 1,0217 0,0002
unbordered 2,5257 0,0006
chainalysis 4,6052 0,0011
contain 0,0101 0,0000
set 0,2107 0,0001
founder 1,4697 0,0007
column 0,0101 0,0000
plaintext 3,5066 0,0008
angus 3,9120 0,0009
vicinity 4,6052 0,0011
validity 2,6593 0,0006
downtrend 4,6052 0,0011
navbox 0,0943 0,0000
dummies 3,9120 0,0009
listitem 0,0408 0,0000
bet 3,2189 0,0007
luke 3,2189 0,0007
federico 2,9957 0,0007
batra 4,6052 0,0011
princeton 2,8134 0,0007
contact 0,0000 0,0000
france 0,8675 0,0002
joel 2,8134 0,0007
franck 3,9120 0,0009
typically 0,3857 0,0001
suspicious 2,8134 0,0007
sha 2,4079 0,0006
reza 3,9120 0,0009
cryptocurrency 2,5257 0,0012
she 1,8326 0,0004
kharpal 4,6052 0,0011
auroracoin 3,2189 0,0007
susan 2,3026 0,0005
adjust 1,8971 0,0004
western 2,2073 0,0005
debt 2,9957 0,0007
party 0,6539 0,0003
little 1,0788 0,0003
cursor 0,0619 0,0000
however 0,3011 0,0001
deep 1,3863 0,0003
robertson 3,5066 0,0008
regulatory 2,5257 0,0006
capable 1,6094 0,0004
walltime 0,0000 0,0000
interlanguage 0,0000 0,0000
luna 2,9957 0,0007
keygen 3,9120 0,0009
signs 4,6052 0,0011
related 0,9676 0,0002
disruptive 3,2189 0,0007
supervision 3,5066 0,0008
client 0,0000 0,0000
outlawed 3,9120 0,0009
conversion 1,9661 0,0005
harper 3,2189 0,0007
over 0,3285 0,0001
directed 3,5066 0,0008
six 1,4271 0,0003
casares 3,5066 0,0008
false 0,0000 0,0000
parse 0,0619 0,0000
srpskohrvatski 0,9163 0,0002
blekinge 4,6052 0,0011
shashwat 4,6052 0,0011
elusive 4,6052 0,0011
implicate 4,6052 0,0011
pyramid 2,6593 0,0006
cheque 4,6052 0,0011
developer 0,1744 0,0000
realm 2,6593 0,0006
avoid 0,0101 0,0000
coinrail 4,6052 0,0011
comprehensive 1,3863 0,0003
prompt 1,5606 0,0004
big 0,7550 0,0005
expert 1,3863 0,0006
select 0,9676 0,0002
ekonomika 4,6052 0,0011
recommendation 1,6094 0,0004
bit 1,3863 0,0003
bis 2,9957 0,0007
output 0,0000 0,0000
inactive 2,5257 0,0006
majority 1,5141 0,0004
model 0,0000 0,0000
crown 3,9120 0,0009
reduce 0,0101 0,0000
sentence 0,0000 0,0000
large 0,2485 0,0001
director 1,6607 0,0004
cybercriminal 3,5066 0,0008
defi 3,9120 0,0009
ordinary 2,1203 0,0005
messaging 1,4271 0,0003
phil 2,3026 0,0005
cbdc 4,6052 0,0011
operate 0,3567 0,0003
verdict 4,6052 0,0011
exclusively 1,6607 0,0004
john 0,5276 0,0001
christopher 1,5141 0,0004
begin 0,5108 0,0004
wgvisualeditor 0,0000 0,0000
template 0,0000 0,0000
cryptocompare 4,6052 0,0011
bankruptcy 4,6052 0,0011
navbar 0,0202 0,0000
world 0,3857 0,0001
inquiry 3,2189 0,0007
russell 2,1203 0,0005
subbox 0,6931 0,0002
december 0,0000 0,0000
everything 1,2730 0,0003
guardian 1,8326 0,0004
table 0,0000 0,0000
asymkos 4,6052 0,0011
side 0,3425 0,0001
cunningham 2,0402 0,0005
gaeilge 1,2040 0,0003
break 0,0101 0,0000
change 0,0000 0,0000
willingness 4,6052 0,0011
systematic 1,8971 0,0004
printable 0,0000 0,0000
smagalla 4,6052 0,0011
joke 3,5066 0,0008
century 1,7720 0,0004
hide 0,0000 0,0000
polygon 2,8134 0,0007
traditionally 1,8971 0,0004
corporate 1,4697 0,0003
instruction 1,1712 0,0003
petheo 4,6052 0,0011
report 0,0202 0,0000
auto 0,0726 0,0000
tulipmania 4,6052 0,0011
several 0,4155 0,0001
sign 1,2379 0,0006
cotton 3,9120 0,0009
roger 1,9661 0,0005
scramble 3,9120 0,0009
download 0,0000 0,0000
high 0,0101 0,0000
reuters 2,2073 0,0005
falls 4,6052 0,0011
proceeds 3,5066 0,0008
son 3,9120 0,0009
split 0,0000 0,0000
chaum 3,5066 0,0008
publication 1,5141 0,0004
bnf 0,9163 0,0002
different 0,0513 0,0000
directly 0,5108 0,0001
weibelzahl 4,6052 0,0011
administrators 2,9957 0,0007
incoming 2,5257 0,0006
level 0,0000 0,0000
preserve 1,8326 0,0009
bny 3,9120 0,0009
establish 0,8916 0,0006
permanently 2,0402 0,0005
zohar 4,6052 0,0011
relevant 1,2040 0,0003
wgmfdisplaywikibasedescription 0,0000 0,0000
extendedconfirmed 3,9120 0,0009
morocco 3,9120 0,0009
spy 2,5257 0,0006
behind 1,2730 0,0003
wgdefaultdateformat 0,0000 0,0000
pratique 4,6052 0,0011
box 0,0408 0,0000
nonresident 4,6052 0,0011
digitally 2,9957 0,0007
murphy 2,4079 0,0006
total 0,0000 0,0000
bitconnect 3,2189 0,0007
loser 4,6052 0,0011
consumer 1,4697 0,0007
highly 1,1712 0,0003
kat 3,9120 0,0009
billionaire 3,5066 0,0008
chance 2,3026 0,0005
economist 2,6593 0,0012
initiative 1,0217 0,0005
nature 1,0498 0,0002
sells 4,6052 0,0011
social 0,8210 0,0002
control 0,1625 0,0001
sri 2,4079 0,0006
acknowledge 2,4079 0,0006
lobby 3,9120 0,0009
unauthorized 1,9661 0,0005
coincheck 4,6052 0,0011
attribution 0,0000 0,0000
issuance 3,2189 0,0007
lowenstein 4,6052 0,0011
vary 0,0619 0,0000
upper 0,0101 0,0000
sapir 4,6052 0,0011
respondent 2,8134 0,0007
fighting 4,6052 0,0011
putin 4,6052 0,0011
hinder 2,6593 0,0006
friend 1,8971 0,0004
reddit 2,5257 0,0006
strengthen 2,8134 0,0020
trends 1,5141 0,0004
extremism 4,6052 0,0011
schwab 4,6052 0,0011
deny 2,3026 0,0011
australia 1,8971 0,0004
accept 1,1087 0,0005
morning 3,5066 0,0008
sto 3,9120 0,0009
generalization 3,5066 0,0008
kara 3,9120 0,0009
extremist 3,9120 0,0009
ulrich 2,9957 0,0007
sue 2,3026 0,0005
access 0,2877 0,0001
kearns 4,6052 0,0011
primitive 1,8326 0,0004
simi 0,9416 0,0002
overcome 1,9661 0,0005
sum 1,9661 0,0005
sun 1,2730 0,0003
joanna 3,2189 0,0007
btc 3,5066 0,0008
tabuchi 3,9120 0,0009
selflink 0,0101 0,0000
current 0,0000 0,0000
headquarter 2,9957 0,0007
gloom 4,6052 0,0011
actively 2,6593 0,0006
key 0,0305 0,0000
silk 2,2073 0,0005
storm 2,8134 0,0007
manager 0,8440 0,0004
bilal 3,9120 0,0009
jose 2,0402 0,0005
amid 3,5066 0,0008
launch 0,9943 0,0007
josh 2,8134 0,0007
store 0,5447 0,0004
katz 2,8134 0,0007
tagalog 1,2040 0,0003
confirm 1,6094 0,0007
hill 1,7148 0,0004
catalin 2,8134 0,0007
kebab 4,6052 0,0011
vast 1,9661 0,0005
amin 3,9120 0,0009
kouzani 4,6052 0,0011
gedeon 4,6052 0,0011
story 1,2730 0,0003
vasp 4,6052 0,0011
declare 1,6094 0,0011
buy 1,4271 0,0013
available 0,0000 0,0000
thornton 4,6052 0,0011
express 1,0788 0,0005
advocate 1,8971 0,0004
quest 2,3026 0,0005
gareth 3,5066 0,0008
zero 1,0217 0,0002
requiem 4,6052 0,0011
fallout 4,6052 0,0011
variant 0,0619 0,0000
ekibastuz 4,6052 0,0011
generate 0,8210 0,0006
sector 1,8971 0,0004
unusual 2,5257 0,0006
extreme 1,8971 0,0004
goodell 3,9120 0,0009
felten 3,5066 0,0008
bonneau 3,9120 0,0009
coordinate 1,8971 0,0004
stoll 3,2189 0,0007
bitlicense 3,2189 0,0007
especially 0,8210 0,0002
ripple 4,6052 0,0011
once 0,7985 0,0002
hint 2,5257 0,0006
demonstrate 1,3471 0,0003
hire 2,2073 0,0005
saad 3,9120 0,0009
lesotho 4,6052 0,0011
idea 0,9676 0,0004
wgpopupsflag 0,0000 0,0000
kim 2,1203 0,0005
brett 2,9957 0,0007
kin 2,8134 0,0007
snapchat 3,9120 0,0009
backing 3,2189 0,0007
annunziata 4,6052 0,0011
throughout 1,6094 0,0004
anonymity 2,9957 0,0007
meynkhard 4,6052 0,0011
successful 1,2379 0,0003
pushback 4,6052 0,0011
normal 0,0202 0,0000
figure 1,8326 0,0004
preclude 3,5066 0,0008
grellet 3,9120 0,0009
transmit 1,8326 0,0009
consumption 1,4697 0,0003
technology 0,1863 0,0001
tulip 3,9120 0,0009
yapian 4,6052 0,0011
jeongyeup 4,6052 0,0011
hiltzik 3,9120 0,0009
justina 4,6052 0,0011
wgcitereferencepreviewsactive 0,0000 0,0000
bangladesh 3,2189 0,0007
dajani 4,6052 0,0011
reach 1,2040 0,0006
comparative 2,8134 0,0007
hesitant 3,9120 0,0009
matthews 3,9120 0,0009
hack 1,3471 0,0013
moldova 4,6052 0,0011
backer 3,9120 0,0009
road 1,7148 0,0004
justify 1,8326 0,0004
review 0,6162 0,0004
tighten 3,9120 0,0009
between 0,2107 0,0000
guide 0,3711 0,0001
efficiency 0,8916 0,0002
bitgo 3,5066 0,0008
goal 0,8440 0,0004
lending 4,6052 0,0011
natural 1,2040 0,0003
numismatics 3,5066 0,0008
baseline 1,7720 0,0004
banker 3,5066 0,0008
panelist 4,6052 0,0011
substantially 2,6593 0,0006
amos 3,9120 0,0009
managerial 4,6052 0,0011
flag 2,6593 0,0006
james 0,9676 0,0002
range 0,8675 0,0004
feature 0,0000 0,0000
place 0,5447 0,0003
regular 1,2379 0,0003
solinas 4,6052 0,0011
dispute 1,6607 0,0004
overstate 3,9120 0,0009
suggest 1,0217 0,0005
lead 0,2231 0,0002
token 1,7148 0,0008
expect 0,8440 0,0004
site 0,0000 0,0000
cease 2,8134 0,0007
assess 1,9661 0,0009
currencies 3,2189 0,0007
argument 0,0513 0,0000
alevtina 4,6052 0,0011
wgpageviewlanguage 0,0000 0,0000
ftse 4,6052 0,0011
tetchange 4,6052 0,0011
assets 2,9957 0,0007
accesskey 0,0000 0,0000
armchair 4,6052 0,0011
plain 1,5141 0,0004
only 0,2107 0,0000
should 0,3711 0,0001
justice 2,4079 0,0006
tae 4,6052 0,0011
tag 0,0000 0,0000
whoppercoin 3,2189 0,0007
slovenian 3,2189 0,0007
tap 2,5257 0,0006
taylor 2,2073 0,0005
individual 0,7985 0,0004
netherlands 2,3026 0,0005
sackey 4,6052 0,0011
tax 1,8971 0,0018
crypto 2,3026 0,0005
mobilecoin 3,2189 0,0007
jamie 2,9957 0,0007
capitalization 3,2189 0,0007
person 0,6162 0,0003
zenminer 4,6052 0,0011
safe 0,8675 0,0002
potentially 0,7765 0,0002
week 1,2379 0,0003
sociology 3,5066 0,0008
distinct 1,3471 0,0003
hedge 4,6052 0,0011
aware 1,9661 0,0005
can 0,0408 0,0000
computing 0,4155 0,0001
award 1,9661 0,0005
cap 0,0619 0,0000
paris 2,5257 0,0006
wgcanonicalnamespace 0,0000 0,0000
flex 0,5276 0,0001
ready 0,0000 0,0000
alarm 2,9957 0,0007
studies 2,5257 0,0006
terawatt 3,9120 0,0009
winklevoss 3,5066 0,0008
wgisredirect 0,0000 0,0000
limited 0,8916 0,0002
february 0,0000 0,0000
match 0,5276 0,0001
fault 1,1712 0,0003
garantex 4,6052 0,0011
welle 4,6052 0,0011
macau 4,6052 0,0011
response 0,7340 0,0003
responsive 0,0202 0,0000
collectable 3,9120 0,0009
counterparty 3,2189 0,0007
stanley 2,9957 0,0007
category 0,0000 0,0000
rival 2,6593 0,0019
wikidata 0,0000 0,0000
callparserfunction 1,4271 0,0003
