german 1,6607 0,0007
unavailable 2,3026 0,0009
upload 0,0000 0,0000
novet 3,2189 0,0013
pomerantz 4,6052 0,0018
wggelevelingupenabledforuser 0,0000 0,0000
wgrestrictionmove 0,0000 0,0000
buds 4,6052 0,0018
aviv 3,5066 0,0014
ted 2,2073 0,0009
would 0,3425 0,0001
pick 1,9661 0,0008
tel 3,9120 0,0016
ten 1,6607 0,0007
energy 1,4697 0,0006
eweek 2,6593 0,0011
nova 2,2073 0,0009
organizational 1,8971 0,0008
amazons 4,6052 0,0018
muck 4,6052 0,0018
solid 0,0202 0,0000
devices 1,9661 0,0008
investment 1,5141 0,0006
neutral 0,5447 0,0002
require 0,0000 0,0000
analysis 0,5108 0,0002
click 1,7148 0,0007
backwards 2,5257 0,0010
iland 2,5257 0,0010
scribunto 0,0000 0,0000
latino 4,6052 0,0018
size 0,0000 0,0000
left 0,0408 0,0000
cdx 0,0000 0,0000
much 0,6931 0,0003
arab 2,5257 0,0010
wind 2,8134 0,0011
commodity 2,4079 0,0010
hang 1,3863 0,0006
role 0,8916 0,0004
defence 3,9120 0,0016
achieve 0,7985 0,0003
iberdrola 4,6052 0,0018
notable 1,1394 0,0005
ceo 1,5606 0,0006
turk 3,5066 0,0014
example 0,2485 0,0001
result 0,2231 0,0002
roku 4,6052 0,0018
balancer 2,9957 0,0012
same 0,2357 0,0001
wikibon 4,6052 0,0018
after 0,0305 0,0000
headline 0,0000 0,0000
huang 2,8134 0,0011
connect 0,8675 0,0003
policy 0,0000 0,0000
expedia 3,9120 0,0016
address 0,5621 0,0005
union 1,3093 0,0011
adopter 2,6593 0,0011
neighbor 2,9957 0,0012
pagelanguagecode 0,0000 0,0000
transientcontent 0,0000 0,0000
subtle 0,3285 0,0001
sale 1,6607 0,0007
blue 1,8326 0,0007
idhash 0,0619 0,0000
timeline 1,0788 0,0004
information 0,0000 0,0000
subsidiaries 3,2189 0,0013
adrian 2,9957 0,0012
rackspace 2,2073 0,0009
wrap 0,0101 0,0000
novel 2,2073 0,0009
discuss 1,0217 0,0004
porsche 4,6052 0,0018
november 0,0000 0,0000
good 0,4155 0,0002
programmability 3,5066 0,0014
deploy 1,0217 0,0012
empty 0,0305 0,0000
compute 0,6733 0,0005
blogg 3,9120 0,0016
imdb 4,6052 0,0018
ambition 3,2189 0,0013
besides 2,5257 0,0010
fullversionlist 0,0000 0,0000
tim 1,0498 0,0004
implement 0,3285 0,0001
pan 3,2189 0,0013
export 0,0000 0,0000
european 1,3471 0,0005
pay 1,1712 0,0005
list 0,0000 0,0000
andrew 1,0498 0,0004
onto 1,8971 0,0008
lack 0,5447 0,0002
external 0,1863 0,0001
frustrate 4,6052 0,0018
labs 1,2730 0,0005
success 1,2379 0,0005
authority 0,4780 0,0004
cia 2,6593 0,0011
paramount 3,2189 0,0013
child 0,0202 0,0000
tectonic 4,6052 0,0018
manning 1,6607 0,0007
mainentity 0,0000 0,0000
young 2,4079 0,0010
germany 0,5798 0,0002
medium 1,4271 0,0006
interface 0,2485 0,0001
remove 0,3711 0,0003
disclaimers 0,0000 0,0000
cloudbolt 2,5257 0,0010
provider 1,2730 0,0010
root 0,4780 0,0002
disambiguation 1,5606 0,0006
wgisprobablyeditable 0,0000 0,0000
lardinois 2,4079 0,0010
treasure 3,9120 0,0016
hard 1,1394 0,0005
ridge 3,9120 0,0016
citation 0,0101 0,0000
o'dell 4,6052 0,0018
mobile 0,0000 0,0000
multiple 0,2485 0,0001
perform 0,4463 0,0004
peak 3,2189 0,0013
expose 1,4271 0,0011
room 1,7720 0,0007
plainlist 0,4463 0,0002
footprint 2,5257 0,0010
pdf 0,0000 0,0000
china 1,6094 0,0006
service 0,1393 0,0001
hemsoth 4,6052 0,0018
there 0,2614 0,0001
automate 0,7340 0,0003
analyst 2,0402 0,0008
well 0,2744 0,0002
personnel 2,6593 0,0011
bitness 0,0000 0,0000
rgba 0,0101 0,0000
atlas 3,2189 0,0013
focus 0,6733 0,0005
american 0,8440 0,0007
entire 0,8675 0,0003
balakrishnan 4,6052 0,0018
palestinian 4,6052 0,0037
block 0,0408 0,0000
metered 3,9120 0,0016
ondemand 2,5257 0,0010
per 0,8440 0,0003
maritz 4,6052 0,0018
write 0,1508 0,0001
flow 0,3425 0,0001
cooperation 2,3026 0,0009
order 0,4155 0,0002
cli 1,5141 0,0006
africa 2,5257 0,0010
period 1,4697 0,0006
canales 3,9120 0,0016
aria 0,0000 0,0000
boxtext 0,0619 0,0000
byte 0,0408 0,0000
corporation 1,0498 0,0004
indonesia 0,3567 0,0001
propose 1,0788 0,0009
intelligence 0,8916 0,0004
winner 2,4079 0,0010
million 0,9416 0,0008
even 0,0513 0,0000
renewable 2,9957 0,0024
transparency 1,8326 0,0007
integration 0,4620 0,0004
tagline 0,0000 0,0000
cloudwatch 4,6052 0,0018
regexp 0,0000 0,0000
hundred 1,4271 0,0011
subsection 0,1508 0,0001
woman 2,9957 0,0012
wgeditsubmitbuttonlabelpublish 0,0000 0,0000
obama 3,2189 0,0013
toc 0,0000 0,0000
guy 2,2073 0,0009
protection 0,4463 0,0002
respectively 1,3863 0,0006
functionality 0,6539 0,0003
digitalocean 2,1203 0,0009
wgpagecontentmodel 0,0000 0,0000
puget 4,6052 0,0018
relaunch 3,9120 0,0016
tom 1,3863 0,0006
bedrock 4,6052 0,0018
top 0,0000 0,0000
esports 4,6052 0,0018
native 0,8916 0,0004
have 0,2744 0,0001
neutrality 3,5066 0,0014
redundancy 2,1203 0,0009
accordingly 3,2189 0,0013
cnn 2,1203 0,0009
product 0,4005 0,0003
hastings 3,5066 0,0014
lgbtqia 3,2189 0,0013
coupang 3,9120 0,0016
cheap 1,8971 0,0015
owncloud 2,5257 0,0010
pacific 3,5066 0,0014
timestream 4,6052 0,0018
verge 1,8326 0,0007
wgnamespacenumber 0,0000 0,0000
breeden 4,6052 0,0018
industries 3,5066 0,0014
regard 1,1087 0,0004
wgwmepagelength 0,0000 0,0000
askville 4,6052 0,0018
entity 0,0101 0,0000
thousand 1,5141 0,0006
chronicle 2,6593 0,0011
bryar 4,6052 0,0018
com 0,8210 0,0003
capital 1,8326 0,0007
covid 1,8326 0,0007
lashinsky 4,6052 0,0018
expensivefunctioncount 0,0000 0,0000
bryan 2,4079 0,0010
employee 1,6094 0,0013
expeditions 3,5066 0,0014
lab 1,3863 0,0006
associate 0,6931 0,0003
platforms 1,4697 0,0006
linuxworld 4,6052 0,0018
timeusage 0,0000 0,0000
hacking 2,5257 0,0010
automation 0,7550 0,0003
wake 2,8134 0,0011
pin 0,0000 0,0000
function 0,0000 0,0000
west 2,2073 0,0009
stock 1,8326 0,0007
las 3,5066 0,0014
traffic 1,5606 0,0006
helion 2,5257 0,0010
comparison 0,4005 0,0002
virtualization 1,5606 0,0006
cpu 0,0408 0,0000
infobox 0,6931 0,0003
less 0,6162 0,0002
basis 1,1087 0,0004
pcache 0,0619 0,0000
andy 1,8326 0,0007
october 0,0000 0,0000
virginia 2,8134 0,0011
reinvent 3,2189 0,0013
complication 0,0513 0,0000
locate 1,6094 0,0006
selipsky 4,6052 0,0018
university 0,5621 0,0002
cause 0,6162 0,0007
jquery 0,0000 0,0000
times 1,3093 0,0005
pursue 2,6593 0,0011
design 0,1393 0,0001
paas 2,1203 0,0009
heroku 2,3026 0,0009
land 2,4079 0,0010
department 1,3863 0,0011
possibility 1,6094 0,0006
crn 3,9120 0,0016
timeless 0,0101 0,0000
crm 4,6052 0,0018
direction 1,2379 0,0005
groupon 3,9120 0,0016
chief 1,6607 0,0007
accord 0,5108 0,0002
entrepreneurial 3,2189 0,0013
wgwmeschemaeditattemptstepoversample 0,0000 0,0000
ttl 0,0000 0,0000
consecutive 3,9120 0,0016
encyclopedia 0,0000 0,0000
conduct 0,0000 0,0000
wayfair 3,9120 0,0016
burt 4,6052 0,0018
incident 2,2073 0,0018
cluster 1,2379 0,0010
abovebelow 0,0943 0,0000
hinter 4,6052 0,0018
advertising 1,7720 0,0007
renewables 4,6052 0,0018
shriram 3,9120 0,0016
concern 0,8210 0,0007
helen 2,8134 0,0011
eventual 2,8134 0,0011
pact 4,6052 0,0018
merge 1,6607 0,0007
pref 0,0000 0,0000
let 0,9943 0,0004
lovefilm 4,6052 0,0018
state 0,3425 0,0003
csrftoken 0,0000 0,0000
press 0,5621 0,0002
worker 1,6607 0,0013
agentic 3,9120 0,0016
welcome 2,2073 0,0009
cto 2,8134 0,0011
element 0,0000 0,0000
creatio 2,5257 0,0010
environmental 1,8971 0,0008
night 0,0000 0,0000
forecast 1,8971 0,0008
vulnerability 1,3863 0,0011
each 0,1393 0,0001
javascript 0,9416 0,0004
input 0,0000 0,0000
offering 1,6607 0,0007
wand 4,6052 0,0018
unpinned 0,0000 0,0000
graphiq 4,6052 0,0018
entertainment 2,2073 0,0009
scanning 2,4079 0,0010
document 0,4463 0,0002
availability 1,1394 0,0005
battery 2,4079 0,0010
networks 1,2730 0,0005
prize 2,3026 0,0009
two 0,2744 0,0001
pop 1,6607 0,0007
promote 1,3093 0,0005
found 1,2379 0,0010
defense 2,0402 0,0008
lunacloud 2,5257 0,0010
distribute 0,3857 0,0002
szkutak 4,6052 0,0018
lark 2,5257 0,0010
escape 2,1203 0,0009
graphic 1,6094 0,0006
trillion 2,6593 0,0011
convict 3,5066 0,0014
datepublished 0,0000 0,0000
receive 0,7340 0,0003
reformulate 3,9120 0,0016
electrifai 4,6052 0,0018
services 1,1087 0,0004
team 0,4943 0,0004
takeaway 4,6052 0,0018
marketing 1,2730 0,0005
wgusername 0,0000 0,0000
extensively 2,8134 0,0011
thing 1,0788 0,0004
kubernetes 1,9661 0,0008
nimbus 2,5257 0,0010
medical 1,8971 0,0008
attend 2,6593 0,0011
smith 1,7148 0,0007
source 0,1393 0,0001
align 0,0101 0,0000
secure 1,0217 0,0008
kevin 1,5606 0,0006
late 0,4155 0,0005
koru 4,6052 0,0018
school 1,5141 0,0006
continue 0,6931 0,0003
tech 1,2040 0,0005
actual 1,1394 0,0005
eastern 3,9120 0,0016
last 0,0000 0,0000
imageright 0,2614 0,0001
weight 0,0101 0,0000
develop 0,1863 0,0002
cloudtrail 4,6052 0,0018
technologies 1,0788 0,0004
measure 0,9416 0,0004
roberts 2,3026 0,0009
overall 1,1394 0,0005
page 0,0000 0,0000
philanthropy 3,2189 0,0013
tiernan 3,9120 0,0016
full 0,0202 0,0000
memory 0,0408 0,0000
zoho 2,5257 0,0010
concept 0,3711 0,0001
effort 0,8916 0,0004
hooked 4,6052 0,0018
video 0,8210 0,0003
garman 4,6052 0,0018
house 1,4271 0,0006
weapon 2,4079 0,0010
gchq 3,5066 0,0014
lifting 3,9120 0,0016
warrell 4,6052 0,0018
early 0,4308 0,0002
furry 4,6052 0,0018
llc 1,7720 0,0007
yes 1,9661 0,0008
center 0,0000 0,0000
purchase 1,5141 0,0012
start 0,3011 0,0002
hdd 3,5066 0,0014
configure 1,3093 0,0005
lightsail 4,6052 0,0018
engineer 0,7765 0,0006
manage 0,3567 0,0003
bypass 2,1203 0,0009
weinberger 3,9120 0,0016
infrastructure 0,6733 0,0003
laud 4,6052 0,0018
wikimedia 0,0000 0,0000
short 0,0000 0,0000
time 0,0000 0,0000
hdx 4,6052 0,0018
finance 1,8326 0,0007
gateway 2,0402 0,0016
pricing 2,0402 0,0008
palo 2,8134 0,0011
happy 2,8134 0,0011
albeast 4,6052 0,0018
interactive 0,4463 0,0002
program 0,2614 0,0002
three 0,3711 0,0001
put 0,9416 0,0004
carbon 1,8971 0,0008
season 3,2189 0,0013
payment 2,0402 0,0008
specifically 0,8916 0,0004
savings 2,4079 0,0010
hardware 0,5798 0,0002
cloudstack 2,4079 0,0010
lesson 2,4079 0,0010
standalone 2,0402 0,0008
creative 0,0000 0,0000
nederlands 0,1985 0,0001
chris 1,2040 0,0005
provide 0,1625 0,0002
wayback 0,7985 0,0003
light 1,3093 0,0005
primary 0,7765 0,0003
log 0,0000 0,0000
enterprise 0,4463 0,0002
wgcheckuserclienthintsheadersjsapi 0,0000 0,0000
solar 2,6593 0,0011
euskara 0,5108 0,0002
formation 2,4079 0,0010
computer 0,1863 0,0001
low 0,0101 0,0000
timingprofile 0,0000 0,0000
theme 0,0000 0,0000
holdings 2,8134 0,0011
jackie 3,5066 0,0014
wgcategory 0,0000 0,0000
editor 0,0000 0,0000
means 1,0217 0,0004
postexpandincludesize 0,0000 0,0000
werner 2,9957 0,0012
desire 1,1087 0,0004
twitch 4,6052 0,0018
initial 0,3857 0,0002
unstrip 0,0000 0,0000
centre 2,4079 0,0010
templateargumentsize 0,0000 0,0000
pipeline 1,6607 0,0007
downtime 2,5257 0,0010
earnings 3,2189 0,0013
unsourced 0,5621 0,0002
firewall 2,0402 0,0008
january 0,0000 0,0000
chat 2,5257 0,0010
permanent 0,0000 0,0000
cdnow 4,6052 0,0018
choice 1,0498 0,0004
facility 1,0498 0,0004
citrix 2,3026 0,0009
small 0,0305 0,0000
rakuten 3,9120 0,0016
alliance 1,8971 0,0008
before 0,0305 0,0000
speedy 0,7133 0,0003
friendly 1,9661 0,0008
emulate 2,3026 0,0009
experience 0,7985 0,0003
italic 0,1278 0,0001
dan 0,9943 0,0004
hit 2,0402 0,0016
major 0,5621 0,0002
zone 2,1203 0,0009
audible 3,5066 0,0014
jordan 1,7148 0,0007
beat 1,9661 0,0008
propagate 3,2189 0,0013
worldwide 1,4271 0,0006
dax 3,5066 0,0014
consider 0,4005 0,0002
domino 3,9120 0,0016
day 0,0000 0,0000
combination 1,0788 0,0004
group 0,0408 0,0000
banana 4,6052 0,0018
obtain 1,3471 0,0005
format 0,0101 0,0000
archive 0,0943 0,0000
greenbutton 2,3026 0,0009
history 0,0000 0,0000
illegal 2,2073 0,0009
doppl 4,6052 0,0018
kelleher 4,6052 0,0018
absolutely 2,6593 0,0011
soar 3,2189 0,0013
shutdown 3,9120 0,0016
soap 2,4079 0,0010
request 0,6733 0,0003
critical 0,8916 0,0004
wgrestrictionedit 0,0000 0,0000
part 0,1985 0,0002
foursquare 3,9120 0,0016
wgpageparsereport 0,0000 0,0000
logistics 3,2189 0,0013
numeric 1,8326 0,0007
uscis 4,6052 0,0018
percent 1,7720 0,0007
point 0,5447 0,0002
principal 2,2073 0,0009
general 0,0000 0,0000
east 2,3026 0,0009
september 0,0000 0,0000
depository 3,9120 0,0016
gartner 2,3026 0,0009
padding 0,0000 0,0000
process 0,1625 0,0001
debug 1,8326 0,0007
restore 1,9661 0,0008
cpus 2,1203 0,0009
zoox 4,6052 0,0018
clear 0,0101 0,0000
ltr 0,0000 0,0000
velocity 2,6593 0,0011
clean 1,6094 0,0006
third 0,5447 0,0002
build 0,2357 0,0003
opennebula 2,5257 0,0010
lua 0,0513 0,0000
wireless 1,7720 0,0007
further 0,3711 0,0001
account 0,0000 0,0000
allan 2,9957 0,0012
alphabet 2,4079 0,0010
advance 1,0788 0,0009
dew 2,5257 0,0010
record 0,7765 0,0006
goodreads 4,6052 0,0018
abbr 0,0619 0,0000
stacy 3,9120 0,0016
you 0,0000 0,0000
jump 0,0000 0,0000
prime 2,6593 0,0011
databases 2,0402 0,0008
wavemaker 2,2073 0,0009
past 1,8326 0,0007
impact 0,9163 0,0007
profile 1,0788 0,0004
bill 1,5606 0,0019
july 0,0000 0,0000
opportunity 1,8326 0,0007
court 1,9661 0,0008
subsidiary 2,8134 0,0011
venture 1,8971 0,0008
cancellation 4,6052 0,0018
route 1,6094 0,0006
adult 3,5066 0,0014
theresa 3,9120 0,0016
depict 2,5257 0,0010
subgroup 0,0513 0,0000
sustainable 2,0402 0,0008
robotics 2,8134 0,0011
hot 2,6593 0,0011
transparent 0,0619 0,0000
how 0,0834 0,0000
mturk 4,6052 0,0018
salehsam 4,6052 0,0018
adoption 0,8675 0,0003
journal 0,4780 0,0002
spark 1,7720 0,0007
soho 4,6052 0,0018
dalzell 4,6052 0,0018
term 0,0000 0,0000
acquisition 1,2040 0,0005
deadline 3,5066 0,0014
brad 2,3026 0,0009
mine 1,6607 0,0007
mind 1,6094 0,0006
chip 1,5141 0,0006
replicate 1,8971 0,0008
business 0,3425 0,0003
mini 0,0619 0,0000
retailer 3,5066 0,0014
apartheid 3,9120 0,0016
operational 1,7148 0,0007
serverless 1,9661 0,0008
staff 1,7720 0,0007
right 0,0101 0,0000
assemble 2,5257 0,0010
march 0,0000 0,0000
katherine 2,5257 0,0010
june 0,0000 0,0000
wikitext 0,0000 0,0000
stage 1,2040 0,0005
paul 0,7765 0,0003
under 0,0101 0,0000
analytic 1,4271 0,0006
spotlight 2,9957 0,0012
quarter 2,8134 0,0011
die 2,6593 0,0011
london 1,3863 0,0006
retrieved 3,5066 0,0014
cloudfront 4,6052 0,0018
liquavista 4,6052 0,0018
autocapitalize 0,0000 0,0000
down 0,8440 0,0003
hold 0,7985 0,0003
div 0,0000 0,0000
later 0,4005 0,0002
keyspaces 4,6052 0,0018
prior 1,3093 0,0005
bracket 0,0619 0,0000
wgpagename 0,0000 0,0000
talk 0,0000 0,0000
impair 2,9957 0,0012
richard 0,9676 0,0004
dedicated 1,6094 0,0006
commonly 0,6931 0,0003
bray 2,8134 0,0011
finally 1,4271 0,0006
count 0,0513 0,0000
hatnote 0,2107 0,0001
thereafter 2,8134 0,0011
mentoring 3,5066 0,0014
brown 1,8971 0,0008
pinnable 0,0000 0,0000
take 0,2877 0,0003
vision 1,1394 0,0005
month 0,7133 0,0003
tradeweb 4,6052 0,0018
wgrevisionid 0,0000 0,0000
relatively 1,0498 0,0004
some 0,1744 0,0001
virtual 0,4620 0,0002
anita 4,6052 0,0018
mobipocket 4,6052 0,0018
rather 0,5978 0,0002
soma 4,6052 0,0018
session 1,7720 0,0007
additional 0,0000 0,0000
back 0,6349 0,0003
mach 2,8134 0,0011
training 1,4697 0,0006
malaysia 3,5066 0,0014
title 0,0000 0,0000
patroltoken 0,0000 0,0000
maureen 3,9120 0,0016
miss 1,3471 0,0005
states 0,4943 0,0002
load 0,0202 0,0000
redshift 3,5066 0,0014
zdnet 1,4697 0,0006
imdbpro 4,6052 0,0018
alpha 0,0101 0,0000
company 0,4308 0,0003
reception 2,6593 0,0011
human 0,9416 0,0004
just 0,4943 0,0002
prince 3,5066 0,0014
relax 3,2189 0,0013
asia 2,4079 0,0010
custom 0,0000 0,0000
permission 1,6607 0,0007
orionvm 2,5257 0,0010
statistically 3,2189 0,0013
autoscale 4,6052 0,0018
home 0,8675 0,0003
michael 0,7133 0,0003
print 0,0000 0,0000
approximately 1,8971 0,0008
hub 1,9661 0,0008
material 0,7765 0,0006
inherit 0,0101 0,0000
asin 4,6052 0,0018
wiggers 2,9957 0,0012
grant 1,6094 0,0006
articles 1,0217 0,0004
upcoming 2,2073 0,0009
president 1,9661 0,0008
lazada 3,9120 0,0016
synergy 3,5066 0,0014
construct 1,3471 0,0005
america 1,7720 0,0007
division 2,0402 0,0008
dmy 0,0000 0,0000
executive 1,5606 0,0006
navigation 0,0000 0,0000
balance 1,7148 0,0007
action 0,0000 0,0000
lock 0,0101 0,0000
mosca 3,9120 0,0016
text 0,0000 0,0000
macmillan 2,5257 0,0010
python 0,6539 0,0003
ppvisitednode 0,0000 0,0000
cookie 0,0000 0,0000
topology 2,6593 0,0011
classified 3,9120 0,0016
sense 1,3093 0,0005
stall 2,6593 0,0011
dynamo 4,6052 0,0018
protest 2,6593 0,0021
loading 0,0000 0,0000
warner 3,2189 0,0013
bezos 4,6052 0,0018
heavy 2,1203 0,0009
servicenow 3,9120 0,0016
contents 0,0000 0,0000
evaluate 1,3093 0,0005
status 0,0000 0,0000
trading 2,1203 0,0009
server 0,4005 0,0003
shield 2,8134 0,0011
simpledb 4,6052 0,0018
curve 2,1203 0,0009
dot 0,8210 0,0003
skin 0,0000 0,0000
deliver 1,1394 0,0005
moses 4,6052 0,0018
summer 1,6607 0,0007
eight 1,8326 0,0007
mention 1,7148 0,0007
products 1,4271 0,0006
robert 0,9676 0,0004
streaming 2,1203 0,0009
file 0,0000 0,0000
government 1,2379 0,0010
known 2,6593 0,0011
stream 1,0788 0,0004
condemnation 4,6052 0,0018
steve 1,1394 0,0005
crime 2,2073 0,0009
libre 2,9957 0,0012
man 1,8326 0,0007
stand 1,1712 0,0005
map 0,8210 0,0003
wgnoticeproject 0,0000 0,0000
cloudformation 4,6052 0,0018
together 0,5978 0,0002
mar 2,5257 0,0010
mat 3,5066 0,0014
annapurna 4,6052 0,0018
may 0,0000 0,0000
max 0,0513 0,0000
within 0,3011 0,0001
could 0,4780 0,0002
strike 2,8134 0,0023
health 1,5606 0,0006
trigger 0,0513 0,0000
menu 0,0000 0,0000
url 0,0000 0,0000
machine 0,2744 0,0001
able 0,9943 0,0004
gpus 2,8134 0,0011
return 0,0000 0,0000
subject 1,1087 0,0004
use 0,0000 0,0000
main 0,0000 0,0000
networking 1,5606 0,0006
usi 4,6052 0,0018
radio 1,6607 0,0007
revenue 1,8971 0,0008
solution 0,5621 0,0002
continuous 1,1087 0,0004
host 0,6539 0,0008
accelerate 1,8326 0,0007
logo 0,0000 0,0000
credit 1,6094 0,0013
international 0,3011 0,0001
combine 0,7340 0,0003
fujitsu 2,5257 0,0010
loft 4,6052 0,0037
workflow 1,7720 0,0007
utc 0,0000 0,0000
occur 0,7765 0,0012
freevee 4,6052 0,0018
canonical 0,0408 0,0000
sistersitebox 0,6539 0,0003
sustainability 2,5257 0,0010
feed 1,9661 0,0008
wgcurrevisionid 0,0000 0,0000
astro 3,2189 0,0013
task 0,5108 0,0002
null 0,0000 0,0000
background 0,0101 0,0000
transit 2,8134 0,0011
true 0,0000 0,0000
header 0,0000 0,0000
ebay 3,5066 0,0014
position 1,5141 0,0006
watchtoken 0,0000 0,0000
present 0,5621 0,0005
harvard 1,7148 0,0007
since 0,3425 0,0001
mdy 1,6094 0,0006
cocaine 2,5257 0,0010
martian 4,6052 0,0018
delete 0,4155 0,0002
foreach 0,0000 0,0000
hour 1,4697 0,0006
vermeulen 4,6052 0,0018
advise 2,6593 0,0011
competitor 1,9661 0,0008
repeat 0,0101 0,0000
physical 1,0217 0,0004
make 0,1165 0,0002
smugmug 4,6052 0,0018
beta 1,3863 0,0006
wggestructuredtaskrejectionreasontextinputenable 0,0000 0,0000
execution 0,7340 0,0003
gorilla 3,5066 0,0014
gregory 2,5257 0,0010
rebuke 4,6052 0,0018
structure 0,4155 0,0003
due 0,5108 0,0002
online 0,7340 0,0003
lohr 3,2189 0,0013
skok 4,6052 0,0018
inform 1,6607 0,0007
glue 3,2189 0,0013
commit 1,2730 0,0010
patch 1,5141 0,0018
firm 1,3863 0,0006
bank 1,9661 0,0008
mgm 4,6052 0,0018
reflect 1,1712 0,0005
contribution 0,0000 0,0000
ongoing 1,9661 0,0008
foundational 3,5066 0,0014
fire 1,7148 0,0007
stick 2,8134 0,0011
pentagon 3,9120 0,0016
recursion 0,0513 0,0000
comprise 2,1203 0,0009
czech 0,9163 0,0004
goals 3,5066 0,0014
height 0,0101 0,0000
proton 2,4079 0,0010
sagemaker 4,6052 0,0018
alibaba 1,8326 0,0007
based 2,8134 0,0011
august 0,0000 0,0000
module 0,0000 0,0000
wikibase 0,0619 0,0000
invent 1,7720 0,0007
datemodify 0,0619 0,0000
labor 2,5257 0,0010
librarything 4,6052 0,0018
miller 1,7720 0,0007
meta 1,4271 0,0006
processing 0,6162 0,0002
athena 4,6052 0,0018
programs 2,2073 0,0009
ministry 3,5066 0,0014
notheme 0,3711 0,0001
scan 1,9661 0,0008
mid 3,5066 0,0014
global 0,7985 0,0003
iac 3,2189 0,0013
industry 0,7550 0,0006
bytedance 3,9120 0,0016
into 0,1985 0,0001
nimbula 2,5257 0,0010
min 0,1165 0,0000
iam 3,2189 0,0013
operating 0,9416 0,0004
free 0,0000 0,0000
relationship 1,0788 0,0004
mix 1,2379 0,0005
workers 3,9120 0,0016
redirect 1,1087 0,0004
lexcycle 4,6052 0,0018
invade 3,9120 0,0016
middle 0,7765 0,0003
undifferentiated 4,6052 0,0018
associates 2,6593 0,0011
beanstalk 3,5066 0,0014
many 0,2357 0,0001
people 0,9943 0,0004
democracy 3,2189 0,0013
entrepreneur 2,9957 0,0012
stay 2,1203 0,0009
evolve 1,0498 0,0004
fishbowl 4,6052 0,0018
extensive 1,5141 0,0006
face 1,1712 0,0019
ibm 0,5621 0,0002
collaboration 1,1394 0,0005
bureaucracy 3,9120 0,0016
operation 0,5108 0,0002
open 0,1625 0,0003
agent 1,3863 0,0006
bishop 2,9957 0,0012
wholly 3,9120 0,0016
tbody 0,6931 0,0003
invest 1,7720 0,0007
bicheno 4,6052 0,0018
project 0,0000 0,0000
seven 1,8326 0,0007
enhancement 0,0101 0,0000
nicole 2,9957 0,0012
inside 0,0101 0,0000
mainly 1,5141 0,0006
barr 3,2189 0,0013
genesis 2,5257 0,0010
libguestf 2,5257 0,0010
techcrunch 1,3093 0,0005
california 1,2379 0,0005
five 0,9943 0,0004
abebooks 4,6052 0,0018
cheaply 4,6052 0,0018
surprise 3,5066 0,0014
mechanicalturk 4,6052 0,0018
multiplier 4,6052 0,0018
zadara 2,5257 0,0010
please 0,8210 0,0003
collection 0,6733 0,0003
idg 2,1203 0,0009
discrete 1,8326 0,0007
disrupt 2,8134 0,0011
dropbox 2,3026 0,0009
campaign 2,2073 0,0009
haranas 4,6052 0,0018
internet 0,5447 0,0002
conflict 1,6094 0,0006
allow 0,1863 0,0001
appliance 1,7148 0,0007
wired 1,2040 0,0005
isbn 0,1054 0,0000
rule 0,5978 0,0005
rushton 4,6052 0,0018
update 0,4463 0,0005
condemn 3,9120 0,0016
motors 3,2189 0,0013
speed 0,9416 0,0004
apple 1,1712 0,0005
admit 2,8134 0,0011
interest 0,9943 0,0004
linux 0,8916 0,0004
placeholder 0,0000 0,0000
middleware 1,6607 0,0007
summary 1,6607 0,0007
minitv 4,6052 0,0018
apply 0,0000 0,0000
again 1,2379 0,0005
artificial 1,1712 0,0005
rightscale 2,5257 0,0010
removal 1,6607 0,0007
relational 1,5606 0,0006
step 0,7765 0,0003
revolt 4,6052 0,0018
fireside 4,6052 0,0018
mark 0,6733 0,0003
base 0,0305 0,0000
indiana 3,5066 0,0014
stem 2,5257 0,0010
employ 1,3093 0,0005
mod 3,2189 0,0013
runa 0,9416 0,0004
disadvantaged 3,9120 0,0016
seafile 2,5257 0,0010
maximization 3,2189 0,0013
jeff 1,6607 0,0007
whole 1,2040 0,0005
during 0,5447 0,0002
consist 0,6539 0,0005
reliable 0,7765 0,0003
charitable 4,6052 0,0018
relate 0,0000 0,0000
enable 0,0000 0,0000
price 1,2730 0,0005
sidebar 0,0000 0,0000
limitreport 0,0000 0,0000
games 1,9661 0,0008
decoration 0,0619 0,0000
reflist 0,0101 0,0000
azure 1,2730 0,0005
van 1,3093 0,0005
var 0,0000 0,0000
work 0,2231 0,0002
lose 1,3093 0,0005
matt 1,7720 0,0007
agree 0,0101 0,0000
wgulsislanguageselectorempty 0,0000 0,0000
toward 1,5606 0,0006
books 1,7148 0,0007
cloudsparte 4,6052 0,0018
among 0,5276 0,0002
convince 2,6593 0,0011
annie 3,9120 0,0016
openstack 2,1203 0,0009
registration 0,0101 0,0000
snowball 4,6052 0,0018
word 0,0101 0,0000
internal 0,8210 0,0003
foundation 0,0000 0,0000
privilege 1,8971 0,0008
secret 1,6607 0,0013
pictures 3,9120 0,0016
across 0,5798 0,0002
fall 1,2379 0,0005
kyle 2,4079 0,0010
identity 1,2379 0,0005
openqrm 2,5257 0,0010
federal 1,7148 0,0007
event 0,0000 0,0000
europe 1,7720 0,0007
delineate 3,5066 0,0014
include 0,0000 0,0000
alongside 1,6607 0,0007
agency 1,6607 0,0007
facebook 1,3863 0,0006
toggle 0,0000 0,0000
nice 3,2189 0,0013
appearance 0,0000 0,0000
classname 0,0000 0,0000
vdc 2,5257 0,0010
ebs 3,5066 0,0014
anonymous 2,1203 0,0009
wggetopicsmatchmodeenable 0,0000 0,0000
first 0,0408 0,0000
span 1,2730 0,0005
voice 1,6094 0,0006
jassy 4,6052 0,0018
sellaband 4,6052 0,0018
nowrap 0,0408 0,0000
perfect 2,5257 0,0010
prefer 0,0101 0,0000
impediment 3,5066 0,0014
roman 0,0101 0,0000
wgrelevantpageisprobablyeditable 0,0000 0,0000
float 0,0101 0,0000
minority 2,9957 0,0012
transclusion 0,0619 0,0000
space 0,0408 0,0000
reference 0,0101 0,0000
ecs 2,6593 0,0011
portfolio 2,6593 0,0011
ambox 0,7133 0,0003
equinix 4,6052 0,0018
titan 3,9120 0,0016
html 0,4463 0,0002
joyent 2,4079 0,0010
wakame 2,5257 0,0010
bottom 0,0000 0,0000
edf 4,6052 0,0018
wakeup 4,6052 0,0018
commitment 2,0402 0,0008
crockcroft 4,6052 0,0018
revision 0,0000 0,0000
edp 4,6052 0,0018
magyar 0,3425 0,0001
unreliable 2,2073 0,0009
publisher 0,0000 0,0000
snowmobile 4,6052 0,0018
img 0,0408 0,0000
livingsocial 4,6052 0,0018
configuration 0,7550 0,0003
o'reilly 0,6733 0,0003
steal 2,0402 0,0008
interact 1,1712 0,0009
maryam 3,9120 0,0016
rlstate 0,0000 0,0000
error 0,0101 0,0000
hitchens 4,6052 0,0018
platform 0,0000 0,0000
network 0,3285 0,0003
terrorist 3,2189 0,0013
paper 0,9416 0,0004
public 0,4155 0,0002
spend 1,3863 0,0011
lumberyard 4,6052 0,0018
value 0,0000 0,0000
inc 1,3093 0,0005
opaque 2,5257 0,0010
instead 0,4463 0,0002
ultimately 2,2073 0,0009
command 0,7133 0,0003
expensive 0,0408 0,0000
biddle 3,9120 0,0016
efs 3,5066 0,0014
trade 1,3863 0,0006
round 1,3093 0,0005
maint 0,0101 0,0000
wiktionary 0,5798 0,0002
growth 1,2040 0,0005
platformversion 0,0000 0,0000
standstill 4,6052 0,0018
providers 3,9120 0,0016
temporary 1,8971 0,0008
references 0,0513 0,0000
saved 0,0619 0,0000
year 0,2614 0,0002
resolution 1,8326 0,0007
building 0,7985 0,0003
iot 1,9661 0,0008
via 0,3011 0,0001
properly 1,3471 0,0005
music 1,7720 0,0007
quote 0,0101 0,0000
transworld 4,6052 0,0018
clayvalet 4,6052 0,0018
farm 2,4079 0,0019
understanding 1,4271 0,0006
visual 0,9416 0,0004
improbable 4,6052 0,0018
because 0,0000 0,0000
near 1,2730 0,0005
ram 2,0402 0,0008
wolken 4,6052 0,0018
adapter 2,8134 0,0011
agreement 1,3093 0,0005
internally 1,8326 0,0007
upgrade 1,5141 0,0006
google 0,4005 0,0002
ray 1,8971 0,0008
community 0,0000 0,0000
version 0,0000 0,0000
eesti 0,3285 0,0001
israeli 3,9120 0,0016
detail 0,7133 0,0003
metrics 2,5257 0,0010
shopee 3,9120 0,0016
goliath 4,6052 0,0018
comixology 4,6052 0,0018
sonne 4,6052 0,0018
criterion 1,5606 0,0006
least 0,9676 0,0004
manual 1,1394 0,0005
wgusergroup 0,0000 0,0000
subsequently 1,6094 0,0006
dollar 1,8971 0,0008
founding 2,8134 0,0011
hungry 3,9120 0,0016
aspect 0,7765 0,0003
itiviti 4,6052 0,0018
naturalize 4,6052 0,0018
wikipedia 0,0000 0,0000
scott 1,0217 0,0004
close 0,8210 0,0013
website 0,3711 0,0003
mitigate 1,8326 0,0007
learn 0,0000 0,0000
songza 3,9120 0,0016
fast 0,4943 0,0004
severe 2,5257 0,0010
aerospace 2,5257 0,0010
exploit 1,6607 0,0007
citizens 3,9120 0,0016
vcloud 2,3026 0,0009
register 0,0000 0,0000
rds 3,2189 0,0013
screening 3,9120 0,0016
communicate 1,1394 0,0005
republic 0,8916 0,0004
mackenzie 2,9957 0,0012
microelectronics 2,9957 0,0012
official 0,6162 0,0002
acm 0,8675 0,0003
pandemic 1,9661 0,0008
kinesis 4,6052 0,0018
outsystems 2,5257 0,0010
autonomy 3,2189 0,0013
post 0,0202 0,0000
leave 0,0101 0,0000
elb 4,6052 0,0018
kindle 3,2189 0,0013
nina 3,9120 0,0016
add 0,0000 0,0000
obligatory 4,6052 0,0018
need 0,1393 0,0001
its 0,0726 0,0000
often 0,2877 0,0001
elt 0,6931 0,0003
article 0,0000 0,0000
dynamodb 3,5066 0,0014
reflexive 3,9120 0,0016
canada 1,6607 0,0007
parser 0,0000 0,0000
neptune 2,9957 0,0012
pharmacy 4,6052 0,0018
http 0,0000 0,0000
emc 2,4079 0,0010
decimal 0,0101 0,0000
washington 1,5141 0,0006
income 2,4079 0,0010
trust 1,2730 0,0005
jelastic 2,2073 0,0009
private 0,8210 0,0003
technical 0,6349 0,0003
united 0,4780 0,0002
standardization 1,6094 0,0006
choose 0,8440 0,0003
emr 4,6052 0,0018
directory 1,5141 0,0006
wghostname 0,0000 0,0000
prevent 0,7340 0,0003
benjamin 1,7720 0,0007
vol 1,1712 0,0005
wgtitle 0,0000 0,0000
engine 0,4780 0,0002
intentionally 2,3026 0,0009
end 0,3011 0,0001
kahle 3,9120 0,0016
satellite 2,5257 0,0010
surveillance 2,5257 0,0010
capitalist 2,8134 0,0011
identify 0,6733 0,0003
wgdigittransformtable 0,0000 0,0000
citizenship 4,6052 0,0018
vpc 3,9120 0,0016
attacker 2,3026 0,0009
hlist 0,0408 0,0000
rick 2,8134 0,0011
label 0,0000 0,0000
message 0,3857 0,0002
forum 1,3863 0,0006
special 0,0000 0,0000
environment 0,4308 0,0002
vpn 2,6593 0,0011
rlconf 0,0000 0,0000
pledge 2,6593 0,0011
family 1,0217 0,0004
age 1,2730 0,0005
bookfinder 4,6052 0,0018
occupation 3,2189 0,0013
bahasa 0,3285 0,0001
release 0,2744 0,0003
ago 0,7765 0,0003
caption 0,3567 0,0001
number 0,0000 0,0000
wgbackendresponsetime 0,0000 0,0000
shorten 0,0000 0,0000
centers 3,2189 0,0013
decline 2,9957 0,0012
algorithm 0,8675 0,0003
partnership 1,9661 0,0016
swiss 2,1203 0,0009
forth 1,8971 0,0008
system 0,0101 0,0000
issn 0,7765 0,0003
atmo 2,5257 0,0010
other 0,0000 0,0000
aim 0,8210 0,0003
city 1,4697 0,0006
barons 4,6052 0,0018
kuiper 4,6052 0,0018
openshift 2,2073 0,0009
air 1,8326 0,0007
cell 0,4308 0,0002
holiday 4,6052 0,0018
local 0,7985 0,0003
retail 2,0402 0,0008
manufacturer 2,3026 0,0009
benrath 4,6052 0,0018
era 2,2073 0,0009
share 0,4620 0,0004
deployment 0,7985 0,0003
outposts 3,9120 0,0016
chairman 2,4079 0,0010
ciso 3,9120 0,0016
powerful 1,4697 0,0006
aka 2,6593 0,0011
future 0,5978 0,0002
rlq 0,0000 0,0000
cite 0,0000 0,0000
governance 1,6094 0,0006
francisco 1,6607 0,0007
orchestration 2,3026 0,0009
screen 0,0101 0,0000
greenpeace 3,9120 0,0016
body 0,0000 0,0000
mode 0,0000 0,0000
biljon 4,6052 0,0018
pages 0,0000 0,0000
alb 4,6052 0,0018
motley 4,6052 0,0018
net 0,9416 0,0004
newpp 0,0619 0,0000
qualify 2,8134 0,0011
all 0,0408 0,0000
border 0,0000 0,0000
keynote 2,5257 0,0020
new 0,0000 0,0000
read 0,0000 0,0000
already 1,1087 0,0004
below 0,7550 0,0003
richman 3,9120 0,0016
real 0,0408 0,0000
clientpref 0,0000 0,0000
tencent 3,5066 0,0014
tool 0,0000 0,0000
tony 1,8326 0,0007
unit 0,6539 0,0005
activate 2,2073 0,0009
ami 3,9120 0,0016
facilitate 0,8440 0,0003
leverage 1,3863 0,0006
cnbc 2,1203 0,0009
unexpectedly 3,9120 0,0016
rob 2,3026 0,0009
shelfari 4,6052 0,0018
financial 1,4697 0,0006
extremetech 3,9120 0,0016
wgpagecontentlanguage 0,0000 0,0000
media 0,2485 0,0001
around 0,6931 0,0003
ron 1,8971 0,0008
telegraph 2,8134 0,0011
wgisarticle 0,0000 0,0000
today 1,0788 0,0004
construction 1,2379 0,0005
row 0,4943 0,0002
render 0,0513 0,0000
roy 2,5257 0,0010
mikhail 3,2189 0,0013
any 0,2107 0,0001
application 0,0943 0,0001
wgflaggedrevsparams 0,0000 0,0000
strategy 0,7340 0,0003
risky 3,2189 0,0013
collapse 0,0408 0,0000
axiom 2,6593 0,0011
reason 0,7985 0,0003
foods 4,6052 0,0018
ring 2,2073 0,0009
maintain 0,3567 0,0001
wgrelevantarticleid 0,0000 0,0000
preprocessor 0,0513 0,0000
shift 1,4697 0,0006
nic 3,5066 0,0014
echo 2,2073 0,0009
expertise 2,1203 0,0009
mbox 0,7133 0,0003
java 0,6162 0,0002
annual 1,0788 0,0004
english 0,0000 0,0000
exclusive 2,4079 0,0010
zealand 2,9957 0,0012
api 0,3425 0,0003
guardduty 4,6052 0,0018
jorgensen 4,6052 0,0018
apn 4,6052 0,0018
fully 0,8210 0,0003
robops 4,6052 0,0018
app 0,9943 0,0008
cache 0,0305 0,0000
margin 0,0000 0,0000
mitigation 2,9957 0,0012
suomi 0,2107 0,0001
wgrequestid 0,0000 0,0000
remain 0,7550 0,0003
reed 2,9957 0,0012
enwikimwclientpreference 0,0000 0,0000
rlpagemodules 0,0000 0,0000
demand 1,1712 0,0005
igdb 4,6052 0,0018
nosql 1,8326 0,0007
viaf 2,4079 0,0010
zappos 4,6052 0,0018
himself 3,2189 0,0013
spheres 4,6052 0,0018
alex 1,3863 0,0006
atomic 2,0402 0,0008
grade 3,9120 0,0016
samea 0,0000 0,0000
photography 3,2189 0,0013
dlvqn 4,6052 0,0018
wgwikibaseitemid 0,0000 0,0000
miggo 4,6052 0,0018
wgulsiscompactlinksenable 0,0000 0,0000
another 0,3567 0,0001
automatically 0,7765 0,0003
pagevariantfallback 0,0000 0,0000
miguel 3,5066 0,0014
recommend 1,4697 0,0006
acquire 1,1087 0,0009
worth 2,5257 0,0010
webarchive 0,7985 0,0003
default 0,6931 0,0003
mojo 2,9957 0,0012
wgmonthname 0,0000 0,0000
grace 2,6593 0,0011
disabled 0,0000 0,0000
where 0,2744 0,0001
attribute 0,7765 0,0006
arm 1,6607 0,0007
popular 0,6539 0,0003
timestamp 0,0000 0,0000
scaling 2,0402 0,0008
cloudreach 4,6052 0,0018
withoutabox 4,6052 0,0018
black 1,5141 0,0006
tour 3,5066 0,0014
call 0,0101 0,0000
such 0,0943 0,0000
cnet 1,7720 0,0007
kick 3,5066 0,0014
ownership 2,2073 0,0009
escalation 2,6593 0,0011
partners 2,9957 0,0012
describe 0,2485 0,0002
asn 3,2189 0,0013
dilemma 2,8134 0,0011
foundry 2,3026 0,0009
through 0,2107 0,0001
officer 2,0402 0,0008
run 0,3011 0,0002
incorporate 1,1712 0,0005
microsoft 0,4005 0,0002
research 0,5621 0,0002
denaturalization 4,6052 0,0018
either 0,5621 0,0002
view 0,0000 0,0000
vulnerable 1,7720 0,0007
white 0,0305 0,0000
mercado 3,9120 0,0016
segment 1,8326 0,0007
thailand 3,2189 0,0013
huge 1,8326 0,0007
donate 0,0000 0,0000
tesco 4,6052 0,0018
watcher 3,9120 0,0016
town 2,8134 0,0011
bloomberg 1,7148 0,0007
bold 0,0408 0,0000
engineering 0,3857 0,0002
significant 0,6931 0,0003
salehaugust 4,6052 0,0018
wondery 4,6052 0,0018
allgemeine 4,6052 0,0018
vogels 4,6052 0,0018
name 0,0000 0,0000
linode 2,5257 0,0010
walkthrough 4,6052 0,0018
cputime 0,0000 0,0000
watchlist 0,0000 0,0000
migrate 2,0402 0,0025
crunch 3,2189 0,0013
next 0,5798 0,0002
retrain 3,9120 0,0016
shop 2,5257 0,0010
color 0,0101 0,0000
unlawful 4,6052 0,0018
book 0,4308 0,0003
nearly 1,4697 0,0006
truck 3,5066 0,0014
show 0,0513 0,0000
description 0,0000 0,0000
edition 0,7985 0,0003
blink 2,5257 0,0010
summit 2,0402 0,0008
redundant 2,8134 0,0011
scalability 1,3093 0,0005
recession 4,6052 0,0018
button 1,7720 0,0007
usable 2,1203 0,0009
not 0,0101 0,0000
central 0,9416 0,0004
netease 3,9120 0,0016
pizza 3,9120 0,0031
street 1,5606 0,0006
kuaishou 3,9120 0,0016
now 0,4308 0,0002
statement 0,0000 0,0000
trademark 0,0101 0,0000
greek 0,0101 0,0000
news 0,4620 0,0002
delivery 1,4697 0,0006
outage 2,4079 0,0019
green 1,3863 0,0006
race 1,8971 0,0008
introduce 0,3285 0,0003
valentine 3,9120 0,0016
way 0,2485 0,0002
target 0,0101 0,0000
jeffrey 1,7148 0,0007
tokyo 2,8134 0,0011
what 0,0000 0,0000
guidance 1,8971 0,0008
refer 0,4155 0,0002
israel 0,7550 0,0003
sigmoid 3,5066 0,0014
risk 0,8916 0,0004
aws 1,3471 0,0005
rise 1,2379 0,0005
cape 4,6052 0,0018
underpin 2,6593 0,0011
mayer 3,5066 0,0014
container 0,0000 0,0000
leader 1,6607 0,0007
colin 2,8134 0,0011
trump 2,6593 0,0011
yard 2,5257 0,0010
bounce 4,6052 0,0018
developers 0,0000 0,0000
quickly 1,1087 0,0004
usage 0,0000 0,0000
wgmediaviewerenabledbydefault 0,0000 0,0000
nearby 0,0000 0,0000
when 0,0834 0,0000
explanatory 3,5066 0,0014
connectivity 2,1203 0,0009
stuck 4,6052 0,0018
severely 3,9120 0,0016
cash 2,2073 0,0009
plan 0,7985 0,0006
dashboard 2,0402 0,0008
designate 1,9661 0,0008
burnson 4,6052 0,0018
generation 1,2040 0,0005
accelerator 2,1203 0,0009
give 0,4780 0,0004
item 0,0000 0,0000
subscriber 2,9957 0,0024
wgmediavieweronclick 0,0000 0,0000
double 1,0498 0,0004
wgulsposition 0,0000 0,0000
lofts 4,6052 0,0018
rendering 2,4079 0,0010
melayu 0,6349 0,0003
davis 1,7148 0,0007
carr 3,9120 0,0016
openio 2,5257 0,0010
wgbreakframe 0,0000 0,0000
phone 1,4271 0,0006
rely 0,6931 0,0008
metro 3,5066 0,0014
italiano 0,1278 0,0001
sticky 0,0000 0,0000
style 0,0000 0,0000
completely 1,4271 0,0006
shipt 4,6052 0,0018
participation 2,2073 0,0009
explicitly 1,2040 0,0005
searchinput 0,0000 0,0000
microservice 2,6593 0,0011
portion 1,5141 0,0006
direct 0,8440 0,0003
irish 3,9120 0,0016
pattern 0,5978 0,0005
commons 0,0000 0,0000
arabia 2,9957 0,0012
julie 2,6593 0,0011
modern 0,7340 0,0003
web 0,1165 0,0000
pantry 4,6052 0,0018
financing 3,2189 0,0013
berlin 1,8326 0,0007
architecture 0,0000 0,0000
insider 1,5606 0,0006
bort 3,9120 0,0016
fildes 4,6052 0,0018
vegas 3,2189 0,0013
more 0,0000 0,0000
display 0,0000 0,0000
climate 2,4079 0,0010
mexico 2,9957 0,0012
nasa 2,1203 0,0009
shopify 3,5066 0,0014
organization 0,0000 0,0000
ovirt 2,3026 0,0009
forbes 1,5141 0,0006
width 0,0000 0,0000
pinkham 4,6052 0,0018
board 1,0217 0,0004
statistics 0,0000 0,0000
booking 3,9120 0,0016
navy 3,2189 0,0013
tesla 2,6593 0,0011
fee 2,2073 0,0009
baidu 2,4079 0,0010
section 0,7340 0,0003
simple 0,2231 0,0001
alleviate 3,2189 0,0013
cloud 0,6349 0,0005
protocol 0,5621 0,0002
overflow 0,3567 0,0001
percentage 2,2073 0,0009
few 0,7133 0,0003
vine 3,5066 0,0014
adam 1,5606 0,0006
hunt 2,6593 0,0011
visible 0,0101 0,0000
marketplace 2,3026 0,0009
orient 0,5447 0,0002
both 0,0305 0,0000
important 0,0101 0,0000
market 0,9943 0,0008
most 0,2107 0,0001
transfer 0,7985 0,0003
phrase 1,6094 0,0006
veteran 4,6052 0,0018
outside 1,1087 0,0004
daily 1,8326 0,0007
effect 0,8440 0,0007
keep 0,6733 0,0003
topic 0,0000 0,0000
option 0,9416 0,0004
who 0,5621 0,0002
game 0,7765 0,0003
unexpected 2,4079 0,0010
unveil 2,3026 0,0009
contribute 0,0000 0,0000
jon 1,6607 0,0007
why 0,6539 0,0003
alto 2,8134 0,0011
uber 2,8134 0,0011
generative 2,6593 0,0011
highlight 1,3093 0,0005
database 0,2485 0,0002
along 0,7340 0,0003
billion 1,3471 0,0011
david 0,5798 0,0002
profit 2,5257 0,0010
rekognition 4,6052 0,0018
rinse 4,6052 0,0018
sam 1,8326 0,0007
authentication 1,3863 0,0006
nextcloud 2,5257 0,0010
wgseparatortransformtable 0,0000 0,0000
breach 1,6094 0,0013
meituan 3,9120 0,0016
rest 1,0788 0,0004
san 1,2379 0,0005
move 0,0000 0,0000
ooyala 4,6052 0,0018
original 0,0943 0,0000
sap 2,3026 0,0009
also 0,0202 0,0000
say 0,6733 0,0005
amapedia 4,6052 0,0018
handoff 3,9120 0,0016
increase 0,4620 0,0006
kingdom 2,2073 0,0009
cuccinelli 4,6052 0,0018
spread 1,6607 0,0013
inline 0,0408 0,0000
yandex 2,1203 0,0009
various 0,3857 0,0002
organizations 1,5606 0,0006
nyc 4,6052 0,0018
clinic 4,6052 0,0018
visit 0,0408 0,0000
affiliate 2,6593 0,0021
user 0,0000 0,0000
customer 0,7550 0,0006
statista 2,9957 0,0012
mindsphere 2,5257 0,0010
parent 1,8326 0,0007
projects 1,4697 0,0006
workday 2,3026 0,0009
bring 0,9676 0,0008
tooltip 0,8675 0,0003
northeastern 3,5066 0,0014
edwards 2,4079 0,0010
hsieh 3,5066 0,0014
misconfiguration 3,9120 0,0016
offer 0,4155 0,0007
suffer 1,9661 0,0008
complex 0,5621 0,0002
barron 3,9120 0,0016
bbc 1,9661 0,0008
grow 0,8675 0,0010
preston 3,5066 0,0014
documentation 0,6349 0,0003
personal 0,0000 0,0000
former 1,3093 0,0005
saudi 2,9957 0,0012
extend 0,6162 0,0002
imageobject 0,0000 0,0000
shopbop 4,6052 0,0018
sdk 2,4079 0,0019
drive 0,4780 0,0002
dean 2,6593 0,0011
zalando 3,9120 0,0016
deal 1,1712 0,0009
geographical 2,4079 0,0010
strong 0,9943 0,0004
abuse 2,3026 0,0009
be 0,1508 0,0001
scheme 0,0101 0,0000
homeland 3,9120 0,0016
affect 1,0217 0,0008
icon 0,0101 0,0000
expansiondepth 0,0000 0,0000
dead 1,7148 0,0007
customize 1,5141 0,0006
isolate 2,2073 0,0009
revocation 3,9120 0,0016
search 0,0000 0,0000
see 0,0408 0,0000
spacing 0,0619 0,0000
responsibility 1,3863 0,0006
systems 0,4780 0,0002
fool 2,5257 0,0010
wgrelevantpagename 0,0000 0,0000
popularity 1,3093 0,0005
underway 2,9957 0,0012
national 0,4463 0,0002
innovation 1,2379 0,0010
ses 3,5066 0,0014
charge 1,6094 0,0006
contain 0,0101 0,0000
set 0,2107 0,0003
founder 1,4697 0,0012
column 0,0101 0,0000
adobe 2,1203 0,0009
battle 2,4079 0,0010
awesome 3,9120 0,0016
partner 1,7720 0,0014
wgaction 0,0000 0,0000
gralla 4,6052 0,0018
unfit 1,8326 0,0007
essential 1,1087 0,0004
font 0,0000 0,0000
jul 2,9957 0,0012
scalable 1,5141 0,0006
language 0,0000 0,0000
sites 3,2189 0,0013
do 0,1625 0,0001
navbox 0,0943 0,0000
listitem 0,0408 0,0000
bet 3,2189 0,0013
japanese 2,0402 0,0008
shipping 2,9957 0,0012
startup 1,2040 0,0010
advocacy 2,6593 0,0011
contact 0,0000 0,0000
criticism 1,1394 0,0005
commissioner 3,9120 0,0016
programming 0,2744 0,0001
brainstorming 3,9120 0,0016
image 0,0202 0,0000
complain 3,9120 0,0016
planetall 4,6052 0,0018
cryptocurrency 2,5257 0,0010
elemental 4,6052 0,0018
felix 3,2189 0,0013
piece 1,4271 0,0006
party 0,6539 0,0003
frame 1,6094 0,0006
little 1,0788 0,0004
cursor 0,0619 0,0000
however 0,3011 0,0001
fm 4,6052 0,0018
origin 0,0000 0,0000
walltime 0,0000 0,0000
interlanguage 0,0000 0,0000
content 0,0000 0,0000
luna 2,9957 0,0012
random 0,0000 0,0000
desktop 1,0788 0,0004
rate 1,2730 0,0005
jersey 2,4079 0,0010
skill 1,7720 0,0007
client 0,0000 0,0000
json 1,2379 0,0005
patents 4,6052 0,0018
divide 1,4271 0,0006
class 0,0000 0,0000
gehomepagesuggestededitsenabletopic 0,0000 0,0000
digital 0,6162 0,0002
over 0,3285 0,0001
attendee 3,2189 0,0013
six 1,4271 0,0006
false 0,0000 0,0000
counter 0,0408 0,0000
parse 0,0619 0,0000
form 0,3011 0,0001
management 0,2231 0,0001
publish 0,4463 0,0002
developer 0,1744 0,0001
avoid 0,0101 0,0000
gate 2,5257 0,0010
fresh 2,2073 0,0009
he 0,6733 0,0003
merger 2,5257 0,0010
big 0,7550 0,0006
expert 1,3863 0,0006
practice 0,6349 0,0003
select 0,9676 0,0004
fulfill 2,8134 0,0011
advanced 0,7985 0,0003
congress 2,3026 0,0009
mechanical 2,4079 0,0010
recommendation 1,6094 0,0006
output 0,0000 0,0000
orion 2,3026 0,0009
context 0,5978 0,0002
majority 1,5141 0,0006
model 0,0000 0,0000
join 1,1087 0,0013
portal 0,0000 0,0000
reduce 0,0101 0,0000
sentence 0,0000 0,0000
deft 2,5257 0,0010
oct 1,9661 0,0008
issue 0,3425 0,0003
kern 0,0101 0,0000
large 0,2485 0,0003
director 1,6607 0,0007
shareholder 3,9120 0,0031
announce 0,6733 0,0011
odd 0,0943 0,0000
certification 2,0402 0,0008
connor 4,6052 0,0018
operate 0,3567 0,0006
intercept 2,3026 0,0009
farrell 4,6052 0,0018
exclusively 1,6607 0,0007
john 0,5276 0,0002
christopher 1,5141 0,0006
begin 0,5108 0,0004
wgvisualeditor 0,0000 0,0000
become 0,2877 0,0002
goldwyn 4,6052 0,0018
template 0,0000 0,0000
enwiki 0,0619 0,0000
indefinitely 1,9661 0,0008
plate 4,6052 0,0018
subscription 0,0101 0,0000
disposal 3,2189 0,0013
lure 3,9120 0,0016
settlement 2,4079 0,0010
navbar 0,0202 0,0000
world 0,3857 0,0002
ftc 2,6593 0,0011
subbox 0,6931 0,0003
digest 2,9957 0,0012
jenkins 2,5257 0,0010
december 0,0000 0,0000
everything 1,2730 0,0005
guardian 1,8326 0,0007
rafael 2,9957 0,0012
table 0,0000 0,0000
side 0,3425 0,0001
appscale 2,5257 0,0010
break 0,0101 0,0000
reprint 2,9957 0,0012
change 0,0000 0,0000
lawson 2,9957 0,0012
draw 1,7148 0,0014
katie 2,5257 0,0010
printable 0,0000 0,0000
hide 0,0000 0,0000
corporate 1,4697 0,0006
discovery 1,3863 0,0006
report 0,0202 0,0000
sns 4,6052 0,0018
onedrive 2,4079 0,0010
complete 0,4780 0,0002
facilities 3,2189 0,0013
mclaughlin 3,5066 0,0014
accomplishment 3,2189 0,0013
auto 0,0726 0,0000
several 0,4155 0,0002
sign 1,2379 0,0010
office 1,0498 0,0004
outschool 4,6052 0,0018
northern 3,2189 0,0013
wgcanonicalspecialpagename 0,0000 0,0000
while 0,2614 0,0001
locker 4,6052 0,0018
second 0,0408 0,0000
download 0,0000 0,0000
edge 1,2379 0,0005
high 0,0101 0,0000
killalea 4,6052 0,0018
reuters 2,2073 0,0009
split 0,0000 0,0000
helix 2,9957 0,0012
than 0,2357 0,0001
limit 0,0000 0,0000
claim 0,9676 0,0004
seattle 2,4079 0,0010
brian 1,2730 0,0005
different 0,0513 0,0000
contest 3,2189 0,0013
disruption 2,9957 0,0012
level 0,0000 0,0000
author 0,0000 0,0000
greenhouse 3,2189 0,0013
permanently 2,0402 0,0008
edgeiq 4,6052 0,0018
expansion 0,0619 0,0000
amazon 1,0498 0,0004
daniel 1,2040 0,0005
license 0,0000 0,0000
pillpack 4,6052 0,0018
disk 1,3471 0,0005
expand 0,0101 0,0000
documentdb 3,5066 0,0014
dish 3,9120 0,0016
wgmfdisplaywikibasedescription 0,0000 0,0000
retrieve 0,0000 0,0000
spy 2,5257 0,0010
birthday 3,2189 0,0013
datum 0,0408 0,0000
behind 1,2730 0,0005
code 0,0000 0,0000
wgdefaultdateformat 0,0000 0,0000
box 0,0408 0,0000
storage 0,3711 0,0001
head 0,7765 0,0006
libvirt 2,4079 0,0010
total 0,0000 0,0000
sqs 4,6052 0,0018
appstore 3,9120 0,0016
deutsch 0,0943 0,0000
backend 1,7720 0,0007
mirantis 2,4079 0,0010
billionaire 3,5066 0,0014
console 1,7720 0,0007
initiative 1,0217 0,0008
sports 2,9957 0,0012
src 0,6349 0,0003
control 0,1625 0,0001
inktank 2,4079 0,0010
unauthorized 1,9661 0,0008
attribution 0,0000 0,0000
architectures 1,4697 0,0006
strategic 2,0402 0,0008
ssd 2,4079 0,0010
vary 0,0619 0,0000
upper 0,0101 0,0000
sso 3,5066 0,0014
lambda 2,2073 0,0009
extremely 1,7720 0,0007
estimate 1,3863 0,0006
reddit 2,5257 0,0010
behest 4,6052 0,0018
expiry 0,0619 0,0000
minerva 0,0101 0,0000
snowcone 4,6052 0,0018
brand 0,0000 0,0000
publishing 0,7550 0,0003
recent 0,0000 0,0000
they 0,0619 0,0001
zipkin 3,9120 0,0016
edit 0,0000 0,0000
old 0,8675 0,0003
australia 1,8971 0,0008
then 0,3567 0,0001
node 0,0305 0,0000
mission 1,8971 0,0008
twelve 2,9957 0,0012
oppose 1,6094 0,0006
twilio 3,9120 0,0016
device 0,7550 0,0006
access 0,2877 0,0002
conference 0,3425 0,0001
primitive 1,8326 0,0015
wickr 4,6052 0,0018
simi 0,9416 0,0004
overcome 1,9661 0,0008
netflix 2,9957 0,0012
seek 1,4697 0,0006
sun 1,2730 0,0005
offline 2,5257 0,0010
selflink 0,0101 0,0000
current 0,0000 0,0000
artists 4,6052 0,0018
origins 2,8134 0,0011
vector 0,0000 0,0000
coombs 4,6052 0,0018
liam 2,8134 0,0011
paved 4,6052 0,0018
key 0,0305 0,0000
silk 2,2073 0,0009
cachereport 0,0000 0,0000
storm 2,8134 0,0011
decision 0,8675 0,0003
manager 0,8440 0,0003
amie 4,6052 0,0018
svg 1,0788 0,0004
flipkart 3,9120 0,0016
one 0,0943 0,0001
spotify 3,5066 0,0014
maker 1,8971 0,0015
launch 0,9943 0,0012
store 0,5447 0,0004
confirm 1,6094 0,0006
single 0,3147 0,0001
entityaccesscount 0,0000 0,0000
buzzfeed 3,9120 0,0016
bug 0,8675 0,0003
elastic 2,3026 0,0009
closed 1,7720 0,0007
splunk 2,4079 0,0010
fourth 1,8971 0,0008
abiquo 2,5257 0,0010
story 1,2730 0,0005
country 1,3863 0,0011
commercial 0,8440 0,0003
workspace 2,2073 0,0009
predix 2,5257 0,0010
separate 0,6162 0,0002
buy 1,4271 0,0011
available 0,0000 0,0000
richter 4,6052 0,0018
yahoo 2,5257 0,0010
variant 0,0619 0,0000
transcoder 4,6052 0,0018
military 2,1203 0,0009
up 2,8134 0,0011
generate 0,8210 0,0003
unusual 2,5257 0,0010
elasticache 3,9120 0,0016
frankfurter 4,6052 0,0018
oracle 0,8916 0,0004
studios 2,6593 0,0011
purchaser 4,6052 0,0018
degree 1,7720 0,0007
this 0,1278 0,0001
memusage 0,0000 0,0000
opt 2,3026 0,0009
especially 0,8210 0,0003
failure 1,1087 0,0004
procurement 3,9120 0,0016
hint 2,5257 0,0010
solve 0,9416 0,0004
know 0,2231 0,0001
region 2,0402 0,0016
support 0,1393 0,0001
yearly 2,8134 0,0011
hire 2,2073 0,0009
breakthrough 3,5066 0,0014
idea 0,9676 0,0004
wgpopupsflag 0,0000 0,0000
kid 3,5066 0,0014
polski 0,1165 0,0000
privacy 0,0000 0,0000
learning 0,8916 0,0004
we 1,3093 0,0005
underrepresented 4,6052 0,0018
kakao 3,9120 0,0016
gas 2,5257 0,0010
throughout 1,6094 0,0006
seregine 4,6052 0,0018
normal 0,0202 0,0000
wide 0,6539 0,0003
teach 2,4079 0,0010
vercel 2,4079 0,0010
casey 2,9957 0,0012
fowler 1,7720 0,0007
technology 0,1863 0,0001
stone 2,9957 0,0012
willem 4,6052 0,0018
greenqloud 2,5257 0,0010
litigation 2,4079 0,0010
wgarticleid 0,0000 0,0000
migration 1,4697 0,0006
pagelanguagedir 0,0000 0,0000
wgcitereferencepreviewsactive 0,0000 0,0000
compensation 2,6593 0,0011
location 0,9943 0,0008
compromise 1,8326 0,0007
ecosystem 1,2040 0,0005
software 0,0000 0,0000
brewster 3,9120 0,0016
none 0,0101 0,0000
type 0,0000 0,0000
april 0,0000 0,0000
hack 1,3471 0,0005
closing 2,1203 0,0009
gcn 4,6052 0,0018
problem 0,3285 0,0001
review 0,6162 0,0002
presence 1,3471 0,0005
between 0,2107 0,0001
phase 1,2379 0,0005
efficiency 0,8916 0,0004
lauren 2,9957 0,0012
researcher 1,3093 0,0005
contract 1,4271 0,0011
streams 2,5257 0,0010
profitable 4,6052 0,0018
come 0,4155 0,0003
naver 3,9120 0,0016
push 0,0000 0,0000
exist 0,4155 0,0003
innovative 2,4079 0,0010
insight 1,6607 0,0007
force 1,0217 0,0004
frederic 2,3026 0,0009
gizmodo 2,9957 0,0012
pythonanywhere 2,3026 0,0009
flag 2,6593 0,0021
bastian 3,9120 0,0016
south 1,9661 0,0008
periodic 3,2189 0,0013
james 0,9676 0,0004
north 1,7148 0,0007
vogel 3,9120 0,0016
aurora 2,9957 0,0012
capacity 1,7148 0,0007
out 0,0000 0,0000
kms 4,6052 0,0018
leak 1,5606 0,0006
cloudhsm 4,6052 0,0018
flaw 1,9661 0,0008
feature 0,0000 0,0000
get 0,0000 0,0000
recall 2,9957 0,0012
dark 0,0101 0,0000
place 0,5447 0,0002
power 0,6733 0,0005
dispute 1,6607 0,0007
sell 1,3471 0,0005
suggest 1,0217 0,0004
transformation 1,5606 0,0006
lead 0,2231 0,0003
help 0,0000 0,0000
site 0,0000 0,0000
typo 2,9957 0,0012
depth 0,0000 0,0000
massive 1,8326 0,0007
assess 1,9661 0,0008
pinter 3,9120 0,0016
unified 1,8971 0,0008
architectural 1,5141 0,0006
queue 1,1394 0,0005
sharealike 0,0000 0,0000
date 0,3011 0,0002
argument 0,0513 0,0000
data 0,0000 0,0000
eucalyptus 2,4079 0,0010
own 0,4780 0,0004
sound 1,3471 0,0005
tenmarks 4,6052 0,0018
wgpageviewlanguage 0,0000 0,0000
alexa 2,6593 0,0011
blog 0,6349 0,0003
salesforce 2,5257 0,0010
gosling 3,5066 0,0014
obidos 4,6052 0,0018
accesskey 0,0000 0,0000
surprisingly 4,6052 0,0018
zeitung 3,9120 0,0016
anthropic 3,9120 0,0016
only 0,2107 0,0001
should 0,3711 0,0001
create 0,0000 0,0000
sage 3,5066 0,0014
tag 0,0000 0,0000
biddlemaryam 4,6052 0,0018
blow 3,9120 0,0016
activist 2,5257 0,0010
development 0,1278 0,0001
individual 0,7985 0,0003
like 0,2231 0,0001
resource 0,4620 0,0002
tax 1,8971 0,0008
core 0,5621 0,0002
person 0,6162 0,0002
safe 0,8675 0,0003
ground 1,9661 0,0008
platespin 2,5257 0,0010
presidential 3,2189 0,0013
dash 2,6593 0,0011
visitor 2,3026 0,0009
send 0,7550 0,0003
icloud 2,9957 0,0012
potentially 0,7765 0,0003
here 0,0000 0,0000
note 0,4155 0,0002
secretive 3,5066 0,0014
week 1,2379 0,0005
line 0,0101 0,0000
link 0,0000 0,0000
distinct 1,3471 0,0005
hern 2,9957 0,0012
scale 0,4943 0,0004
tung 2,8134 0,0011
can 0,0408 0,0000
computing 0,4155 0,0002
security 0,3285 0,0001
award 1,9661 0,0024
cap 0,0619 0,0000
contributor 0,0000 0,0000
scalr 2,5257 0,0010
wgcanonicalnamespace 0,0000 0,0000
flex 0,5276 0,0002
ready 0,0000 0,0000
station 1,9661 0,0016
glacier 4,6052 0,0018
player 1,8326 0,0007
cost 0,6733 0,0003
wgisredirect 0,0000 0,0000
limited 0,8916 0,0004
will 0,2485 0,0001
february 0,0000 0,0000
implementation 0,3147 0,0001
edges 4,6052 0,0018
akamai 2,8134 0,0011
arbitrary 1,3863 0,0006
standardize 1,7148 0,0007
follow 0,2744 0,0001
qldb 4,6052 0,0018
bellevue 4,6052 0,0018
netlify 2,5257 0,0010
tableau 3,9120 0,0016
tuesday 3,5066 0,0014
cowley 3,9120 0,0016
response 0,7340 0,0003
palmer 3,5066 0,0014
responsive 0,0202 0,0000
york 0,8440 0,0003
challenge 0,6162 0,0002
category 0,0000 0,0000
intend 0,6162 0,0002
wikidata 0,0000 0,0000
