references 0,0513 0,0000
saved 0,0619 0,0001
upload 0,0000 0,0000
year 0,2614 0,0002
wggelevelingupenabledforuser 0,0000 0,0000
wgrestrictionmove 0,0000 0,0000
remote 0,9163 0,0008
without 0,2744 0,0002
guards 4,6052 0,0040
via 0,3011 0,0003
emma 2,9957 0,0026
quote 0,0101 0,0000
because 0,0000 0,0000
solid 0,0202 0,0000
upgrade 1,5141 0,0013
eich 2,9957 0,0026
neutral 0,5447 0,0005
google 0,4005 0,0004
require 0,0000 0,0000
cdk 4,6052 0,0040
community 0,0000 0,0000
version 0,0000 0,0000
rewrite 1,2040 0,0011
scribunto 0,0000 0,0000
midgard 3,5066 0,0031
size 0,0000 0,0000
left 0,0408 0,0000
cdx 0,0000 0,0000
eesti 0,3285 0,0003
accessible 1,1712 0,0010
customizable 3,2189 0,0028
scalatra 3,5066 0,0031
wgusergroup 0,0000 0,0000
monorail 3,5066 0,0031
same 0,2357 0,0002
nashorn 2,9957 0,0026
after 0,0305 0,0000
wikipedia 0,0000 0,0000
behavior 0,8210 0,0007
scott 1,0217 0,0009
headline 0,0000 0,0000
policy 0,0000 0,0000
annotation 2,0402 0,0018
haskell 1,9661 0,0017
website 0,3711 0,0003
learn 0,0000 0,0000
kernel 1,2379 0,0011
goobuntu 3,5066 0,0031
pagelanguagecode 0,0000 0,0000
sling 3,2189 0,0028
transientcontent 0,0000 0,0000
subtle 0,3285 0,0003
component 0,3147 0,0006
idhash 0,0619 0,0001
information 0,0000 0,0000
wrap 0,0101 0,0000
register 0,0000 0,0000
standard 0,2357 0,0002
november 0,0000 0,0000
official 0,6162 0,0005
deploy 1,0217 0,0009
empty 0,0305 0,0000
jscript 3,2189 0,0028
spring 1,8971 0,0017
post 0,0202 0,0000
leave 0,0101 0,0000
crockford 2,9957 0,0026
fullversionlist 0,0000 0,0000
implement 0,3285 0,0003
export 0,0000 0,0000
add 0,0000 0,0000
need 0,1393 0,0001
ngif 4,6052 0,0040
lisp 1,7720 0,0016
its 0,0726 0,0001
quixote 3,2189 0,0028
list 0,0000 0,0000
article 0,0000 0,0000
fusion 1,9661 0,0017
external 0,1863 0,0002
parser 0,0000 0,0000
catalyst 2,5257 0,0022
http 0,0000 0,0000
decimal 0,0101 0,0000
child 0,0202 0,0000
mainentity 0,0000 0,0000
medium 1,4271 0,0013
interface 0,2485 0,0002
remove 0,3711 0,0003
wghostname 0,0000 0,0000
svelte 3,5066 0,0031
disclaimers 0,0000 0,0000
wgtitle 0,0000 0,0000
engine 0,4780 0,0008
codeigniter 3,5066 0,0031
scope 1,2730 0,0011
wgisprobablyeditable 0,0000 0,0000
end 0,3011 0,0003
nestjs 2,8134 0,0025
projection 3,5066 0,0031
reinforcement 2,0402 0,0018
compiler 1,3093 0,0012
wgdigittransformtable 0,0000 0,0000
citation 0,0101 0,0000
mobile 0,0000 0,0000
multiple 0,2485 0,0002
hlist 0,0408 0,0000
label 0,0000 0,0000
tweet 3,9120 0,0034
improvement 0,9163 0,0008
ivy 3,9120 0,0034
jest 3,9120 0,0034
special 0,0000 0,0000
pdf 0,0000 0,0000
maypole 3,5066 0,0031
service 0,1393 0,0001
rlconf 0,0000 0,0000
gemma 3,9120 0,0034
pledge 2,6593 0,0023
progressive 1,0788 0,0009
syntax 1,1394 0,0010
inject 3,5066 0,0031
bitness 0,0000 0,0000
rgba 0,0101 0,0000
release 0,2744 0,0007
minko 4,6052 0,0040
ago 0,7765 0,0007
caption 0,3567 0,0003
focus 0,6733 0,0006
actionscript 2,9957 0,0026
number 0,0000 0,0000
wgbackendresponsetime 0,0000 0,0000
scrolling 4,6052 0,0040
shorten 0,0000 0,0000
isaacs 3,5066 0,0031
property 0,6539 0,0006
block 0,0408 0,0000
write 0,1508 0,0001
flow 0,3425 0,0003
cli 1,5141 0,0013
aria 0,0000 0,0000
boxtext 0,0619 0,0001
byte 0,0408 0,0000
corporation 1,0498 0,0009
testing 0,6733 0,0006
understand 0,6162 0,0005
grails 3,5066 0,0031
animation 1,5141 0,0013
angular 2,5257 0,0022
system 0,0101 0,0000
million 0,9416 0,0008
compose 1,5141 0,0013
even 0,0513 0,0000
tagline 0,0000 0,0000
razor 3,2189 0,0028
partial 1,6607 0,0015
remix 2,8134 0,0025
regexp 0,0000 0,0000
other 0,0000 0,0000
subsection 0,1508 0,0001
aim 0,8210 0,0007
jsdoc 3,2189 0,0028
wgeditsubmitbuttonlabelpublish 0,0000 0,0000
toc 0,0000 0,0000
functionality 0,6539 0,0006
cell 0,4308 0,0004
wgpagecontentmodel 0,0000 0,0000
spry 3,5066 0,0031
top 0,0000 0,0000
rails 2,1203 0,0019
wakanda 3,5066 0,0031
linear 1,6607 0,0015
prototype 0,9676 0,0009
nacl 2,6593 0,0023
wgnamespacenumber 0,0000 0,0000
framework 0,2877 0,0005
disable 2,2073 0,0019
future 0,5978 0,0005
rlq 0,0000 0,0000
regard 1,1087 0,0010
wgwmepagelength 0,0000 0,0000
cite 0,0000 0,0000
php 1,3471 0,0012
entity 0,0101 0,0000
smalltalk 1,6607 0,0015
expensivefunctioncount 0,0000 0,0000
minor 1,7148 0,0015
gwt 3,2189 0,0028
modx 3,5066 0,0031
screen 0,0101 0,0000
body 0,0000 0,0000
mode 0,0000 0,0000
timeusage 0,0000 0,0000
pages 0,0000 0,0000
pin 0,0000 0,0000
wakandadb 3,5066 0,0031
function 0,0000 0,0000
twersky 4,6052 0,0040
pipe 2,9957 0,0026
buffer 1,8326 0,0016
net 0,9416 0,0008
closure 1,8971 0,0017
newpp 0,0619 0,0001
all 0,0408 0,0000
border 0,0000 0,0000
new 0,0000 0,0000
comparison 0,4005 0,0007
read 0,0000 0,0000
cpu 0,0408 0,0000
infobox 0,6931 0,0006
touch 2,1203 0,0019
adhere 1,5141 0,0013
real 0,0408 0,0000
clientpref 0,0000 0,0000
pcache 0,0619 0,0001
tool 0,0000 0,0000
improve 0,2485 0,0007
svenska 0,3857 0,0003
october 0,0000 0,0000
complication 0,0513 0,0000
elixir 2,6593 0,0023
amp 2,8134 0,0025
wgpagecontentlanguage 0,0000 0,0000
jquery 0,0000 0,0000
wgisarticle 0,0000 0,0000
design 0,1393 0,0002
define 0,2744 0,0002
douglas 1,7148 0,0015
row 0,4943 0,0004
mongodb 2,0402 0,0018
render 0,0513 0,0000
universal 1,4271 0,0013
timeless 0,0101 0,0000
openrefine 3,5066 0,0031
accord 0,5108 0,0004
sawzall 3,5066 0,0031
wgwmeschemaeditattemptstepoversample 0,0000 0,0000
any 0,2107 0,0002
ttl 0,0000 0,0000
pretius 4,6052 0,0040
encyclopedia 0,0000 0,0000
application 0,0943 0,0002
conduct 0,0000 0,0000
compilation 2,1203 0,0019
stable 0,7133 0,0006
wgflaggedrevsparams 0,0000 0,0000
collapse 0,0408 0,0000
futhark 3,5066 0,0031
abovebelow 0,0943 0,0001
css 1,8971 0,0017
qooxdoo 3,5066 0,0031
accessibility 1,4697 0,0013
maintain 0,3567 0,0003
wgrelevantarticleid 0,0000 0,0000
aot 2,9957 0,0026
preprocessor 0,0513 0,0000
echo 2,2073 0,0019
ajax 1,7148 0,0015
java 0,6162 0,0005
pref 0,0000 0,0000
english 0,0000 0,0000
libvpx 3,5066 0,0031
api 0,3425 0,0006
state 0,3425 0,0003
strut 2,9957 0,0026
csrftoken 0,0000 0,0000
worker 1,6607 0,0015
element 0,0000 0,0000
app 0,9943 0,0009
ext 2,8134 0,0025
apr 2,8134 0,0025
cache 0,0305 0,0000
margin 0,0000 0,0000
suomi 0,2107 0,0002
wgrequestid 0,0000 0,0000
night 0,0000 0,0000
assemblyscript 2,9957 0,0026
enwikimwclientpreference 0,0000 0,0000
rlpagemodules 0,0000 0,0000
each 0,1393 0,0001
javascript 0,9416 0,0008
input 0,0000 0,0000
groovy 2,4079 0,0021
toolkit 1,5141 0,0013
difference 0,8916 0,0016
samea 0,0000 0,0000
rxjs 4,6052 0,0040
caja 3,2189 0,0028
flask 2,9957 0,0026
wgwikibaseitemid 0,0000 0,0000
unpinned 0,0000 0,0000
renderer 3,5066 0,0031
wgulsiscompactlinksenable 0,0000 0,0000
automatically 0,7765 0,0007
pagevariantfallback 0,0000 0,0000
recommend 1,4697 0,0013
two 0,2744 0,0002
grav 3,5066 0,0031
pop 1,6607 0,0015
promote 1,3093 0,0012
routing 2,6593 0,0023
default 0,6931 0,0006
wgmonthname 0,0000 0,0000
builder 1,7148 0,0015
disabled 0,0000 0,0000
drogon 3,5066 0,0031
attribute 0,7765 0,0007
datepublished 0,0000 0,0000
timestamp 0,0000 0,0000
coffeescript 2,6593 0,0023
detection 1,2730 0,0011
portalleft 1,3093 0,0012
vice 2,2073 0,0019
languages 1,3471 0,0012
meteor 2,8134 0,0025
team 0,4943 0,0004
call 0,0101 0,0000
such 0,0943 0,0001
wgusername 0,0000 0,0000
blazor 3,2189 0,0028
kubernetes 1,9661 0,0017
source 0,1393 0,0001
align 0,0101 0,0000
microsoft 0,4005 0,0004
ecmascript 2,5257 0,0022
view 0,0000 0,0000
late 0,4155 0,0004
white 0,0305 0,0000
donate 0,0000 0,0000
spidermonkey 3,2189 0,0028
ecma 2,8134 0,0025
cpplint 3,5066 0,0031
last 0,0000 0,0000
carakan 3,5066 0,0031
weight 0,0101 0,0000
bold 0,0408 0,0000
develop 0,1863 0,0002
longer 2,3026 0,0020
openacs 3,5066 0,0031
name 0,0000 0,0000
cputime 0,0000 0,0000
page 0,0000 0,0000
watchlist 0,0000 0,0000
full 0,0202 0,0000
next 0,5798 0,0005
polymer 2,8134 0,0025
memory 0,0408 0,0000
color 0,0101 0,0000
import 1,5606 0,0014
android 1,4697 0,0013
concept 0,3711 0,0003
show 0,0513 0,0000
description 0,0000 0,0000
erlang 1,7720 0,0016
button 1,7720 0,0016
not 0,0101 0,0000
nov 2,3026 0,0020
arrive 2,0402 0,0018
now 0,4308 0,0004
statement 0,0000 0,0000
trademark 0,0101 0,0000
perl 1,3093 0,0012
enhance 0,8916 0,0008
greek 0,0101 0,0000
overview 0,5447 0,0005
llc 1,7720 0,0016
introduce 0,3285 0,0009
center 0,0000 0,0000
npm 2,4079 0,0021
generic 1,4697 0,0013
way 0,2485 0,0002
manage 0,3567 0,0003
target 0,0101 0,0000
what 0,0000 0,0000
detailed 1,6094 0,0014
refer 0,4155 0,0007
wikimedia 0,0000 0,0000
short 0,0000 0,0000
time 0,0000 0,0000
guava 3,2189 0,0028
container 0,0000 0,0000
play 1,1712 0,0010
developers 0,0000 0,0000
deprecated 3,9120 0,0034
usage 0,0000 0,0000
experimental 1,4697 0,0013
wgmediaviewerenabledbydefault 0,0000 0,0000
nearby 0,0000 0,0000
twitter 1,7720 0,0016
carbon 1,8971 0,0017
fat 2,6593 0,0023
plan 0,7985 0,0007
item 0,0000 0,0000
wgmediavieweronclick 0,0000 0,0000
wgulsposition 0,0000 0,0000
standalone 2,0402 0,0018
leveldb 3,5066 0,0031
rendering 2,4079 0,0021
creative 0,0000 0,0000
nederlands 0,1985 0,0002
provide 0,1625 0,0001
wgbreakframe 0,0000 0,0000
italiano 0,1278 0,0001
sticky 0,0000 0,0000
style 0,0000 0,0000
appjet 3,2189 0,0028
card 1,3863 0,0012
dojo 3,2189 0,0028
primary 0,7765 0,0007
searchinput 0,0000 0,0000
log 0,0000 0,0000
conditionally 3,5066 0,0031
lazy 2,6593 0,0023
wgcheckuserclienthintsheadersjsapi 0,0000 0,0000
commons 0,0000 0,0000
javascriptcore 3,5066 0,0031
tensorflow 2,5257 0,0022
vaadin 3,5066 0,0031
low 0,0101 0,0000
processwire 3,5066 0,0031
timingprofile 0,0000 0,0000
web 0,1165 0,0001
yii 3,5066 0,0031
theme 0,0000 0,0000
architecture 0,0000 0,0000
wgcategory 0,0000 0,0000
editor 0,0000 0,0000
postexpandincludesize 0,0000 0,0000
tornado 3,2189 0,0028
swfobject 3,5066 0,0031
initial 0,3857 0,0003
more 0,0000 0,0000
unstrip 0,0000 0,0000
display 0,0000 0,0000
consistent 1,1712 0,0010
templateargumentsize 0,0000 0,0000
pipeline 1,6607 0,0015
january 0,0000 0,0000
grid 1,4697 0,0013
permanent 0,0000 0,0000
organization 0,0000 0,0000
width 0,0000 0,0000
statistics 0,0000 0,0000
small 0,0305 0,0000
beam 2,2073 0,0019
rhino 3,2189 0,0028
websharper 2,9957 0,0026
before 0,0305 0,0000
simple 0,2231 0,0002
italic 0,1278 0,0001
gvisor 3,2189 0,0028
qcodo 3,5066 0,0031
bazel 3,5066 0,0031
protocol 0,5621 0,0005
overflow 0,3567 0,0003
major 0,5621 0,0005
webpack 3,2189 0,0028
day 0,0000 0,0000
group 0,0408 0,0000
package 0,9943 0,0009
visible 0,0101 0,0000
jslint 3,2189 0,0028
format 0,0101 0,0000
runtime 1,2040 0,0011
archive 0,0943 0,0001
history 0,0000 0,0000
both 0,0305 0,0000
important 0,0101 0,0000
most 0,2107 0,0002
twice 1,9661 0,0017
hydration 2,5257 0,0022
topic 0,0000 0,0000
dhtml 2,4079 0,0021
request 0,6733 0,0006
critical 0,8916 0,0008
lighthouse 2,9957 0,0026
wgrestrictionedit 0,0000 0,0000
part 0,1985 0,0002
contribute 0,0000 0,0000
resig 3,2189 0,0028
wgpageparsereport 0,0000 0,0000
theming 4,6052 0,0040
oldid 2,0402 0,0018
general 0,0000 0,0000
candidate 1,6094 0,0014
september 0,0000 0,0000
zope 3,2189 0,0028
jsgi 2,4079 0,0021
yaws 3,5066 0,0031
wgseparatortransformtable 0,0000 0,0000
padding 0,0000 0,0000
chromium 2,3026 0,0020
move 0,0000 0,0000
original 0,0943 0,0001
clear 0,0101 0,0000
also 0,0202 0,0000
lts 2,8134 0,0025
ltr 0,0000 0,0000
fastapi 3,2189 0,0028
django 2,8134 0,0025
inline 0,0408 0,0000
build 0,2357 0,0006
mean 0,4463 0,0008
lua 0,0513 0,0000
shiny 3,2189 0,0028
visit 0,0408 0,0000
encapsulate 2,4079 0,0042
user 0,0000 0,0000
account 0,0000 0,0000
stack 0,7340 0,0006
fluin 4,6052 0,0040
portalborder 1,3093 0,0012
offer 0,4155 0,0004
path 1,0498 0,0009
bind 1,3863 0,0012
dev 1,7720 0,0016
fix 0,5108 0,0004
complex 0,5621 0,0005
diverse 2,4079 0,0021
abbr 0,0619 0,0001
you 0,0000 0,0000
jump 0,0000 0,0000
synchronize 2,0402 0,0018
wavemaker 2,2073 0,0019
yesod 3,5066 0,0031
tracemonkey 3,5066 0,0031
documentation 0,6349 0,0006
hierarchy 1,6607 0,0015
active 0,7985 0,0007
july 0,0000 0,0000
personal 0,0000 0,0000
easy 0,6733 0,0012
former 1,3093 0,0012
grpc 3,2189 0,0028
extend 0,6162 0,0005
delay 1,8326 0,0016
qtscript 3,5066 0,0031
route 1,6094 0,0028
gechev 4,6052 0,0040
imageobject 0,0000 0,0000
grok 2,8134 0,0025
jshint 3,2189 0,0028
subgroup 0,0513 0,0000
scheme 0,0101 0,0000
icon 0,0101 0,0000
expansiondepth 0,0000 0,0000
characteristic 1,2379 0,0011
transparent 0,0619 0,0001
how 0,0834 0,0001
search 0,0000 0,0000
see 0,0408 0,0000
servant 2,6593 0,0023
spacing 0,0619 0,0001
composition 1,9661 0,0017
wgrelevantpagename 0,0000 0,0000
unlike 1,2040 0,0011
mootools 3,2189 0,0028
term 0,0000 0,0000
typescript 1,8971 0,0017
mojarra 3,5066 0,0031
coldfusion 3,2189 0,0028
blockly 3,5066 0,0031
resolvers 4,6052 0,0040
contain 0,0101 0,0000
set 0,2107 0,0002
mini 0,0619 0,0001
column 0,0101 0,0000
commonjs 2,8134 0,0025
midori 2,4079 0,0021
right 0,0101 0,0000
integrate 0,5798 0,0005
march 0,0000 0,0000
meen 2,9957 0,0026
june 0,0000 0,0000
wikitext 0,0000 0,0000
meet 0,9163 0,0008
wgaction 0,0000 0,0000
under 0,0101 0,0000
font 0,0000 0,0000
clarify 2,0402 0,0018
icefaces 3,5066 0,0031
branding 2,9957 0,0026
language 0,0000 0,0000
do 0,1625 0,0001
navbox 0,0943 0,0001
autocapitalize 0,0000 0,0000
jaxer 3,5066 0,0031
listitem 0,0408 0,0000
div 0,0000 0,0000
prior 1,3093 0,0012
contact 0,0000 0,0000
bracket 0,0619 0,0001
wgpagename 0,0000 0,0000
talk 0,0000 0,0000
bfc 3,5066 0,0031
programming 0,2744 0,0002
image 0,0202 0,0000
static 1,0217 0,0009
commonly 0,6931 0,0006
test 0,4463 0,0008
count 0,0513 0,0000
hatnote 0,2107 0,0002
tamarin 3,5066 0,0031
pinnable 0,0000 0,0000
month 0,7133 0,0006
drupal 2,8134 0,0025
piece 1,4271 0,0013
final 1,0788 0,0009
wgrevisionid 0,0000 0,0000
bluebream 3,5066 0,0031
chidester 3,9120 0,0034
confusion 2,1203 0,0019
cursor 0,0619 0,0001
sencha 3,5066 0,0031
virtual 0,4620 0,0004
jwt 3,5066 0,0031
additional 0,0000 0,0000
origin 0,0000 0,0000
title 0,0000 0,0000
walltime 0,0000 0,0000
interlanguage 0,0000 0,0000
patroltoken 0,0000 0,0000
content 0,0000 0,0000
gerrit 3,2189 0,0028
duration 2,4079 0,0021
random 0,0000 0,0000
load 0,0202 0,0000
optimizer 2,3026 0,0020
alpha 0,0101 0,0000
client 0,0000 0,0000
json 1,2379 0,0011
class 0,0000 0,0000
gehomepagesuggestededitsenabletopic 0,0000 0,0000
over 0,3285 0,0003
cakephp 3,5066 0,0031
custom 0,0000 0,0000
false 0,0000 0,0000
specification 0,7133 0,0006
counter 0,0408 0,0000
parse 0,0619 0,0001
schedule 1,1087 0,0019
print 0,0000 0,0000
coldbox 3,5066 0,0031
form 0,3011 0,0005
material 0,7765 0,0007
inherit 0,0101 0,0000
publish 0,4463 0,0008
pyramid 2,6593 0,0023
setup 1,9661 0,0017
developer 0,1744 0,0003
avoid 0,0101 0,0000
injection 1,8326 0,0016
prompt 1,5606 0,0014
httpclient 3,9120 0,0034
lodash 2,9957 0,0026
select 0,9676 0,0009
dialects 2,5257 0,0022
glinux 3,5066 0,0031
america 1,7720 0,0016
cherrypy 3,2189 0,0028
output 0,0000 0,0000
dmy 0,0000 0,0000
navigation 0,0000 0,0000
wmlscript 3,5066 0,0031
action 0,0000 0,0000
guidelines 1,8326 0,0016
lock 0,0101 0,0000
model 0,0000 0,0000
drag 3,5066 0,0031
text 0,0000 0,0000
portal 0,0000 0,0000
gears 2,5257 0,0022
reduce 0,0101 0,0000
sentence 0,0000 0,0000
python 0,6539 0,0006
ppvisitednode 0,0000 0,0000
cookie 0,0000 0,0000
kern 0,0101 0,0000
dependency 1,2730 0,0022
dnn 3,5066 0,0031
fuelphp 3,5066 0,0031
pyjs 2,9957 0,0026
loading 0,0000 0,0000
announce 0,6733 0,0006
odd 0,0943 0,0001
flatbuffers 2,9957 0,0026
lively 3,2189 0,0028
operate 0,3567 0,0003
contents 0,0000 0,0000
prado 3,5066 0,0031
explorer 1,7148 0,0015
doc 1,8326 0,0016
john 0,5276 0,0005
wgvisualeditor 0,0000 0,0000
status 0,0000 0,0000
template 0,0000 0,0000
server 0,4005 0,0007
dom 1,6094 0,0014
enwiki 0,0619 0,0001
skin 0,0000 0,0000
subscription 0,0101 0,0000
cycle 1,3093 0,0012
summer 1,6607 0,0015
nuke 3,2189 0,0028
file 0,0000 0,0000
library 0,3857 0,0007
navbar 0,0202 0,0000
subbox 0,6931 0,0006
jsss 2,6593 0,0023
december 0,0000 0,0000
bundle 1,6094 0,0014
wgnoticeproject 0,0000 0,0000
table 0,0000 0,0000
creator 1,2730 0,0011
jhipster 3,5066 0,0031
side 0,3425 0,0003
may 0,0000 0,0000
break 0,0101 0,0000
max 0,0513 0,0000
change 0,0000 0,0000
trigger 0,0513 0,0000
menu 0,0000 0,0000
printable 0,0000 0,0000
url 0,0000 0,0000
hide 0,0000 0,0000
laminas 3,5066 0,0031
report 0,0202 0,0000
complete 0,4780 0,0004
return 0,0000 0,0000
auto 0,0726 0,0001
use 0,0000 0,0000
main 0,0000 0,0000
wgcanonicalspecialpagename 0,0000 0,0000
second 0,0408 0,0000
download 0,0000 0,0000
high 0,0101 0,0000
split 0,0000 0,0000
limit 0,0000 0,0000
backward 1,6607 0,0015
logo 0,0000 0,0000
picker 3,5066 0,0031
different 0,0513 0,0000
international 0,3011 0,0003
level 0,0000 0,0000
utc 0,0000 0,0000
author 0,0000 0,0000
joomla 3,2189 0,0028
webgui 3,5066 0,0031
canonical 0,0408 0,0000
expansion 0,0619 0,0001
entry 0,8210 0,0007
license 0,0000 0,0000
expand 0,0101 0,0000
wgcurrevisionid 0,0000 0,0000
task 0,5108 0,0004
cubicweb 3,2189 0,0028
null 0,0000 0,0000
background 0,0101 0,0000
glop 3,5066 0,0031
appfuse 3,5066 0,0031
true 0,0000 0,0000
wgmfdisplaywikibasedescription 0,0000 0,0000
header 0,0000 0,0000
retrieve 0,0000 0,0000
survey 0,9416 0,0008
watchtoken 0,0000 0,0000
angularjs 2,5257 0,0022
since 0,3425 0,0003
datum 0,0408 0,0000
code 0,0000 0,0000
legacy 1,5141 0,0013
phalcon 3,5066 0,0031
wgdefaultdateformat 0,0000 0,0000
box 0,0408 0,0000
seam 3,5066 0,0031
sql 1,0788 0,0009
dialog 2,6593 0,0023
foreach 0,0000 0,0000
total 0,0000 0,0000
deutsch 0,0943 0,0001
repeat 0,0101 0,0000
make 0,1165 0,0003
beta 1,3863 0,0012
wggestructuredtaskrejectionreasontextinputenable 0,0000 0,0000
zoneless 4,6052 0,0040
control 0,1625 0,0003
pylons 3,2189 0,0028
ruby 1,0217 0,0009
wicket 3,2189 0,0028
phoenix 2,8134 0,0025
attribution 0,0000 0,0000
nevow 3,2189 0,0028
merb 2,9957 0,0026
simplify 1,1394 0,0010
webassembly 1,7720 0,0016
vary 0,0619 0,0001
rocket 2,6593 0,0023
upper 0,0101 0,0000
patch 1,5141 0,0013
stripes 3,2189 0,0028
reflect 1,1712 0,0010
contribution 0,0000 0,0000
ongoing 1,9661 0,0017
ssr 3,9120 0,0034
engines 1,3471 0,0012
expiry 0,0619 0,0001
minerva 0,0101 0,0000
sunspider 3,5066 0,0031
brand 0,0000 0,0000
recent 0,0000 0,0000
inscript 3,5066 0,0031
recursion 0,0513 0,0000
they 0,0619 0,0001
breaking 3,9120 0,0034
height 0,0101 0,0000
github 0,7340 0,0006
august 0,0000 0,0000
edit 0,0000 0,0000
old 0,8675 0,0008
module 0,0000 0,0000
wikibase 0,0619 0,0001
then 0,3567 0,0003
deno 3,2189 0,0028
esbuild 3,5066 0,0031
datemodify 0,0619 0,0001
node 0,0305 0,0000
crawler 2,9957 0,0026
guetzli 3,5066 0,0031
device 0,7550 0,0007
notheme 0,3711 0,0003
conference 0,3425 0,0003
primitive 1,8326 0,0016
cappuccino 3,5066 0,0031
long 0,4005 0,0004
ngfor 4,6052 0,0040
into 0,1985 0,0002
selflink 0,0101 0,0000
current 0,0000 0,0000
min 0,1165 0,0001
variety 0,9943 0,0009
mit 1,2040 0,0011
mochikit 3,5066 0,0031
thompson 1,8326 0,0016
vector 0,0000 0,0000
free 0,0000 0,0000
key 0,0305 0,0000
redirect 1,1087 0,0010
cachereport 0,0000 0,0000
controller 1,5141 0,0013
expression 1,3471 0,0012
middle 0,7765 0,0007
one 0,0943 0,0001
people 0,9943 0,0009
gyroscope 3,2189 0,0028
single 0,3147 0,0003
entityaccesscount 0,0000 0,0000
umbraco 3,5066 0,0031
bun 3,2189 0,0028
open 0,1625 0,0001
separate 0,6162 0,0005
wordpress 2,4079 0,0021
tbody 0,6931 0,0006
aida 3,2189 0,0028
available 0,0000 0,0000
rapid 1,3093 0,0012
project 0,0000 0,0000
express 1,0788 0,0009
enhancement 0,0101 0,0000
inside 0,0101 0,0000
regularly 1,9661 0,0017
chakracore 3,2189 0,0028
modularity 2,5257 0,0022
tesseract 3,5066 0,0031
xoops 3,5066 0,0031
variant 0,0619 0,0001
dynamic 0,7133 0,0006
tapestry 3,2189 0,0028
ensure 0,7985 0,0007
oracle 0,8916 0,0008
this 0,1278 0,0001
collection 0,6733 0,0006
sinatra 2,9957 0,0026
memusage 0,0000 0,0000
opt 2,3026 0,0020
padrino 2,9957 0,0026
support 0,1393 0,0004
internet 0,5447 0,0005
allow 0,1863 0,0002
drop 1,1394 0,0010
preview 1,6607 0,0015
wgpopupsflag 0,0000 0,0000
isbn 0,1054 0,0001
polski 0,1165 0,0001
privacy 0,0000 0,0000
update 0,4463 0,0008
vertical 0,7985 0,0007
ngmodule 4,6052 0,0040
life 0,9416 0,0008
speed 0,9416 0,0008
nomulus 3,5066 0,0031
common 0,3711 0,0003
kit 1,7720 0,0016
definition 0,4943 0,0004
placeholder 0,0000 0,0000
normal 0,0202 0,0000
apply 0,0000 0,0000
fastify 2,8134 0,0025
directive 1,8971 0,0033
wgarticleid 0,0000 0,0000
kjs 3,5066 0,0031
pagelanguagedir 0,0000 0,0000
wgcitereferencepreviewsactive 0,0000 0,0000
mark 0,6733 0,0006
base 0,0305 0,0001
flutt 3,5066 0,0031
ecosystem 1,2040 0,0011
software 0,0000 0,0000
frameworks 2,0402 0,0018
binding 1,7720 0,0016
react 2,2073 0,0019
during 0,5447 0,0005
ganeti 3,2189 0,0028
none 0,0101 0,0000
repository 0,5276 0,0005
type 0,0000 0,0000
april 0,0000 0,0000
consist 0,6539 0,0006
compatible 1,2040 0,0011
relate 0,0000 0,0000
optimization 0,8916 0,0008
enable 0,0000 0,0000
sidebar 0,0000 0,0000
limitreport 0,0000 0,0000
decoration 0,0619 0,0001
between 0,2107 0,0002
guide 0,3711 0,0003
reflist 0,0101 0,0000
still 0,5447 0,0005
var 0,0000 0,0000
work 0,2231 0,0002
scroll 2,8134 0,0025
agree 0,0101 0,0000
namebench 3,5066 0,0031
push 0,0000 0,0000
dancer 3,5066 0,0031
wgulsislanguageselectorempty 0,0000 0,0000
among 0,5276 0,0005
lift 2,5257 0,0022
registration 0,0101 0,0000
word 0,0101 0,0000
guice 3,5066 0,0031
deprecate 1,6607 0,0015
range 0,8675 0,0008
portalbox 1,3093 0,0012
foundation 0,0000 0,0000
proprioception 4,6052 0,0040
tools 1,4697 0,0013
substitute 2,1203 0,0019
out 0,0000 0,0000
across 0,5798 0,0005
dart 2,6593 0,0023
feature 0,0000 0,0000
cached 0,4463 0,0004
get 0,0000 0,0000
portalright 1,3093 0,0012
dark 0,0101 0,0000
event 0,0000 0,0000
europe 1,7720 0,0016
turbogears 3,2189 0,0028
include 0,0000 0,0000
ashlan 3,9120 0,0034
chakra 2,8134 0,0025
toggle 0,0000 0,0000
lead 0,2231 0,0002
expect 0,8440 0,0007
help 0,0000 0,0000
site 0,0000 0,0000
appearance 0,0000 0,0000
depth 0,0000 0,0000
classname 0,0000 0,0000
seaside 3,2189 0,0028
wggetopicsmatchmodeenable 0,0000 0,0000
architectural 1,5141 0,0013
first 0,0408 0,0000
sharealike 0,0000 0,0000
date 0,3011 0,0003
argument 0,0513 0,0000
nowrap 0,0408 0,0000
data 0,0000 0,0000
prefer 0,0101 0,0000
htmx 2,9957 0,0026
own 0,4780 0,0004
roman 0,0101 0,0000
cppcms 3,5066 0,0031
wgpageviewlanguage 0,0000 0,0000
wgrelevantpageisprobablyeditable 0,0000 0,0000
blog 0,6349 0,0006
float 0,0101 0,0000
symfony 3,5066 0,0031
transclusion 0,0619 0,0001
space 0,0408 0,0000
reference 0,0101 0,0000
router 1,8326 0,0016
accesskey 0,0000 0,0000
brendan 2,8134 0,0025
only 0,2107 0,0002
should 0,3711 0,0003
create 0,0000 0,0000
html 0,4463 0,0004
tag 0,0000 0,0000
versa 3,5066 0,0031
discover 1,2379 0,0011
mojolicious 3,5066 0,0031
development 0,1278 0,0001
laravel 3,2189 0,0028
individual 0,7985 0,0014
bottom 0,0000 0,0000
reusable 1,9661 0,0017
revision 0,0000 0,0000
core 0,5621 0,0005
chromiumos 2,9957 0,0026
publisher 0,0000 0,0000
ground 1,9661 0,0017
replacement 1,7148 0,0015
here 0,0000 0,0000
img 0,0408 0,0000
scala 2,0402 0,0018
line 0,0101 0,0000
brotli 3,9120 0,0034
link 0,0000 0,0000
silverstripe 3,5066 0,0031
rlstate 0,0000 0,0000
error 0,0101 0,0000
platform 0,0000 0,0000
differential 2,0402 0,0018
fuchsia 2,9957 0,0026
rust 1,6094 0,0014
security 0,3285 0,0003
cap 0,0619 0,0001
contributor 0,0000 0,0000
wgcanonicalnamespace 0,0000 0,0000
asynchronous 1,8326 0,0016
ready 0,0000 0,0000
sproutcore 2,8134 0,0025
mvc 2,5257 0,0022
tcl 2,2073 0,0019
value 0,0000 0,0000
horde 3,5066 0,0031
wgisredirect 0,0000 0,0000
will 0,2485 0,0002
sputnik 2,4079 0,0021
february 0,0000 0,0000
implementation 0,3147 0,0003
stephen 1,5141 0,0013
follow 0,2744 0,0002
instead 0,4463 0,0004
command 0,7133 0,0006
expensive 0,0408 0,0000
performance 0,3425 0,0003
maint 0,0101 0,0000
responsive 0,0202 0,0000
gson 3,5066 0,0031
category 0,0000 0,0000
platformversion 0,0000 0,0000
wikidata 0,0000 0,0000
snap 2,9957 0,0026
