javabeans 4,6052 0,0021
reuse 1,8971 0,0009
latina 1,4697 0,0007
unavailable 2,3026 0,0011
upload 0,0000 0,0000
wggelevelingupenabledforuser 0,0000 0,0000
wgrestrictionmove 0,0000 0,0000
remote 0,9163 0,0004
without 0,2744 0,0001
would 0,3425 0,0002
xml 1,1394 0,0005
ten 1,6607 0,0008
sake 3,9120 0,0018
sister 1,6094 0,0007
seligman 3,9120 0,0018
solid 0,0202 0,0000
neutral 0,5447 0,0002
optional 1,3093 0,0006
require 0,0000 0,0000
scratch 2,1203 0,0010
analysis 0,5108 0,0002
javasoft 4,6052 0,0021
scribunto 0,0000 0,0000
size 0,0000 0,0000
left 0,0408 0,0000
cdx 0,0000 0,0000
historically 2,0402 0,0009
wildfly 3,9120 0,0018
much 0,6931 0,0003
object 0,3711 0,0003
newspaper 1,5606 0,0007
hang 1,3863 0,0006
lombard 1,1712 0,0005
minangkabau 2,8134 0,0013
restful 2,9957 0,0014
role 0,8916 0,0004
independent 0,8440 0,0004
achieve 0,7985 0,0004
ahead 1,7148 0,0008
notable 1,1394 0,0005
weekly 2,4079 0,0011
wesley 0,8675 0,0004
example 0,2485 0,0001
result 0,2231 0,0002
after 0,0305 0,0000
headline 0,0000 0,0000
solaris 1,7148 0,0008
hand 1,0217 0,0005
policy 0,0000 0,0000
address 0,5621 0,0003
kernel 1,2379 0,0006
pagelanguagecode 0,0000 0,0000
gnu 1,1087 0,0005
transientcontent 0,0000 0,0000
subtle 0,3285 0,0002
component 0,3147 0,0003
seth 2,4079 0,0011
suite 1,2040 0,0006
throw 2,5257 0,0012
idhash 0,0619 0,0000
persistence 2,4079 0,0011
timeline 1,0788 0,0005
information 0,0000 0,0000
temurin 4,6052 0,0021
wrap 0,0101 0,0000
standard 0,2357 0,0002
harmony 3,2189 0,0015
november 0,0000 0,0000
acknowledgement 3,5066 0,0016
good 0,4155 0,0002
empty 0,0305 0,0000
fullversionlist 0,0000 0,0000
tim 1,0498 0,0005
implement 0,3285 0,0002
export 0,0000 0,0000
conversation 2,0402 0,0009
jakarta 2,5257 0,0012
hundt 4,6052 0,0021
gpl 2,2073 0,0010
lisp 1,7720 0,0008
check 0,7985 0,0007
list 0,0000 0,0000
andrew 1,0498 0,0005
lack 0,5447 0,0007
external 0,1863 0,0001
aside 2,8134 0,0013
authority 0,4780 0,0002
child 0,0202 0,0000
mainentity 0,0000 0,0000
germany 0,5798 0,0003
obsolete 1,7720 0,0008
interface 0,2485 0,0002
representation 1,1394 0,0005
remove 0,3711 0,0003
disclaimers 0,0000 0,0000
niklaus 3,2189 0,0015
unsupported 2,3026 0,0011
root 0,4780 0,0002
wgisprobablyeditable 0,0000 0,0000
patrick 2,0402 0,0009
tutorial 1,5141 0,0014
compiler 1,3093 0,0012
ligure 2,5257 0,0012
citation 0,0101 0,0000
mobile 0,0000 0,0000
multiple 0,2485 0,0001
perform 0,4463 0,0002
prolog 2,3026 0,0011
teich 4,6052 0,0021
args 3,9120 0,0018
plainlist 0,4463 0,0002
pdf 0,0000 0,0000
computerworld 1,7148 0,0008
service 0,1393 0,0001
coffee 2,8134 0,0013
there 0,2614 0,0001
syntax 1,1394 0,0005
well 0,2744 0,0001
handling 1,7148 0,0008
magazine 0,9943 0,0005
personaljava 4,6052 0,0021
bitness 0,0000 0,0000
rgba 0,0101 0,0000
american 0,8440 0,0004
approach 0,3711 0,0002
ultra 2,9957 0,0014
precursor 2,2073 0,0010
block 0,0408 0,0000
bloch 2,8134 0,0013
write 0,1508 0,0002
flow 0,3425 0,0002
cooperation 2,3026 0,0011
gtk 2,9957 0,0014
order 0,4155 0,0002
opensolaris 2,6593 0,0012
aria 0,0000 0,0000
boxtext 0,0619 0,0000
byte 0,0408 0,0000
corporation 1,0498 0,0005
understand 0,6162 0,0006
buckley 3,2189 0,0015
clu 3,5066 0,0016
indonesia 0,3567 0,0002
slowly 2,3026 0,0011
xvm 3,5066 0,0016
million 0,9416 0,0004
borland 3,2189 0,0015
even 0,0513 0,0000
install 1,3093 0,0006
transparency 1,8326 0,0008
integration 0,4620 0,0002
restriction 1,4271 0,0007
esperanto 0,7133 0,0003
tagline 0,0000 0,0000
gui 1,3471 0,0006
bulk 2,5257 0,0012
regexp 0,0000 0,0000
subsection 0,1508 0,0001
circuit 1,6607 0,0008
wgeditsubmitbuttonlabelpublish 0,0000 0,0000
bracha 3,9120 0,0018
clojure 2,8134 0,0013
toc 0,0000 0,0000
guy 2,2073 0,0010
protection 0,4463 0,0002
respectively 1,3863 0,0006
functionality 0,6539 0,0003
wgpagecontentmodel 0,0000 0,0000
frankly 4,6052 0,0021
qube 3,9120 0,0018
top 0,0000 0,0000
native 0,8916 0,0004
technica 1,3093 0,0006
too 0,8916 0,0004
graalvm 3,9120 0,0018
have 0,2744 0,0003
imperative 2,0402 0,0009
product 0,4005 0,0002
robust 2,0402 0,0009
ucsd 3,9120 0,0018
produce 0,6931 0,0003
wgnamespacenumber 0,0000 0,0000
writ 3,9120 0,0018
framework 0,2877 0,0003
regard 1,1087 0,0005
wgwmepagelength 0,0000 0,0000
php 1,3471 0,0006
entity 0,0101 0,0000
smalltalk 1,6607 0,0008
com 0,8210 0,0004
expensivefunctioncount 0,0000 0,0000
almost 1,1087 0,0005
gwt 3,2189 0,0015
steward 3,9120 0,0018
upon 0,8916 0,0004
harmful 3,5066 0,0016
platforms 1,4697 0,0007
identical 2,0402 0,0009
timeusage 0,0000 0,0000
automation 0,7550 0,0003
pin 0,0000 0,0000
haxe 2,9957 0,0014
function 0,0000 0,0000
motif 4,6052 0,0021
verification 0,8440 0,0004
comparison 0,4005 0,0002
law 1,2379 0,0006
void 2,1203 0,0010
everyone 1,9661 0,0009
lay 2,4079 0,0011
cpu 0,0408 0,0000
infobox 0,6931 0,0003
basis 1,1087 0,0005
pcache 0,0619 0,0000
andy 1,8326 0,0008
improve 0,2485 0,0002
oxygene 4,6052 0,0021
october 0,0000 0,0000
basic 0,6539 0,0003
mcmillan 2,8134 0,0013
specialized 1,3471 0,0006
complication 0,0513 0,0000
university 0,5621 0,0003
cause 0,6162 0,0003
wikiquote 1,7148 0,0008
jquery 0,0000 0,0000
effective 1,0217 0,0005
scripting 1,2040 0,0006
tier 1,7720 0,0008
similarly 1,4697 0,0007
design 0,1393 0,0002
extra 1,7720 0,0008
sharat 4,6052 0,0021
timeless 0,0101 0,0000
corba 3,5066 0,0016
accord 0,5108 0,0002
luasandboxcallback 1,4271 0,0007
automatic 1,2379 0,0006
wgwmeschemaeditattemptstepoversample 0,0000 0,0000
despite 1,3093 0,0006
ttl 0,0000 0,0000
encyclopedia 0,0000 0,0000
conduct 0,0000 0,0000
sunopsis 3,9120 0,0018
maintenance 0,6733 0,0003
verbosity 3,5066 0,0016
abovebelow 0,0943 0,0000
sparcclassic 3,9120 0,0018
ajax 1,7148 0,0008
lee 1,3471 0,0006
supply 1,4697 0,0013
citerefhundt 4,6052 0,0021
pref 0,0000 0,0000
let 0,9943 0,0005
state 0,3425 0,0005
strut 2,9957 0,0014
csrftoken 0,0000 0,0000
element 0,0000 0,0000
separately 1,5606 0,0007
night 0,0000 0,0000
qaraqalpaqsha 1,1712 0,0005
vulnerability 1,3863 0,0006
recognize 1,3471 0,0006
processor 1,1394 0,0010
each 0,1393 0,0001
javascript 0,9416 0,0004
mediawiki 1,0788 0,0005
input 0,0000 0,0000
groovy 2,4079 0,0011
toolkit 1,5141 0,0007
stanford 2,1203 0,0010
must 0,4620 0,0002
infringe 2,9957 0,0014
resign 2,8134 0,0013
datawrapper 1,6094 0,0007
unpinned 0,0000 0,0000
document 0,4463 0,0002
reside 2,4079 0,0011
concurrent 1,2040 0,0006
facto 2,5257 0,0012
hibernate 3,5066 0,0016
networks 1,2730 0,0006
two 0,2744 0,0001
blackdown 4,6052 0,0021
incompatible 1,9661 0,0009
routine 1,8326 0,0008
copyrightable 3,9120 0,0018
uninstall 3,9120 0,0036
distribute 0,3857 0,0002
escape 2,1203 0,0010
graphic 1,6094 0,0007
creation 0,7985 0,0004
datepublished 0,0000 0,0000
validate 1,4697 0,0007
portalleft 1,3093 0,0006
participate 1,8326 0,0008
languages 1,3471 0,0006
team 0,4943 0,0002
declaration 1,8326 0,0008
iiii 3,9120 0,0018
marketing 1,2730 0,0006
wgusername 0,0000 0,0000
reflective 2,8134 0,0013
artima 3,5066 0,0016
principle 0,7985 0,0004
pixo 3,9120 0,0018
safra 3,9120 0,0018
source 0,1393 0,0002
align 0,0101 0,0000
secure 1,0217 0,0005
citerefchander 4,6052 0,0021
initiate 2,1203 0,0010
hak 2,3026 0,0011
compile 1,1712 0,0016
late 0,4155 0,0002
supersparc 3,9120 0,0018
continue 0,6931 0,0003
filippova 4,6052 0,0021
gosle 4,6052 0,0021
champ 4,6052 0,0021
meetup 3,5066 0,0016
actual 1,1394 0,0005
glass 2,5257 0,0012
last 0,0000 0,0000
reflection 2,1203 0,0010
imageright 0,2614 0,0001
adapt 1,4271 0,0007
widely 0,7985 0,0004
insufficient 2,4079 0,0011
weight 0,0101 0,0000
develop 0,1863 0,0002
netra 3,9120 0,0018
guilty 3,5066 0,0016
district 2,5257 0,0012
overall 1,1394 0,0005
page 0,0000 0,0000
full 0,0202 0,0000
memory 0,0408 0,0000
erlang 1,7720 0,0008
jdbc 2,5257 0,0012
toplink 4,6052 0,0021
perl 1,3093 0,0006
early 0,4308 0,0002
enhance 0,8916 0,0004
overview 0,5447 0,0002
llc 1,7720 0,0008
polytechnic 3,9120 0,0018
center 0,0000 0,0000
start 0,3011 0,0003
yet 1,1087 0,0005
datacenter 2,8134 0,0013
windows 0,7985 0,0004
generic 1,4697 0,0013
manage 0,3567 0,0003
vosa 2,9957 0,0014
wikimedia 0,0000 0,0000
typical 1,1394 0,0005
initially 1,0788 0,0005
short 0,0000 0,0000
time 0,0000 0,0000
quotation 1,7720 0,0008
configurable 2,8134 0,0013
beanshell 4,6052 0,0021
studio 1,3471 0,0006
interactive 0,4463 0,0002
program 0,2614 0,0004
three 0,3711 0,0002
elena 3,5066 0,0016
squawk 4,6052 0,0021
specifically 0,8916 0,0004
hardware 0,5798 0,0003
russian 1,8971 0,0009
vararg 4,6052 0,0021
standalone 2,0402 0,0009
supreme 2,9957 0,0014
creative 0,0000 0,0000
nederlands 0,1985 0,0001
allocate 1,5606 0,0014
provide 0,1625 0,0003
wayback 0,7985 0,0004
addison 0,9163 0,0004
primary 0,7765 0,0004
supercomputer 2,0402 0,0009
log 0,0000 0,0000
enterprise 0,4463 0,0002
wgcheckuserclienthintsheadersjsapi 0,0000 0,0000
nicky 3,9120 0,0018
cobalt 3,5066 0,0016
roadmap 2,4079 0,0011
euskara 0,5108 0,0002
lom 3,9120 0,0018
smart 1,2379 0,0006
undefined 3,2189 0,0015
computer 0,1863 0,0002
openjdk 2,8134 0,0013
jdep 4,6052 0,0021
mcgraw 2,2073 0,0010
low 0,0101 0,0000
timingprofile 0,0000 0,0000
theme 0,0000 0,0000
wgcategory 0,0000 0,0000
editor 0,0000 0,0000
means 1,0217 0,0005
postexpandincludesize 0,0000 0,0000
heejong 4,6052 0,0021
efficient 1,0217 0,0005
initial 0,3857 0,0002
unstrip 0,0000 0,0000
consistent 1,1712 0,0005
reverse 1,7720 0,0008
ansi 2,2073 0,0010
siebel 3,9120 0,0018
templateargumentsize 0,0000 0,0000
naughton 4,6052 0,0021
liskov 4,6052 0,0021
unsourced 0,5621 0,0003
january 0,0000 0,0000
permanent 0,0000 0,0000
foster 2,2073 0,0010
asturianu 1,2730 0,0006
organized 2,9957 0,0014
melanson 3,9120 0,0018
facility 1,0498 0,0005
ubl 3,9120 0,0018
small 0,0305 0,0000
rhino 3,2189 0,0015
before 0,0305 0,0000
speedy 0,7133 0,0003
replace 0,7340 0,0007
italic 0,1278 0,0001
major 0,5621 0,0003
beat 1,9661 0,0009
exadata 3,5066 0,0016
consider 0,4005 0,0004
day 0,0000 0,0000
combination 1,0788 0,0005
group 0,0408 0,0000
workshop 1,5606 0,0007
format 0,0101 0,0000
tree 1,1394 0,0010
runtime 1,2040 0,0006
sunview 3,9120 0,0018
archive 0,0943 0,0000
particular 0,5978 0,0003
history 0,0000 0,0000
nullpointerexception 4,6052 0,0021
eclipse 1,7720 0,0008
formal 1,1394 0,0005
overloading 3,9120 0,0018
twice 1,9661 0,0009
applet 3,5066 0,0032
soap 2,4079 0,0011
ease 1,7720 0,0008
request 0,6733 0,0006
mike 1,2040 0,0006
wgrestrictionedit 0,0000 0,0000
part 0,1985 0,0002
wgpageparsereport 0,0000 0,0000
textbooks 1,7720 0,0008
point 0,5447 0,0002
corsu 2,9957 0,0014
general 0,0000 0,0000
september 0,0000 0,0000
browser 0,9943 0,0009
introduction 0,5621 0,0003
park 2,1203 0,0010
padding 0,0000 0,0000
process 0,1625 0,0001
alternative 0,6931 0,0003
clear 0,0101 0,0000
lts 2,8134 0,0013
ltr 0,0000 0,0000
cymraeg 1,4697 0,0007
third 0,5447 0,0002
build 0,2357 0,0002
mean 0,4463 0,0004
interaction 0,8210 0,0008
lua 0,0513 0,0000
further 0,3711 0,0002
account 0,0000 0,0000
mostly 1,2730 0,0006
stack 0,7340 0,0007
coherence 2,9957 0,0014
servlet 2,6593 0,0024
dansk 0,5798 0,0003
hmp 4,6052 0,0021
portalborder 1,3093 0,0006
crack 2,4079 0,0011
dev 1,7720 0,0008
ugi 2,6593 0,0012
abbr 0,0619 0,0000
you 0,0000 0,0000
jump 0,0000 0,0000
databases 2,0402 0,0009
happen 1,3471 0,0006
carefully 2,0402 0,0009
profile 1,0788 0,0005
bill 1,5606 0,0007
july 0,0000 0,0000
chapel 2,9957 0,0014
court 1,9661 0,0009
easy 0,6733 0,0003
hoff 4,6052 0,0021
relative 1,6607 0,0008
subgroup 0,0513 0,0000
mascot 2,9957 0,0014
dejan 4,6052 0,0021
transparent 0,0619 0,0000
how 0,0834 0,0000
owens 4,6052 0,0021
capability 0,7765 0,0004
adoption 0,8675 0,0004
journal 0,4780 0,0002
unlike 1,2040 0,0006
assembly 1,3471 0,0006
term 0,0000 0,0000
acquisition 1,2040 0,0006
sparc 2,4079 0,0011
spare 2,6593 0,0012
business 0,3425 0,0002
mini 0,0619 0,0000
emergence 2,5257 0,0012
advent 2,4079 0,0011
possible 0,5276 0,0002
right 0,0101 0,0000
executable 1,3093 0,0012
march 0,0000 0,0000
appeals 3,5066 0,0016
june 0,0000 0,0000
wikitext 0,0000 0,0000
stage 1,2040 0,0006
boilerplate 3,9120 0,0018
series 0,5798 0,0003
supersede 1,9661 0,0009
under 0,0101 0,0000
compete 2,0402 0,0009
debugger 1,8326 0,0008
moscow 3,5066 0,0016
promise 1,5141 0,0007
autocapitalize 0,0000 0,0000
down 0,8440 0,0004
hold 0,7985 0,0007
div 0,0000 0,0000
trail 2,4079 0,0011
later 0,4005 0,0002
outdated 2,8134 0,0013
prior 1,3093 0,0006
bracket 0,0619 0,0000
legal 1,1712 0,0005
wgpagename 0,0000 0,0000
talk 0,0000 0,0000
static 1,0217 0,0005
commonly 0,6931 0,0003
test 0,4463 0,0002
finally 1,4271 0,0007
count 0,0513 0,0000
hatnote 0,2107 0,0001
scholar 1,3863 0,0006
graph 1,4697 0,0007
gilad 3,9120 0,0018
pinnable 0,0000 0,0000
take 0,2877 0,0001
thereof 3,2189 0,0015
final 1,0788 0,0005
wgrevisionid 0,0000 0,0000
autoconfirm 1,9661 0,0009
occasion 3,5066 0,0016
some 0,1744 0,0001
virtual 0,4620 0,0002
beginning 1,8326 0,0008
rather 0,5978 0,0003
autobox 4,6052 0,0021
additional 0,0000 0,0000
title 0,0000 0,0000
patroltoken 0,0000 0,0000
primarily 0,9943 0,0005
states 0,4943 0,0002
load 0,0202 0,0000
zdnet 1,4697 0,0007
fortran 1,8326 0,0008
alpha 0,0101 0,0000
ignore 1,4697 0,0007
company 0,4308 0,0002
symantec 2,9957 0,0014
just 0,4943 0,0002
jury 3,5066 0,0016
custom 0,0000 0,0000
kiswahili 1,2730 0,0006
getentity 2,6593 0,0012
monitor 1,2040 0,0006
raymond 1,9661 0,0009
wirth 2,9957 0,0014
mullin 3,9120 0,0018
strictly 2,0402 0,0009
michael 0,7133 0,0003
henry 2,1203 0,0010
schedule 1,1087 0,0005
print 0,0000 0,0000
although 0,6162 0,0003
material 0,7765 0,0004
relocate 2,8134 0,0013
inherit 0,0101 0,0000
interpret 1,7148 0,0016
iron 2,4079 0,0011
articles 1,0217 0,0005
httpclient 3,9120 0,0018
qfs 3,5066 0,0016
construct 1,3471 0,0006
attempt 0,8440 0,0004
soon 1,5606 0,0007
america 1,7720 0,0008
dmy 0,0000 0,0000
tablet 2,0402 0,0009
navigation 0,0000 0,0000
sbus 3,9120 0,0018
action 0,0000 0,0000
lock 0,0101 0,0000
adoptium 4,6052 0,0021
text 0,0000 0,0000
usually 0,4780 0,0002
whereas 1,4271 0,0007
validation 1,3093 0,0006
init 2,8134 0,0013
python 0,6539 0,0003
ppvisitednode 0,0000 0,0000
cookie 0,0000 0,0000
electrical 1,4271 0,0007
stall 2,6593 0,0012
hood 2,5257 0,0012
loading 0,0000 0,0000
jilles 4,6052 0,0021
field 0,7550 0,0003
contents 0,0000 0,0000
doc 1,8326 0,0017
impression 4,6052 0,0021
doi 0,4155 0,0002
machinery 1,4271 0,0007
status 0,0000 0,0000
server 0,4005 0,0004
compactness 3,5066 0,0016
dot 0,8210 0,0004
skin 0,0000 0,0000
deliver 1,1394 0,0005
summer 1,6607 0,0008
robert 0,9676 0,0004
streaming 2,1203 0,0010
bibliography 2,2073 0,0010
file 0,0000 0,0000
joshua 1,8326 0,0008
stand 1,1712 0,0005
wgnoticeproject 0,0000 0,0000
may 0,0000 0,0000
jstor 1,4271 0,0007
max 0,0513 0,0000
within 0,3011 0,0001
could 0,4780 0,0002
trigger 0,0513 0,0000
menu 0,0000 0,0000
url 0,0000 0,0000
machine 0,2744 0,0003
urs 3,5066 0,0016
efficiently 1,4697 0,0007
return 0,0000 0,0000
staroffice 3,9120 0,0018
openwindows 3,9120 0,0018
usa 1,6094 0,0007
instance 0,7765 0,0004
subject 1,1087 0,0005
use 0,0000 0,0000
recognition 1,6607 0,0008
feel 1,8326 0,0017
inheritance 2,2073 0,0010
main 0,0000 0,0000
integer 1,7720 0,0008
afara 3,9120 0,0018
heterogeneous 2,5257 0,0012
blade 3,2189 0,0015
revenue 1,8971 0,0009
berg 3,2189 0,0015
find 0,3425 0,0003
host 0,6539 0,0003
logo 0,0000 0,0000
international 0,3011 0,0001
javastation 3,9120 0,0018
logs 1,3093 0,0006
regardless 1,7720 0,0008
combine 0,7340 0,0003
ideal 2,1203 0,0010
utc 0,0000 0,0000
occur 0,7765 0,0011
difficult 0,9163 0,0004
canonical 0,0408 0,0000
tata 3,9120 0,0018
sistersitebox 0,6539 0,0003
transforming 4,6052 0,0021
khosla 3,5066 0,0016
wgcurrevisionid 0,0000 0,0000
null 0,0000 0,0000
background 0,0101 0,0000
principles 1,7148 0,0008
true 0,0000 0,0000
header 0,0000 0,0000
watchtoken 0,0000 0,0000
since 0,3425 0,0002
belong 1,6607 0,0008
mdy 1,6094 0,0007
patent 1,8971 0,0009
paradigm 1,1394 0,0005
delete 0,4155 0,0002
foreach 0,0000 0,0000
println 2,9957 0,0014
evangelist 3,9120 0,0018
mesa 3,5066 0,0016
repeat 0,0101 0,0000
make 0,1165 0,0002
beta 1,3863 0,0006
wggestructuredtaskrejectionreasontextinputenable 0,0000 0,0000
execution 0,7340 0,0003
kotlin 2,4079 0,0011
segmented 3,9120 0,0018
thread 1,2379 0,0011
structure 0,4155 0,0004
lindholm 4,6052 0,0021
ruby 1,0217 0,0005
algol 2,1203 0,0010
underlie 0,9416 0,0004
due 0,5108 0,0002
tutorials 3,9120 0,0018
simplify 1,1394 0,0005
writer 2,0402 0,0009
invention 1,7148 0,0008
majc 3,9120 0,0018
depend 0,7340 0,0003
dalvik 2,9957 0,0014
farivar 3,9120 0,0018
parsing 4,6052 0,0021
crash 1,6094 0,0007
patch 1,5141 0,0007
character 1,1394 0,0005
contribution 0,0000 0,0000
constellation 3,2189 0,0015
bechtolsheim 3,5066 0,0016
fire 1,7148 0,0008
playback 3,2189 0,0015
recursion 0,0513 0,0000
czech 0,9163 0,0004
height 0,0101 0,0000
zoran 3,9120 0,0018
pointer 2,0402 0,0019
modula 3,5066 0,0016
august 0,0000 0,0000
distinguish 1,3471 0,0006
module 0,0000 0,0000
wikibase 0,0619 0,0000
invent 1,7720 0,0008
outer 1,2040 0,0006
execute 0,6733 0,0009
procom 3,9120 0,0018
something 1,4271 0,0007
datemodify 0,0619 0,0000
filename 2,1203 0,0010
pillar 3,9120 0,0018
disastrous 3,9120 0,0018
processing 0,6162 0,0003
hrvatski 0,7550 0,0003
programs 2,2073 0,0010
functional 0,9943 0,0005
notheme 0,3711 0,0002
examine 1,5606 0,0007
overrule 3,9120 0,0018
association 1,0498 0,0005
eliminate 1,1712 0,0005
global 0,7985 0,0004
industry 0,7550 0,0003
long 0,4005 0,0004
occitan 1,8326 0,0008
into 0,1985 0,0001
min 0,1165 0,0001
recompile 3,5066 0,0016
eiffel 3,9120 0,0018
operating 0,9416 0,0004
free 0,0000 0,0000
redirect 1,1087 0,0010
controller 1,5141 0,0007
middle 0,7765 0,0004
though 0,8440 0,0004
jmod 4,6052 0,0021
appeal 2,4079 0,0022
many 0,2357 0,0001
people 0,9943 0,0005
actually 1,3093 0,0006
appear 0,8210 0,0004
techmetrix 4,6052 0,0021
mismatch 2,1203 0,0010
operation 0,5108 0,0002
open 0,1625 0,0001
agent 1,3863 0,0006
tbody 0,6931 0,0003
project 0,0000 0,0000
reputation 2,6593 0,0012
enhancement 0,0101 0,0000
inside 0,0101 0,0000
mainly 1,5141 0,0007
avinash 4,6052 0,0021
woolf 3,9120 0,0018
loom 2,8134 0,0013
loop 1,7148 0,0008
wikiversity 0,9676 0,0004
california 1,2379 0,0006
mysql 2,3026 0,0011
five 0,9943 0,0005
tuxedo 3,5066 0,0016
arnold 2,9957 0,0014
please 0,8210 0,0004
collection 0,6733 0,0006
ide 1,4697 0,0007
idg 2,1203 0,0010
look 0,7765 0,0014
modification 1,4271 0,0007
ido 1,2730 0,0006
pluggable 2,9957 0,0014
internet 0,5447 0,0002
allow 0,1863 0,0003
que 3,2189 0,0015
appliance 1,7148 0,0016
wired 1,2040 0,0006
lawsuit 2,8134 0,0013
iec 1,5606 0,0007
zfs 3,5066 0,0016
isbn 0,1054 0,0000
recording 2,5257 0,0012
rule 0,5978 0,0011
update 0,4463 0,0004
derivative 1,9661 0,0009
speed 0,9416 0,0004
printf 3,5066 0,0016
apple 1,1712 0,0005
common 0,3711 0,0002
linux 0,8916 0,0004
zgc 4,6052 0,0021
definition 0,4943 0,0002
placeholder 0,0000 0,0000
every 0,6162 0,0003
middleware 1,6607 0,0008
basa 2,0402 0,0009
jython 3,9120 0,0018
apply 0,0000 0,0000
comment 1,2730 0,0012
guttag 3,9120 0,0018
mark 0,6733 0,0006
base 0,0305 0,0000
muhammad 2,6593 0,0012
runa 0,9416 0,0004
during 0,5447 0,0002
fair 2,1203 0,0010
devoxx 3,9120 0,0018
reliable 0,7765 0,0004
compatible 1,2040 0,0006
relate 0,0000 0,0000
delimiter 3,2189 0,0015
enable 0,0000 0,0000
safety 1,3093 0,0006
sidebar 0,0000 0,0000
limitreport 0,0000 0,0000
decoration 0,0619 0,0000
dependent 1,6094 0,0007
reflist 0,0101 0,0000
still 0,5447 0,0002
van 1,3093 0,0006
var 0,0000 0,0000
work 0,2231 0,0002
constitute 2,1203 0,0010
agree 0,0101 0,0000
wgulsislanguageselectorempty 0,0000 0,0000
wora 4,6052 0,0021
fail 0,9676 0,0004
unresolved 3,5066 0,0016
itself 0,6539 0,0003
storagetek 3,9120 0,0018
srpski 0,3711 0,0002
registration 0,0101 0,0000
word 0,0101 0,0000
spain 1,4271 0,0007
extension 0,6349 0,0006
deprecate 1,6607 0,0008
iie 3,2189 0,0015
damages 3,5066 0,0016
pascal 2,0402 0,0009
iii 2,1203 0,0010
refbegin 1,4697 0,0007
foundation 0,0000 0,0000
jruby 3,2189 0,0015
across 0,5798 0,0003
discontinue 1,3863 0,0013
federal 1,7148 0,0008
event 0,0000 0,0000
include 0,0000 0,0000
facebook 1,3863 0,0006
ashlan 3,9120 0,0018
toggle 0,0000 0,0000
abstract 1,3093 0,0006
appearance 0,0000 0,0000
evolving 4,6052 0,0021
classname 0,0000 0,0000
wggetopicsmatchmodeenable 0,0000 0,0000
first 0,0408 0,0000
nowrap 0,0408 0,0000
prefer 0,0101 0,0000
roman 0,0101 0,0000
opensparc 3,5066 0,0016
citerefjelovic 4,6052 0,0021
wgrelevantpageisprobablyeditable 0,0000 0,0000
float 0,0101 0,0000
transclusion 0,0619 0,0000
yellin 4,6052 0,0021
space 0,0408 0,0000
spec 1,7720 0,0008
reference 0,0101 0,0000
ambox 0,7133 0,0003
html 0,4463 0,0002
gurp 4,6052 0,0021
offset 2,6593 0,0012
bottom 0,0000 0,0000
capture 1,4697 0,0007
commitment 2,0402 0,0009
workstation 2,0402 0,0009
lustre 3,5066 0,0016
revision 0,0000 0,0000
gemini 2,5257 0,0012
magyar 0,3425 0,0002
fortress 2,9957 0,0014
publisher 0,0000 0,0000
arthur 2,2073 0,0010
img 0,0408 0,0000
arrival 2,8134 0,0013
configuration 0,7550 0,0007
o'reilly 0,6733 0,0003
scientific 1,1712 0,0005
rlstate 0,0000 0,0000
error 0,0101 0,0000
platform 0,0000 0,0000
network 0,3285 0,0003
rust 1,6094 0,0007
paper 0,9416 0,0004
public 0,4155 0,0002
value 0,0000 0,0000
inc 1,3093 0,0006
lookup 2,4079 0,0011
advantage 0,9676 0,0004
resources 1,3471 0,0006
instead 0,4463 0,0002
controversy 1,7720 0,0008
ultimately 2,2073 0,0010
int 2,2073 0,0010
jack 2,3026 0,0011
expensive 0,0408 0,0000
cyrus 4,6052 0,0021
performance 0,3425 0,0002
maint 0,0101 0,0000
variable 0,9676 0,0009
wiktionary 0,5798 0,0003
slash 2,4079 0,0011
platformversion 0,0000 0,0000
exception 1,3471 0,0012
vakaviti 2,9957 0,0014
smartphone 2,3026 0,0011
references 0,0513 0,0000
saved 0,0619 0,0000
year 0,2614 0,0002
laptop 1,9661 0,0009
properly 1,3471 0,0006
quote 0,0101 0,0000
visual 0,9416 0,0004
because 0,0000 0,0000
ipc 2,1203 0,0010
raq 3,9120 0,0018
nadeem 4,6052 0,0021
fairly 2,8134 0,0013
google 0,4005 0,0002
ray 1,8971 0,0009
community 0,0000 0,0000
version 0,0000 0,0000
overload 2,3026 0,0011
ipx 3,9120 0,0018
heinz 3,2189 0,0015
eesti 0,3285 0,0002
science 0,5447 0,0002
shortly 2,6593 0,0012
utility 1,2730 0,0006
manual 1,1394 0,0005
wgusergroup 0,0000 0,0000
multicore 3,9120 0,0018
refuse 2,3026 0,0011
aspect 0,7765 0,0004
nashorn 2,9957 0,0014
wikipedia 0,0000 0,0000
scott 1,0217 0,0005
close 0,8210 0,0004
afrikaans 0,9416 0,0004
annotation 2,0402 0,0009
haskell 1,9661 0,0009
website 0,3711 0,0002
learn 0,0000 0,0000
logical 1,6607 0,0008
concurrency 1,3471 0,0006
rdb 2,9957 0,0014
arithmetically 4,6052 0,0021
swing 3,9120 0,0018
maxine 3,5066 0,0016
kabutz 4,6052 0,0021
unrelated 2,6593 0,0012
register 0,0000 0,0000
communicate 1,1394 0,0005
iso 1,1394 0,0005
republic 0,8916 0,0004
javalobby 4,6052 0,0021
official 0,6162 0,0003
acm 0,8675 0,0004
spring 1,8971 0,0009
post 0,0202 0,0000
leave 0,0101 0,0000
finish 1,8971 0,0009
ada 2,0402 0,0009
swift 1,8326 0,0008
add 0,0000 0,0000
need 0,1393 0,0003
its 0,0726 0,0000
originally 0,8675 0,0004
remedy 3,5066 0,0016
elt 0,6931 0,0003
insist 2,9957 0,0014
article 0,0000 0,0000
fusion 1,9661 0,0009
parser 0,0000 0,0000
port 1,8326 0,0017
shell 1,0788 0,0005
neptune 2,9957 0,0014
http 0,0000 0,0000
decimal 0,0101 0,0000
useful 0,9943 0,0005
united 0,4780 0,0002
cray 3,9120 0,0018
standardization 1,6094 0,0007
choose 0,8440 0,0004
directory 1,5141 0,0007
wghostname 0,0000 0,0000
prevent 0,7340 0,0007
vol 1,1712 0,0005
wgtitle 0,0000 0,0000
engine 0,4780 0,0004
responsible 1,2040 0,0006
end 0,3011 0,0003
wgdigittransformtable 0,0000 0,0000
rich 1,3093 0,0006
hlist 0,0408 0,0000
label 0,0000 0,0000
message 0,3857 0,0002
iplanet 3,9120 0,0018
special 0,0000 0,0000
environment 0,4308 0,0004
berkeley 1,6094 0,0007
micro 2,5257 0,0012
rlconf 0,0000 0,0000
clone 2,3026 0,0011
jndi 4,6052 0,0021
progressive 1,0788 0,0005
family 1,0217 0,0005
age 1,2730 0,0006
localization 3,5066 0,0016
copyright 1,6607 0,0023
education 1,0788 0,0005
bahasa 0,3285 0,0002
release 0,2744 0,0004
ago 0,7765 0,0004
arithmetic 2,1203 0,0010
caption 0,3567 0,0002
apex 3,2189 0,0015
number 0,0000 0,0000
wgbackendresponsetime 0,0000 0,0000
shorten 0,0000 0,0000
decline 2,9957 0,0014
judge 2,5257 0,0012
infoworld 1,6094 0,0007
interpretive 3,9120 0,0018
manipulate 1,4271 0,0007
similar 0,4780 0,0002
midlet 4,6052 0,0021
programmer 0,9416 0,0009
specify 0,6349 0,0003
handle 0,6539 0,0006
forth 1,8971 0,0009
chaudhary 3,9120 0,0018
system 0,0101 0,0000
issn 0,7765 0,0004
spot 2,1203 0,0010
other 0,0000 0,0000
aim 0,8210 0,0004
against 0,6931 0,0003
cell 0,4308 0,0002
portability 1,9661 0,0009
dalibor 4,6052 0,0021
electronic 1,0788 0,0005
assertion 2,4079 0,0011
share 0,4620 0,0002
rightnow 3,9120 0,0018
television 2,3026 0,0011
octoverse 3,9120 0,0018
prototype 0,9676 0,0004
netsuite 3,9120 0,0018
future 0,5978 0,0003
rlq 0,0000 0,0000
cite 0,0000 0,0000
logic 0,9676 0,0004
francisco 1,6607 0,0008
tarantella 3,9120 0,0018
donald 1,7148 0,0008
naomi 3,2189 0,0015
duke 3,5066 0,0016
screen 0,0101 0,0000
implicitly 2,8134 0,0013
body 0,0000 0,0000
trial 2,4079 0,0011
rmi 3,9120 0,0018
shenandoah 4,6052 0,0021
mode 0,0000 0,0000
pages 0,0000 0,0000
optimize 1,0217 0,0005
enhancements 2,9957 0,0014
websocket 2,2073 0,0010
decimate 3,5066 0,0016
net 0,9416 0,0004
cable 2,8134 0,0013
newpp 0,0619 0,0000
all 0,0408 0,0000
always 0,9416 0,0004
border 0,0000 0,0000
new 0,0000 0,0000
alphabetical 2,2073 0,0010
read 0,0000 0,0000
ultrasparc 3,5066 0,0016
already 1,1087 0,0005
below 0,7550 0,0003
real 0,0408 0,0000
clientpref 0,0000 0,0000
tool 0,0000 0,0000
rigorous 2,8134 0,0013
substantive 3,9120 0,0018
svenska 0,3857 0,0002
typing 2,3026 0,0011
nfs 3,5066 0,0016
joseph 1,5141 0,0007
javaworld 3,5066 0,0016
indent 1,3863 0,0013
gridware 3,9120 0,0018
wgpagecontentlanguage 0,0000 0,0000
innodb 3,9120 0,0018
media 0,2485 0,0001
lightweight 1,6094 0,0007
wgisarticle 0,0000 0,0000
define 0,2744 0,0001
predict 1,6607 0,0008
salcic 4,6052 0,0021
row 0,4943 0,0002
render 0,0513 0,0000
universal 1,4271 0,0007
interlingua 1,3093 0,0006
manifest 2,9957 0,0014
abstraction 1,2040 0,0011
relieve 3,9120 0,0018
specific 0,2877 0,0001
any 0,2107 0,0001
citerefchidester 4,6052 0,0021
generational 2,8134 0,0013
application 0,0943 0,0001
compilation 2,1203 0,0010
mcnealy 3,9120 0,0018
wgflaggedrevsparams 0,0000 0,0000
jnlp 4,6052 0,0021
unsigned 3,5066 0,0016
collapse 0,0408 0,0000
forms 3,2189 0,0015
cerner 3,9120 0,0018
reason 0,7985 0,0004
maintain 0,3567 0,0002
wgrelevantarticleid 0,0000 0,0000
preprocessor 0,0513 0,0000
gephi 4,6052 0,0021
ship 1,6094 0,0007
byous 4,6052 0,0021
anywhere 2,0402 0,0009
mbox 0,7133 0,0003
java 0,6162 0,0003
nio 4,6052 0,0021
english 0,0000 0,0000
nis 3,9120 0,0018
jar 3,9120 0,0018
api 0,3425 0,0003
apl 2,6593 0,0012
jax 3,2189 0,0015
cache 0,0305 0,0000
margin 0,0000 0,0000
suomi 0,2107 0,0001
wgrequestid 0,0000 0,0000
remain 0,7550 0,0007
enwikimwclientpreference 0,0000 0,0000
rlpagemodules 0,0000 0,0000
nosql 1,8326 0,0008
alex 1,3863 0,0006
dictionary 1,2040 0,0006
slow 1,1087 0,0010
samea 0,0000 0,0000
fireplane 3,9120 0,0018
wgwikibaseitemid 0,0000 0,0000
bytecode 2,2073 0,0020
complexity 0,9163 0,0004
wgulsiscompactlinksenable 0,0000 0,0000
another 0,3567 0,0002
automatically 0,7765 0,0004
pagevariantfallback 0,0000 0,0000
guarantee 1,3093 0,0006
recommend 1,4697 0,0007
acquire 1,1087 0,0005
comeback 3,9120 0,0018
webarchive 0,7985 0,0004
default 0,6931 0,0003
caml 2,8134 0,0013
mojo 2,9957 0,0014
vendor 1,1087 0,0005
wgmonthname 0,0000 0,0000
malik 2,8134 0,0013
disabled 0,0000 0,0000
subpackage 4,6052 0,0021
where 0,2744 0,0001
mechanism 0,7550 0,0003
arm 1,6607 0,0008
popular 0,6539 0,0003
timestamp 0,0000 0,0000
graal 4,6052 0,0021
ars 1,9661 0,0009
broker 1,8971 0,0009
supporter 2,9957 0,0014
call 0,0101 0,0000
jdk 3,5066 0,0016
such 0,0943 0,0000
classic 1,3093 0,0006
cnet 1,7720 0,0008
plugin 1,9661 0,0018
ask 1,0498 0,0005
describe 0,2485 0,0001
stringbuilder 4,6052 0,0021
through 0,2107 0,0001
javaone 3,9120 0,0018
microsystems 1,8971 0,0009
run 0,3011 0,0003
incorporate 1,1712 0,0005
microsoft 0,4005 0,0002
operator 1,1712 0,0005
research 0,5621 0,0003
ecmascript 2,5257 0,0012
lifecycle 1,8971 0,0009
either 0,5621 0,0003
view 0,0000 0,0000
generics 3,9120 0,0018
white 0,0305 0,0000
donate 0,0000 0,0000
ecma 2,8134 0,0013
unreachable 3,9120 0,0018
jfc 4,6052 0,0021
bold 0,0408 0,0000
engineering 0,3857 0,0002
museum 2,6593 0,0012
everywhere 2,5257 0,0012
galego 0,7550 0,0003
name 0,0000 0,0000
selling 3,5066 0,0016
cputime 0,0000 0,0000
larry 1,9661 0,0009
watchlist 0,0000 0,0000
nominative 3,9120 0,0018
mbus 3,9120 0,0018
next 0,5798 0,0003
noc 3,9120 0,0018
color 0,0101 0,0000
hidden 1,6094 0,0007
string 1,2040 0,0006
android 1,4697 0,0007
book 0,4308 0,0004
fantom 4,6052 0,0021
show 0,0513 0,0000
description 0,0000 0,0000
edition 0,7985 0,0007
not 0,0101 0,0000
arrive 2,0402 0,0009
now 0,4308 0,0002
statement 0,0000 0,0000
trademark 0,0101 0,0000
analogous 1,7720 0,0008
greek 0,0101 0,0000
news 0,4620 0,0002
green 1,3863 0,0006
visualvm 3,9120 0,0018
introduce 0,3285 0,0003
war 1,8326 0,0008
relicense 3,2189 0,0015
way 0,2485 0,0001
target 0,0101 0,0000
jeffrey 1,7148 0,0008
what 0,0000 0,0000
israel 0,7550 0,0003
window 1,5606 0,0007
aws 1,3471 0,0006
awt 4,6052 0,0021
container 0,0000 0,0000
developers 0,0000 0,0000
deprecated 3,9120 0,0018
quickly 1,1087 0,0005
usage 0,0000 0,0000
decide 0,9943 0,0009
wgmediaviewerenabledbydefault 0,0000 0,0000
nearby 0,0000 0,0000
when 0,0834 0,0000
cast 2,3026 0,0011
widgetry 4,6052 0,0021
connectivity 2,1203 0,0010
jit 2,5257 0,0012
statically 2,4079 0,0011
largely 2,3026 0,0011
embed 0,9163 0,0008
case 0,3285 0,0002
item 0,0000 0,0000
wgmediavieweronclick 0,0000 0,0000
double 1,0498 0,0005
wgulsposition 0,0000 0,0000
melayu 0,6349 0,0003
refend 1,9661 0,0009
explicit 1,4697 0,0007
ships 4,6052 0,0021
hyperion 3,9120 0,0018
wgbreakframe 0,0000 0,0000
italiano 0,1278 0,0001
sticky 0,0000 0,0000
style 0,0000 0,0000
card 1,3863 0,0013
care 1,9661 0,0009
participation 2,2073 0,0010
purely 2,9957 0,0014
explicitly 1,2040 0,0006
study 0,9416 0,0004
widget 2,4079 0,0011
searchinput 0,0000 0,0000
harry 2,5257 0,0012
portion 1,5141 0,0007
direct 0,8440 0,0008
settle 2,4079 0,0011
catz 3,9120 0,0018
commons 0,0000 0,0000
gain 0,8916 0,0008
confuse 1,2040 0,0006
citereftopic 4,6052 0,0021
modern 0,7340 0,0003
julia 1,9661 0,0009
web 0,1165 0,0001
licensing 1,7148 0,0008
architecture 0,0000 0,0000
more 0,0000 0,0000
niccolai 3,2189 0,0015
display 0,0000 0,0000
kahan 4,6052 0,0021
disorder 3,9120 0,0018
criticize 1,5141 0,0007
chander 4,6052 0,0021
grid 1,4697 0,0007
organization 0,0000 0,0000
forbes 1,5141 0,0007
width 0,0000 0,0000
momentarily 4,6052 0,0021
certain 0,6162 0,0003
statistics 0,0000 0,0000
rogers 3,9120 0,0018
section 0,7340 0,0003
simple 0,2231 0,0001
wrapper 2,9957 0,0014
influence 1,3471 0,0012
cloud 0,6349 0,0003
protocol 0,5621 0,0003
overflow 0,3567 0,0002
jmx 4,6052 0,0021
websystems 3,9120 0,0018
few 0,7133 0,0003
otherwise 1,3863 0,0006
package 0,9943 0,0014
visible 0,0101 0,0000
jni 3,9120 0,0018
orient 0,5447 0,0002
kind 0,8675 0,0004
inner 2,4079 0,0011
both 0,0305 0,0000
important 0,0101 0,0000
most 0,2107 0,0001
delimit 2,8134 0,0013
outside 1,1087 0,0005
peoplesoft 3,9120 0,0018
topic 0,0000 0,0000
option 0,9416 0,0009
joe 1,7720 0,0008
limitation 1,0498 0,0005
game 0,7765 0,0004
lighthouse 2,9957 0,0014
crucial 2,1203 0,0010
contribute 0,0000 0,0000
jon 1,6607 0,0008
why 0,6539 0,0003
alsup 3,9120 0,0018
oldid 2,0402 0,0009
hurd 2,9957 0,0014
integrated 1,2379 0,0006
candidate 1,6094 0,0007
database 0,2485 0,0002
along 0,7340 0,0003
joy 2,8134 0,0013
parallel 1,1087 0,0005
jpa 4,6052 0,0021
win 1,7148 0,0016
wgseparatortransformtable 0,0000 0,0000
rest 1,0788 0,0005
san 1,2379 0,0006
amount 0,9416 0,0004
move 0,0000 0,0000
comply 2,2073 0,0010
original 0,0943 0,0000
assignment 2,2073 0,0010
picojava 3,9120 0,0018
also 0,0202 0,0000
ellison 2,9957 0,0014
say 0,6733 0,0003
designer 1,2730 0,0006
increase 0,4620 0,0002
raku 2,6593 0,0012
grundfest 3,9120 0,0018
ayisyen 3,5066 0,0016
inline 0,0408 0,0000
favor 1,5141 0,0007
organizations 1,5606 0,0007
latter 1,6607 0,0008
headache 4,6052 0,0021
visit 0,0408 0,0000
timothy 1,9661 0,0009
user 0,0000 0,0000
extent 1,7720 0,0008
bad 1,4271 0,0007
asterisk 4,6052 0,0021
bring 0,9676 0,0004
tooltip 0,8675 0,0004
edwards 2,4079 0,0011
hausa 1,8971 0,0009
losing 3,9120 0,0018
offer 0,4155 0,0006
fix 0,5108 0,0002
elmcip 2,3026 0,0011
javafx 4,6052 0,0021
jre 4,6052 0,0021
addition 0,6733 0,0003
scp 3,2189 0,0015
grow 0,8675 0,0004
documentation 0,6349 0,0003
personal 0,0000 0,0000
an 3,9120 0,0018
extend 0,6162 0,0003
ar 1,5141 0,0007
imageobject 0,0000 0,0000
intermediate 2,0402 0,0009
sdk 2,4079 0,0011
jsf 4,6052 0,0021
greatly 1,8971 0,0009
hurt 2,9957 0,0014
jsg 4,6052 0,0021
frank 1,4271 0,0007
strong 0,9943 0,0005
be 0,1508 0,0001
essbase 3,9120 0,0018
prove 1,3093 0,0006
scheme 0,0101 0,0000
jsp 3,9120 0,0036
icon 0,0101 0,0000
expansiondepth 0,0000 0,0000
kemp 3,5066 0,0016
javadoc 3,5066 0,0016
slogans 3,9120 0,0018
search 0,0000 0,0000
see 0,0408 0,0000
spacing 0,0619 0,0000
responsibility 1,3863 0,0006
systems 0,4780 0,0002
wgrelevantpagename 0,0000 0,0000
popularity 1,3093 0,0006
jtc 2,6593 0,0012
national 0,4463 0,0002
typescript 1,8971 0,0009
innovation 1,2379 0,0006
charge 1,6094 0,0007
contain 0,0101 0,0000
set 0,2107 0,0002
shqip 0,6931 0,0003
column 0,0101 0,0000
systemj 4,6052 0,0021
familiar 2,0402 0,0009
integrate 0,5798 0,0003
battle 2,4079 0,0011
cobol 2,2073 0,0010
petition 3,5066 0,0016
sfn 1,6607 0,0008
wgaction 0,0000 0,0000
unfit 1,8326 0,0008
acquisitions 2,4079 0,0011
interview 1,5606 0,0007
bea 3,9120 0,0018
essential 1,1087 0,0010
font 0,0000 0,0000
visualization 1,5606 0,0007
javaserver 4,6052 0,0021
language 0,0000 0,0000
do 0,1625 0,0001
navbox 0,0943 0,0000
bowling 4,6052 0,0021
listitem 0,0408 0,0000
contact 0,0000 0,0000
france 0,8675 0,0004
criticism 1,1394 0,0005
programming 0,2744 0,0001
jvm 2,8134 0,0013
image 0,0202 0,0000
typically 0,3857 0,0002
garbage 2,3026 0,0011
unstable 3,2189 0,0015
never 1,1712 0,0005
chidester 3,9120 0,0018
containers 2,9957 0,0014
party 0,6539 0,0003
frame 1,6094 0,0007
cursor 0,0619 0,0000
however 0,3011 0,0001
deep 1,3863 0,0006
origin 0,0000 0,0000
overturn 3,9120 0,0018
walltime 0,0000 0,0000
interlanguage 0,0000 0,0000
collector 2,6593 0,0024
content 0,0000 0,0000
burden 2,4079 0,0011
random 0,0000 0,0000
rosenblatt 2,8134 0,0013
wikibooks 0,8210 0,0004
desktop 1,0788 0,0005
oak 3,9120 0,0018
client 0,0000 0,0000
foss 1,8971 0,0009
json 1,2379 0,0006
class 0,0000 0,0000
molina 3,5066 0,0016
gehomepagesuggestededitsenabletopic 0,0000 0,0000
digital 0,6162 0,0003
over 0,3285 0,0002
six 1,4271 0,0007
bound 2,1203 0,0010
false 0,0000 0,0000
go 0,9943 0,0005
specification 0,7133 0,0007
packaging 2,1203 0,0010
counter 0,0408 0,0000
parse 0,0619 0,0001
srpskohrvatski 0,9163 0,0004
formalize 2,6593 0,0012
management 0,2231 0,0001
developer 0,1744 0,0002
avoid 0,0101 0,0000
comprehensive 1,3863 0,0006
significantly 1,5141 0,0007
subset 1,1394 0,0005
withdraw 2,6593 0,0012
big 0,7550 0,0003
very 0,5978 0,0003
advanced 0,7985 0,0004
concurrentmaps 4,6052 0,0021
deallocate 3,9120 0,0036
output 0,0000 0,0000
william 1,7148 0,0008
four 0,9676 0,0004
model 0,0000 0,0000
portal 0,0000 0,0000
reduce 0,0101 0,0000
sentence 0,0000 0,0000
likely 1,3471 0,0006
issue 0,3425 0,0003
kern 0,0101 0,0000
large 0,2485 0,0001
dependency 1,2730 0,0006
director 1,6607 0,0008
ocaml 2,6593 0,0012
kieron 4,6052 0,0021
gambas 3,5066 0,0016
announce 0,6733 0,0003
odd 0,0943 0,0000
certification 2,0402 0,0009
traditional 0,7985 0,0004
operate 0,3567 0,0003
steele 3,2189 0,0015
exclusively 1,6607 0,0008
john 0,5276 0,0002
hello 1,6607 0,0008
begin 0,5108 0,0002
wgvisualeditor 0,0000 0,0000
become 0,2877 0,0005
template 0,0000 0,0000
enwiki 0,0619 0,0000
indefinitely 1,9661 0,0009
subscription 0,0101 0,0000
settlement 2,4079 0,0011
delegate 2,0402 0,0019
library 0,3857 0,0004
navbar 0,0202 0,0000
world 0,3857 0,0002
subbox 0,6931 0,0003
vala 3,5066 0,0016
jenkins 2,5257 0,0012
december 0,0000 0,0000
ability 0,7340 0,0003
barbara 2,8134 0,0013
guardian 1,8326 0,0008
bundle 1,6094 0,0007
implementations 1,8971 0,0009
macos 1,6607 0,0008
table 0,0000 0,0000
taqbaylit 2,4079 0,0011
unsound 4,6052 0,0021
oberon 4,6052 0,0021
creator 1,2730 0,0006
side 0,3425 0,0003
gaeilge 1,2040 0,0006
break 0,0101 0,0000
change 0,0000 0,0000
snd 3,2189 0,0015
weblogic 3,9120 0,0018
draw 1,7148 0,0008
printable 0,0000 0,0000
hide 0,0000 0,0000
corporate 1,4697 0,0007
discovery 1,3863 0,0006
instruction 1,1712 0,0011
report 0,0202 0,0000
conscious 3,2189 0,0015
exalogic 3,9120 0,0018
transaction 1,0217 0,0005
vinod 3,5066 0,0016
auto 0,0726 0,0000
soa 2,4079 0,0011
certify 2,2073 0,0010
several 0,4155 0,0002
office 1,0498 0,0005
wgcanonicalspecialpagename 0,0000 0,0000
while 0,2614 0,0001
second 0,0408 0,0000
that 0,5108 0,0002
download 0,0000 0,0000
high 0,0101 0,0000
ruling 3,2189 0,0029
split 0,0000 0,0000
sufficient 1,7148 0,0008
than 0,2357 0,0001
limit 0,0000 0,0000
claim 0,9676 0,0004
relentless 4,6052 0,0021
bnf 0,9163 0,0004
criticisms 3,9120 0,0018
communication 0,6162 0,0003
different 0,0513 0,0000
directly 0,5108 0,0002
level 0,0000 0,0000
author 0,0000 0,0000
establish 0,8916 0,0004
expansion 0,0619 0,0000
entry 0,8210 0,0004
license 0,0000 0,0000
expand 0,0101 0,0000
wgmfdisplaywikibasedescription 0,0000 0,0000
retrieve 0,0000 0,0000
savaje 3,9120 0,0018
datum 0,0408 0,0000
behind 1,2730 0,0006
code 0,0000 0,0000
legacy 1,5141 0,0007
wgdefaultdateformat 0,0000 0,0000
box 0,0408 0,0000
sean 1,9661 0,0009
sheridan 4,6052 0,0021
storage 0,3711 0,0002
sql 1,0788 0,0005
head 0,7765 0,0004
murphy 2,4079 0,0011
total 0,0000 0,0000
subtype 3,9120 0,0018
deutsch 0,0943 0,0000
baeldung 4,6052 0,0021
dive 3,2189 0,0015
heap 2,4079 0,0011
highly 1,1712 0,0005
delphi 2,9957 0,0014
console 1,7720 0,0008
recover 2,2073 0,0010
determine 0,7985 0,0011
src 0,6349 0,0003
control 0,1625 0,0001
openframe 4,6052 0,0021
getallexpandedargument 2,6593 0,0012
editions 3,2189 0,0015
attribution 0,0000 0,0000
infringement 2,6593 0,0012
vary 0,0619 0,0000
upper 0,0101 0,0000
discipline 1,1712 0,0005
luasandbox 1,4271 0,0007
objective 1,3471 0,0006
lambda 2,2073 0,0010
engines 1,3471 0,0006
expiry 0,0619 0,0000
minerva 0,0101 0,0000
brand 0,0000 0,0000
recent 0,0000 0,0000
they 0,0619 0,0001
cadenhead 4,6052 0,0021
github 0,7340 0,0003
modular 1,5141 0,0007
edit 0,0000 0,0000
old 0,8675 0,0008
subtract 3,5066 0,0016
interpreter 1,4697 0,0007
portable 1,8971 0,0009
then 0,3567 0,0002
accept 1,1087 0,0010
node 0,0305 0,0000
javanese 3,9120 0,0018
device 0,7550 0,0007
sue 2,3026 0,0011
access 0,2877 0,0004
primitive 1,8326 0,0008
simi 0,9416 0,0004
simula 2,6593 0,0012
sun 1,2730 0,0006
seem 1,8971 0,0009
selflink 0,0101 0,0000
current 0,0000 0,0000
nynorsk 1,2379 0,0006
henley 3,9120 0,0018
ken 2,1203 0,0010
variety 0,9943 0,0005
lecture 1,6094 0,0007
vector 0,0000 0,0000
audio 1,2379 0,0006
netbeans 2,6593 0,0012
dtrace 3,9120 0,0018
conferences 2,2073 0,0010
key 0,0305 0,0000
cachereport 0,0000 0,0000
pretitle 1,3471 0,0006
decision 0,8675 0,0004
svg 1,0788 0,0005
one 0,0943 0,0000
store 0,5447 0,0002
winaray 1,7720 0,0008
ideally 2,4079 0,0011
tagalog 1,2040 0,0006
bosanski 0,8916 0,0004
single 0,3147 0,0001
entityaccesscount 0,0000 0,0000
hill 1,7148 0,0008
bug 0,8675 0,0004
vast 1,9661 0,0009
partially 1,8971 0,0009
commercial 0,8440 0,0004
separate 0,6162 0,0003
jelovic 4,6052 0,0021
buy 1,4271 0,0007
available 0,0000 0,0000
certiorari 4,6052 0,0021
binstock 3,2189 0,0015
zero 1,0217 0,0005
aqua 3,9120 0,0018
soomaaliga 2,4079 0,0011
apache 1,0788 0,0005
sparcstation 3,9120 0,0018
variant 0,0619 0,0000
dynamic 0,7133 0,0003
generate 0,8210 0,0011
classcastexception 4,6052 0,0021
ensure 0,7985 0,0004
oracle 0,8916 0,0004
this 0,1278 0,0001
norsk 0,3285 0,0002
modules 2,5257 0,0012
memusage 0,0000 0,0000
especially 0,8210 0,0004
once 0,7985 0,0004
solve 0,9416 0,0004
laboratories 2,9957 0,0014
copyrightability 3,5066 0,0016
support 0,1393 0,0003
drop 1,1394 0,0005
heavyweight 3,5066 0,0016
jazelle 4,6052 0,0021
idea 0,9676 0,0004
wgpopupsflag 0,0000 0,0000
bluej 3,5066 0,0016
boskin 3,9120 0,0018
polski 0,1165 0,0001
privacy 0,0000 0,0000
learning 0,8916 0,0004
vertical 0,7985 0,0004
webcenter 3,9120 0,0018
proprietary 0,9676 0,0004
kit 1,7720 0,0008
normal 0,0202 0,0000
citerefowens 4,6052 0,0021
gradual 3,5066 0,0016
wide 0,6539 0,0003
classpath 4,6052 0,0021
licens 1,8971 0,0009
technology 0,1863 0,0002
wgarticleid 0,0000 0,0000
pairing 4,6052 0,0021
pagelanguagedir 0,0000 0,0000
wgcitereferencepreviewsactive 0,0000 0,0000
software 0,0000 0,0000
frameworks 2,0402 0,0009
graphical 1,2730 0,0006
none 0,0101 0,0000
processors 3,5066 0,0016
type 0,0000 0,0000
april 0,0000 0,0000
hack 1,3471 0,0006
internationalization 2,8134 0,0013
problem 0,3285 0,0002
optimization 0,8916 0,0004
road 1,7148 0,0008
connection 0,9676 0,0004
presence 1,3471 0,0006
between 0,2107 0,0001
guide 0,3711 0,0002
goal 0,8440 0,0008
method 0,3147 0,0003
overhead 1,2040 0,0006
icedtea 4,6052 0,0021
timesten 3,9120 0,0018
push 0,0000 0,0000
exist 0,4155 0,0004
invocation 2,8134 0,0013
ides 2,4079 0,0011
jdeveloper 3,5066 0,0016
hotspot 2,9957 0,0014
james 0,9676 0,0004
portalbox 1,3093 0,0006
distribution 0,8916 0,0008
derive 1,1394 0,0005
out 0,0000 0,0000
rock 2,6593 0,0012
glassfish 3,5066 0,0016
leak 1,5606 0,0014
feature 0,0000 0,0000
virtualbox 3,2189 0,0015
cached 0,4463 0,0002
get 0,0000 0,0000
portalright 1,3093 0,0006
dark 0,0101 0,0000
dispute 1,6607 0,0008
suggest 1,0217 0,0005
lead 0,2231 0,0002
help 0,0000 0,0000
site 0,0000 0,0000
depth 0,0000 0,0000
microsparc 3,9120 0,0018
rename 1,5141 0,0007
queue 1,1394 0,0010
sharealike 0,0000 0,0000
date 0,3011 0,0004
categorical 2,8134 0,0013
argument 0,0513 0,0000
data 0,0000 0,0000
lucas 2,9957 0,0014
adequate 2,5257 0,0012
own 0,4780 0,0004
wgpageviewlanguage 0,0000 0,0000
translate 1,3863 0,0013
gosling 3,5066 0,0016
accesskey 0,0000 0,0000
only 0,2107 0,0001
should 0,3711 0,0002
create 0,0000 0,0000
tag 0,0000 0,0000
matlab 2,3026 0,0011
development 0,1278 0,0001
individual 0,7985 0,0004
like 0,2231 0,0001
resource 0,4620 0,0002
core 0,5621 0,0003
safe 0,8675 0,0004
enforce 1,4271 0,0007
sunos 2,9957 0,0014
send 0,7550 0,0003
potentially 0,7765 0,0004
here 0,0000 0,0000
purpose 0,5108 0,0005
scala 2,0402 0,0009
line 0,0101 0,0000
link 0,0000 0,0000
can 0,0408 0,0000
computing 0,4155 0,0002
security 0,3285 0,0002
targeting 3,2189 0,0015
cap 0,0619 0,0000
contributor 0,0000 0,0000
wgcanonicalnamespace 0,0000 0,0000
arkts 3,5066 0,0016
organize 1,1712 0,0005
eligible 3,2189 0,0015
flex 0,5276 0,0002
ready 0,0000 0,0000
bingham 3,9120 0,0018
cost 0,6733 0,0003
wgisredirect 0,0000 0,0000
idle 2,6593 0,0012
limited 0,8916 0,0004
will 0,2485 0,0001
february 0,0000 0,0000
implementation 0,3147 0,0003
match 0,5276 0,0005
standardize 1,7148 0,0008
follow 0,2744 0,0001
recursiveclone 1,6607 0,0008
boolean 2,1203 0,0010
montalvo 3,9120 0,0018
compliance 1,4271 0,0007
response 0,7340 0,0007
responsive 0,0202 0,0000
namespace 1,5141 0,0007
challenge 0,6162 0,0006
mcgilton 4,6052 0,0021
category 0,0000 0,0000
intend 0,6162 0,0006
wikidata 0,0000 0,0000
callparserfunction 1,4271 0,0007
