cancel 2,4079 0,0005
prepare 1,6094 0,0007
half 1,7148 0,0004
unavailable 2,3026 0,0005
upload 0,0000 0,0000
wgrestrictionmove 0,0000 0,0000
salary 2,8134 0,0006
pretend 4,6052 0,0021
ted 2,2073 0,0005
would 0,3425 0,0001
avant 4,6052 0,0010
energy 1,4697 0,0003
conceal 3,2189 0,0007
successfully 1,5141 0,0003
solid 0,0202 0,0000
meanwhile 2,8134 0,0006
sniff 2,9957 0,0007
minicomputer 3,2189 0,0007
investment 1,5141 0,0003
require 0,0000 0,0000
click 1,7148 0,0004
scribunto 0,0000 0,0000
standards 1,1087 0,0002
size 0,0000 0,0000
left 0,0408 0,0000
cdx 0,0000 0,0000
eavesdrop 4,6052 0,0021
avid 4,6052 0,0010
kirby 3,9120 0,0009
object 0,3711 0,0002
spence 4,6052 0,0010
accessible 1,1712 0,0003
rolf 3,9120 0,0009
authenticate 2,5257 0,0017
lombard 1,1712 0,0003
minangkabau 2,8134 0,0006
role 0,8916 0,0004
notable 1,1394 0,0003
turn 1,0498 0,0007
ceo 1,5606 0,0003
drdos 4,6052 0,0010
example 0,2485 0,0001
fereidoon 4,6052 0,0010
result 0,2231 0,0001
same 0,2357 0,0001
zombie 3,2189 0,0007
commission 1,4697 0,0003
after 0,0305 0,0000
connect 0,8675 0,0006
rational 2,3026 0,0005
hand 1,0217 0,0005
policy 0,0000 0,0000
contractual 3,2189 0,0007
lampson 4,6052 0,0010
address 0,5621 0,0004
posture 4,6052 0,0010
arpanet 3,5066 0,0008
pagelanguagecode 0,0000 0,0000
cfr 3,9120 0,0009
forensics 3,5066 0,0008
sale 1,6607 0,0004
police 2,6593 0,0006
fifth 2,0402 0,0005
information 0,0000 0,0000
marzieh 4,6052 0,0010
garde 4,6052 0,0010
november 0,0000 0,0000
inaccessible 3,5066 0,0008
extramarital 4,6052 0,0010
good 0,4155 0,0003
deploy 1,0217 0,0002
empty 0,0305 0,0000
analytics 1,7720 0,0004
imda 4,6052 0,0010
intersection 2,6593 0,0006
instil 3,9120 0,0009
serious 1,9661 0,0004
tim 1,0498 0,0002
implement 0,3285 0,0002
tip 3,2189 0,0007
crimeware 3,5066 0,0008
export 0,0000 0,0000
rome 3,5066 0,0008
stefan 2,4079 0,0005
statland 4,6052 0,0010
check 0,7985 0,0002
onto 1,8971 0,0004
cia 2,6593 0,0006
tjx 4,6052 0,0010
harm 2,6593 0,0006
applied 1,8326 0,0004
mainentity 0,0000 0,0000
techopedia 4,6052 0,0010
proactive 3,2189 0,0007
representation 1,1394 0,0003
blasum 4,6052 0,0010
disclaimers 0,0000 0,0000
society 1,5141 0,0007
motive 3,9120 0,0009
provider 1,2730 0,0003
darren 4,6052 0,0010
motivate 2,6593 0,0012
root 0,4780 0,0002
jannsen 4,6052 0,0010
hard 1,1394 0,0005
reinforcement 2,0402 0,0005
scareware 3,5066 0,0008
effectiveness 2,0402 0,0005
ticket 3,5066 0,0008
citation 0,0101 0,0000
multiple 0,2485 0,0001
expose 1,4271 0,0010
room 1,7720 0,0004
better 1,8326 0,0004
plainlist 0,4463 0,0001
computerworld 1,7148 0,0004
automate 0,7340 0,0002
well 0,2744 0,0001
personnel 2,6593 0,0006
suitable 1,3471 0,0003
tls 2,3026 0,0005
automata 2,1203 0,0005
bitness 0,0000 0,0000
rgba 0,0101 0,0000
unstripnowiki 3,5066 0,0008
pioneer 2,3026 0,0005
myth 2,6593 0,0006
block 0,0408 0,0000
flow 0,3425 0,0001
cooperation 2,3026 0,0005
order 0,4155 0,0001
boxtext 0,0619 0,0000
byte 0,0408 0,0000
unclonable 4,6052 0,0010
indonesia 0,3567 0,0001
intel 1,6094 0,0004
propose 1,0788 0,0002
seoul 3,5066 0,0008
renewable 2,9957 0,0007
chamola 4,6052 0,0010
subsection 0,1508 0,0000
successor 1,5606 0,0003
ghidra 4,6052 0,0010
ping 3,9120 0,0017
anonymizing 4,6052 0,0010
save 1,3863 0,0003
toc 0,0000 0,0000
protection 0,4463 0,0002
respectively 1,3863 0,0003
matter 1,2379 0,0003
mandatory 2,6593 0,0006
wgpagecontentmodel 0,0000 0,0000
conjunction 2,0402 0,0005
tom 1,3863 0,0003
top 0,0000 0,0000
technica 1,3093 0,0003
too 0,8916 0,0002
have 0,2744 0,0002
nakashima 4,6052 0,0010
cnn 2,1203 0,0005
product 0,4005 0,0001
question 0,9416 0,0002
walter 2,5257 0,0006
tappan 4,6052 0,0010
ross 2,5257 0,0006
intellectual 2,3026 0,0005
feinstein 4,6052 0,0010
produce 0,6931 0,0003
scarfone 4,6052 0,0010
cyberassault 4,6052 0,0010
tpm 3,9120 0,0009
disable 2,2073 0,0010
nukes 4,6052 0,0010
regard 1,1087 0,0005
willis 3,9120 0,0009
janalta 4,6052 0,0010
infect 3,2189 0,0007
infiltrate 4,6052 0,0021
spoof 4,6052 0,0021
col 0,9943 0,0002
con 2,9957 0,0007
fuel 2,3026 0,0005
hostile 3,2189 0,0007
smuggling 3,5066 0,0008
decode 2,9957 0,0007
employee 1,6094 0,0007
lab 1,3863 0,0003
upon 0,8916 0,0002
bullard 4,6052 0,0010
identical 2,0402 0,0005
timeusage 0,0000 0,0000
automation 0,7550 0,0002
academia 3,5066 0,0008
academic 1,3093 0,0003
function 0,0000 0,0000
raise 1,4271 0,0006
lam 3,2189 0,0007
representative 2,3026 0,0005
biometric 3,9120 0,0017
traffic 1,5606 0,0003
comparison 0,4005 0,0001
law 1,2379 0,0006
cpu 0,0408 0,0000
less 0,6162 0,0001
palilery 4,6052 0,0010
andy 1,8326 0,0004
improve 0,2485 0,0002
obligation 2,8134 0,0006
violation 2,0402 0,0009
chermick 4,6052 0,0010
try 0,9676 0,0004
zlatanov 4,6052 0,0010
lorrie 4,6052 0,0010
university 0,5621 0,0003
technique 0,7550 0,0003
effective 1,0217 0,0002
scripting 1,2040 0,0003
times 1,3093 0,0003
crc 2,4079 0,0005
similarly 1,4697 0,0003
thorsten 4,6052 0,0010
flux 2,8134 0,0006
phish 2,9957 0,0007
timeless 0,0101 0,0000
direction 1,2379 0,0003
ideological 3,9120 0,0009
luasandboxcallback 1,4271 0,0003
schiele 4,6052 0,0010
wgwmeschemaeditattemptstepoversample 0,0000 0,0000
opening 2,4079 0,0005
ttl 0,0000 0,0000
probe 2,8134 0,0006
industrial 1,5606 0,0003
pineapple 4,6052 0,0010
respond 1,3471 0,0012
incident 2,2073 0,0010
maintenance 0,6733 0,0002
cso 4,6052 0,0010
prey 4,6052 0,0010
mastercard 3,5066 0,0008
lee 1,3471 0,0003
supply 1,4697 0,0007
concern 0,8210 0,0007
integrity 1,3863 0,0003
newpens 4,6052 0,0010
len 3,9120 0,0009
stats 2,4079 0,0005
hackers 2,9957 0,0007
notation 1,4271 0,0003
pref 0,0000 0,0000
mccoy 3,9120 0,0009
adviser 3,5066 0,0008
state 0,3425 0,0002
cargo 4,6052 0,0010
csrftoken 0,0000 0,0000
press 0,5621 0,0001
worker 1,6607 0,0004
element 0,0000 0,0000
astronautics 4,6052 0,0010
night 0,0000 0,0000
vulnerability 1,3863 0,0006
each 0,1393 0,0000
aftermath 3,9120 0,0009
theorem 2,0402 0,0005
meity 4,6052 0,0010
ccna 4,6052 0,0010
datawrapper 1,6094 0,0004
cup 3,5066 0,0008
bankers 4,6052 0,0010
cut 1,7720 0,0004
document 0,4463 0,0003
jurisdiction 2,6593 0,0012
concurrent 1,2040 0,0003
availability 1,1394 0,0003
networks 1,2730 0,0003
two 0,2744 0,0001
moment 2,6593 0,0006
promote 1,3093 0,0006
cve 2,8134 0,0006
scenario 1,4271 0,0006
attack 1,1712 0,0010
distribute 0,3857 0,0001
unscramble 4,6052 0,0010
graphic 1,6094 0,0004
creation 0,7985 0,0002
situation 1,2379 0,0003
legislation 2,8134 0,0006
think 0,9676 0,0006
ingredient 3,9120 0,0009
participate 1,8326 0,0004
accused 4,6052 0,0010
services 1,1087 0,0002
team 0,4943 0,0002
marketing 1,2730 0,0003
wgusername 0,0000 0,0000
reflective 2,8134 0,0006
sternstein 4,6052 0,0010
speech 2,0402 0,0005
watch 1,6607 0,0007
andersson 4,6052 0,0010
decrypt 2,8134 0,0006
cabinet 3,5066 0,0008
syngress 3,9120 0,0009
thing 1,0788 0,0002
optical 2,4079 0,0005
insurance 2,5257 0,0006
medical 1,8971 0,0004
principle 0,7985 0,0004
nixon 4,6052 0,0010
lie 2,1203 0,0005
apparel 4,6052 0,0010
source 0,1393 0,0000
ieee 0,8440 0,0002
telecommunication 2,8134 0,0006
domestic 2,6593 0,0006
initiate 2,1203 0,0005
lin 2,6593 0,0006
lim 3,9120 0,0009
kevin 1,5606 0,0003
compile 1,1712 0,0003
deception 4,6052 0,0010
captcha 4,6052 0,0010
separation 1,9661 0,0004
bias 2,3026 0,0005
shoot 3,9120 0,0009
budget 2,8134 0,0006
tech 1,2040 0,0003
prosecute 4,6052 0,0010
widely 0,7985 0,0002
jatinder 3,5066 0,0008
trojan 2,8134 0,0013
develop 0,1863 0,0001
privileged 3,5066 0,0008
technologies 1,0788 0,0002
rahman 3,5066 0,0008
district 2,5257 0,0006
overall 1,1394 0,0003
page 0,0000 0,0000
assume 1,6094 0,0004
pasquier 3,5066 0,0008
larabel 3,9120 0,0009
full 0,0202 0,0000
away 1,4271 0,0003
memory 0,0408 0,0000
concept 0,3711 0,0002
motivation 2,2073 0,0010
house 1,4271 0,0003
disaster 2,3026 0,0010
stark 3,9120 0,0009
enhance 0,8916 0,0006
convention 1,8971 0,0004
harvest 2,9957 0,0007
center 0,0000 0,0000
purchase 1,5141 0,0007
start 0,3011 0,0002
lulzsec 4,6052 0,0010
stars 4,6052 0,0010
betley 4,6052 0,0010
manage 0,3567 0,0002
bypass 2,1203 0,0009
ncsa 3,5066 0,0008
ncsc 4,6052 0,0010
recipient 2,4079 0,0005
short 0,0000 0,0000
finance 1,8326 0,0004
regulate 2,3026 0,0005
infeasible 3,2189 0,0007
interactive 0,4463 0,0001
semantics 1,4271 0,0003
consistency 1,6094 0,0004
three 0,3711 0,0001
unencrypted 2,6593 0,0006
payment 2,0402 0,0005
specifically 0,8916 0,0002
attain 2,8134 0,0006
enter 1,2040 0,0005
webcasts 4,6052 0,0010
hardware 0,5798 0,0001
destroy 2,2073 0,0005
untargeted 4,6052 0,0010
oorschot 4,6052 0,0010
priority 1,4697 0,0007
creative 0,0000 0,0000
preventive 4,6052 0,0010
nederlands 0,1985 0,0000
coast 2,5257 0,0006
zerksis 4,6052 0,0010
provide 0,1625 0,0001
wayback 0,7985 0,0002
eradication 4,6052 0,0010
elsevy 4,6052 0,0010
boncella 4,6052 0,0010
competency 4,6052 0,0021
log 0,0000 0,0000
enterprise 0,4463 0,0002
reliability 1,1712 0,0003
bright 2,6593 0,0006
consume 1,3471 0,0003
euskara 0,5108 0,0001
ssid 4,6052 0,0010
accidental 2,6593 0,0006
competence 4,6052 0,0010
teufel 4,6052 0,0010
computer 0,1863 0,0001
premium 2,8134 0,0006
low 0,0101 0,0000
cellphone 4,6052 0,0010
cryptographic 2,1203 0,0005
wealth 2,9957 0,0007
wgcategory 0,0000 0,0000
means 1,0217 0,0002
funding 1,6607 0,0004
harald 3,5066 0,0008
initial 0,3857 0,0001
unstrip 0,0000 0,0000
backdoor 2,8134 0,0013
centre 2,4079 0,0005
adversary 2,6593 0,0006
conceptual 2,3026 0,0005
templateargumentsize 0,0000 0,0000
pipeline 1,6607 0,0004
keylogger 4,6052 0,0010
firewall 2,0402 0,0009
asturianu 1,2730 0,0003
pauli 3,9120 0,0009
prevalent 3,2189 0,0007
door 2,5257 0,0006
quick 1,3863 0,0003
scannell 4,6052 0,0010
alliance 1,8971 0,0004
compact 1,7720 0,0004
doom 2,6593 0,0006
dac 3,9120 0,0009
experience 0,7985 0,0002
italic 0,1278 0,0000
dan 0,9943 0,0002
commander 3,9120 0,0009
zone 2,1203 0,0005
wgredirectedfrom 3,2189 0,0007
jordan 1,7148 0,0004
shacham 4,6052 0,0010
propagate 3,2189 0,0007
affair 3,2189 0,0007
tele 4,6052 0,0010
day 0,0000 0,0000
necessitate 3,2189 0,0007
combination 1,0788 0,0002
obtain 1,3471 0,0006
raising 4,6052 0,0010
format 0,0101 0,0000
particular 0,5978 0,0001
monica 3,5066 0,0008
water 2,6593 0,0006
formal 1,1394 0,0003
launches 2,9957 0,0007
alternately 4,6052 0,0010
critical 0,8916 0,0002
mathematics 1,5141 0,0003
part 0,1985 0,0000
wgpageparsereport 0,0000 0,0000
penetrate 3,9120 0,0009
perpetrate 4,6052 0,0010
east 2,3026 0,0005
laterally 4,6052 0,0010
montagnani 4,6052 0,0010
browser 0,9943 0,0004
bendovschi 4,6052 0,0010
introduction 0,5621 0,0001
park 2,1203 0,0005
annals 2,8134 0,0006
infosteal 3,5066 0,0008
heavily 2,3026 0,0005
ltr 0,0000 0,0000
colleague 2,8134 0,0006
economics 2,2073 0,0005
someone 2,0402 0,0005
third 0,5447 0,0001
build 0,2357 0,0001
misjudgment 4,6052 0,0010
earn 2,8134 0,0006
interaction 0,8210 0,0004
lua 0,0513 0,0000
wireless 1,7720 0,0004
further 0,3711 0,0001
methodology 1,2040 0,0005
electronics 1,5141 0,0003
stack 0,7340 0,0003
verizon 3,9120 0,0009
def 2,9957 0,0007
allan 2,9957 0,0007
woche 4,6052 0,0010
areas 4,6052 0,0010
computerized 2,9957 0,0007
ambiguous 2,0402 0,0005
parliament 3,5066 0,0008
hackerspace 4,6052 0,0010
allay 4,6052 0,0010
der 2,1203 0,0005
path 1,0498 0,0005
bind 1,3863 0,0003
retrieval 1,5141 0,0003
record 0,7765 0,0005
scanner 2,5257 0,0011
stacy 3,9120 0,0009
prevention 2,0402 0,0005
synchronize 2,0402 0,0005
carefully 2,0402 0,0005
mile 3,5066 0,0008
impact 0,9163 0,0002
profile 1,0788 0,0002
shock 4,6052 0,0010
easy 0,6733 0,0002
whose 1,3471 0,0003
senior 2,0402 0,0005
domain 0,6931 0,0002
lazarus 3,5066 0,0008
relative 1,6607 0,0004
subgroup 0,0513 0,0000
bios 3,9120 0,0009
transparent 0,0619 0,0000
adaptive 2,1203 0,0005
journal 0,4780 0,0001
unlike 1,2040 0,0003
hotel 2,9957 0,0007
term 0,0000 0,0000
acquisition 1,2040 0,0003
mine 1,6607 0,0004
business 0,3425 0,0002
mini 0,0619 0,0000
sarder 4,6052 0,0010
operational 1,7148 0,0004
staff 1,7720 0,0004
involve 0,6539 0,0006
possible 0,5276 0,0001
right 0,0101 0,0000
dhs 4,6052 0,0010
executable 1,3093 0,0003
wikitext 0,0000 0,0000
stage 1,2040 0,0003
supersede 1,9661 0,0004
paul 0,7765 0,0002
under 0,0101 0,0000
penguin 2,6593 0,0006
fuzz 2,8134 0,0006
quarter 2,8134 0,0006
ryan 1,6094 0,0004
london 1,3863 0,0003
emergency 2,5257 0,0006
cybersex 3,5066 0,0008
emory 4,6052 0,0010
down 0,8440 0,0002
recommendations 2,8134 0,0006
div 0,0000 0,0000
acceleration 2,0402 0,0005
jaclyn 4,6052 0,0010
later 0,4005 0,0001
passport 3,5066 0,0016
equifax 4,6052 0,0010
bracket 0,0619 0,0000
club 3,9120 0,0009
legal 1,1712 0,0003
highway 2,8134 0,0006
barcode 3,5066 0,0008
signal 1,2730 0,0003
pepco 4,6052 0,0010
computational 1,2040 0,0003
info 2,4079 0,0005
espionage 4,6052 0,0010
test 0,4463 0,0003
enforcement 2,0402 0,0005
ssrn 2,3026 0,0005
brown 1,8971 0,0004
publicly 1,6094 0,0004
misleading 3,2189 0,0007
propagation 2,8134 0,0006
acref 4,6052 0,0010
month 0,7133 0,0003
wgrevisionid 0,0000 0,0000
tackle 2,2073 0,0005
chuck 4,6052 0,0010
hampshire 4,6052 0,0010
virtual 0,4620 0,0001
rather 0,5978 0,0001
importance 2,0402 0,0005
faezeh 4,6052 0,0010
back 0,6349 0,0004
training 1,4697 0,0003
corrective 3,9120 0,0009
title 0,0000 0,0000
miss 1,3471 0,0003
states 0,4943 0,0001
reconfigurable 3,9120 0,0009
hennessy 3,5066 0,0008
load 0,0202 0,0000
ignore 1,4697 0,0003
misa 4,6052 0,0010
company 0,4308 0,0002
thomas 0,8675 0,0002
nuclear 2,5257 0,0006
human 0,9416 0,0002
vermesan 3,9120 0,0009
madison 3,9120 0,0009
millman 3,9120 0,0009
custom 0,0000 0,0000
kiswahili 1,2730 0,0003
robinson 4,6052 0,0010
length 1,6094 0,0004
permission 1,6607 0,0004
considerations 3,2189 0,0007
crippling 3,9120 0,0009
inherit 0,0101 0,0000
dma 3,5066 0,0008
unt 4,6052 0,0010
grant 1,6094 0,0011
articles 1,0217 0,0002
append 2,3026 0,0005
bitcoin 2,9957 0,0007
construct 1,3471 0,0003
armin 3,9120 0,0009
attempt 0,8440 0,0008
division 2,0402 0,0005
dmy 0,0000 0,0000
navigation 0,0000 0,0000
fingerprint 3,9120 0,0017
lock 0,0101 0,0000
text 0,0000 0,0000
usually 0,4780 0,0001
ppvisitednode 0,0000 0,0000
cookie 0,0000 0,0000
mitm 3,9120 0,0009
dns 2,0402 0,0005
sense 1,3093 0,0003
classification 1,5606 0,0003
debunk 3,9120 0,0009
suman 4,6052 0,0010
field 0,7550 0,0002
contents 0,0000 0,0000
dod 3,2189 0,0007
doc 1,8326 0,0004
ups 4,6052 0,0010
legitimate 2,6593 0,0006
evaluate 1,3093 0,0003
doi 0,4155 0,0001
status 0,0000 0,0000
server 0,4005 0,0002
dom 1,6094 0,0004
thief 3,9120 0,0009
onboard 3,9120 0,0009
dot 0,8210 0,0002
skin 0,0000 0,0000
dos 1,7720 0,0004
dow 3,2189 0,0007
sanders 3,2189 0,0007
mac 1,3471 0,0003
loeb 4,6052 0,0010
government 1,2379 0,0006
thales 3,9120 0,0009
joshua 1,8326 0,0004
legally 2,6593 0,0006
coalition 3,9120 0,0009
crime 2,2073 0,0010
man 1,8326 0,0004
wirtschafts 4,6052 0,0010
stand 1,1712 0,0003
surround 2,2073 0,0005
twenty 2,8134 0,0006
dpo 4,6052 0,0010
hannah 2,9957 0,0007
may 0,0000 0,0000
max 0,0513 0,0000
forward 1,2730 0,0003
url 0,0000 0,0000
computation 1,3863 0,0003
singapore 2,5257 0,0006
discrep 4,6052 0,0010
glossaries 1,7148 0,0004
websites 3,2189 0,0007
usb 2,0402 0,0005
subject 1,1087 0,0002
use 0,0000 0,0000
recognition 1,6607 0,0004
edward 2,5257 0,0006
feel 1,8326 0,0004
main 0,0000 0,0000
networking 1,5606 0,0003
wright 2,0402 0,0005
karen 2,9957 0,0007
logo 0,0000 0,0000
credit 1,6094 0,0004
maid 4,6052 0,0010
logs 1,3093 0,0003
alter 1,5141 0,0007
combine 0,7340 0,0003
fraudulent 3,2189 0,0007
feds 3,5066 0,0008
coyne 4,6052 0,0010
ideal 2,1203 0,0005
motivated 4,6052 0,0010
utc 0,0000 0,0000
equipment 1,6094 0,0004
establishment 2,3026 0,0005
pressure 2,4079 0,0005
sistersitebox 0,6539 0,0001
falsification 4,6052 0,0010
julian 3,9120 0,0009
clayton 3,9120 0,0009
originate 1,6094 0,0004
null 0,0000 0,0000
compass 3,5066 0,0008
background 0,0101 0,0000
watchtoken 0,0000 0,0000
ubiquitous 1,7720 0,0004
constitution 3,9120 0,0009
dss 3,9120 0,0009
owasp 2,9957 0,0007
paradigm 1,1394 0,0003
ellen 2,9957 0,0007
repeat 0,0101 0,0000
threats 3,9120 0,0009
physical 1,0217 0,0002
make 0,1165 0,0001
cryptojacking 3,2189 0,0007
darpa 2,6593 0,0006
yung 4,6052 0,0010
rapidly 2,1203 0,0005
structure 0,4155 0,0001
fortify 3,9120 0,0009
ovidiu 3,9120 0,0009
due 0,5108 0,0001
authentic 4,6052 0,0010
threat 1,7148 0,0008
invention 1,7148 0,0004
tamper 2,9957 0,0013
inform 1,6607 0,0004
depend 0,7340 0,0002
commit 1,2730 0,0003
danger 2,3026 0,0005
crash 1,6094 0,0004
patch 1,5141 0,0003
stripes 3,2189 0,0007
bank 1,9661 0,0009
dvd 2,8134 0,0006
meaning 1,5141 0,0003
above 1,0788 0,0002
infocomm 4,6052 0,0010
cybernexguard 4,6052 0,0010
melbourne 3,5066 0,0008
recursion 0,0513 0,0000
height 0,0101 0,0000
koran 4,6052 0,0010
august 0,0000 0,0000
receiver 2,5257 0,0006
mall 3,9120 0,0009
module 0,0000 0,0000
wikibase 0,0619 0,0000
outer 1,2040 0,0003
hijacking 2,9957 0,0007
substantial 2,1203 0,0005
datemodify 0,0619 0,0000
quality 0,8916 0,0002
illicit 3,2189 0,0007
pillar 3,9120 0,0009
unique 1,2379 0,0003
consistently 2,0402 0,0005
dillingham 4,6052 0,0010
hrvatski 0,7550 0,0002
ministry 3,5066 0,0008
notheme 0,3711 0,0001
seizure 3,2189 0,0007
examine 1,5606 0,0007
scan 1,9661 0,0009
association 1,0498 0,0002
ngondi 4,6052 0,0010
scam 2,8134 0,0013
eliminate 1,1712 0,0005
industry 0,7550 0,0003
believe 1,8326 0,0008
long 0,4005 0,0002
augment 1,8326 0,0004
into 0,1985 0,0000
min 0,1165 0,0000
benign 3,5066 0,0008
identifiable 3,2189 0,0007
relationship 1,0788 0,0002
mix 1,2379 0,0003
destruction 2,4079 0,0005
redirect 1,1087 0,0005
clearfield 3,9120 0,0009
controller 1,5141 0,0007
middle 0,7765 0,0002
pitchumani 4,6052 0,0010
auditor 3,9120 0,0009
many 0,2357 0,0001
gordon 2,5257 0,0006
releases 1,7720 0,0004
transportation 2,5257 0,0006
appear 0,8210 0,0004
collaboration 1,1394 0,0003
associated 1,8326 0,0004
stan 2,9957 0,0007
progress 1,4271 0,0003
geometry 1,9661 0,0004
open 0,1625 0,0001
devote 2,9957 0,0007
ukrainian 2,8134 0,0006
treat 1,3863 0,0003
invest 1,7720 0,0004
navigator 2,8134 0,0006
project 0,0000 0,0000
seven 1,8326 0,0004
arena 2,0402 0,0005
enhancement 0,0101 0,0000
nicole 2,9957 0,0007
lateral 3,9120 0,0009
jiji 4,6052 0,0010
roughly 1,7720 0,0004
california 1,2379 0,0003
nordvpn 4,6052 0,0010
csirts 4,6052 0,0010
look 0,7765 0,0003
modification 1,4271 0,0006
assurance 2,0402 0,0005
discrete 1,8326 0,0004
korea 2,1203 0,0005
disrupt 2,8134 0,0019
forces 3,5066 0,0008
regulator 2,9957 0,0007
internet 0,5447 0,0001
allow 0,1863 0,0002
appliance 1,7148 0,0004
wired 1,2040 0,0003
sponsorship 3,9120 0,0009
admin 2,8134 0,0006
polymorphic 2,9957 0,0007
proper 1,5606 0,0003
recording 2,5257 0,0006
beast 3,9120 0,0009
apple 1,1712 0,0003
admit 2,8134 0,0006
common 0,3711 0,0001
interest 0,9943 0,0004
themselves 1,1394 0,0003
placeholder 0,0000 0,0000
twin 2,6593 0,0006
mask 2,9957 0,0007
apply 0,0000 0,0000
recently 1,5141 0,0003
hostages 4,6052 0,0010
overlook 3,5066 0,0008
isaca 4,6052 0,0010
bart 2,9957 0,0007
money 1,6094 0,0004
step 0,7765 0,0003
mark 0,6733 0,0003
base 0,0305 0,0000
stem 2,5257 0,0006
disconnect 3,5066 0,0008
atlasrfidstore 4,6052 0,0010
whole 1,2040 0,0003
loss 1,5141 0,0007
reliable 0,7765 0,0002
relate 0,0000 0,0000
iommus 3,9120 0,0009
cryptosystem 2,9957 0,0007
reflist 0,0101 0,0000
slate 3,2189 0,0007
still 0,5447 0,0001
van 1,3093 0,0003
biology 1,8326 0,0004
worm 3,5066 0,0016
var 0,0000 0,0000
work 0,2231 0,0001
lose 1,3093 0,0006
matt 1,7720 0,0004
constitute 2,1203 0,0005
finkle 3,9120 0,0009
unresolved 3,5066 0,0008
toward 1,5606 0,0003
books 1,7148 0,0004
among 0,5276 0,0001
convince 2,6593 0,0006
srpski 0,3711 0,0001
registration 0,0101 0,0000
word 0,0101 0,0000
theory 0,9416 0,0002
contractor 2,9957 0,0013
extension 0,6349 0,0001
internal 0,8210 0,0002
gender 2,9957 0,0007
signature 1,8971 0,0008
architect 1,8971 0,0004
indianapolis 3,5066 0,0008
foundation 0,0000 0,0000
secret 1,6607 0,0007
across 0,5798 0,0001
falsify 4,6052 0,0010
identity 1,2379 0,0006
federal 1,7148 0,0004
verify 1,5141 0,0007
europe 1,7720 0,0004
firmware 2,3026 0,0005
include 0,0000 0,0000
alongside 1,6607 0,0004
facebook 1,3863 0,0003
surreptitiously 4,6052 0,0010
sajid 4,6052 0,0010
soldier 3,9120 0,0009
regulations 3,2189 0,0007
indian 2,2073 0,0005
tensioner 4,6052 0,0010
voice 1,6094 0,0007
cryptovirology 3,5066 0,0008
hospitals 4,6052 0,0010
kwanwoo 4,6052 0,0010
float 0,0101 0,0000
transclusion 0,0619 0,0000
stolfo 4,6052 0,0010
ved 4,6052 0,0010
evade 3,9120 0,0009
html 0,4463 0,0001
discover 1,2379 0,0006
spell 2,8134 0,0006
capture 1,4697 0,0007
libertarian 3,2189 0,0014
isizulu 2,0402 0,0005
revision 0,0000 0,0000
eds 2,3026 0,0005
provision 2,0402 0,0005
recruit 3,2189 0,0007
pathogen 4,6052 0,0010
insertion 2,5257 0,0006
eea 3,9120 0,0009
kuhn 3,5066 0,0008
configuration 0,7550 0,0003
rlstate 0,0000 0,0000
platform 0,0000 0,0000
jackson 2,6593 0,0006
retina 3,5066 0,0008
sztyber 4,6052 0,0010
laypeople 4,6052 0,0010
spend 1,3863 0,0006
crowdstrike 3,9120 0,0009
ashley 3,5066 0,0008
kaljulaid 4,6052 0,0010
programmable 2,3026 0,0005
grave 4,6052 0,0010
advantage 0,9676 0,0002
stephen 1,5141 0,0003
mohammad 2,5257 0,0006
instead 0,4463 0,0001
command 0,7133 0,0002
irwin 3,5066 0,0008
jack 2,3026 0,0005
nhtsa 3,9120 0,0009
variable 0,9676 0,0002
wiktionary 0,5798 0,0001
greene 3,2189 0,0007
exception 1,3471 0,0003
temporary 1,8971 0,0004
smartphone 2,3026 0,0005
egg 2,8134 0,0006
elgin 3,9120 0,0009
optimal 1,9661 0,0004
saved 0,0619 0,0000
year 0,2614 0,0001
politically 3,9120 0,0009
laptop 1,9661 0,0004
branch 1,5606 0,0003
urge 2,6593 0,0012
via 0,3011 0,0001
music 1,7720 0,0004
empire 3,9120 0,0009
mueller 3,9120 0,0009
because 0,0000 0,0000
near 1,2730 0,0003
silence 4,6052 0,0010
utilise 3,5066 0,0008
springer 0,9676 0,0002
instruct 3,2189 0,0007
upgrade 1,5141 0,0003
google 0,4005 0,0001
economy 2,1203 0,0005
community 0,0000 0,0000
packet 2,6593 0,0006
version 0,0000 0,0000
overload 2,3026 0,0005
mansfield 3,9120 0,0009
planning 1,6094 0,0004
minnesota 4,6052 0,0010
stop 1,1394 0,0005
guess 2,9957 0,0013
eesti 0,3285 0,0001
conception 2,9957 0,0007
science 0,5447 0,0001
faxing 4,6052 0,0010
detail 0,7133 0,0003
subculture 4,6052 0,0010
appropriate 1,1394 0,0003
boston 1,9661 0,0004
businessweek 2,5257 0,0006
collaboratively 3,2189 0,0007
least 0,9676 0,0002
utility 1,2730 0,0006
britannica 2,9957 0,0007
elevated 2,8134 0,0006
certified 2,5257 0,0006
wikipedia 0,0000 0,0000
behavior 0,8210 0,0002
franceschi 3,5066 0,0008
backman 4,6052 0,0010
cisco 2,6593 0,0006
afrikaans 0,9416 0,0002
computers 1,8971 0,0004
feringa 4,6052 0,0010
kantor 4,6052 0,0010
secretly 4,6052 0,0010
minimize 1,4697 0,0007
brandt 3,9120 0,0009
unfriendly 4,6052 0,0010
website 0,3711 0,0002
brands 3,9120 0,0009
learn 0,0000 0,0000
intrusion 1,9661 0,0009
severe 2,5257 0,0006
emerge 1,2730 0,0006
exploit 1,6607 0,0015
jeremy 2,2073 0,0005
shariati 4,6052 0,0010
cyberdefense 4,6052 0,0010
evidence 1,7720 0,0004
silva 3,5066 0,0008
republic 0,8916 0,0002
sprint 2,8134 0,0006
official 0,6162 0,0003
lincolnshire 4,6052 0,0010
brittany 4,6052 0,0010
spring 1,8971 0,0004
assessment 1,7148 0,0008
fitness 2,4079 0,0005
leave 0,0101 0,0000
microphone 2,9957 0,0007
seipel 4,6052 0,0010
botnets 3,5066 0,0008
faint 4,6052 0,0010
minister 2,9957 0,0007
attributable 4,6052 0,0010
need 0,1393 0,0001
often 0,2877 0,0001
gather 1,7720 0,0012
jain 2,9957 0,0007
volume 1,1712 0,0005
cgroups 4,6052 0,0010
risen 4,6052 0,0010
canada 1,6607 0,0004
bangay 4,6052 0,0010
skyrocket 3,9120 0,0009
guideline 1,3471 0,0006
http 0,0000 0,0000
decimal 0,0101 0,0000
damon 3,5066 0,0008
private 0,8210 0,0002
technical 0,6349 0,0001
companion 2,3026 0,0005
spafford 3,9120 0,0009
emv 4,6052 0,0010
vol 1,1712 0,0003
engine 0,4780 0,0002
intentionally 2,3026 0,0005
responsible 1,2040 0,0003
end 0,3011 0,0001
repercussion 3,9120 0,0009
bullet 4,6052 0,0010
vox 2,6593 0,0006
cipher 2,8134 0,0006
mistake 2,0402 0,0005
wgdigittransformtable 0,0000 0,0000
attacker 2,3026 0,0010
agencies 3,9120 0,0009
shafi 3,5066 0,0008
forum 1,3863 0,0006
significance 2,6593 0,0006
special 0,0000 0,0000
environment 0,4308 0,0002
berkeley 1,6094 0,0004
vpn 2,6593 0,0012
rootkit 3,9120 0,0009
airplane 3,5066 0,0016
spiegel 4,6052 0,0010
progressive 1,0788 0,0002
vikas 3,5066 0,0008
deliberate 3,5066 0,0008
swear 4,6052 0,0010
reproduction 3,5066 0,0008
gift 3,5066 0,0008
discretionary 3,9120 0,0009
career 2,8134 0,0013
education 1,0788 0,0002
release 0,2744 0,0001
psychiatric 4,6052 0,0010
uscybercom 4,6052 0,0010
collins 3,9120 0,0009
scws 4,6052 0,0010
judge 2,5257 0,0006
proceedings 0,7550 0,0002
manipulate 1,4271 0,0006
similar 0,4780 0,0001
digitize 3,5066 0,0008
partnership 1,9661 0,0009
practitioner 1,8326 0,0004
specify 0,6349 0,0001
nba 4,6052 0,0010
zetter 4,6052 0,0010
nbc 3,2189 0,0007
driver 1,3471 0,0006
cryptographically 2,9957 0,0007
weapons 3,5066 0,0008
briefings 4,6052 0,0010
singer 3,5066 0,0008
against 0,6931 0,0002
cell 0,4308 0,0002
login 2,4079 0,0005
manufacturer 2,3026 0,0005
valid 1,4271 0,0003
encourage 1,5141 0,0007
rights 2,6593 0,0006
stochastic 1,9661 0,0004
share 0,4620 0,0002
deployment 0,7985 0,0002
abreu 3,5066 0,0008
ncy 4,6052 0,0010
television 2,3026 0,0010
urgently 4,6052 0,0010
logic 0,9676 0,0002
manifesto 2,4079 0,0005
francisco 1,6607 0,0004
freilich 4,6052 0,0010
tucker 3,2189 0,0007
screen 0,0101 0,0000
autonomous 2,1203 0,0005
mexican 4,6052 0,0010
perception 2,6593 0,0006
exploitation 3,2189 0,0007
nei 4,6052 0,0010
pages 0,0000 0,0000
triad 3,5066 0,0008
bureau 2,4079 0,0005
myfox 4,6052 0,0010
net 0,9416 0,0002
cable 2,8134 0,0006
newpp 0,0619 0,0000
trafficking 3,5066 0,0008
marcel 3,2189 0,0007
new 0,0000 0,0000
below 0,7550 0,0002
markus 2,9957 0,0007
nfc 3,5066 0,0008
tool 0,0000 0,0000
careers 3,5066 0,0008
driving 2,9957 0,0007
svenska 0,3857 0,0001
activate 2,2073 0,0005
mcafee 3,2189 0,0007
networked 2,8134 0,0006
backups 4,6052 0,0010
converging 3,9120 0,0009
shame 3,9120 0,0009
centric 2,8134 0,0006
mandate 2,1203 0,0009
financial 1,4697 0,0003
wgpagecontentlanguage 0,0000 0,0000
media 0,2485 0,0001
trick 2,6593 0,0012
around 0,6931 0,0002
harden 2,9957 0,0007
shams 3,2189 0,0007
define 0,2744 0,0001
render 0,0513 0,0000
frontier 1,9661 0,0004
shane 3,2189 0,0007
quartz 2,5257 0,0006
weaponize 3,9120 0,0009
employment 2,8134 0,0006
requirement 0,5798 0,0003
transport 1,6094 0,0004
korean 2,8134 0,0006
specific 0,2877 0,0001
prioritize 2,1203 0,0009
engage 2,2073 0,0005
martin 1,0788 0,0002
formalization 3,9120 0,0009
strategy 0,7340 0,0003
unikernel 2,4079 0,0005
risky 3,2189 0,0007
aftenposten 4,6052 0,0010
gigabytes 4,6052 0,0010
maintain 0,3567 0,0002
rabih 4,6052 0,0010
preprocessor 0,0513 0,0000
perth 4,6052 0,0010
cert 2,8134 0,0006
expertise 2,1203 0,0005
johnson 1,8326 0,0004
professional 0,9416 0,0004
securities 2,9957 0,0007
companies 3,9120 0,0009
java 0,6162 0,0001
accusation 3,9120 0,0009
butler 2,8134 0,0006
dance 3,2189 0,0007
fully 0,8210 0,0002
encompass 1,8971 0,0004
models 1,8971 0,0004
cache 0,0305 0,0000
suomi 0,2107 0,0000
remain 0,7550 0,0005
backdoors 3,5066 0,0008
expected 2,6593 0,0006
rootkits 3,2189 0,0007
voices 3,9120 0,0009
enwikimwclientpreference 0,0000 0,0000
rlpagemodules 0,0000 0,0000
monitoring 1,6094 0,0004
amplification 3,5066 0,0008
dictionary 1,2040 0,0003
slow 1,1087 0,0005
cerf 3,9120 0,0009
samea 0,0000 0,0000
recount 3,9120 0,0009
complexity 0,9163 0,0002
exploitable 3,5066 0,0008
bucks 4,6052 0,0010
zittrain 3,9120 0,0009
franziska 4,6052 0,0010
another 0,3567 0,0001
pagevariantfallback 0,0000 0,0000
guarantee 1,3093 0,0003
enemy 3,5066 0,0008
recommend 1,4697 0,0003
cissp 4,6052 0,0010
goddard 3,2189 0,0007
webarchive 0,7985 0,0002
default 0,6931 0,0002
knowledgeable 4,6052 0,0010
otccf 4,6052 0,0010
encryption 1,1712 0,0003
vendor 1,1087 0,0005
wgmonthname 0,0000 0,0000
disabled 0,0000 0,0000
attribute 0,7765 0,0002
ccirc 4,6052 0,0010
mechanism 0,7550 0,0003
stuxnet 4,6052 0,0010
timestamp 0,0000 0,0000
bandwidth 2,3026 0,0005
black 1,5141 0,0003
nest 1,7720 0,0004
ccips 4,6052 0,0010
such 0,0943 0,0000
classic 1,3093 0,0003
cnet 1,7720 0,0004
describe 0,2485 0,0002
technological 1,9661 0,0004
treglia 4,6052 0,0010
administration 1,2730 0,0003
incorporate 1,1712 0,0008
microsoft 0,4005 0,0001
operator 1,1712 0,0003
research 0,5621 0,0003
white 0,0305 0,0000
zohner 4,6052 0,0010
counterpart 2,6593 0,0006
segment 1,8326 0,0004
cambridge 1,5141 0,0003
sovereign 4,6052 0,0010
nealand 4,6052 0,0010
bloomberg 1,7148 0,0004
might 0,7340 0,0002
hacktivism 3,5066 0,0008
reconstruct 2,9957 0,0007
engineering 0,3857 0,0001
reroute 3,9120 0,0009
sharing 1,7148 0,0004
hacktivist 3,9120 0,0017
glossary 1,7148 0,0004
mssp 4,6052 0,0010
improving 3,9120 0,0009
museum 2,6593 0,0006
migrate 2,0402 0,0005
next 0,5798 0,0001
color 0,0101 0,0000
nearly 1,4697 0,0003
summit 2,0402 0,0005
button 1,7720 0,0004
not 0,0101 0,0000
easttom 4,6052 0,0010
impose 1,9661 0,0004
now 0,4308 0,0001
kowalski 3,9120 0,0009
statement 0,0000 0,0000
trademark 0,0101 0,0000
factor 1,1712 0,0003
unsophisticated 4,6052 0,0010
greek 0,0101 0,0000
news 0,4620 0,0001
severity 4,6052 0,0010
election 2,6593 0,0006
green 1,3863 0,0003
race 1,8971 0,0004
effectively 1,3093 0,0003
war 1,8326 0,0008
way 0,2485 0,0001
grey 2,4079 0,0005
jeffrey 1,7148 0,0004
npr 4,6052 0,0010
what 0,0000 0,0000
detailed 1,6094 0,0004
furthermore 1,6607 0,0004
refer 0,4155 0,0004
african 2,9957 0,0007
israel 0,7550 0,0002
geopolitics 4,6052 0,0010
sysgo 4,6052 0,0010
vulnerabilities 3,2189 0,0007
risk 0,8916 0,0004
window 1,5606 0,0003
rise 1,2379 0,0003
ekembe 4,6052 0,0010
container 0,0000 0,0000
play 1,1712 0,0003
disciplined 3,5066 0,0008
criteria 3,9120 0,0009
faa 4,6052 0,0010
logger 3,5066 0,0016
quickly 1,1087 0,0002
issues 2,5257 0,0006
nearby 0,0000 0,0000
when 0,0834 0,0000
far 1,2730 0,0003
kalev 4,6052 0,0010
faq 1,6094 0,0004
catch 2,0402 0,0005
embed 0,9163 0,0004
webpage 2,6593 0,0006
financially 3,5066 0,0008
plan 0,7985 0,0004
nrc 3,5066 0,0008
give 0,4780 0,0003
wgmediavieweronclick 0,0000 0,0000
baumann 4,6052 0,0010
probability 1,8971 0,0004
wgulsposition 0,0000 0,0000
melayu 0,6349 0,0001
davis 1,7148 0,0004
fbi 3,2189 0,0007
clifford 2,9957 0,0007
narusinsight 4,6052 0,0010
wgbreakframe 0,0000 0,0000
estrin 4,6052 0,0010
determined 3,2189 0,0007
utilize 1,7148 0,0015
italiano 0,1278 0,0000
completely 1,4271 0,0003
nsa 2,8134 0,0013
denial 2,3026 0,0005
study 0,9416 0,0004
fcc 3,5066 0,0008
direct 0,8440 0,0002
microchip 3,5066 0,0008
commons 0,0000 0,0000
gain 0,8916 0,0008
julie 2,6593 0,0006
modern 0,7340 0,0002
web 0,1165 0,0000
gallagher 3,5066 0,0008
dial 3,5066 0,0008
fda 3,2189 0,0007
explore 1,9661 0,0009
harlan 3,9120 0,0009
vandal 4,6052 0,0010
continuously 1,8326 0,0004
great 0,8675 0,0004
wrong 2,1203 0,0005
criticize 1,5141 0,0003
grid 1,4697 0,0003
organization 0,0000 0,0000
width 0,0000 0,0000
certain 0,6162 0,0001
board 1,0217 0,0002
economic 1,6607 0,0004
statistics 0,0000 0,0000
feb 2,0402 0,0005
arrest 3,2189 0,0007
heist 3,9120 0,0009
tesla 2,6593 0,0006
section 0,7340 0,0003
constantly 2,4079 0,0005
nut 4,6052 0,0010
notification 1,8971 0,0004
protocol 0,5621 0,0003
overflow 0,3567 0,0001
threaten 2,5257 0,0017
few 0,7133 0,0002
phoebe 4,6052 0,0010
marked 2,6593 0,0006
otherwise 1,3863 0,0003
hunt 2,6593 0,0006
visible 0,0101 0,0000
orient 0,5447 0,0001
dependable 3,9120 0,0009
market 0,9943 0,0004
personally 3,9120 0,0009
outside 1,1087 0,0002
effect 0,8440 0,0004
keep 0,6733 0,0005
cruise 3,5066 0,0008
topic 0,0000 0,0000
nikola 4,6052 0,0010
automotive 1,8971 0,0004
fallback 2,5257 0,0006
totality 4,6052 0,0010
embarrass 4,6052 0,0010
option 0,9416 0,0002
who 0,5621 0,0001
cybercrime 2,9957 0,0013
politics 2,3026 0,0005
dhaka 4,6052 0,0010
game 0,7765 0,0002
handbook 1,7148 0,0004
pacemaker 3,9120 0,0017
globally 1,9661 0,0004
crucial 2,1203 0,0005
contribute 0,0000 0,0000
generator 1,7148 0,0004
why 0,6539 0,0001
remark 3,5066 0,0008
necessarily 1,7720 0,0004
integrated 1,2379 0,0003
along 0,7340 0,0002
jerusalem 3,9120 0,0009
parallel 1,1087 0,0002
inert 4,6052 0,0010
david 0,5798 0,0001
breach 1,6094 0,0014
electric 2,8134 0,0006
designer 1,2730 0,0003
iceri 4,6052 0,0010
administrative 2,8134 0,0006
various 0,3857 0,0001
attention 1,7148 0,0004
visit 0,0408 0,0000
user 0,0000 0,0000
extent 1,7720 0,0004
bring 0,9676 0,0004
thumbprint 4,6052 0,0010
tooltip 0,8675 0,0002
nys 4,6052 0,0010
hausa 1,8971 0,0004
renee 4,6052 0,0010
rand 3,9120 0,0009
fix 0,5108 0,0002
colonial 4,6052 0,0010
warfare 2,5257 0,0006
manufacturing 2,2073 0,0005
assumption 1,8971 0,0004
addition 0,6733 0,0002
grow 0,8675 0,0006
cnss 4,6052 0,0010
former 1,3093 0,0003
extend 0,6162 0,0004
ar 1,5141 0,0003
proxy 1,7148 0,0008
steven 1,4697 0,0003
cuckoo 3,5066 0,0008
imageobject 0,0000 0,0000
unsupervised 2,3026 0,0005
peace 3,9120 0,0009
ukraine 2,8134 0,0006
consideration 1,5606 0,0003
simultaneously 1,6094 0,0004
compression 1,5141 0,0003
lynn 3,5066 0,0008
vijay 3,9120 0,0009
gerald 3,2189 0,0007
be 0,1508 0,0001
prove 1,3093 0,0009
hubert 3,9120 0,0009
takeover 2,9957 0,0007
expansiondepth 0,0000 0,0000
customize 1,5141 0,0003
virus 2,4079 0,0011
eurocontrol 4,6052 0,0010
safenet 4,6052 0,0010
communications 1,2040 0,0003
search 0,0000 0,0000
metaphor 2,9957 0,0007
spacing 0,0619 0,0000
systems 0,4780 0,0001
fool 2,5257 0,0006
sudden 3,9120 0,0009
wgrelevantpagename 0,0000 0,0000
popularity 1,3093 0,0003
panel 2,5257 0,0006
foot 3,9120 0,0009
innovation 1,2379 0,0003
charge 1,6094 0,0004
shqip 0,6931 0,0002
familiar 2,0402 0,0005
lorenzo 3,2189 0,0007
food 2,0402 0,0005
actor 2,5257 0,0006
partner 1,7720 0,0008
wgaction 0,0000 0,0000
interview 1,5606 0,0003
essential 1,1087 0,0002
font 0,0000 0,0000
dialer 3,5066 0,0008
tailored 4,6052 0,0010
ditch 3,5066 0,0008
scare 3,5066 0,0008
language 0,0000 0,0000
residual 3,5066 0,0008
do 0,1625 0,0001
graphics 1,6607 0,0004
gary 2,3026 0,0005
venn 4,6052 0,0010
warning 1,8326 0,0004
criticism 1,1394 0,0003
image 0,0202 0,0000
oltsik 4,6052 0,0010
acuvision 4,6052 0,0010
profound 2,6593 0,0006
wiley 1,1712 0,0003
never 1,1712 0,0003
electromagnetic 3,5066 0,0008
piece 1,4271 0,0003
terry 2,5257 0,0006
carry 1,4271 0,0013
necessity 2,9957 0,0007
frame 1,6094 0,0004
origin 0,0000 0,0000
india 1,4271 0,0003
mistaken 3,9120 0,0009
content 0,0000 0,0000
fox 2,5257 0,0006
random 0,0000 0,0000
rosenblatt 2,8134 0,0006
desktop 1,0788 0,0002
perhaps 2,2073 0,0005
alert 1,8326 0,0004
sanction 2,4079 0,0005
terminology 1,7148 0,0004
skill 1,7720 0,0004
mosaic 2,6593 0,0006
kruse 4,6052 0,0010
class 0,0000 0,0000
covert 4,6052 0,0010
gehomepagesuggestededitsenabletopic 0,0000 0,0000
reporting 2,1203 0,0005
digital 0,6162 0,0001
thwart 4,6052 0,0021
go 0,9943 0,0002
specification 0,7133 0,0003
counter 0,0408 0,0000
evasive 4,6052 0,0010
clare 3,9120 0,0009
fork 1,1394 0,0003
form 0,3011 0,0002
management 0,2231 0,0000
publish 0,4463 0,0001
withdraw 2,6593 0,0006
very 0,5978 0,0001
decade 1,7720 0,0004
practice 0,6349 0,0004
congress 2,3026 0,0005
poland 3,9120 0,0009
canadian 2,2073 0,0010
groundbreaking 3,5066 0,0008
authorization 2,1203 0,0005
carol 2,9957 0,0007
william 1,7148 0,0004
four 0,9676 0,0002
context 0,5978 0,0001
easily 1,2040 0,0003
https 2,3026 0,0005
id 2,8134 0,0006
portal 0,0000 0,0000
manipulation 1,1712 0,0003
usenix 2,5257 0,0006
likely 1,3471 0,0003
issue 0,3425 0,0002
kern 0,0101 0,0000
in 2,9957 0,0007
lower 2,2073 0,0005
metal 2,4079 0,0005
robustness 2,6593 0,0006
hovav 4,6052 0,0010
index 1,0498 0,0002
guinness 4,6052 0,0010
redirecttarget 3,9120 0,0009
announce 0,6733 0,0003
odd 0,0943 0,0000
certification 2,0402 0,0009
legion 4,6052 0,0010
traditional 0,7985 0,0002
supplement 2,8134 0,0006
alteration 3,2189 0,0007
remotely 2,4079 0,0005
become 0,2877 0,0001
enwiki 0,0619 0,0000
eventually 1,1394 0,0003
subscription 0,0101 0,0000
amplify 3,2189 0,0007
library 0,3857 0,0002
ftc 2,6593 0,0006
ability 0,7340 0,0003
camera 2,2073 0,0010
ftp 2,4079 0,0005
draw 1,7148 0,0004
off 0,8916 0,0002
generally 0,5447 0,0001
complete 0,4780 0,0001
ful 3,5066 0,0008
conscious 3,2189 0,0007
transaction 1,0217 0,0002
terabyte 3,5066 0,0008
certify 2,2073 0,0005
political 2,3026 0,0005
reaper 4,6052 0,0010
bibcode 1,6094 0,0004
wgcanonicalspecialpagename 0,0000 0,0000
while 0,2614 0,0001
second 0,0408 0,0000
that 0,5108 0,0001
edge 1,2379 0,0003
than 0,2357 0,0001
limit 0,0000 0,0000
claim 0,9676 0,0004
widespread 1,3093 0,0003
noah 3,2189 0,0007
seattle 2,4079 0,0005
brian 1,2730 0,0003
communication 0,6162 0,0003
tolerance 2,1203 0,0005
costigan 4,6052 0,0010
foothold 3,9120 0,0009
author 0,0000 0,0000
expansion 0,0619 0,0000
daniel 1,2040 0,0003
entry 0,8210 0,0002
license 0,0000 0,0000
disk 1,3471 0,0003
expand 0,0101 0,0000
perimeter 3,5066 0,0008
retrieve 0,0000 0,0000
survey 0,9416 0,0006
disc 2,0402 0,0005
datum 0,0408 0,0000
code 0,0000 0,0000
student 1,4271 0,0003
inexpensive 2,6593 0,0006
careful 2,9957 0,0007
sean 1,9661 0,0004
investigate 1,9661 0,0013
storage 0,3711 0,0001
head 0,7765 0,0005
cnnmoney 3,2189 0,0007
deutsch 0,0943 0,0000
fight 2,4079 0,0011
brief 1,5606 0,0003
keyboard 1,8971 0,0004
handover 4,6052 0,0010
recover 2,2073 0,0010
determine 0,7985 0,0005
anderson 1,9661 0,0004
problematic 2,9957 0,0007
woodie 4,6052 0,0010
whilst 3,9120 0,0009
kuchler 4,6052 0,0010
radiation 3,2189 0,0007
ecosystems 3,9120 0,0009
hackathon 3,9120 0,0009
compliant 2,2073 0,0005
chwan 4,6052 0,0010
airbag 4,6052 0,0010
architectures 1,4697 0,0003
increasingly 1,4271 0,0003
strategic 2,0402 0,0005
nation 2,5257 0,0011
determination 3,5066 0,0008
discipline 1,1712 0,0003
luasandbox 1,4271 0,0003
stakeholder 1,8971 0,0004
cybercareers 4,6052 0,0010
engines 1,3471 0,0003
estimate 1,3863 0,0012
expiry 0,0619 0,0000
minerva 0,0101 0,0000
noel 2,9957 0,0007
brand 0,0000 0,0000
recent 0,0000 0,0000
vanderlinden 4,6052 0,0010
they 0,0619 0,0000
proposal 1,6094 0,0004
vibrant 4,6052 0,0010
consciousness 3,5066 0,0008
edit 0,0000 0,0000
createspace 3,9120 0,0009
old 0,8675 0,0002
then 0,3567 0,0001
ancient 2,6593 0,0006
geraint 4,6052 0,0010
seat 3,9120 0,0009
node 0,0305 0,0000
cognitive 1,8326 0,0004
adopt 0,9163 0,0002
oppose 1,6094 0,0004
clarke 3,2189 0,0007
singular 3,2189 0,0007
device 0,7550 0,0003
conference 0,3425 0,0001
activity 0,9943 0,0004
seek 1,4697 0,0007
archived 4,6052 0,0010
offline 2,5257 0,0006
defunct 1,9661 0,0004
variety 0,9943 0,0002
vector 0,0000 0,0000
pump 3,5066 0,0008
accountability 2,9957 0,0007
email 1,4271 0,0006
cachereport 0,0000 0,0000
pretitle 1,3471 0,0003
decision 0,8675 0,0004
necessary 0,8440 0,0002
one 0,0943 0,0000
rbac 3,9120 0,0009
oni 4,6052 0,0010
liptak 4,6052 0,0010
schramm 4,6052 0,0010
ideally 2,4079 0,0005
schatz 3,9120 0,0009
bosanski 0,8916 0,0002
connected 3,5066 0,0008
single 0,3147 0,0001
entityaccesscount 0,0000 0,0000
mitnick 4,6052 0,0010
buying 3,9120 0,0009
assist 1,8971 0,0008
closed 1,7720 0,0004
compressed 2,9957 0,0007
country 1,3863 0,0006
commercial 0,8440 0,0002
joint 1,7148 0,0004
aide 3,9120 0,0009
separate 0,6162 0,0004
loader 1,8971 0,0004
reasonable 2,1203 0,0005
awareness 2,8134 0,0006
khadem 4,6052 0,0010
yahoo 2,5257 0,0006
phreak 4,6052 0,0010
military 2,1203 0,0005
up 2,8134 0,0006
ensure 0,7985 0,0004
usual 2,4079 0,0005
this 0,1278 0,0000
opm 4,6052 0,0010
memusage 0,0000 0,0000
brake 3,5066 0,0008
sanger 4,6052 0,0010
obscure 3,9120 0,0009
blockchain 2,0402 0,0005
failure 1,1087 0,0005
forge 2,8134 0,0006
solve 0,9416 0,0002
bolster 3,9120 0,0009
know 0,2231 0,0001
support 0,1393 0,0001
deceive 3,9120 0,0009
zengerle 4,6052 0,0010
coin 1,6094 0,0004
drop 1,1394 0,0003
polski 0,1165 0,0000
privacy 0,0000 0,0000
vehicles 3,5066 0,0008
cold 2,8134 0,0006
learning 0,8916 0,0002
vertical 0,7985 0,0002
cole 3,5066 0,0008
wiem 4,6052 0,0010
life 0,9416 0,0004
we 1,3093 0,0003
interoperable 3,2189 0,0007
honey 3,5066 0,0008
gap 1,2040 0,0005
gas 2,5257 0,0006
previous 1,1712 0,0003
wide 0,6539 0,0001
christoph 3,9120 0,0009
licens 1,8971 0,0004
protectdrive 4,6052 0,0010
reading 2,1203 0,0005
jickling 4,6052 0,0010
directive 1,8971 0,0004
wgarticleid 0,0000 0,0000
succeed 2,1203 0,0009
planting 4,6052 0,0010
pagelanguagedir 0,0000 0,0000
location 0,9943 0,0002
software 0,0000 0,0000
misdirection 4,6052 0,0010
dongle 4,6052 0,0021
competition 1,9661 0,0004
none 0,0101 0,0000
repository 0,5276 0,0001
type 0,0000 0,0000
april 0,0000 0,0000
beyond 1,0217 0,0002
cone 4,6052 0,0010
troops 3,9120 0,0009
cornell 3,2189 0,0007
closing 2,1203 0,0005
problem 0,3285 0,0001
fpga 2,6593 0,0006
voluntary 2,9957 0,0007
connection 0,9676 0,0004
proof 1,7148 0,0008
openbsd 2,3026 0,0005
ota 3,5066 0,0008
inability 2,9957 0,0007
wifi 2,8134 0,0006
method 0,3147 0,0001
teams 2,4079 0,0005
contract 1,4271 0,0003
conclude 2,4079 0,0005
holger 3,9120 0,0009
come 0,4155 0,0003
ott 2,5257 0,0006
push 0,0000 0,0000
susceptible 2,8134 0,0006
exist 0,4155 0,0004
souppaya 4,6052 0,0010
insight 1,6607 0,0004
fedex 4,6052 0,0010
columbia 2,8134 0,0006
instrumental 3,2189 0,0007
nationwide 3,2189 0,0007
force 1,0217 0,0005
south 1,9661 0,0004
columns 3,5066 0,0008
north 1,7148 0,0004
gregor 4,6052 0,0010
oup 3,9120 0,0009
distribution 0,8916 0,0002
tools 1,4697 0,0003
capacity 1,7148 0,0004
cope 2,9957 0,0007
out 0,0000 0,0000
albany 4,6052 0,0010
transcript 2,6593 0,0006
get 0,0000 0,0000
dark 0,0101 0,0000
course 1,3093 0,0006
telecom 2,8134 0,0006
copy 1,1712 0,0005
power 0,6733 0,0003
cook 2,4079 0,0005
sell 1,3471 0,0006
suspect 3,9120 0,0017
transformation 1,5606 0,0003
indiscriminately 4,6052 0,0010
help 0,0000 0,0000
cebuano 2,6593 0,0006
depth 0,0000 0,0000
massive 1,8326 0,0004
additionally 1,0498 0,0002
fortinet 4,6052 0,0010
unified 1,8971 0,0004
self 0,7133 0,0002
prone 1,9661 0,0004
asset 2,0402 0,0009
minimum 2,2073 0,0005
mathematical 1,3863 0,0003
privatize 4,6052 0,0010
sharealike 0,0000 0,0000
date 0,3011 0,0001
reveal 1,5606 0,0010
data 0,0000 0,0000
depot 3,9120 0,0009
theoretical 1,6094 0,0004
own 0,4780 0,0001
wiki 1,2730 0,0003
anton 3,9120 0,0009
blog 0,6349 0,0001
drug 2,3026 0,0010
norm 2,6593 0,0006
barrier 1,8326 0,0008
create 0,0000 0,0000
publishers 2,1203 0,0005
criminal 2,2073 0,0010
cory 2,6593 0,0006
activist 2,5257 0,0006
development 0,1278 0,0001
like 0,2231 0,0000
resource 0,4620 0,0003
core 0,5621 0,0001
addressed 4,6052 0,0010
indra 4,6052 0,0010
council 2,2073 0,0005
fraud 2,1203 0,0005
ground 1,9661 0,0004
send 0,7550 0,0007
devine 3,9120 0,0009
here 0,0000 0,0000
note 0,4155 0,0001
challenges 1,6094 0,0004
purpose 0,5108 0,0002
line 0,0101 0,0000
link 0,0000 0,0000
scale 0,4943 0,0001
antonella 4,6052 0,0010
recovery 1,6607 0,0004
yost 4,6052 0,0010
security 0,3285 0,0001
tempest 3,9120 0,0009
contributor 0,0000 0,0000
organize 1,1712 0,0003
station 1,9661 0,0009
affairs 2,8134 0,0006
factory 2,0402 0,0005
bidgoli 4,6052 0,0010
cost 0,6733 0,0003
will 0,2485 0,0001
implementation 0,3147 0,0001
arbitrary 1,3863 0,0003
groups 2,9957 0,0007
follow 0,2744 0,0002
pmid 1,7720 0,0004
intent 1,8971 0,0004
milwaukee 3,9120 0,0009
recursiveclone 1,6607 0,0004
compliance 1,4271 0,0003
oppliger 3,5066 0,0008
york 0,8440 0,0002
gerard 3,5066 0,0008
lily 3,5066 0,0008
challenge 0,6162 0,0004
skies 4,6052 0,0010
botnet 3,9120 0,0009
cavallo 4,6052 0,0010
intend 0,6162 0,0001
german 1,6607 0,0004
greenberg 2,6593 0,0006
govern 2,5257 0,0006
numerous 1,3863 0,0003
wggelevelingupenabledforuser 0,0000 0,0000
auditing 3,5066 0,0008
selinux 3,5066 0,0008
remote 0,9163 0,0002
without 0,2744 0,0001
vinton 4,6052 0,0010
recruiting 3,9120 0,0009
persistent 1,5141 0,0003
authorize 1,8326 0,0004
organizational 1,8971 0,0004
thus 0,7550 0,0002
devices 1,9661 0,0004
neutral 0,5447 0,0001
analysis 0,5108 0,0002
hess 4,6052 0,0010
apparent 2,9957 0,0007
exposure 2,4079 0,0005
sender 2,3026 0,0005
cellular 2,6593 0,0006
dawn 3,2189 0,0007
glenn 3,2189 0,0007
much 0,6931 0,0002
chapter 1,1712 0,0003
flight 2,5257 0,0006
dongre 4,6052 0,0010
independent 0,8440 0,0002
defence 3,9120 0,0017
achieve 0,7985 0,0004
ahead 1,7148 0,0004
gsub 1,7148 0,0004
masters 3,2189 0,0007
trellix 4,6052 0,0010
rethinking 3,9120 0,0009
headline 0,0000 0,0000
committee 1,6607 0,0004
licensee 3,9120 0,0009
kernel 1,2379 0,0003
union 1,3093 0,0003
soviet 3,2189 0,0007
aquino 3,9120 0,0009
transientcontent 0,0000 0,0000
wipe 2,9957 0,0007
subtle 0,3285 0,0001
component 0,3147 0,0001
photograph 2,2073 0,0005
seth 2,4079 0,0005
blue 1,8326 0,0004
consultant 2,8134 0,0006
idhash 0,0619 0,0000
disguise 3,9120 0,0009
wrap 0,0101 0,0000
discuss 1,0217 0,0002
liberal 3,2189 0,0007
standard 0,2357 0,0001
reader 1,5606 0,0007
sanghavi 4,6052 0,0010
compute 0,6733 0,0002
deadly 4,6052 0,0021
institution 2,0402 0,0005
payload 2,6593 0,0012
fullversionlist 0,0000 0,0000
conversation 2,0402 0,0009
area 0,7985 0,0004
european 1,3471 0,0003
cryptography 1,7148 0,0004
pay 1,1712 0,0003
gps 3,2189 0,0007
list 0,0000 0,0000
andrew 1,0498 0,0002
governmental 2,8134 0,0006
lack 0,5447 0,0001
external 0,1863 0,0000
ucla 3,5066 0,0008
success 1,2379 0,0003
authority 0,4780 0,0002
child 0,0202 0,0000
eavesdropper 3,5066 0,0008
outgoing 4,6052 0,0010
straddle 4,6052 0,0010
aerogram 4,6052 0,0010
regional 2,6593 0,0006
germany 0,5798 0,0001
inoculation 4,6052 0,0010
medium 1,4271 0,0003
interface 0,2485 0,0001
dwork 3,2189 0,0007
remove 0,3711 0,0002
hypponen 4,6052 0,0010
secrecy 3,5066 0,0008
pci 4,6052 0,0010
wgisprobablyeditable 0,0000 0,0000
airline 3,9120 0,0017
cranor 4,6052 0,0010
bruce 1,8326 0,0004
bulletins 4,6052 0,0010
extradition 4,6052 0,0010
mobile 0,0000 0,0000
perform 0,4463 0,0003
epassport 4,6052 0,0010
pdf 0,0000 0,0000
china 1,6094 0,0004
gsa 3,9120 0,0009
complaint 2,8134 0,0006
service 0,1393 0,0001
there 0,2614 0,0001
analyst 2,0402 0,0009
magazine 0,9943 0,0002
inject 3,5066 0,0008
pocket 2,6593 0,0006
offense 4,6052 0,0010
channel 1,3863 0,0003
focus 0,6733 0,0005
american 0,8440 0,0004
entire 0,8675 0,0002
implant 3,2189 0,0014
approach 0,3711 0,0002
loomis 4,6052 0,0010
russia 2,6593 0,0006
williams 2,2073 0,0005
write 0,1508 0,0001
period 1,4697 0,0003
proceed 2,4079 0,0005
aria 0,0000 0,0000
corporation 1,0498 0,0005
understand 0,6162 0,0003
birth 2,5257 0,0006
jointly 3,2189 0,0007
intelligence 0,8916 0,0002
ever 1,3863 0,0003
million 0,9416 0,0004
even 0,0513 0,0000
install 1,3093 0,0012
analyze 1,2040 0,0011
integration 0,4620 0,0001
esperanto 0,7133 0,0002
tagline 0,0000 0,0000
indication 2,9957 0,0007
nadra 3,9120 0,0009
bulk 2,5257 0,0006
gun 3,2189 0,0007
regexp 0,0000 0,0000
hundred 1,4271 0,0003
circuit 1,6607 0,0007
wgeditsubmitbuttonlabelpublish 0,0000 0,0000
obama 3,2189 0,0007
restrict 1,5141 0,0014
instant 2,5257 0,0006
keystroke 2,9957 0,0013
prevalence 3,5066 0,0008
native 0,8916 0,0002
debit 3,5066 0,0008
hajoon 3,9120 0,0009
rescator 4,6052 0,0010
consequence 1,5606 0,0007
particularly 0,9943 0,0002
robust 2,0402 0,0005
homebrew 2,8134 0,0006
opportunities 2,2073 0,0005
pacific 3,5066 0,0008
verge 1,8326 0,0004
wgnamespacenumber 0,0000 0,0000
mirta 4,6052 0,0010
framework 0,2877 0,0001
hacker 1,3471 0,0006
wgwmepagelength 0,0000 0,0000
pebkac 4,6052 0,0010
hacked 3,9120 0,0009
entity 0,0101 0,0000
santin 3,9120 0,0009
chronicle 2,6593 0,0006
prohibit 2,3026 0,0005
expensivefunctioncount 0,0000 0,0000
almost 1,1087 0,0002
foresee 3,5066 0,0008
associate 0,6931 0,0003
pig 3,5066 0,0008
hacking 2,5257 0,0006
pin 0,0000 0,0000
charity 3,5066 0,0008
elias 4,6052 0,0010
stewart 3,5066 0,0008
whether 0,7765 0,0002
members 3,5066 0,0008
voip 3,5066 0,0008
verification 0,8440 0,0002
everyone 1,9661 0,0004
surge 2,3026 0,0005
liability 3,5066 0,0016
affected 3,9120 0,0009
pcache 0,0619 0,0000
quantify 2,9957 0,0007
ethic 2,5257 0,0006
arms 3,9120 0,0009
biderman 3,9120 0,0009
october 0,0000 0,0000
evil 2,9957 0,0007
basic 0,6539 0,0001
complication 0,0513 0,0000
locate 1,6094 0,0007
bush 3,9120 0,0009
cause 0,6162 0,0004
combat 2,6593 0,0006
jquery 0,0000 0,0000
bumgarner 4,6052 0,0010
pursue 2,6593 0,0012
catastrophe 3,9120 0,0009
intended 2,6593 0,0006
design 0,1393 0,0001
extra 1,7720 0,0004
working 1,3471 0,0003
victim 2,8134 0,0013
department 1,3863 0,0003
hanson 3,9120 0,0009
penetration 3,5066 0,0008
chief 1,6607 0,0004
plc 2,8134 0,0006
accord 0,5108 0,0001
aircraft 4,6052 0,0010
sandbox 2,3026 0,0010
entrepreneurial 3,2189 0,0007
despite 1,3093 0,0003
consecutive 3,9120 0,0009
merchandise 4,6052 0,0010
cyber 2,5257 0,0006
encyclopedia 0,0000 0,0000
conduct 0,0000 0,0000
interested 1,8326 0,0004
wall 1,7148 0,0004
abovebelow 0,0943 0,0000
accessibility 1,4697 0,0003
pmc 1,8971 0,0004
cyberwar 4,6052 0,0010
unidentified 3,9120 0,0009
discussion 1,3093 0,0006
password 1,7720 0,0008
oversight 2,3026 0,0005
pmo 4,6052 0,0010
lawrence 2,3026 0,0005
filtering 3,2189 0,0007
meeting 1,7720 0,0004
confidential 2,8134 0,0006
chaos 2,5257 0,0006
warship 4,6052 0,0010
want 0,8675 0,0002
qaraqalpaqsha 1,1712 0,0003
recognize 1,3471 0,0009
processor 1,1394 0,0003
mediawiki 1,0788 0,0002
input 0,0000 0,0000
volt 4,6052 0,0021
difference 0,8916 0,0002
perrin 3,9120 0,0009
reality 1,5141 0,0003
cecilia 4,6052 0,0010
must 0,4620 0,0001
circle 2,9957 0,0007
resign 2,8134 0,0006
safeguard 2,6593 0,0006
unpinned 0,0000 0,0000
sophisticated 1,8326 0,0004
anomaly 2,6593 0,0006
leetaru 4,6052 0,0010
gutmann 3,9120 0,0009
scanning 2,4079 0,0005
stoneburner 4,6052 0,0010
niccs 4,6052 0,0010
ware 3,9120 0,0009
pens 4,6052 0,0010
pop 1,6607 0,0004
routing 2,6593 0,0006
routine 1,8326 0,0004
pot 4,6052 0,0010
defense 2,0402 0,0005
encrypt 1,5141 0,0014
procedia 3,5066 0,0008
convict 3,5066 0,0008
datepublished 0,0000 0,0000
maness 4,6052 0,0010
receive 0,7340 0,0002
consulting 2,4079 0,0005
intimate 3,5066 0,0008
theft 2,4079 0,0011
disclose 3,9120 0,0017
diagram 1,6094 0,0007
ppp 3,2189 0,0007
automated 2,8134 0,0006
smith 1,7148 0,0004
computability 2,1203 0,0005
goods 2,6593 0,0006
voting 2,0402 0,0005
landau 3,5066 0,0008
accounting 2,3026 0,0005
align 0,0101 0,0000
secure 1,0217 0,0007
han 2,9957 0,0007
late 0,4155 0,0002
school 1,5141 0,0007
continue 0,6931 0,0002
basically 3,5066 0,0008
scheduling 1,5606 0,0003
hat 1,4697 0,0003
hay 4,6052 0,0010
nextgov 4,6052 0,0010
unlock 2,4079 0,0011
last 0,0000 0,0000
imageright 0,2614 0,0001
rituja 4,6052 0,0010
weight 0,0101 0,0000
dorothy 4,6052 0,0010
warn 2,2073 0,0010
measure 0,9416 0,0004
harrison 3,2189 0,0007
centrifuge 4,6052 0,0010
mathematically 2,5257 0,0006
shanton 4,6052 0,0010
cpni 4,6052 0,0010
impossible 1,8971 0,0004
effort 0,8916 0,0004
denning 4,6052 0,0010
video 0,8210 0,0002
gupta 2,5257 0,0006
newton 2,8134 0,0006
minimal 1,2730 0,0003
early 0,4308 0,0003
piper 2,9957 0,0007
overview 0,5447 0,0001
intruder 3,9120 0,0009
yet 1,1087 0,0002
configure 1,3093 0,0003
windows 0,7985 0,0002
engineer 0,7765 0,0003
generic 1,4697 0,0003
endorse 2,9957 0,0007
maawg 4,6052 0,0010
hdl 1,6094 0,0004
chang 2,9957 0,0007
infrastructure 0,6733 0,0002
wikimedia 0,0000 0,0000
typical 1,1394 0,0003
time 0,0000 0,0000
riley 4,6052 0,0010
applications 1,3093 0,0003
puf 4,6052 0,0021
bicchierai 3,5066 0,0008
illustrative 4,6052 0,0010
program 0,2614 0,0002
put 0,9416 0,0004
authorized 4,6052 0,0010
unload 4,6052 0,0010
trap 2,4079 0,0005
struggle 2,5257 0,0006
identifier 1,4697 0,0003
phishing 3,9120 0,0009
russian 1,8971 0,0004
iran 2,9957 0,0007
deborah 3,9120 0,0009
philosophy 1,1712 0,0003
pikeos 3,5066 0,0008
chris 1,2040 0,0003
light 1,3093 0,0003
passenger 2,1203 0,0005
infection 3,2189 0,0007
wgcheckuserclienthintsheadersjsapi 0,0000 0,0000
firewalls 4,6052 0,0010
layer 0,7340 0,0002
smart 1,2379 0,0003
triangle 3,9120 0,0009
timingprofile 0,0000 0,0000
theme 0,0000 0,0000
cowan 3,9120 0,0009
editor 0,0000 0,0000
postexpandincludesize 0,0000 0,0000
chain 1,3471 0,0006
disclosure 2,5257 0,0011
desire 1,1087 0,0002
efficient 1,0217 0,0002
chad 3,5066 0,0008
mckinnon 4,6052 0,0010
reverse 1,7720 0,0004
unsourced 0,5621 0,0001
january 0,0000 0,0000
permanent 0,0000 0,0000
foster 2,2073 0,0005
organized 2,9957 0,0007
facility 1,0498 0,0002
small 0,0305 0,0000
before 0,0305 0,0000
fiction 2,6593 0,0006
aviation 4,6052 0,0010
transitions 3,9120 0,0009
listen 2,2073 0,0010
hit 2,0402 0,0005
major 0,5621 0,0001
thermostat 3,2189 0,0007
interrupt 2,2073 0,0005
worldwide 1,4271 0,0003
consider 0,4005 0,0002
potential 1,0788 0,0002
group 0,0408 0,0000
reproducible 4,6052 0,0010
tree 1,1394 0,0003
runtime 1,2040 0,0003
archive 0,0943 0,0000
history 0,0000 0,0000
disarm 4,6052 0,0010
phising 4,6052 0,0010
reimers 4,6052 0,0010
absolutely 2,6593 0,0006
classify 1,4271 0,0003
request 0,6733 0,0002
convergence 2,8134 0,0006
credentials 2,2073 0,0005
wgrestrictionedit 0,0000 0,0000
koscher 4,6052 0,0010
inherently 2,3026 0,0005
pyongyang 3,9120 0,0009
feigin 4,6052 0,0010
point 0,5447 0,0002
banking 2,3026 0,0005
general 0,0000 0,0000
september 0,0000 0,0000
attachment 2,9957 0,0007
kocher 4,6052 0,0010
hospital 3,9120 0,0017
audits 3,5066 0,0008
chen 1,7148 0,0004
padding 0,0000 0,0000
deserve 4,6052 0,0010
process 0,1625 0,0001
restore 1,9661 0,0009
alternative 0,6931 0,0002
clear 0,0101 0,0000
cyberbiosecurity 4,6052 0,0010
surveil 4,6052 0,0010
wginternalredirecttargeturl 3,2189 0,0007
approve 1,7148 0,0004
mean 0,4463 0,0003
neither 2,2073 0,0005
account 0,0000 0,0000
mostly 1,2730 0,0003
innocent 3,9120 0,0009
lurch 4,6052 0,0010
dansk 0,5798 0,0001
supercomputing 3,2189 0,0007
advance 1,0788 0,0007
evaluation 1,3093 0,0006
abbr 0,0619 0,0000
auerbach 3,9120 0,0009
you 0,0000 0,0000
jump 0,0000 0,0000
knowledge 0,7340 0,0002
prime 2,6593 0,0006
happen 1,3471 0,0003
preference 2,0402 0,0005
mainstream 1,9661 0,0004
july 0,0000 0,0000
opportunity 1,8326 0,0004
court 1,9661 0,0004
misuse 2,3026 0,0005
flexible 1,6094 0,0004
firms 3,9120 0,0009
netscape 2,3026 0,0005
depict 2,5257 0,0006
webel 4,6052 0,0010
infosecurity 4,6052 0,0010
how 0,0834 0,0000
capability 0,7765 0,0003
peter 0,8210 0,0002
blocking 3,5066 0,0008
integral 2,4079 0,0005
parental 4,6052 0,0010
webcast 4,6052 0,0010
chip 1,5141 0,0003
replicate 1,8971 0,0008
maynard 4,6052 0,0010
microkernel 2,3026 0,0005
assemble 2,5257 0,0006
nodal 4,6052 0,0010
march 0,0000 0,0000
june 0,0000 0,0000
meet 0,9163 0,0002
publicize 4,6052 0,0010
series 0,5798 0,0001
interception 3,5066 0,0008
publications 2,2073 0,0005
represent 0,5978 0,0001
compete 2,0402 0,0005
dispatch 2,9957 0,0007
sometimes 0,6931 0,0002
recreational 4,6052 0,0010
autocapitalize 0,0000 0,0000
clobber 3,5066 0,0008
hold 0,7985 0,0004
chinese 1,5141 0,0003
trail 2,4079 0,0005
cyberspace 3,2189 0,0007
burglar 4,6052 0,0010
seals 3,9120 0,0009
directorate 3,5066 0,0008
wgpagename 0,0000 0,0000
talk 0,0000 0,0000
monterrey 4,6052 0,0010
richard 0,9676 0,0002
dedicated 1,6094 0,0004
hyperlink 2,4079 0,0005
coordinator 3,5066 0,0008
commonly 0,6931 0,0002
planet 2,6593 0,0006
count 0,0513 0,0000
lamacchia 4,6052 0,0010
hatnote 0,2107 0,0000
planes 4,6052 0,0010
scholar 1,3863 0,0003
pinnable 0,0000 0,0000
take 0,2877 0,0003
vision 1,1394 0,0003
accompany 2,6593 0,0006
danny 3,5066 0,0008
immediate 2,4079 0,0005
resale 3,9120 0,0009
blame 2,5257 0,0006
relatively 1,0498 0,0002
some 0,1744 0,0000
beginning 1,8326 0,0004
session 1,7720 0,0004
additional 0,0000 0,0000
patroltoken 0,0000 0,0000
telecommunications 2,4079 0,0005
alpha 0,0101 0,0000
seeker 4,6052 0,0010
maria 2,6593 0,0006
just 0,4943 0,0001
notice 1,6094 0,0004
bernhard 2,9957 0,0007
asia 2,4079 0,0005
monitor 1,2040 0,0008
home 0,8675 0,0002
michael 0,7133 0,0002
print 0,0000 0,0000
nuevo 4,6052 0,0010
although 0,6162 0,0001
approximately 1,8971 0,0004
material 0,7765 0,0003
injection 1,8326 0,0004
holt 3,5066 0,0008
president 1,9661 0,0004
explain 1,1712 0,0005
summercon 4,6052 0,0010
ransom 2,9957 0,0007
hope 2,1203 0,0005
tracking 1,6607 0,0004
soon 1,5606 0,0003
america 1,7720 0,0004
executive 1,5606 0,0007
tablet 2,0402 0,0005
sony 2,8134 0,0006
hook 2,9957 0,0007
sons 1,5606 0,0003
action 0,0000 0,0000
guidelines 1,8326 0,0004
validation 1,3093 0,0003
song 2,5257 0,0006
belt 3,2189 0,0007
bernstein 3,9120 0,0009
classified 3,9120 0,0009
sensitive 1,2730 0,0003
loading 0,0000 0,0000
operative 4,6052 0,0010
heavy 2,1203 0,0005
culprit 4,6052 0,0010
afford 2,9957 0,0013
hwa 4,6052 0,0010
centralised 3,9120 0,0009
biological 2,2073 0,0005
turton 4,6052 0,0010
impede 3,9120 0,0009
singh 2,5257 0,0006
shield 2,8134 0,0006
britain 3,5066 0,0008
deliver 1,1394 0,0005
quarterly 2,5257 0,0006
exploits 3,5066 0,0008
products 1,4271 0,0003
robert 0,9676 0,0002
o'connor 3,9120 0,0009
file 0,0000 0,0000
sandhu 4,6052 0,0010
member 0,9163 0,0002
generalize 2,4079 0,0005
steve 1,1394 0,0003
babaei 4,6052 0,0010
wgnoticeproject 0,0000 0,0000
together 0,5978 0,0001
nextgen 4,6052 0,0010
within 0,3011 0,0001
could 0,4780 0,0001
allege 2,8134 0,0006
health 1,5606 0,0003
attackers 4,6052 0,0010
tara 3,2189 0,0007
positive 1,8971 0,0004
trigger 0,0513 0,0000
menu 0,0000 0,0000
syzbot 4,6052 0,0010
caldwell 3,9120 0,0009
kroll 3,5066 0,0008
o'neil 3,9120 0,0009
radar 2,5257 0,0006
trusted 2,8134 0,0006
machine 0,2744 0,0001
able 0,9943 0,0002
efficiently 1,4697 0,0003
workplace 2,8134 0,0006
return 0,0000 0,0000
specialize 1,8971 0,0004
topical 3,5066 0,0008
instance 0,7765 0,0002
concerned 2,4079 0,0005
thrill 4,6052 0,0010
serve 1,0217 0,0005
bfptb 4,6052 0,0010
radio 1,6607 0,0004
geographic 1,7148 0,0004
solution 0,5621 0,0003
find 0,3425 0,0002
host 0,6539 0,0003
international 0,3011 0,0001
citizen 2,0402 0,0005
shachtman 4,6052 0,0010
cities 3,2189 0,0007
sooner 4,6052 0,0010
occur 0,7765 0,0005
tate 3,9120 0,0009
difficult 0,9163 0,0002
canonical 0,0408 0,0000
seriously 2,9957 0,0007
sustainability 2,5257 0,0006
forget 2,6593 0,0006
professor 2,3026 0,0005
wgcurrevisionid 0,0000 0,0000
kaiser 3,9120 0,0009
task 0,5108 0,0002
specialist 2,5257 0,0011
transit 2,8134 0,0006
principles 1,7148 0,0004
true 0,0000 0,0000
header 0,0000 0,0000
position 1,5141 0,0007
present 0,5621 0,0001
harvard 1,7148 0,0004
since 0,3425 0,0001
certificate 2,2073 0,0010
dangerous 2,4079 0,0005
best 2,6593 0,0006
quantum 1,6607 0,0004
delete 0,4155 0,0001
foreach 0,0000 0,0000
tadayoshi 4,6052 0,0010
transform 1,4697 0,0003
competitor 1,9661 0,0004
algorithmic 2,0402 0,0005
wggestructuredtaskrejectionreasontextinputenable 0,0000 0,0000
execution 0,7340 0,0002
uninteresting 4,6052 0,0010
visier 4,6052 0,0010
underlie 0,9416 0,0002
goldwasser 3,5066 0,0008
vilmar 3,9120 0,0009
nuremberg 4,6052 0,0010
regulation 1,7720 0,0008
complicate 2,4079 0,0005
eyers 3,9120 0,0009
online 0,7340 0,0002
socket 2,4079 0,0005
antivirus 2,8134 0,0006
intentional 2,9957 0,0007
apparmor 3,9120 0,0009
cover 1,2040 0,0008
anwar 4,6052 0,0010
firm 1,3863 0,0006
reflect 1,1712 0,0003
contribution 0,0000 0,0000
ongoing 1,9661 0,0004
foundational 3,5066 0,0008
refinement 2,6593 0,0006
pentagon 3,9120 0,0009
czech 0,9163 0,0002
edith 4,6052 0,0010
brokerage 3,5066 0,0008
dependability 2,2073 0,0005
something 1,4271 0,0003
intention 2,4079 0,0005
thereby 1,6607 0,0004
processing 0,6162 0,0001
bashroush 4,6052 0,0010
except 1,5141 0,0003
fact 1,0217 0,0002
prominent 2,3026 0,0005
insulin 3,9120 0,0009
upskill 4,6052 0,0010
fundamental 1,4271 0,0006
global 0,7985 0,0002
collecting 4,6052 0,0010
ahmad 3,5066 0,0008
outline 0,8440 0,0004
unless 1,5606 0,0003
christian 2,1203 0,0005
ian 1,7148 0,0004
perspective 1,3093 0,0003
fred 2,3026 0,0005
operating 0,9416 0,0002
free 0,0000 0,0000
cyberattacks 4,6052 0,0010
invade 3,9120 0,0009
perpetrator 4,6052 0,0010
actually 1,3093 0,0003
evolve 1,0498 0,0002
face 1,1712 0,0005
ibm 0,5621 0,0001
friedman 2,8134 0,0006
oclc 1,2040 0,0003
patterson 3,2189 0,0007
operation 0,5108 0,0001
bulletin 2,8134 0,0006
coordinated 3,9120 0,0009
circumvent 2,6593 0,0006
icc 3,9120 0,0009
phyllisane 4,6052 0,0010
inside 0,0101 0,0000
misspelling 4,6052 0,0010
mainly 1,5141 0,0003
coordination 2,5257 0,0006
genesis 2,5257 0,0006
jean 1,8971 0,0004
ict 2,9957 0,0007
phisher 4,6052 0,0021
five 0,9943 0,0002
icv 4,6052 0,0010
ruin 3,5066 0,0008
cyberwarfare 2,1203 0,0005
idg 2,1203 0,0005
counterterrorism 4,6052 0,0010
offshore 2,9957 0,0007
raton 3,2189 0,0007
laboratory 2,0402 0,0005
inspect 2,8134 0,0006
ids 3,5066 0,0008
systematically 3,2189 0,0007
holing 4,6052 0,0010
vital 2,9957 0,0007
conflict 1,6094 0,0004
shaun 3,9120 0,0009
carrie 3,5066 0,0008
newman 2,9957 0,0007
isbn 0,1054 0,0000
detect 1,0788 0,0007
rule 0,5978 0,0004
update 0,4463 0,0004
amateur 3,5066 0,0008
assistance 2,8134 0,0006
commerce 2,3026 0,0005
scheduler 1,6607 0,0004
damaging 4,6052 0,0010
surfaces 3,9120 0,0009
gaithersburg 4,6052 0,0010
linux 0,8916 0,0002
definition 0,4943 0,0001
checkout 3,5066 0,0008
every 0,6162 0,0001
middleware 1,6607 0,0004
checkoway 4,6052 0,0010
again 1,2379 0,0003
indeed 2,4079 0,0005
artificial 1,1712 0,0003
removal 1,6607 0,0004
comment 1,2730 0,0003
adleman 3,9120 0,0009
vatsal 4,6052 0,0010
isac 3,9120 0,0009
ransomware 2,8134 0,0006
employ 1,3093 0,0006
reasoning 1,6607 0,0004
during 0,5447 0,0001
annotated 2,3026 0,0005
consist 0,6539 0,0001
preparation 2,6593 0,0006
compatible 1,2040 0,0003
enable 0,0000 0,0000
price 1,2730 0,0003
safety 1,3093 0,0003
sidebar 0,0000 0,0000
jeep 3,9120 0,0009
limitreport 0,0000 0,0000
decoration 0,0619 0,0000
dependent 1,6094 0,0004
randomize 2,1203 0,0005
profession 3,2189 0,0007
staples 4,6052 0,0010
zip 2,4079 0,0005
responder 3,9120 0,0009
agree 0,0101 0,0000
resistance 2,6593 0,0006
wgulsislanguageselectorempty 0,0000 0,0000
fail 0,9676 0,0002
itself 0,6539 0,0001
discrepancy 3,2189 0,0007
spectrum 1,9661 0,0004
anyone 1,7148 0,0004
annie 3,9120 0,0009
morph 4,6052 0,0010
valve 3,2189 0,0007
iii 2,1203 0,0005
privilege 1,8971 0,0008
pictures 3,9120 0,0009
foreign 1,7720 0,0004
nick 1,8971 0,0004
uniform 1,7148 0,0004
amplitude 3,9120 0,0009
blaze 3,2189 0,0007
tracker 2,6593 0,0006
violate 1,8971 0,0008
carroll 3,9120 0,0009
collective 2,2073 0,0005
event 0,0000 0,0000
undergo 2,4079 0,0005
agency 1,6607 0,0007
multitude 3,5066 0,0008
uefi 3,9120 0,0009
countermeasure 3,5066 0,0016
schlienger 4,6052 0,0010
toggle 0,0000 0,0000
abstract 1,3093 0,0003
agenda 2,4079 0,0005
appearance 0,0000 0,0000
classname 0,0000 0,0000
culture 1,4271 0,0003
anonymous 2,1203 0,0005
wggetopicsmatchmodeenable 0,0000 0,0000
fake 2,6593 0,0006
spam 2,0402 0,0009
first 0,0408 0,0000
nowrap 0,0408 0,0000
perfect 2,5257 0,0006
prefer 0,0101 0,0000
preferably 3,5066 0,0008
stephanie 2,9957 0,0007
roman 0,0101 0,0000
clearly 2,5257 0,0006
wgrelevantpageisprobablyeditable 0,0000 0,0000
forensic 2,2073 0,0010
space 0,0408 0,0000
reference 0,0101 0,0000
theater 3,2189 0,0007
publicity 3,9120 0,0009
viruses 3,2189 0,0007
insights 2,9957 0,0007
roesner 4,6052 0,0010
bottom 0,0000 0,0000
commitment 2,0402 0,0005
workstation 2,0402 0,0005
butterfield 4,6052 0,0010
gdpr 3,2189 0,0007
publisher 0,0000 0,0000
intervention 2,6593 0,0006
img 0,0408 0,0000
arrival 2,8134 0,0006
steal 2,0402 0,0014
error 0,0101 0,0000
network 0,3285 0,0002
terrorist 3,2189 0,0007
gatekeeper 3,5066 0,0008
holding 3,5066 0,0008
trace 1,6607 0,0015
operations 1,7720 0,0004
paper 0,9416 0,0002
public 0,4155 0,0001
track 0,9676 0,0009
value 0,0000 0,0000
matlack 4,6052 0,0010
institutionalization 4,6052 0,0010
listening 3,9120 0,0009
resources 1,3471 0,0003
expensive 0,0408 0,0000
performance 0,3425 0,0001
trade 1,3863 0,0003
bluetooth 2,6593 0,0006
maint 0,0101 0,0000
growth 1,2040 0,0003
unwanted 3,9120 0,0009
invoice 4,6052 0,0010
platformversion 0,0000 0,0000
stevens 3,5066 0,0008
normally 1,6094 0,0004
vague 1,8971 0,0004
templatequote 1,9661 0,0004
bicycle 3,9120 0,0009
references 0,0513 0,0000
accuracy 2,2073 0,0005
texas 2,5257 0,0006
resolution 1,8326 0,0004
building 0,7985 0,0002
iot 1,9661 0,0004
setting 1,4697 0,0003
lccn 2,9957 0,0007
properly 1,3471 0,0003
miftaur 4,6052 0,0010
quote 0,0101 0,0000
graduate 2,0402 0,0005
poor 2,0402 0,0005
diagnostic 2,5257 0,0006
hackthissite 4,6052 0,0010
ram 2,0402 0,0005
unlikely 2,3026 0,0005
internally 1,8326 0,0004
rat 3,9120 0,0009
ray 1,8971 0,0004
ips 3,5066 0,0008
airport 3,5066 0,0016
cultural 2,2073 0,0005
advancement 1,8971 0,0004
cyberattack 2,8134 0,0013
institute 1,0498 0,0002
shortly 2,6593 0,0006
wgusergroup 0,0000 0,0000
dual 2,5257 0,0006
rce 4,6052 0,0010
aspect 0,7765 0,0003
smartphones 2,9957 0,0007
scott 1,0217 0,0002
close 0,8210 0,0002
morris 2,2073 0,0005
resilience 3,5066 0,0008
linked 2,6593 0,0006
pagliery 3,5066 0,0008
chemistry 1,8326 0,0004
mitigate 1,8326 0,0012
photo 2,0402 0,0005
unleash 2,5257 0,0006
concurrency 1,3471 0,0003
fast 0,4943 0,0002
bormer 4,6052 0,0010
aerospace 2,5257 0,0006
register 0,0000 0,0000
nine 2,1203 0,0005
couple 1,8971 0,0004
communicate 1,1394 0,0005
foreman 4,6052 0,0010
acm 0,8675 0,0002
acl 3,5066 0,0016
red 1,2730 0,0003
rec 3,9120 0,0009
act 0,9416 0,0006
transmission 2,4079 0,0011
helper 2,9957 0,0007
post 0,0202 0,0000
shortage 2,8134 0,0013
insecure 2,2073 0,0005
swift 1,8326 0,0004
add 0,0000 0,0000
educational 1,8326 0,0004
pose 2,1203 0,0014
its 0,0726 0,0000
remedy 3,5066 0,0008
itu 3,2189 0,0007
article 0,0000 0,0000
respect 2,2073 0,0005
rfc 1,9661 0,0004
altair 3,9120 0,0009
parser 0,0000 0,0000
port 1,8326 0,0008
shell 1,0788 0,0005
removable 3,5066 0,0008
carnivore 4,6052 0,0010
therefore 0,7985 0,0002
exchange 1,1087 0,0002
mitre 3,9120 0,0009
activation 2,9957 0,0007
washington 1,5141 0,0003
atif 4,6052 0,0010
exec 2,9957 0,0007
income 2,4079 0,0005
trust 1,2730 0,0006
infragard 4,6052 0,0010
united 0,4780 0,0001
standardization 1,6094 0,0004
differentiable 2,2073 0,0005
aes 2,9957 0,0007
wghostname 0,0000 0,0000
prevent 0,7340 0,0003
previously 1,1712 0,0003
wgtitle 0,0000 0,0000
surveillance 2,5257 0,0006
obfuscation 2,6593 0,0006
identify 0,6733 0,0005
afp 3,5066 0,0008
hlist 0,0408 0,0000
label 0,0000 0,0000
improvement 0,9163 0,0002
message 0,3857 0,0001
sarthak 4,6052 0,0010
cybergeddon 3,5066 0,0008
modify 0,7765 0,0005
rlconf 0,0000 0,0000
pledge 2,6593 0,0006
username 2,6593 0,0012
acls 4,6052 0,0010
bahasa 0,3285 0,0001
caption 0,3567 0,0001
accessed 4,6052 0,0010
eavesdropping 2,9957 0,0007
number 0,0000 0,0000
wgbackendresponsetime 0,0000 0,0000
shorten 0,0000 0,0000
punish 2,9957 0,0007
reinforce 2,6593 0,0006
centers 3,2189 0,0007
property 0,6539 0,0001
cisa 3,9120 0,0009
rit 4,6052 0,0010
algorithm 0,8675 0,0004
bside 4,6052 0,0010
testing 0,6733 0,0002
handle 0,6539 0,0004
isolation 1,6607 0,0004
script 1,2379 0,0006
animation 1,5141 0,0003
exit 2,5257 0,0006
system 0,0101 0,0000
atms 3,9120 0,0009
issn 0,7765 0,0002
likelihood 2,8134 0,0006
spot 2,1203 0,0005
aid 1,3471 0,0012
algorithms 1,8971 0,0004
other 0,0000 0,0000
aim 0,8210 0,0006
boca 3,2189 0,0007
city 1,4697 0,0003
feigenbaum 4,6052 0,0010
air 1,8326 0,0004
skilled 3,2189 0,0007
courage 4,6052 0,0010
local 0,7985 0,0002
retail 2,0402 0,0005
healthcare 2,0402 0,0005
defeat 3,2189 0,0007
spear 4,6052 0,0010
innovate 3,5066 0,0008
electronic 1,0788 0,0002
firstly 3,5066 0,0008
speak 1,7720 0,0004
unsolicited 4,6052 0,0010
outcome 1,8971 0,0004
infected 3,2189 0,0007
curriculum 2,8134 0,0006
ciso 3,9120 0,0009
nist 2,6593 0,0006
powerful 1,4697 0,0003
future 0,5978 0,0001
rlq 0,0000 0,0000
cite 0,0000 0,0000
movement 1,4697 0,0003
royal 2,8134 0,0006
governance 1,6094 0,0004
icims 4,6052 0,0010
body 0,0000 0,0000
mode 0,0000 0,0000
amongst 2,1203 0,0005
impersonate 4,6052 0,0021
all 0,0408 0,0000
border 0,0000 0,0000
read 0,0000 0,0000
fictional 3,5066 0,0008
adhere 1,5141 0,0003
real 0,0408 0,0000
clientpref 0,0000 0,0000
syfert 4,6052 0,0010
unit 0,6539 0,0001
contemporary 1,8326 0,0004
alan 1,5606 0,0003
sensor 1,8326 0,0004
collect 1,2730 0,0006
unix 1,3093 0,0003
facilitate 0,8440 0,0002
leverage 1,3863 0,0003
phrack 4,6052 0,0010
susceptibility 4,6052 0,0010
telegraph 2,8134 0,0006
rom 2,8134 0,0006
weakness 3,2189 0,0007
wgisarticle 0,0000 0,0000
ideologically 3,9120 0,0009
negatively 2,9957 0,0007
accelerometer 3,5066 0,0008
today 1,0788 0,0002
construction 1,2379 0,0003
predict 1,6607 0,0004
dump 2,9957 0,0013
universal 1,4271 0,0003
cesar 4,6052 0,0010
deliberately 2,8134 0,0006
any 0,2107 0,0000
analogy 3,2189 0,0007
application 0,0943 0,0000
reliant 3,9120 0,0009
wgflaggedrevsparams 0,0000 0,0000
earmark 4,6052 0,0010
until 0,7765 0,0002
formally 2,0402 0,0005
collapse 0,0408 0,0000
reason 0,7985 0,0002
silently 3,2189 0,0007
mitigating 4,6052 0,0010
teletrust 4,6052 0,0010
spying 4,6052 0,0010
wgrelevantarticleid 0,0000 0,0000
getcybersafe 4,6052 0,0010
oxford 1,7720 0,0004
identification 2,1203 0,0005
iommu 4,6052 0,0010
shmoocon 4,6052 0,0010
annual 1,0788 0,0002
english 0,0000 0,0000
exclusive 2,4079 0,0005
api 0,3425 0,0001
shopping 3,9120 0,0009
app 0,9943 0,0002
margin 0,0000 0,0000
mitigation 2,9957 0,0007
wgrequestid 0,0000 0,0000
dune 4,6052 0,0010
refine 2,1203 0,0005
demand 1,1712 0,0008
mount 2,4079 0,0005
alex 1,3863 0,0003
devlin 3,9120 0,0009
hassija 4,6052 0,0010
wgwikibaseitemid 0,0000 0,0000
rsa 3,5066 0,0008
schneier 3,2189 0,0007
wgulsiscompactlinksenable 0,0000 0,0000
patricia 3,2189 0,0007
ddos 2,8134 0,0006
acquire 1,1087 0,0002
automobile 2,8134 0,0006
ard 4,6052 0,0010
endpoint 2,5257 0,0006
kohno 4,6052 0,0010
notion 1,8326 0,0004
openness 3,2189 0,0007
ari 3,2189 0,0007
where 0,2744 0,0001
arm 1,6607 0,0004
popular 0,6539 0,0001
arp 3,2189 0,0007
art 1,2379 0,0003
detection 1,2730 0,0003
malware 2,1203 0,0005
obfuscate 3,5066 0,0008
cyberterrorism 3,5066 0,0008
hayden 4,6052 0,0010
holder 2,3026 0,0005
call 0,0101 0,0000
escalation 2,6593 0,0006
rachel 2,6593 0,0006
armed 4,6052 0,0010
ask 1,0498 0,0002
cald 4,6052 0,0010
supervise 1,9661 0,0004
through 0,2107 0,0000
disregard 3,5066 0,0008
officer 2,0402 0,0009
reportedly 2,8134 0,0006
run 0,3011 0,0002
bomb 2,6593 0,0012
challenging 2,2073 0,0005
aeronautics 4,6052 0,0010
mouse 2,1203 0,0005
either 0,5621 0,0001
view 0,0000 0,0000
vulnerable 1,7720 0,0004
unrestricted 2,9957 0,0007
jet 4,6052 0,0021
yourself 3,2189 0,0007
donate 0,0000 0,0000
helpful 2,4079 0,0005
worry 3,2189 0,0007
courses 4,6052 0,0010
barrett 2,9957 0,0007
correctness 2,0402 0,0005
defens 2,9957 0,0007
valeriano 4,6052 0,0010
bold 0,0408 0,0000
significant 0,6931 0,0002
spoofing 3,5066 0,0008
camp 3,2189 0,0007
difficulty 1,6607 0,0004
overlap 1,7148 0,0004
senate 3,2189 0,0007
name 0,0000 0,0000
cputime 0,0000 0,0000
watchlist 0,0000 0,0000
congressional 2,9957 0,0007
distance 2,3026 0,0005
absence 2,4079 0,0005
michelle 2,9957 0,0007
book 0,4308 0,0001
show 0,0513 0,0000
description 0,0000 0,0000
symmetric 2,9957 0,0007
malicious 2,1203 0,0005
ally 2,9957 0,0013
defend 2,8134 0,0013
viegas 4,6052 0,0010
nycum 4,6052 0,0010
street 1,5606 0,0003
hadoop 2,4079 0,0005
boot 1,7720 0,0016
snowden 4,6052 0,0010
outage 2,4079 0,0011
introduce 0,3285 0,0003
enisa 4,6052 0,0010
discourse 2,8134 0,0006
target 0,0101 0,0000
cracker 3,5066 0,0008
guidance 1,8971 0,0004
maguire 4,6052 0,0010
restricted 2,8134 0,0006
duty 3,9120 0,0009
kiosk 3,9120 0,0009
microprocessor 2,8134 0,0006
trump 2,6593 0,0006
modeling 1,8971 0,0004
developers 0,0000 0,0000
usage 0,0000 0,0000
experimental 1,4697 0,0003
jonathan 1,8326 0,0004
wgmediaviewerenabledbydefault 0,0000 0,0000
jim 1,5141 0,0003
cast 2,3026 0,0005
hijack 3,9120 0,0017
anxious 4,6052 0,0010
connectivity 2,1203 0,0005
broad 1,1394 0,0005
officials 4,6052 0,0010
elevate 3,9120 0,0009
case 0,3285 0,0001
generation 1,2040 0,0003
item 0,0000 0,0000
mccarthy 2,8134 0,0006
subscriber 2,9957 0,0007
gene 2,6593 0,0006
epic 2,0402 0,0005
overland 4,6052 0,0010
cars 3,2189 0,0007
phone 1,4271 0,0006
rely 0,6931 0,0005
carl 2,9957 0,0007
sticky 0,0000 0,0000
style 0,0000 0,0000
card 1,3863 0,0006
care 1,9661 0,0004
damage 2,6593 0,0012
purely 2,9957 0,0007
searchinput 0,0000 0,0000
guard 2,4079 0,0005
australian 3,2189 0,0007
pattern 0,5978 0,0003
exercise 2,5257 0,0006
compil 1,7148 0,0004
vehicle 1,8326 0,0008
scrape 2,5257 0,0006
spyware 2,8134 0,0006
nate 3,2189 0,0007
physics 1,8326 0,0004
protect 1,1394 0,0008
nato 3,9120 0,0009
licensing 1,7148 0,0004
architecture 0,0000 0,0000
insider 1,5606 0,0007
reliance 2,8134 0,0006
more 0,0000 0,0000
display 0,0000 0,0000
alok 4,6052 0,0010
landwehr 4,6052 0,0010
kill 2,1203 0,0005
mexico 2,9957 0,0007
kiddie 4,6052 0,0010
forbes 1,5141 0,0003
simple 0,2231 0,0000
alleviate 3,2189 0,0007
vint 3,9120 0,0009
obscurity 3,9120 0,0009
cloud 0,6349 0,0001
georgia 3,2189 0,0007
brandon 2,6593 0,0006
hbgary 4,6052 0,0010
percentage 2,2073 0,0005
rogue 2,9957 0,0007
adam 1,5606 0,0003
moti 4,6052 0,0010
king 2,6593 0,0006
kind 0,8675 0,0004
timing 2,4079 0,0005
czeskis 4,6052 0,0010
both 0,0305 0,0000
important 0,0101 0,0000
most 0,2107 0,0000
persuasion 3,9120 0,0009
tracey 4,6052 0,0010
transfer 0,7985 0,0002
phrase 1,6094 0,0004
daily 1,8326 0,0004
comptia 3,9120 0,0009
job 1,3093 0,0003
beckert 4,6052 0,0010
edulearn 4,6052 0,0010
joe 1,7720 0,0004
nonprofit 3,5066 0,0008
sponsor 2,0402 0,0005
ascertain 3,5066 0,0008
jon 1,6607 0,0004
insert 1,6607 0,0007
investigations 4,6052 0,0010
joo 4,6052 0,0010
administrator 1,6094 0,0004
database 0,2485 0,0001
billion 1,3471 0,0003
patient 2,8134 0,0013
sheer 3,9120 0,0009
mehrotra 3,9120 0,0009
sam 1,8326 0,0004
authentication 1,3863 0,0003
citeseerx 1,8971 0,0004
wgseparatortransformtable 0,0000 0,0000
san 1,2379 0,0003
amount 0,9416 0,0004
move 0,0000 0,0000
comply 2,2073 0,0005
original 0,0943 0,0000
assignment 2,2073 0,0005
also 0,0202 0,0000
say 0,6733 0,0005
enough 0,9676 0,0002
increase 0,4620 0,0004
kingdom 2,2073 0,0005
differ 1,5141 0,0003
spread 1,6607 0,0011
biden 3,9120 0,0009
inline 0,0408 0,0000
resa 4,6052 0,0010
favor 1,5141 0,0003
investigation 2,3026 0,0005
front 1,1394 0,0003
timothy 1,9661 0,0004
simply 0,9676 0,0002
customer 0,7550 0,0003
plane 2,9957 0,0013
equivalent 1,5141 0,0003
joan 4,6052 0,0010
projects 1,4697 0,0003
bad 1,4271 0,0003
greenwald 3,9120 0,0009
plague 3,5066 0,0008
welivesecurity 4,6052 0,0010
offer 0,4155 0,0003
diplomatic 4,6052 0,0010
estonia 3,9120 0,0009
youman 4,6052 0,0010
complex 0,5621 0,0001
draft 1,6607 0,0007
umrigar 4,6052 0,0010
chroot 3,5066 0,0008
playbook 3,5066 0,0008
bbc 1,9661 0,0004
kirk 2,9957 0,0007
personal 0,0000 0,0000
walkowski 4,6052 0,0010
bbn 4,6052 0,0010
kianpour 4,6052 0,0010
sdc 4,6052 0,0010
aaron 2,1203 0,0005
plans 2,8134 0,0006
plant 2,5257 0,0011
drive 0,4780 0,0004
creeper 4,6052 0,0010
jones 1,8971 0,0004
hossein 3,5066 0,0008
schema 1,6094 0,0004
strong 0,9943 0,0004
abuse 2,3026 0,0005
scheme 0,0101 0,0000
freebsd 1,7720 0,0004
homeland 3,9120 0,0009
affect 1,0217 0,0007
readiness 3,5066 0,0008
icon 0,0101 0,0000
sec 2,8134 0,0006
containment 3,9120 0,0009
isolate 2,2073 0,0005
see 0,0408 0,0000
sei 3,9120 0,0009
civil 2,5257 0,0006
national 0,4463 0,0001
segmentation 2,3026 0,0005
indicate 1,0217 0,0002
tasking 4,6052 0,0010
contain 0,0101 0,0000
set 0,2107 0,0000
column 0,0101 0,0000
procedure 0,9676 0,0004
schell 3,9120 0,0009
sample 1,5141 0,0003
barnes 3,9120 0,0009
integrate 0,5798 0,0003
practices 1,5606 0,0003
visa 3,5066 0,0008
fighter 4,6052 0,0010
somewhat 2,6593 0,0006
river 1,8326 0,0004
bec 4,6052 0,0010
jun 2,8134 0,0006
visualization 1,5606 0,0003
cynthia 2,8134 0,0006
bel 4,6052 0,0010
ben 1,3093 0,0003
kersti 4,6052 0,0010
navbox 0,0943 0,0000
listitem 0,0408 0,0000
luke 3,2189 0,0007
guizani 3,9120 0,0009
shipping 2,9957 0,0007
contact 0,0000 0,0000
ferraiolo 4,6052 0,0010
france 0,8675 0,0002
programming 0,2744 0,0001
disadvantage 1,8971 0,0004
midsize 3,9120 0,0009
multithread 1,9661 0,0004
typically 0,3857 0,0001
adil 4,6052 0,0010
suspicious 2,8134 0,0006
aliya 4,6052 0,0010
anxiety 3,5066 0,0008
carjack 4,6052 0,0010
susan 2,3026 0,0005
finances 3,9120 0,0009
party 0,6539 0,0003
little 1,0788 0,0002
cursor 0,0619 0,0000
however 0,3011 0,0001
ganssle 4,6052 0,0010
tomlinson 4,6052 0,0010
deem 2,5257 0,0006
regulatory 2,5257 0,0006
capable 1,6094 0,0004
walltime 0,0000 0,0000
interlanguage 0,0000 0,0000
andreea 4,6052 0,0010
symposium 1,6607 0,0004
wikibooks 0,8210 0,0002
related 0,9676 0,0002
sim 3,2189 0,0007
client 0,0000 0,0000
over 0,3285 0,0001
yonah 4,6052 0,0010
practical 1,0217 0,0002
alexei 3,9120 0,0009
false 0,0000 0,0000
weasel 2,8134 0,0006
parse 0,0619 0,0000
srpskohrvatski 0,9163 0,0002
avoid 0,0101 0,0000
fresh 2,2073 0,0005
comprehensive 1,3863 0,0003
prompt 1,5606 0,0003
subset 1,1394 0,0003
tunnel 2,4079 0,0005
elaborate 2,1203 0,0005
big 0,7550 0,0003
worms 3,2189 0,0007
expert 1,3863 0,0006
advanced 0,7985 0,0002
recommendation 1,6094 0,0004
output 0,0000 0,0000
thanks 2,6593 0,0006
bja 4,6052 0,0010
neumann 2,5257 0,0006
multiprocess 2,0402 0,0005
majority 1,5141 0,0003
model 0,0000 0,0000
autistic 4,6052 0,0010
becker 3,9120 0,0009
reduce 0,0101 0,0000
sentence 0,0000 0,0000
large 0,2485 0,0002
surface 2,1203 0,0009
director 1,6607 0,0007
cybercriminal 3,5066 0,0016
eduardo 3,5066 0,0008
messaging 1,4271 0,0003
operate 0,3567 0,0002
intercept 2,3026 0,0010
exclusively 1,6607 0,0004
john 0,5276 0,0001
lunn 3,9120 0,0009
christopher 1,5141 0,0003
debbie 4,6052 0,0010
begin 0,5108 0,0003
wgvisualeditor 0,0000 0,0000
template 0,0000 0,0000
timreview 4,6052 0,0010
smb 3,5066 0,0008
sme 4,6052 0,0010
siem 3,2189 0,0007
cycle 1,3093 0,0003
navbar 0,0202 0,0000
world 0,3857 0,0001
sms 3,2189 0,0007
december 0,0000 0,0000
reactors 4,6052 0,0010
everything 1,2730 0,0003
guardian 1,8326 0,0004
urgent 3,9120 0,0009
table 0,0000 0,0000
hids 3,5066 0,0008
side 0,3425 0,0001
break 0,0101 0,0000
change 0,0000 0,0000
sergio 3,2189 0,0007
printable 0,0000 0,0000
exposures 3,9120 0,0009
bacon 2,8134 0,0006
century 1,7720 0,0004
hide 0,0000 0,0000
multimedia 1,5606 0,0003
traditionally 1,8971 0,0004
corporate 1,4697 0,0003
discovery 1,3863 0,0003
instruction 1,1712 0,0005
report 0,0202 0,0000
auto 0,0726 0,0000
cashell 4,6052 0,0010
soc 2,0402 0,0009
several 0,4155 0,0001
sign 1,2379 0,0003
office 1,0498 0,0002
northern 3,2189 0,0007
roger 1,9661 0,0004
stihler 4,6052 0,0010
scramble 3,9120 0,0009
plaza 4,6052 0,0010
download 0,0000 0,0000
high 0,0101 0,0000
reuters 2,2073 0,0005
split 0,0000 0,0000
publication 1,5141 0,0003
bnf 0,9163 0,0002
different 0,0513 0,0000
directly 0,5108 0,0001
incoming 2,5257 0,0006
peripheral 1,9661 0,0004
disruption 2,9957 0,0007
level 0,0000 0,0000
interoperability 1,8326 0,0004
cybersecurity 2,4079 0,0005
infosectoday 4,6052 0,0010
establish 0,8916 0,0006
permanently 2,0402 0,0005
relevant 1,2040 0,0003
spoofed 4,6052 0,0010
bob 1,8326 0,0004
murugiah 4,6052 0,0010
focused 2,6593 0,0006
wgmfdisplaywikibasedescription 0,0000 0,0000
jolt 3,9120 0,0009
kang 3,5066 0,0008
spy 2,5257 0,0011
behind 1,2730 0,0003
mikko 4,6052 0,0010
wgdefaultdateformat 0,0000 0,0000
box 0,0408 0,0000
sql 1,0788 0,0002
switch 0,9163 0,0004
digitally 2,9957 0,0007
total 0,0000 0,0000
savage 3,5066 0,0008
consumer 1,4697 0,0007
cripple 4,6052 0,0010
facial 2,8134 0,0006
highly 1,1712 0,0003
chance 2,3026 0,0010
initiative 1,0217 0,0002
nature 1,0498 0,0002
social 0,8210 0,0002
src 0,6349 0,0001
control 0,1625 0,0001
sri 2,4079 0,0005
verton 4,6052 0,0010
dormant 3,9120 0,0009
unauthorized 1,9661 0,0004
earth 2,4079 0,0005
attribution 0,0000 0,0000
issuance 3,2189 0,0007
reconstruction 3,2189 0,0007
essentially 2,2073 0,0005
ncsss 4,6052 0,0010
purdue 3,9120 0,0009
melvin 4,6052 0,0010
vary 0,0619 0,0000
upper 0,0101 0,0000
medstar 4,6052 0,0010
behalf 2,9957 0,0007
ssl 2,4079 0,0005
iated 4,6052 0,0010
objective 1,3471 0,0006
victimize 4,6052 0,0010
reputable 4,6052 0,0010
friend 1,8971 0,0004
strengthen 2,8134 0,0006
publishing 0,7550 0,0002
adware 3,2189 0,0007
bro 4,6052 0,0010
pinpoint 3,5066 0,0008
trends 1,5141 0,0003
browsing 1,8326 0,0004
deny 2,3026 0,0010
karl 2,9957 0,0007
closely 1,6094 0,0004
pleasure 3,2189 0,0007
australia 1,8971 0,0004
interpreter 1,4697 0,0003
accept 1,1087 0,0002
horse 2,6593 0,0012
mission 1,8971 0,0004
maliciously 3,9120 0,0009
kara 3,9120 0,0009
lords 3,9120 0,0009
smuggle 4,6052 0,0010
arcos 4,6052 0,0010
extremist 3,9120 0,0009
lessons 2,8134 0,0006
mainframe 2,1203 0,0005
access 0,2877 0,0002
cooperate 2,6593 0,0006
bahmani 4,6052 0,0010
selflink 0,0101 0,0000
current 0,0000 0,0000
secretary 2,9957 0,0007
minimalistic 3,9120 0,0009
templatequotecite 1,9661 0,0004
audit 2,4079 0,0005
civilian 3,5066 0,0008
conferences 2,2073 0,0005
key 0,0305 0,0000
offensive 3,5066 0,0008
svg 1,0788 0,0002
jose 2,0402 0,0005
maker 1,8971 0,0004
launch 0,9943 0,0007
store 0,5447 0,0005
confirm 1,6094 0,0007
bug 0,8675 0,0004
appoint 3,5066 0,0008
wilcox 4,6052 0,0010
rfid 3,2189 0,0007
story 1,2730 0,0003
bus 1,6607 0,0004
buy 1,4271 0,0003
kgb 4,6052 0,0010
available 0,0000 0,0000
express 1,0788 0,0002
csrc 4,6052 0,0010
frequency 1,6607 0,0004
zero 1,0217 0,0002
horizontal 2,5257 0,0006
apache 1,0788 0,0002
variant 0,0619 0,0000
dynamic 0,7133 0,0002
generate 0,8210 0,0004
sector 1,8971 0,0008
vectorial 3,5066 0,0008
anecdotal 3,5066 0,0008
coordinate 1,8971 0,0008
stoll 3,2189 0,0007
degree 1,7720 0,0004
especially 0,8210 0,0002
ocean 2,8134 0,0006
once 0,7985 0,0002
demonstrate 1,3471 0,0006
vitals 3,9120 0,0009
unreadable 3,9120 0,0009
hire 2,2073 0,0010
records 3,2189 0,0007
idea 0,9676 0,0002
wgpopupsflag 0,0000 0,0000
kim 2,1203 0,0005
backing 3,2189 0,0007
successful 1,2379 0,0003
normal 0,0202 0,0000
allocation 1,8326 0,0004
figure 1,8326 0,0004
corrupt 2,2073 0,0005
perlroth 4,6052 0,0010
transmit 1,8326 0,0008
consumption 1,4697 0,0003
technology 0,1863 0,0001
wgcitereferencepreviewsactive 0,0000 0,0000
bangladesh 3,2189 0,0007
compromise 1,8326 0,0012
reach 1,2040 0,0003
mazaher 4,6052 0,0010
postmarket 4,6052 0,0010
react 2,2073 0,0005
hack 1,3471 0,0009
backer 3,9120 0,0009
road 1,7148 0,0004
review 0,6162 0,0003
hacs 4,6052 0,0010
tighten 3,9120 0,0009
simulate 2,0402 0,0005
between 0,2107 0,0000
guide 0,3711 0,0001
efficiency 0,8916 0,0002
collar 3,9120 0,0009
goal 0,8440 0,0004
vinay 3,9120 0,0009
natural 1,2040 0,0003
baseline 1,7720 0,0004
following 2,1203 0,0005
sensitivity 2,6593 0,0006
substantially 2,6593 0,0006
confidentiality 2,8134 0,0006
james 0,9676 0,0002
range 0,8675 0,0004
bootable 3,9120 0,0009
derive 1,1394 0,0003
weak 2,1203 0,0005
leak 1,5606 0,0007
flaw 1,9661 0,0009
feature 0,0000 0,0000
recall 2,9957 0,0007
jedrix 4,6052 0,0010
place 0,5447 0,0004
mortem 4,6052 0,0010
nondisclosure 4,6052 0,0010
regular 1,2379 0,0003
shellcode 3,5066 0,0008
suggest 1,0217 0,0007
salvatore 3,9120 0,0009
intrusions 4,6052 0,0010
lead 0,2231 0,0001
rajesh 3,9120 0,0009
fraction 2,8134 0,0006
token 1,7148 0,0004
filter 1,4697 0,0010
expect 0,8440 0,0002
site 0,0000 0,0000
assess 1,9661 0,0018
prescription 3,5066 0,0008
pcsite 4,6052 0,0010
goldberg 3,2189 0,0007
argument 0,0513 0,0000
adequate 2,5257 0,0006
maicon 4,6052 0,0010
subsystem 2,0402 0,0009
wgpageviewlanguage 0,0000 0,0000
escalate 3,9120 0,0009
router 1,8326 0,0008
assets 2,9957 0,0007
accesskey 0,0000 0,0000
hygiene 4,6052 0,0010
plain 1,5141 0,0003
only 0,2107 0,0000
should 0,3711 0,0001
justice 2,4079 0,0005
tag 0,0000 0,0000
tap 2,5257 0,0006
individual 0,7985 0,0004
tax 1,8971 0,0004
towards 1,2040 0,0003
regards 3,2189 0,0007
crypto 2,3026 0,0005
lebo 4,6052 0,0010
untrusted 3,9120 0,0009
wiper 3,5066 0,0008
person 0,6162 0,0003
retaliation 3,9120 0,0009
safe 0,8675 0,0006
enforce 1,4271 0,0006
webb 3,9120 0,0009
potentially 0,7765 0,0002
week 1,2379 0,0003
guterres 4,6052 0,0010
cad 3,5066 0,0008
distinct 1,3471 0,0003
friess 3,9120 0,0009
aware 1,9661 0,0004
can 0,0408 0,0000
numerical 1,8971 0,0004
computing 0,4155 0,0001
cap 0,0619 0,0000
delia 4,6052 0,0010
wgcanonicalnamespace 0,0000 0,0000
car 1,8326 0,0008
flex 0,5276 0,0001
ready 0,0000 0,0000
securely 2,8134 0,0006
alarm 2,9957 0,0007
studies 2,5257 0,0006
player 1,8326 0,0004
smartgate 4,6052 0,0010
manufacturers 3,2189 0,0007
wgisredirect 0,0000 0,0000
limited 0,8916 0,0002
february 0,0000 0,0000
match 0,5276 0,0001
fault 1,1712 0,0005
standardize 1,7148 0,0004
technically 2,6593 0,0006
tounsi 4,6052 0,0010
carrier 2,6593 0,0006
cbs 2,4079 0,0005
cowley 3,9120 0,0009
response 0,7340 0,0002
responsive 0,0202 0,0000
ksa 4,6052 0,0010
namespace 1,5141 0,0003
category 0,0000 0,0000
informal 2,2073 0,0005
wikidata 0,0000 0,0000
callparserfunction 1,4271 0,0003
