reuse 1,8971 0,0010
upload 0,0000 0,0000
multitasking 2,2073 0,0012
wggelevelingupenabledforuser 0,0000 0,0000
wgrestrictionmove 0,0000 0,0000
remote 0,9163 0,0010
without 0,2744 0,0001
lego 3,9120 0,0021
postman 3,9120 0,0021
would 0,3425 0,0002
xml 1,1394 0,0006
wins 3,9120 0,0021
solid 0,0202 0,0000
thus 0,7550 0,0004
meanwhile 2,8134 0,0015
neutral 0,5447 0,0003
require 0,0000 0,0000
analysis 0,5108 0,0003
scribunto 0,0000 0,0000
cooperative 1,7720 0,0010
takanashi 4,6052 0,0025
standards 1,1087 0,0006
size 0,0000 0,0000
left 0,0408 0,0000
cdx 0,0000 0,0000
historically 2,0402 0,0011
dawn 3,2189 0,0017
much 0,6931 0,0004
object 0,3711 0,0004
accessible 1,1712 0,0006
restful 2,9957 0,0016
role 0,8916 0,0005
independent 0,8440 0,0005
wesley 0,8675 0,0005
example 0,2485 0,0003
result 0,2231 0,0001
herbsleb 4,6052 0,0025
same 0,2357 0,0001
after 0,0305 0,0000
headline 0,0000 0,0000
connect 0,8675 0,0009
hand 1,0217 0,0005
policy 0,0000 0,0000
rescind 4,6052 0,0025
kernel 1,2379 0,0007
reseller 4,6052 0,0025
pagelanguagecode 0,0000 0,0000
transientcontent 0,0000 0,0000
component 0,3147 0,0002
seth 2,4079 0,0013
idhash 0,0619 0,0000
timeline 1,0788 0,0006
information 0,0000 0,0000
wrap 0,0101 0,0000
standard 0,2357 0,0003
november 0,0000 0,0000
good 0,4155 0,0002
decomposing 4,6052 0,0025
empty 0,0305 0,0000
reproduce 2,4079 0,0013
institution 2,0402 0,0011
andrea 2,0402 0,0011
fullversionlist 0,0000 0,0000
tim 1,0498 0,0006
implement 0,3285 0,0005
export 0,0000 0,0000
area 0,7985 0,0004
revival 3,9120 0,0021
list 0,0000 0,0000
figueiredo 3,9120 0,0021
external 0,1863 0,0001
authority 0,4780 0,0003
child 0,0202 0,0000
manning 1,6607 0,0009
mainentity 0,0000 0,0000
germany 0,5798 0,0003
treude 4,6052 0,0025
mashup 2,3026 0,0025
interface 0,2485 0,0004
remove 0,3711 0,0002
bruch 3,9120 0,0021
disclaimers 0,0000 0,0000
provider 1,2730 0,0014
disambiguation 1,5606 0,0008
wgisprobablyeditable 0,0000 0,0000
tutorial 1,5141 0,0008
compiler 1,3093 0,0007
live 1,1712 0,0006
taina 4,6052 0,0025
citation 0,0101 0,0000
victory 4,6052 0,0025
mobile 0,0000 0,0000
multiple 0,2485 0,0001
perform 0,4463 0,0002
evolution 1,3471 0,0007
expose 1,4271 0,0023
sapi 4,6052 0,0025
pdf 0,0000 0,0000
service 0,1393 0,0001
there 0,2614 0,0001
well 0,2744 0,0001
handling 1,7148 0,0009
magazine 0,9943 0,0005
pagetype 1,0788 0,0006
bitness 0,0000 0,0000
rgba 0,0101 0,0000
catalog 2,4079 0,0013
focus 0,6733 0,0004
mezini 4,6052 0,0025
approach 0,3711 0,0004
mocci 4,6052 0,0025
implication 1,9661 0,0011
block 0,0408 0,0000
bloch 2,8134 0,0015
write 0,1508 0,0002
flow 0,3425 0,0002
order 0,4155 0,0004
cli 1,5141 0,0008
aria 0,0000 0,0000
boxtext 0,0619 0,0000
byte 0,0408 0,0000
corporation 1,0498 0,0006
understand 0,6162 0,0007
macintosh 2,2073 0,0012
indonesia 0,3567 0,0002
propose 1,0788 0,0012
forrester 3,5066 0,0019
million 0,9416 0,0005
even 0,0513 0,0000
analyze 1,2040 0,0006
binary 0,9943 0,0005
integration 0,4620 0,0002
restriction 1,4271 0,0008
esperanto 0,7133 0,0004
tagline 0,0000 0,0000
regexp 0,0000 0,0000
subsection 0,1508 0,0001
circuit 1,6607 0,0009
wgeditsubmitbuttonlabelpublish 0,0000 0,0000
boarisch 1,9661 0,0011
toc 0,0000 0,0000
cmu 3,2189 0,0017
protection 0,4463 0,0002
functionality 0,6539 0,0004
matter 1,2379 0,0007
wgpagecontentmodel 0,0000 0,0000
hypertext 2,1203 0,0011
tom 1,3863 0,0007
top 0,0000 0,0000
technica 1,3093 0,0007
have 0,2744 0,0003
hobbyist 2,3026 0,0012
toy 2,9957 0,0016
product 0,4005 0,0004
particularly 0,9943 0,0005
question 0,9416 0,0005
xxi 4,6052 0,0025
phd 2,5257 0,0014
wgnamespacenumber 0,0000 0,0000
framework 0,2877 0,0003
wgwmepagelength 0,0000 0,0000
entity 0,0101 0,0000
com 0,8210 0,0004
col 0,9943 0,0005
covid 1,8326 0,0010
expensivefunctioncount 0,0000 0,0000
almost 1,1087 0,0006
manner 1,6607 0,0009
upon 0,8916 0,0005
timeusage 0,0000 0,0000
pin 0,0000 0,0000
whether 0,7765 0,0004
function 0,0000 0,0000
spoon 4,6052 0,0025
west 2,2073 0,0012
comparison 0,4005 0,0002
law 1,2379 0,0007
cpu 0,0408 0,0000
pcache 0,0619 0,0000
condition 1,2040 0,0006
improve 0,2485 0,0003
violation 2,0402 0,0011
october 0,0000 0,0000
basic 0,6539 0,0004
complication 0,0513 0,0000
locate 1,6094 0,0009
university 0,5621 0,0003
technique 0,7550 0,0004
jquery 0,0000 0,0000
univac 4,6052 0,0025
pedro 2,4079 0,0013
design 0,1393 0,0001
working 1,3471 0,0007
department 1,3863 0,0007
lane 3,2189 0,0017
timeless 0,0101 0,0000
corba 3,5066 0,0019
wgwmeschemaeditattemptstepoversample 0,0000 0,0000
ttl 0,0000 0,0000
encyclopedia 0,0000 0,0000
conduct 0,0000 0,0000
stable 0,7133 0,0004
maintenance 0,6733 0,0004
interlock 4,6052 0,0025
abovebelow 0,0943 0,0001
fayad 4,6052 0,0025
discussion 1,3093 0,0007
lee 1,3471 0,0007
hostname 3,2189 0,0017
boostcompanies 4,6052 0,0025
stats 2,4079 0,0013
notation 1,4271 0,0008
pref 0,0000 0,0000
let 0,9943 0,0005
state 0,3425 0,0004
adexchanger 4,6052 0,0025
csrftoken 0,0000 0,0000
press 0,5621 0,0003
lex 3,5066 0,0019
element 0,0000 0,0000
maalej 4,6052 0,0025
separately 1,5606 0,0008
dobb 2,6593 0,0014
night 0,0000 0,0000
want 0,8675 0,0005
hyrum 3,5066 0,0019
each 0,1393 0,0001
javascript 0,9416 0,0005
mediawiki 1,0788 0,0006
input 0,0000 0,0000
winters 3,5066 0,0019
styles 3,2189 0,0017
directx 3,9120 0,0021
unpinned 0,0000 0,0000
ondrejka 4,6052 0,0025
tgdaily 4,6052 0,0025
document 0,4463 0,0007
vkernel 2,3026 0,0012
screenshot 2,5257 0,0014
networks 1,2730 0,0007
two 0,2744 0,0001
anyway 3,2189 0,0017
incompatible 1,9661 0,0011
promote 1,3093 0,0007
routine 1,8326 0,0010
scenario 1,4271 0,0008
attack 1,1712 0,0013
dissertation 2,6593 0,0014
distribute 0,3857 0,0002
graphic 1,6094 0,0009
creation 0,7985 0,0004
datepublished 0,0000 0,0000
participate 1,8326 0,0010
languages 1,3471 0,0007
diagram 1,6094 0,0009
wgusername 0,0000 0,0000
speech 2,0402 0,0011
arbor 4,6052 0,0025
cabinet 3,5066 0,0019
robillard 4,6052 0,0025
preface 3,9120 0,0021
principle 0,7985 0,0004
source 0,1393 0,0001
align 0,0101 0,0000
ieee 0,8440 0,0005
lii 4,6052 0,0025
lin 2,6593 0,0014
conformant 3,9120 0,0021
hal 1,9661 0,0011
kevin 1,5606 0,0008
reddy 3,2189 0,0017
compile 1,1712 0,0013
school 1,5141 0,0008
separation 1,9661 0,0011
continue 0,6931 0,0004
hao 3,5066 0,0019
stability 1,9661 0,0011
actual 1,1394 0,0006
last 0,0000 0,0000
widely 0,7985 0,0004
roberto 3,5066 0,0019
weight 0,0101 0,0000
develop 0,1863 0,0001
measure 0,9416 0,0005
swig 4,6052 0,0025
overall 1,1394 0,0006
page 0,0000 0,0000
compatibility 0,9416 0,0005
full 0,0202 0,0000
away 1,4271 0,0008
memory 0,0408 0,0000
scientist 1,3863 0,0007
concept 0,3711 0,0004
ternay 4,6052 0,0025
early 0,4308 0,0002
convention 1,8971 0,0010
llc 1,7720 0,0010
writings 3,5066 0,0019
center 0,0000 0,0000
windows 0,7985 0,0004
pair 1,3863 0,0007
hdl 1,6094 0,0009
clarity 2,3026 0,0012
infrastructure 0,6733 0,0004
wikimedia 0,0000 0,0000
typical 1,1394 0,0006
initially 1,0788 0,0006
short 0,0000 0,0000
time 0,0000 0,0000
program 0,2614 0,0003
twitter 1,7720 0,0010
carbon 1,8971 0,0010
nystrom 4,6052 0,0025
enter 1,2040 0,0006
hardware 0,5798 0,0003
lesson 2,4079 0,0013
paging 2,5257 0,0014
supreme 2,9957 0,0016
priority 1,4697 0,0008
dynamically 1,8326 0,0010
creative 0,0000 0,0000
nederlands 0,1985 0,0001
chris 1,2040 0,0006
provide 0,1625 0,0003
addison 0,9163 0,0005
mingshu 4,6052 0,0025
bruno 3,5066 0,0019
supercomputer 2,0402 0,0011
log 0,0000 0,0000
enterprise 0,4463 0,0002
wgcheckuserclienthintsheadersjsapi 0,0000 0,0000
euskara 0,5108 0,0003
layer 0,7340 0,0004
smart 1,2379 0,0007
computer 0,1863 0,0002
openjdk 2,8134 0,0015
textise 4,6052 0,0025
low 0,0101 0,0000
timingprofile 0,0000 0,0000
theme 0,0000 0,0000
smash 2,9957 0,0016
pxe 2,5257 0,0014
wgcategory 0,0000 0,0000
editor 0,0000 0,0000
postexpandincludesize 0,0000 0,0000
unstrip 0,0000 0,0000
edsac 3,9120 0,0021
consistent 1,1712 0,0006
ansi 2,2073 0,0012
templateargumentsize 0,0000 0,0000
decker 4,6052 0,0025
directmedia 3,5066 0,0019
wheeler 3,2189 0,0017
january 0,0000 0,0000
permanent 0,0000 0,0000
asturianu 1,2730 0,0007
bucher 4,6052 0,0025
small 0,0305 0,0000
dekel 4,6052 0,0025
before 0,0305 0,0000
replace 0,7340 0,0004
italic 0,1278 0,0001
dan 0,9943 0,0005
major 0,5621 0,0003
intro 3,2189 0,0017
beat 1,9661 0,0021
interrupt 2,2073 0,0012
worldwide 1,4271 0,0008
consider 0,4005 0,0006
prescribe 3,2189 0,0017
day 0,0000 0,0000
combination 1,0788 0,0006
group 0,0408 0,0000
workshop 1,5606 0,0008
format 0,0101 0,0000
archive 0,0943 0,0001
particular 0,5978 0,0003
history 0,0000 0,0000
novell 3,2189 0,0017
lsb 3,9120 0,0021
teke 4,6052 0,0025
soap 2,4079 0,0013
request 0,6733 0,0007
parr 3,9120 0,0021
wgrestrictionedit 0,0000 0,0000
part 0,1985 0,0002
wgpageparsereport 0,0000 0,0000
elsewhere 2,3026 0,0012
general 0,0000 0,0000
tend 1,5141 0,0016
september 0,0000 0,0000
ponzanelli 4,6052 0,0025
introduction 0,5621 0,0003
padding 0,0000 0,0000
process 0,1625 0,0001
cpus 2,1203 0,0011
clear 0,0101 0,0000
ltr 0,0000 0,0000
third 0,5447 0,0003
build 0,2357 0,0004
approve 1,7148 0,0009
mean 0,4463 0,0005
interaction 0,8210 0,0009
lua 0,0513 0,0000
further 0,3711 0,0002
account 0,0000 0,0000
snippet 2,8134 0,0015
dansk 0,5798 0,0003
fielding 2,9957 0,0016
mutually 2,8134 0,0015
advance 1,0788 0,0006
inode 2,4079 0,0013
path 1,0498 0,0006
bind 1,3863 0,0007
predictable 2,8134 0,0015
record 0,7765 0,0004
diverse 2,4079 0,0013
abbr 0,0619 0,0000
you 0,0000 0,0000
jump 0,0000 0,0000
knowledge 0,7340 0,0004
happen 1,3471 0,0007
carefully 2,0402 0,0011
impact 0,9163 0,0005
bill 1,5606 0,0008
july 0,0000 0,0000
court 1,9661 0,0011
venture 1,8971 0,0010
openal 4,6052 0,0025
compare 0,9416 0,0005
subgroup 0,0513 0,0000
technologist 3,2189 0,0017
bierhoff 4,6052 0,0025
unsafe 2,3026 0,0012
transparent 0,0619 0,0000
how 0,0834 0,0000
capability 0,7765 0,0004
adoption 0,8675 0,0005
journal 0,4780 0,0003
unlike 1,2040 0,0006
hearing 2,6593 0,0014
term 0,0000 0,0000
eichberg 4,6052 0,0025
sparc 2,4079 0,0013
mine 1,6607 0,0009
business 0,3425 0,0002
mini 0,0619 0,0000
microkernel 2,3026 0,0012
involve 0,6539 0,0004
possible 0,5276 0,0003
right 0,0101 0,0000
executable 1,3093 0,0007
march 0,0000 0,0000
transition 1,5606 0,0008
appeals 3,5066 0,0019
june 0,0000 0,0000
wikitext 0,0000 0,0000
meet 0,9163 0,0010
infoq 2,0402 0,0011
showcase 2,9957 0,0016
under 0,0101 0,0000
represent 0,5978 0,0003
compete 2,0402 0,0011
saurabh 3,9120 0,0021
sometimes 0,6931 0,0004
promise 1,5141 0,0008
autocapitalize 0,0000 0,0000
hold 0,7985 0,0004
div 0,0000 0,0000
later 0,4005 0,0002
bracket 0,0619 0,0000
legal 1,1712 0,0006
wgpagename 0,0000 0,0000
talk 0,0000 0,0000
reply 2,9957 0,0016
signal 1,2730 0,0007
computational 1,2040 0,0006
odersky 4,6052 0,0025
count 0,0513 0,0000
hatnote 0,2107 0,0001
publicly 1,6094 0,0009
pinnable 0,0000 0,0000
take 0,2877 0,0005
wgrevisionid 0,0000 0,0000
virtual 0,4620 0,0002
rather 0,5978 0,0003
additional 0,0000 0,0000
back 0,6349 0,0003
title 0,0000 0,0000
patroltoken 0,0000 0,0000
primarily 0,9943 0,0005
states 0,4943 0,0003
load 0,0202 0,0000
fortran 1,8326 0,0010
alpha 0,0101 0,0000
company 0,4308 0,0005
diego 3,2189 0,0017
just 0,4943 0,0003
jury 3,5066 0,0019
defragmentation 2,4079 0,0013
custom 0,0000 0,0000
length 1,6094 0,0009
permission 1,6607 0,0009
michael 0,7133 0,0004
schedule 1,1087 0,0006
print 0,0000 0,0000
although 0,6162 0,0003
inherit 0,0101 0,0000
mira 3,9120 0,0021
grant 1,6094 0,0009
explain 1,1712 0,0006
variants 2,3026 0,0012
attempt 0,8440 0,0005
soon 1,5606 0,0008
america 1,7720 0,0010
dmy 0,0000 0,0000
navigation 0,0000 0,0000
tape 1,8971 0,0010
randall 3,5066 0,0019
action 0,0000 0,0000
lock 0,0101 0,0000
text 0,0000 0,0000
usually 0,4780 0,0003
baudry 4,6052 0,0025
validation 1,3093 0,0007
python 0,6539 0,0004
ppvisitednode 0,0000 0,0000
cookie 0,0000 0,0000
rustin 4,6052 0,0025
hood 2,5257 0,0014
loading 0,0000 0,0000
field 0,7550 0,0004
contents 0,0000 0,0000
doi 0,4155 0,0002
machinery 1,4271 0,0008
status 0,0000 0,0000
semantic 1,6607 0,0009
server 0,4005 0,0002
dom 1,6094 0,0009
skin 0,0000 0,0000
file 0,0000 0,0000
joshua 1,8326 0,0010
stream 1,0788 0,0006
member 0,9163 0,0005
steve 1,1394 0,0006
map 0,8210 0,0004
wgnoticeproject 0,0000 0,0000
together 0,5978 0,0003
may 0,0000 0,0000
max 0,0513 0,0000
within 0,3011 0,0002
could 0,4780 0,0003
trigger 0,0513 0,0000
menu 0,0000 0,0000
uri 2,3026 0,0012
url 0,0000 0,0000
machine 0,2744 0,0003
gpus 2,8134 0,0015
observable 3,5066 0,0019
return 0,0000 0,0000
instance 0,7765 0,0004
usb 2,0402 0,0011
aspi 4,6052 0,0025
subject 1,1087 0,0006
use 0,0000 0,0000
feel 1,8326 0,0010
british 2,2073 0,0012
main 0,0000 0,0000
serve 1,0217 0,0005
wright 2,0402 0,0011
microservices 2,1203 0,0011
revenue 1,8971 0,0010
find 0,3425 0,0004
backward 1,6607 0,0009
logo 0,0000 0,0000
international 0,3011 0,0002
regardless 1,7720 0,0010
combine 0,7340 0,0008
elsevier 2,2073 0,0012
utc 0,0000 0,0000
canonical 0,0408 0,0000
berners 2,9957 0,0016
originate 1,6094 0,0009
wgcurrevisionid 0,0000 0,0000
task 0,5108 0,0005
null 0,0000 0,0000
infer 2,4079 0,0013
background 0,0101 0,0000
mdp 3,9120 0,0021
true 0,0000 0,0000
header 0,0000 0,0000
watchtoken 0,0000 0,0000
present 0,5621 0,0003
patent 1,8971 0,0010
foreach 0,0000 0,0000
repeat 0,0101 0,0000
make 0,1165 0,0002
wggestructuredtaskrejectionreasontextinputenable 0,0000 0,0000
jacobson 4,6052 0,0025
titus 3,5066 0,0019
thread 1,2379 0,0007
structure 0,4155 0,0004
witness 3,9120 0,0021
due 0,5108 0,0003
irvine 3,5066 0,0019
online 0,7340 0,0004
simplify 1,1394 0,0006
writer 2,0402 0,0022
depend 0,7340 0,0012
empirical 1,7148 0,0009
cover 1,2040 0,0013
firm 1,3863 0,0007
hiding 2,9957 0,0016
reflect 1,1712 0,0006
contribution 0,0000 0,0000
meaning 1,5141 0,0008
recursion 0,0513 0,0000
height 0,0101 0,0000
august 0,0000 0,0000
module 0,0000 0,0000
wikibase 0,0619 0,0000
invent 1,7720 0,0010
execute 0,6733 0,0007
datemodify 0,0619 0,0000
quality 0,8916 0,0005
thereby 1,6607 0,0009
disastrous 3,9120 0,0021
hrvatski 0,7550 0,0004
programs 2,2073 0,0012
functional 0,9943 0,0005
nordfriisk 2,4079 0,0013
overrule 3,9120 0,0021
association 1,0498 0,0006
fundamental 1,4271 0,0008
scam 2,8134 0,0015
industry 0,7550 0,0004
long 0,4005 0,0002
augment 1,8326 0,0010
into 0,1985 0,0001
outline 0,8440 0,0005
min 0,1165 0,0001
partition 1,3471 0,0007
vkimb 4,6052 0,0025
operating 0,9416 0,0005
free 0,0000 0,0000
opinionate 4,6052 0,0025
metaphorically 4,6052 0,0025
shevat 4,6052 0,0025
redirect 1,1087 0,0006
associates 2,6593 0,0014
though 0,8440 0,0005
appeal 2,4079 0,0026
many 0,2357 0,0001
nostrand 3,9120 0,0021
designing 1,9661 0,0011
appear 0,8210 0,0004
face 1,1712 0,0006
djamal 4,6052 0,0025
oclc 1,2040 0,0006
open 0,1625 0,0002
agent 1,3863 0,0007
treat 1,3863 0,0007
project 0,0000 0,0000
enhancement 0,0101 0,0000
independence 2,3026 0,0012
inside 0,0101 0,0000
garlan 3,9120 0,0021
california 1,2379 0,0007
sigmod 2,5257 0,0014
modification 1,4271 0,0008
dcom 3,5066 0,0019
ido 1,2730 0,0007
internet 0,5447 0,0003
allow 0,1863 0,0004
wired 1,2040 0,0006
isbn 0,1054 0,0001
detect 1,0788 0,0006
rule 0,5978 0,0013
update 0,4463 0,0005
commerce 2,3026 0,0012
apple 1,1712 0,0006
common 0,3711 0,0002
interest 0,9943 0,0005
linux 0,8916 0,0005
themselves 1,1394 0,0006
definition 0,4943 0,0003
placeholder 0,0000 0,0000
apply 0,0000 0,0000
again 1,2379 0,0007
mary 2,3026 0,0012
jason 1,7148 0,0009
relational 1,5606 0,0008
mark 0,6733 0,0007
base 0,0305 0,0000
runa 0,9416 0,0005
trend 1,7148 0,0018
binding 1,7720 0,0010
jeff 1,6607 0,0009
fair 2,1203 0,0011
consist 0,6539 0,0007
preparation 2,6593 0,0014
lewine 4,6052 0,0025
compatible 1,2040 0,0006
relate 0,0000 0,0000
rump 2,3026 0,0012
biehl 4,6052 0,0025
enable 0,0000 0,0000
sidebar 0,0000 0,0000
limitreport 0,0000 0,0000
decoration 0,0619 0,0000
reflist 0,0101 0,0000
still 0,5447 0,0003
van 1,3093 0,0007
var 0,0000 0,0000
work 0,2231 0,0004
constitute 2,1203 0,0023
michele 2,5257 0,0014
agree 0,0101 0,0000
cloudflare 2,9957 0,0016
packt 1,8326 0,0010
fefie 4,6052 0,0025
wgulsislanguageselectorempty 0,0000 0,0000
filing 3,2189 0,0017
unresolved 3,5066 0,0019
itself 0,6539 0,0004
toward 1,5606 0,0008
among 0,5276 0,0003
anyone 1,7148 0,0009
srpski 0,3711 0,0002
registration 0,0101 0,0000
word 0,0101 0,0000
theory 0,9416 0,0005
love 2,5257 0,0014
internal 0,8210 0,0004
deprecate 1,6607 0,0018
foundation 0,0000 0,0000
foreign 1,7720 0,0010
punch 2,4079 0,0013
nick 1,8971 0,0010
across 0,5798 0,0003
fall 1,2379 0,0007
moreover 2,1203 0,0011
federal 1,7148 0,0009
event 0,0000 0,0000
include 0,0000 0,0000
toggle 0,0000 0,0000
abstract 1,3093 0,0007
opinion 1,8971 0,0010
appearance 0,0000 0,0000
classname 0,0000 0,0000
culture 1,4271 0,0008
subclass 2,8134 0,0015
wggetopicsmatchmodeenable 0,0000 0,0000
first 0,0408 0,0000
shipper 3,9120 0,0021
nowrap 0,0408 0,0000
prefer 0,0101 0,0000
roman 0,0101 0,0000
maurice 2,8134 0,0015
wgrelevantpageisprobablyeditable 0,0000 0,0000
float 0,0101 0,0000
forensic 2,2073 0,0012
msr 4,6052 0,0025
transclusion 0,0619 0,0000
space 0,0408 0,0000
reference 0,0101 0,0000
discover 1,2379 0,0007
bottom 0,0000 0,0000
commitment 2,0402 0,0011
ierusalimschy 4,6052 0,0025
mining 1,9661 0,0011
revision 0,0000 0,0000
magyar 0,3425 0,0002
eds 2,3026 0,0012
publisher 0,0000 0,0000
img 0,0408 0,0000
geewax 4,6052 0,0025
o'reilly 0,6733 0,0004
interact 1,1712 0,0006
membership 2,9957 0,0016
rlstate 0,0000 0,0000
error 0,0101 0,0000
platform 0,0000 0,0000
network 0,3285 0,0004
paper 0,9416 0,0005
public 0,4155 0,0002
parameter 1,3093 0,0007
celes 4,6052 0,0025
value 0,0000 0,0000
inc 1,3093 0,0007
monolithic 2,0402 0,0011
ing 3,2189 0,0017
advantage 0,9676 0,0005
command 0,7133 0,0004
expensive 0,0408 0,0000
performance 0,3425 0,0002
round 1,3093 0,0007
maint 0,0101 0,0000
platformversion 0,0000 0,0000
templatequote 1,9661 0,0011
references 0,0513 0,0000
saved 0,0619 0,0000
sufficiently 2,5257 0,0014
building 0,7985 0,0004
setting 1,4697 0,0008
via 0,3011 0,0002
lccn 2,9957 0,0016
quote 0,0101 0,0000
because 0,0000 0,0000
definitions 3,2189 0,0017
ipc 2,1203 0,0011
agreement 1,3093 0,0007
instruct 3,2189 0,0017
virtually 2,3026 0,0012
google 0,4005 0,0002
community 0,0000 0,0000
version 0,0000 0,0000
cocoa 3,5066 0,0019
eesti 0,3285 0,0002
science 0,5447 0,0003
institute 1,0498 0,0006
detail 0,7133 0,0004
businessweek 2,5257 0,0014
utility 1,2730 0,0007
wgusergroup 0,0000 0,0000
dollar 1,8971 0,0010
ira 3,9120 0,0021
wikipedia 0,0000 0,0000
behavior 0,8210 0,0009
annotation 2,0402 0,0022
afips 3,9120 0,0021
website 0,3711 0,0004
learn 0,0000 0,0000
michigan 2,5257 0,0014
abi 3,2189 0,0017
rationale 2,5257 0,0014
rdf 2,2073 0,0012
emerge 1,2730 0,0007
register 0,0000 0,0000
communicate 1,1394 0,0006
evidence 1,7720 0,0010
latently 4,6052 0,0025
mohamed 3,2189 0,0017
acm 0,8675 0,0005
pandemic 1,9661 0,0011
act 0,9416 0,0005
scsi 3,9120 0,0021
post 0,0202 0,0000
leave 0,0101 0,0000
dedrick 4,6052 0,0025
ontology 2,1203 0,0011
lanza 3,9120 0,0021
add 0,0000 0,0000
matthias 2,5257 0,0014
need 0,1393 0,0002
its 0,0726 0,0000
often 0,2877 0,0002
gather 1,7720 0,0010
article 0,0000 0,0000
parser 0,0000 0,0000
shell 1,0788 0,0006
http 0,0000 0,0000
therefore 0,7985 0,0004
exchange 1,1087 0,0006
decimal 0,0101 0,0000
washington 1,5141 0,0008
useful 0,9943 0,0005
malamud 4,6052 0,0025
private 0,8210 0,0004
technical 0,6349 0,0003
united 0,4780 0,0003
standardization 1,6094 0,0009
ride 3,5066 0,0019
wghostname 0,0000 0,0000
vol 1,1712 0,0006
wgtitle 0,0000 0,0000
end 0,3011 0,0003
vow 3,9120 0,0021
wgdigittransformtable 0,0000 0,0000
odbc 2,5257 0,0014
rich 1,3093 0,0007
hlist 0,0408 0,0000
label 0,0000 0,0000
message 0,3857 0,0004
pydoc 3,9120 0,0021
forum 1,3863 0,0007
special 0,0000 0,0000
modify 0,7765 0,0004
environment 0,4308 0,0002
berkeley 1,6094 0,0009
rlconf 0,0000 0,0000
copyright 1,6607 0,0027
bahasa 0,3285 0,0002
release 0,2744 0,0004
preemptive 2,3026 0,0012
number 0,0000 0,0000
wgbackendresponsetime 0,0000 0,0000
shorten 0,0000 0,0000
judge 2,5257 0,0014
proceedings 0,7550 0,0004
manipulate 1,4271 0,0008
algorithm 0,8675 0,0005
similar 0,4780 0,0003
greatorex 4,6052 0,0025
shape 1,9661 0,0011
idiosyncrasy 4,6052 0,0025
programmer 0,9416 0,0010
testing 0,6733 0,0004
specify 0,6349 0,0007
handle 0,6539 0,0004
system 0,0101 0,0000
driver 1,3471 0,0007
issn 0,7765 0,0004
compose 1,5141 0,0008
waleed 4,6052 0,0025
nbs 4,6052 0,0025
mendez 4,6052 0,0025
other 0,0000 0,0000
aim 0,8210 0,0009
maury 4,6052 0,0025
against 0,6931 0,0004
xpcom 4,6052 0,0025
loadable 2,3026 0,0012
local 0,7985 0,0004
era 2,2073 0,0012
yield 2,0402 0,0011
electronic 1,0788 0,0006
share 0,4620 0,0007
moat 3,9120 0,0021
future 0,5978 0,0003
rlq 0,0000 0,0000
cite 0,0000 0,0000
movement 1,4697 0,0008
shaw 3,2189 0,0017
francisco 1,6607 0,0009
donald 1,7148 0,0009
screen 0,0101 0,0000
body 0,0000 0,0000
correspond 1,3093 0,0007
trial 2,4079 0,0013
rmi 3,9120 0,0021
mode 0,0000 0,0000
pages 0,0000 0,0000
bureau 2,4079 0,0013
newpp 0,0619 0,0000
qualify 2,8134 0,0015
intense 3,9120 0,0021
all 0,0408 0,0000
always 0,9416 0,0005
border 0,0000 0,0000
marcel 3,2189 0,0017
new 0,0000 0,0000
sheth 3,5066 0,0019
read 0,0000 0,0000
markup 2,5257 0,0014
woods 3,5066 0,0019
real 0,0408 0,0000
clientpref 0,0000 0,0000
tool 0,0000 0,0000
tony 1,8326 0,0010
hybrid 1,4271 0,0008
contemporary 1,8326 0,0010
svenska 0,3857 0,0002
activate 2,2073 0,0012
sensor 1,8326 0,0010
javaworld 3,5066 0,0019
unix 1,3093 0,0007
boundary 1,7720 0,0010
facilitate 0,8440 0,0005
roa 2,8134 0,0015
financial 1,4697 0,0008
wgpagecontentlanguage 0,0000 0,0000
media 0,2485 0,0001
around 0,6931 0,0004
reinhold 3,9120 0,0021
wgisarticle 0,0000 0,0000
drdobbs 4,6052 0,0025
today 1,0788 0,0006
define 0,2744 0,0003
igbo 2,9957 0,0016
render 0,0513 0,0000
roy 2,5257 0,0014
ann 2,1203 0,0011
abstraction 1,2040 0,0006
specific 0,2877 0,0002
any 0,2107 0,0001
petitioner 4,6052 0,0025
caller 3,5066 0,0019
application 0,0943 0,0001
wgflaggedrevsparams 0,0000 0,0000
martin 1,0788 0,0006
until 0,7765 0,0004
strategy 0,7340 0,0004
unikernel 2,4079 0,0013
revolve 3,9120 0,0021
collapse 0,0408 0,0000
ring 2,2073 0,0012
maintain 0,3567 0,0004
wgrelevantarticleid 0,0000 0,0000
preprocessor 0,0513 0,0000
professional 0,9416 0,0005
oxford 1,7720 0,0010
java 0,6162 0,0003
locally 2,3026 0,0012
multikernel 2,5257 0,0014
annual 1,0788 0,0006
english 0,0000 0,0000
api 0,3425 0,0004
app 0,9943 0,0011
cache 0,0305 0,0000
margin 0,0000 0,0000
suomi 0,2107 0,0001
wgrequestid 0,0000 0,0000
remain 0,7550 0,0004
expected 2,6593 0,0014
enwikimwclientpreference 0,0000 0,0000
rlpagemodules 0,0000 0,0000
dictionary 1,2040 0,0006
samea 0,0000 0,0000
wgwikibaseitemid 0,0000 0,0000
bytecode 2,2073 0,0012
complexity 0,9163 0,0005
wgulsiscompactlinksenable 0,0000 0,0000
another 0,3567 0,0002
automatically 0,7765 0,0004
pagevariantfallback 0,0000 0,0000
instructional 3,5066 0,0019
ddos 2,8134 0,0015
acquire 1,1087 0,0012
diversity 2,5257 0,0014
endpoint 2,5257 0,0014
fication 4,6052 0,0025
vendor 1,1087 0,0006
wgmonthname 0,0000 0,0000
disabled 0,0000 0,0000
attribute 0,7765 0,0004
mechanism 0,7550 0,0004
timestamp 0,0000 0,0000
ars 1,9661 0,0011
forecasting 2,6593 0,0014
broker 1,8971 0,0010
call 0,0101 0,0000
such 0,0943 0,0001
wilson 2,1203 0,0011
cnet 1,7720 0,0010
plugin 1,9661 0,0011
ask 1,0498 0,0006
describe 0,2485 0,0005
through 0,2107 0,0001
microsystems 1,8971 0,0010
brenda 4,6052 0,0025
bindings 3,9120 0,0021
run 0,3011 0,0002
incorporate 1,1712 0,0013
microsoft 0,4005 0,0002
research 0,5621 0,0003
either 0,5621 0,0003
view 0,0000 0,0000
white 0,0305 0,0000
donate 0,0000 0,0000
bloomberg 1,7148 0,0009
might 0,7340 0,0004
bold 0,0408 0,0000
engineering 0,3857 0,0002
significant 0,6931 0,0004
sharing 1,7148 0,0009
mastrangelo 4,6052 0,0025
openmp 3,5066 0,0019
overlap 1,7148 0,0009
everywhere 2,5257 0,0014
galego 0,7550 0,0004
name 0,0000 0,0000
cputime 0,0000 0,0000
watchlist 0,0000 0,0000
next 0,5798 0,0003
color 0,0101 0,0000
android 1,4697 0,0008
book 0,4308 0,0002
multilevel 2,5257 0,0014
show 0,0513 0,0001
description 0,0000 0,0000
not 0,0101 0,0000
now 0,4308 0,0002
statement 0,0000 0,0000
trademark 0,0101 0,0000
boot 1,7720 0,0010
factor 1,1712 0,0006
analogous 1,7720 0,0010
greek 0,0101 0,0000
interfaces 2,3026 0,0012
introduce 0,3285 0,0002
way 0,2485 0,0003
target 0,0101 0,0000
what 0,0000 0,0000
detailed 1,6094 0,0009
refer 0,4155 0,0004
israel 0,7550 0,0004
risk 0,8916 0,0005
guava 3,2189 0,0017
rise 1,2379 0,0007
greg 2,0402 0,0011
container 0,0000 0,0000
benslimane 4,6052 0,0025
sigplan 2,9957 0,0016
dotsika 4,6052 0,0025
developers 0,0000 0,0000
criteria 3,9120 0,0021
usage 0,0000 0,0000
decide 0,9943 0,0005
mangle 3,9120 0,0021
wgmediaviewerenabledbydefault 0,0000 0,0000
nearby 0,0000 0,0000
when 0,0834 0,0000
jin 3,5066 0,0019
synonymous 3,5066 0,0019
connectivity 2,1203 0,0011
far 1,2730 0,0007
broad 1,1394 0,0012
embed 0,9163 0,0005
case 0,3285 0,0002
dashboard 2,0402 0,0011
generation 1,2040 0,0006
give 0,4780 0,0003
item 0,0000 0,0000
wgmediavieweronclick 0,0000 0,0000
double 1,0498 0,0006
wgulsposition 0,0000 0,0000
lyft 4,6052 0,0025
melayu 0,6349 0,0003
feasibility 2,8134 0,0015
wgbreakframe 0,0000 0,0000
rely 0,6931 0,0004
carl 2,9957 0,0016
stoughton 4,6052 0,0025
italiano 0,1278 0,0001
sticky 0,0000 0,0000
style 0,0000 0,0000
explicitly 1,2040 0,0006
study 0,9416 0,0010
searchinput 0,0000 0,0000
portion 1,5141 0,0008
direct 0,8440 0,0005
pattern 0,5978 0,0003
exercise 2,5257 0,0014
commons 0,0000 0,0000
vehicle 1,8326 0,0010
modern 0,7340 0,0004
web 0,1165 0,0001
cristoph 4,6052 0,0025
architecture 0,0000 0,0000
weissbrot 4,6052 0,0025
acronym 2,6593 0,0014
henning 4,6052 0,0025
more 0,0000 0,0000
niccolai 3,2189 0,0017
display 0,0000 0,0000
opengl 3,5066 0,0019
nasa 2,1203 0,0011
voxility 4,6052 0,0025
organization 0,0000 0,0000
width 0,0000 0,0000
certain 0,6162 0,0003
economic 1,6607 0,0009
statistics 0,0000 0,0000
dustdar 4,6052 0,0025
fed 3,5066 0,0019
simple 0,2231 0,0001
used 2,3026 0,0012
protocol 0,5621 0,0006
overflow 0,3567 0,0002
luca 2,5257 0,0014
enrich 3,5066 0,0019
visible 0,0101 0,0000
orient 0,5447 0,0003
ehllapi 4,6052 0,0025
kind 0,8675 0,0005
both 0,0305 0,0000
important 0,0101 0,0000
most 0,2107 0,0001
transfer 0,7985 0,0004
outside 1,1087 0,0006
keep 0,6733 0,0007
michi 4,6052 0,0025
topic 0,0000 0,0000
job 1,3093 0,0007
omit 2,3026 0,0012
who 0,5621 0,0003
limitation 1,0498 0,0006
crucial 2,1203 0,0011
contribute 0,0000 0,0000
generator 1,7148 0,0009
alsup 3,9120 0,0021
uber 2,8134 0,0015
alone 1,7148 0,0009
candidate 1,6094 0,0009
database 0,2485 0,0003
along 0,7340 0,0004
inversion 2,6593 0,0014
billion 1,3471 0,0007
opportunistic 2,9957 0,0016
david 0,5798 0,0003
win 1,7148 0,0009
citeseerx 1,8971 0,0010
wgseparatortransformtable 0,0000 0,0000
rest 1,0788 0,0006
san 1,2379 0,0007
move 0,0000 0,0000
original 0,0943 0,0001
also 0,0202 0,0000
say 0,6733 0,0007
approaches 2,2073 0,0012
designer 1,2730 0,0007
enough 0,9676 0,0005
increase 0,4620 0,0002
differ 1,5141 0,0008
spread 1,6607 0,0009
opencl 3,5066 0,0019
inline 0,0408 0,0000
favor 1,5141 0,0008
front 1,1394 0,0006
visit 0,0408 0,0000
timothy 1,9661 0,0011
user 0,0000 0,0000
simply 0,9676 0,0005
customer 0,7550 0,0008
apihelp 4,6052 0,0025
hausa 1,8971 0,0010
offer 0,4155 0,0004
bar 1,3863 0,0007
fix 0,5108 0,0003
complex 0,5621 0,0003
grow 0,8675 0,0005
documentation 0,6349 0,0003
personal 0,0000 0,0000
elif 3,2189 0,0017
extend 0,6162 0,0003
ar 1,5141 0,0008
proxy 1,7148 0,0018
delay 1,8326 0,0010
steven 1,4697 0,0008
imageobject 0,0000 0,0000
boyd 3,5066 0,0019
sdl 2,9957 0,0016
raml 4,6052 0,0025
sdk 2,4079 0,0013
drive 0,4780 0,0003
dean 2,6593 0,0014
frank 1,4271 0,0008
luis 2,6593 0,0014
deal 1,1712 0,0006
geographical 2,4079 0,0013
strong 0,9943 0,0005
be 0,1508 0,0002
scheme 0,0101 0,0000
icon 0,0101 0,0000
luiz 3,9120 0,0021
expansiondepth 0,0000 0,0000
javadoc 3,5066 0,0019
communications 1,2040 0,0006
search 0,0000 0,0000
see 0,0408 0,0000
spacing 0,0619 0,0000
systems 0,4780 0,0003
wgrelevantpagename 0,0000 0,0000
arxiv 1,3471 0,0007
national 0,4463 0,0002
segmentation 2,3026 0,0012
innovation 1,2379 0,0007
contain 0,0101 0,0000
set 0,2107 0,0001
shqip 0,6931 0,0004
column 0,0101 0,0000
procedure 0,9676 0,0005
integrate 0,5798 0,0003
parnas 3,9120 0,0021
partner 1,7720 0,0019
wgaction 0,0000 0,0000
font 0,0000 0,0000
ben 1,3093 0,0007
language 0,0000 0,0000
do 0,1625 0,0002
navbox 0,0943 0,0001
observe 1,5141 0,0016
listitem 0,0408 0,0000
shipping 2,9957 0,0016
repositories 3,5066 0,0019
contact 0,0000 0,0000
france 0,8675 0,0005
alison 4,6052 0,0025
joel 2,8134 0,0015
programming 0,2744 0,0001
image 0,0202 0,0000
typically 0,3857 0,0002
unstable 3,2189 0,0017
piece 1,4271 0,0015
shi 3,5066 0,0019
susan 2,3026 0,0012
carry 1,4271 0,0008
party 0,6539 0,0007
cursor 0,0619 0,0000
however 0,3011 0,0002
henrique 4,6052 0,0025
origin 0,0000 0,0000
overturn 3,9120 0,0021
walltime 0,0000 0,0000
interlanguage 0,0000 0,0000
content 0,0000 0,0000
random 0,0000 0,0000
rosenblatt 2,8134 0,0015
rate 1,2730 0,0014
client 0,0000 0,0000
json 1,2379 0,0007
class 0,0000 0,0000
posix 2,3026 0,0012
gehomepagesuggestededitsenabletopic 0,0000 0,0000
digital 0,6162 0,0003
over 0,3285 0,0002
practical 1,0217 0,0005
false 0,0000 0,0000
specification 0,7133 0,0008
counter 0,0408 0,0000
parse 0,0619 0,0001
srpskohrvatski 0,9163 0,0005
sebastopol 1,9661 0,0011
form 0,3011 0,0003
management 0,2231 0,0001
representational 2,8134 0,0015
publish 0,4463 0,0002
developer 0,1744 0,0002
avoid 0,0101 0,0000
comprehensive 1,3863 0,0007
manshreck 3,9120 0,0021
advanced 0,7985 0,0004
copyrighting 4,6052 0,0025
invoke 1,5141 0,0008
output 0,0000 0,0000
usability 1,8326 0,0010
william 1,7148 0,0009
context 0,5978 0,0003
multiprocess 2,0402 0,0011
model 0,0000 0,0000
join 1,1087 0,0012
portal 0,0000 0,0000
manipulation 1,1712 0,0006
usenix 2,5257 0,0014
reduce 0,0101 0,0000
sentence 0,0000 0,0000
oct 1,9661 0,0011
kern 0,0101 0,0000
large 0,2485 0,0001
cybercriminal 3,5066 0,0019
sla 3,2189 0,0017
odd 0,0943 0,0001
somebody 3,5066 0,0019
traditional 0,7985 0,0004
operate 0,3567 0,0004
wilkes 3,2189 0,0017
contrast 0,9416 0,0010
begin 0,5108 0,0005
remotely 2,4079 0,0013
wgvisualeditor 0,0000 0,0000
become 0,2877 0,0005
template 0,0000 0,0000
enwiki 0,0619 0,0000
mediate 2,8134 0,0015
subscription 0,0101 0,0000
library 0,3857 0,0004
navbar 0,0202 0,0000
world 0,3857 0,0002
ecommerce 4,6052 0,0025
december 0,0000 0,0000
everything 1,2730 0,0007
table 0,0000 0,0000
side 0,3425 0,0002
gaeilge 1,2040 0,0006
break 0,0101 0,0000
change 0,0000 0,0000
printable 0,0000 0,0000
generally 0,5447 0,0003
hide 0,0000 0,0000
nathaniel 2,6593 0,0014
traditionally 1,8971 0,0010
instruction 1,1712 0,0006
report 0,0202 0,0000
parnin 4,6052 0,0025
oral 3,9120 0,0021
transaction 1,0217 0,0005
waldemar 3,9120 0,0021
auto 0,0726 0,0000
soa 2,4079 0,0013
several 0,4155 0,0002
cotton 3,9120 0,0021
subroutine 2,8134 0,0030
suffix 3,5066 0,0019
wgcanonicalspecialpagename 0,0000 0,0000
while 0,2614 0,0001
second 0,0408 0,0000
that 0,5108 0,0003
benoit 4,6052 0,0025
download 0,0000 0,0000
high 0,0101 0,0000
ruling 3,2189 0,0035
split 0,0000 0,0000
publication 1,5141 0,0008
sahni 3,9120 0,0021
sufficient 1,7148 0,0009
than 0,2357 0,0001
limit 0,0000 0,0000
claim 0,9676 0,0005
widespread 1,3093 0,0007
bnf 0,9163 0,0005
communication 0,6162 0,0003
different 0,0513 0,0000
directly 0,5108 0,0003
level 0,0000 0,0000
author 0,0000 0,0000
interoperability 1,8326 0,0010
expansion 0,0619 0,0000
daniel 1,2040 0,0006
license 0,0000 0,0000
disk 1,3471 0,0007
expand 0,0101 0,0000
wgmfdisplaywikibasedescription 0,0000 0,0000
retrieve 0,0000 0,0000
plug 2,2073 0,0012
datum 0,0408 0,0000
codd 2,6593 0,0014
code 0,0000 0,0000
wgdefaultdateformat 0,0000 0,0000
recipe 2,6593 0,0014
monperrus 4,6052 0,0025
box 0,0408 0,0000
storage 0,3711 0,0002
switch 0,9163 0,0005
total 0,0000 0,0000
zell 4,6052 0,0025
deutsch 0,0943 0,0001
brick 3,2189 0,0017
consumer 1,4697 0,0008
hear 2,1203 0,0011
brief 1,5606 0,0008
exokernel 2,5257 0,0014
chance 2,3026 0,0012
determine 0,7985 0,0004
social 0,8210 0,0004
control 0,1625 0,0002
attribution 0,0000 0,0000
architectures 1,4697 0,0008
metadata 1,5606 0,0008
vary 0,0619 0,0000
emery 4,6052 0,0025
upper 0,0101 0,0000
expiry 0,0619 0,0000
minerva 0,0101 0,0000
brand 0,0000 0,0000
publishing 0,7550 0,0004
recent 0,0000 0,0000
they 0,0619 0,0001
github 0,7340 0,0004
modular 1,5141 0,0008
edit 0,0000 0,0000
old 0,8675 0,0005
then 0,3567 0,0002
accept 1,1087 0,0006
node 0,0305 0,0000
concepts 1,1394 0,0006
clarke 3,2189 0,0017
device 0,7550 0,0004
sue 2,3026 0,0012
access 0,2877 0,0002
conference 0,3425 0,0002
simi 0,9416 0,0005
sun 1,2730 0,0007
selflink 0,0101 0,0000
current 0,0000 0,0000
nynorsk 1,2379 0,0007
templatequotecite 1,9661 0,0011
variety 0,9943 0,0005
lecture 1,6094 0,0009
vector 0,0000 0,0000
audio 1,2379 0,0007
key 0,0305 0,0000
cachereport 0,0000 0,0000
decision 0,8675 0,0005
one 0,0943 0,0001
store 0,5447 0,0003
tagalog 1,2040 0,0006
bosanski 0,8916 0,0005
single 0,3147 0,0002
entityaccesscount 0,0000 0,0000
sintes 4,6052 0,0025
bug 0,8675 0,0005
amir 2,6593 0,0014
amit 2,5257 0,0014
reimplementation 3,9120 0,0021
bus 1,6607 0,0009
symbol 1,8326 0,0010
commercial 0,8440 0,0005
joint 1,7148 0,0009
declare 1,6094 0,0009
loader 1,8971 0,0010
available 0,0000 0,0000
zhong 3,2189 0,0017
variant 0,0619 0,0000
generate 0,8210 0,0004
sector 1,8971 0,0010
oracle 0,8916 0,0005
query 1,1394 0,0006
this 0,1278 0,0001
norsk 0,3285 0,0002
modules 2,5257 0,0014
memusage 0,0000 0,0000
brazilian 3,2189 0,0017
know 0,2231 0,0002
copyrightability 3,5066 0,0019
support 0,1393 0,0003
coin 1,6094 0,0009
hire 2,2073 0,0012
idea 0,9676 0,0005
wgpopupsflag 0,0000 0,0000
polski 0,1165 0,0001
privacy 0,0000 0,0000
we 1,3093 0,0007
kin 2,8134 0,0015
proprietary 0,9676 0,0005
kit 1,7720 0,0010
throughout 1,6094 0,0009
extensible 1,8326 0,0010
liew 4,6052 0,0025
normal 0,0202 0,0000
transmit 1,8326 0,0010
fowler 1,7720 0,0010
argue 1,4271 0,0008
technology 0,1863 0,0002
venners 4,6052 0,0025
directive 1,8971 0,0010
wgarticleid 0,0000 0,0000
pagelanguagedir 0,0000 0,0000
wgcitereferencepreviewsactive 0,0000 0,0000
location 0,9943 0,0005
ecosystem 1,2040 0,0006
software 0,0000 0,0000
seminar 4,6052 0,0025
none 0,0101 0,0000
type 0,0000 0,0000
april 0,0000 0,0000
beyond 1,0217 0,0005
hauswirth 4,6052 0,0025
feedback 1,3471 0,0007
credential 3,5066 0,0019
review 0,6162 0,0003
weather 2,4079 0,0013
connection 0,9676 0,0005
guerric 4,6052 0,0025
between 0,2107 0,0001
filho 4,6052 0,0025
guide 0,3711 0,0004
goal 0,8440 0,0005
method 0,3147 0,0003
natural 1,2040 0,0006
contract 1,4271 0,0015
procedural 2,0402 0,0011
push 0,0000 0,0000
innovative 2,4079 0,0013
invocation 2,8134 0,0015
qcon 3,9120 0,0021
james 0,9676 0,0005
vanchor 2,8134 0,0015
distribution 0,8916 0,0005
out 0,0000 0,0000
schahram 4,6052 0,0025
vinoski 4,6052 0,0025
feature 0,0000 0,0000
cached 0,4463 0,0002
get 0,0000 0,0000
dark 0,0101 0,0000
place 0,5447 0,0003
dispute 1,6607 0,0009
programmableweb 4,6052 0,0025
cook 2,4079 0,0013
observation 2,5257 0,0014
brail 4,6052 0,0025
lead 0,2231 0,0001
token 1,7148 0,0009
expect 0,8440 0,0005
help 0,0000 0,0000
site 0,0000 0,0000
depth 0,0000 0,0000
asset 2,0402 0,0011
architectural 1,5141 0,0008
queue 1,1394 0,0006
sharealike 0,0000 0,0000
date 0,3011 0,0002
argument 0,0513 0,0000
mashable 3,2189 0,0017
data 0,0000 0,0000
own 0,4780 0,0003
sound 1,3471 0,0007
wgpageviewlanguage 0,0000 0,0000
blog 0,6349 0,0003
accesskey 0,0000 0,0000
xie 2,9957 0,0016
only 0,2107 0,0001
should 0,3711 0,0002
create 0,0000 0,0000
tag 0,0000 0,0000
cory 2,6593 0,0014
readable 1,8971 0,0010
development 0,1278 0,0001
tao 3,2189 0,0017
like 0,2231 0,0001
resource 0,4620 0,0005
towards 1,2040 0,0006
core 0,5621 0,0003
recast 4,6052 0,0025
person 0,6162 0,0007
safe 0,8675 0,0005
potentially 0,7765 0,0004
here 0,0000 0,0000
note 0,4155 0,0004
everybody 2,9957 0,0016
week 1,2379 0,0007
purpose 0,5108 0,0005
scala 2,0402 0,0011
line 0,0101 0,0000
curate 3,2189 0,0017
link 0,0000 0,0000
scale 0,4943 0,0005
aware 1,9661 0,0011
robin 1,7720 0,0010
can 0,0408 0,0000
computing 0,4155 0,0002
cap 0,0619 0,0000
contributor 0,0000 0,0000
wgcanonicalnamespace 0,0000 0,0000
car 1,8326 0,0010
organize 1,1712 0,0006
ready 0,0000 0,0000
wgisredirect 0,0000 0,0000
will 0,2485 0,0003
confidence 2,5257 0,0014
february 0,0000 0,0000
implementation 0,3147 0,0003
akamai 2,8134 0,0015
fault 1,1712 0,0006
follow 0,2744 0,0001
corresponding 3,9120 0,0021
compliance 1,4271 0,0008
response 0,7340 0,0004
responsive 0,0202 0,0000
york 0,8440 0,0005
challenge 0,6162 0,0003
category 0,0000 0,0000
intend 0,6162 0,0003
wikidata 0,0000 0,0000
wild 3,2189 0,0017
